34.309333	210.346868	3.839963
34.330490	210.210164	3.876312
34.360703	210.069344	3.913683
34.399972	209.924410	3.952085
34.448298	209.775364	3.991528
34.505678	209.622208	4.032020
34.572115	209.464945	4.073570
34.647607	209.303576	4.116188
34.732155	209.138103	4.159881
34.825758	208.968528	4.204659
34.928417	208.794854	4.250530
35.040130	208.617082	4.297503
35.160899	208.435214	4.345586
35.290722	208.249254	4.394789
35.429600	208.059201	4.445119
35.577533	207.865060	4.496585
35.734520	207.666830	4.549196
35.900562	207.464516	4.602959
36.075658	207.258119	4.657883
36.259808	207.047640	4.713976
36.453013	206.833082	4.771247
36.655271	206.614448	4.829702
36.866583	206.391738	4.889350
37.086948	206.164955	4.950199
37.316367	205.934102	5.012256
37.554840	205.699180	5.075530
37.802367	205.460191	5.140027
38.058946	205.217137	5.205755
38.324579	204.970022	5.272721
38.599265	204.718845	5.340933
38.883005	204.463611	5.410398
39.175798	204.204320	5.481122
39.477643	203.940975	5.553113
39.788542	203.673578	5.626378
40.108494	203.402131	5.700922
40.437500	203.126636	5.776753
40.775558	202.847095	5.853878
41.122669	202.563511	5.932303
41.478834	202.275885	6.012033
41.844052	201.984220	6.093075
42.218323	201.688518	6.175436
42.601648	201.388780	6.259121
42.775921	201.253862	6.296881
42.959248	201.114911	6.335973
43.151629	200.971929	6.376400
43.353063	200.824918	6.418165
43.563551	200.673876	6.461270
43.783092	200.518807	6.505719
44.011688	200.359710	6.551512
44.249337	200.196587	6.598654
44.496040	200.029439	6.647145
44.751797	199.858266	6.696989
45.016608	199.683070	6.748188
45.290473	199.503851	6.800744
45.573392	199.320611	6.854660
45.865366	199.133350	6.909938
46.166394	198.942069	6.966579
46.476477	198.746770	7.024587
46.795614	198.547453	7.083964
47.123806	198.344119	7.144711
47.461052	198.136770	7.206831
47.807354	197.925405	7.270326
48.162710	197.710027	7.335199
48.527122	197.490636	7.401450
48.900588	197.267233	7.469082
49.283111	197.039819	7.538098
49.674688	196.808396	7.608498
50.075321	196.572963	7.680286
50.485010	196.333522	7.753462
50.903755	196.090075	7.828030
51.095067	195.979414	7.861999
51.295436	195.864747	7.897361
51.504860	195.746076	7.934118
51.723340	195.623400	7.972270
51.950877	195.496719	8.011818
52.187471	195.366035	8.052763
52.433121	195.231347	8.095105
52.687827	195.092657	8.138845
52.951590	194.949964	8.183984
53.224410	194.803269	8.230523
53.506287	194.652572	8.278463
53.797221	194.497875	8.327804
54.097211	194.339177	8.378547
54.406259	194.176478	8.430692
54.724364	194.009780	8.484241
55.051526	193.839082	8.539195
55.387745	193.664386	8.595553
55.733022	193.485691	8.653317
56.087356	193.302998	8.712487
56.450748	193.116308	8.773064
56.823198	192.925620	8.835049
57.204705	192.730936	8.898442
57.595271	192.532256	8.963244
57.994894	192.329580	9.029456
58.403576	192.122909	9.097078
58.821315	191.912243	9.166111
59.248113	191.697582	9.236555
59.683969	191.478928	9.308412
59.881801	191.379928	9.340991
60.088692	191.276934	9.374984
60.304641	191.169947	9.410390
60.529649	191.058968	9.447209
60.763715	190.943996	9.485442
61.006841	190.825031	9.525089
61.259025	190.702074	9.566151
61.520268	190.575126	9.608627
61.790569	190.444185	9.652518
62.069930	190.309253	9.697825
62.358350	190.170330	9.744546
62.655829	190.027415	9.792684
62.962367	189.880510	9.842237
63.277964	189.729614	9.893206
63.602620	189.574727	9.945592
63.936336	189.415850	9.999394
64.279111	189.252983	10.054613
64.630946	189.086126	10.111249
64.991839	188.915279	10.169303
65.361793	188.740443	10.228774
65.740806	188.561617	10.289663
66.128878	188.378802	10.351969
66.526010	188.191999	10.415694
66.932202	188.001207	10.480838
67.347454	187.806426	10.547400
67.771766	187.607658	10.615381
68.205137	187.404901	10.684781
68.647569	187.198156	10.755601
68.848095	187.104562	10.787685
69.057680	187.006979	10.821189
69.276326	186.905410	10.856112
69.504033	186.799853	10.892456
69.740799	186.690309	10.930219
69.986625	186.576778	10.969402
70.241512	186.459259	11.010005
70.505459	186.337754	11.052029
70.778466	186.212262	11.095472
71.060533	186.082784	11.140336
71.351661	185.949318	11.186621
71.651849	185.811866	11.234326
71.961098	185.670428	11.283451
72.279406	185.525003	11.333997
72.606776	185.375593	11.385964
72.943205	185.222196	11.439352
73.288696	185.064813	11.494160
73.643246	184.903444	11.550390
74.006858	184.738089	11.608040
74.379529	184.568748	11.667112
74.761262	184.395422	11.727605
75.152055	184.218110	11.789520
75.551909	184.036813	11.852856
75.960823	183.851530	11.917613
76.378798	183.662262	11.983792
76.805834	183.469009	12.051392
77.241931	183.271771	12.120414
77.687089	183.070548	12.190858
77.888778	182.979428	12.222769
78.099529	182.884323	12.256102
78.319341	182.785233	12.290857
78.548213	182.682159	12.327034
78.786147	182.575100	12.364633
79.033141	182.464056	12.403654
79.289197	182.349028	12.444096
79.554313	182.230015	12.485961
79.828490	182.107018	12.529248
80.111729	181.980036	12.573958
80.404028	181.849069	12.620089
80.705388	181.714119	12.667643
81.015810	181.575184	12.716618
81.335292	181.432264	12.767017
81.663835	181.285361	12.818837
82.001440	181.134473	12.872080
82.348105	180.979601	12.926745
82.703832	180.820745	12.982832
83.068620	180.657905	13.040342
83.442469	180.491080	13.099274
83.825379	180.320272	13.159629
84.217350	180.145480	13.221406
84.618383	179.966704	13.284606
85.028476	179.783944	13.349228
85.447631	179.597201	13.415273
85.875847	179.406473	13.482741
86.313125	179.211762	13.551631
86.759463	179.013067	13.621944
86.961668	178.923075	13.653796
87.172934	178.829099	13.687070
87.393262	178.731139	13.721767
87.622651	178.629196	13.757887
87.861101	178.523269	13.795430
88.108612	178.413359	13.834395
88.365185	178.299465	13.874783
88.630819	178.181588	13.916594
88.905514	178.059727	13.959828
89.189271	177.933883	14.004485
89.482089	177.804055	14.050564
89.783968	177.670244	14.098066
90.094909	177.532450	14.146991
90.414911	177.390673	14.197339
90.743975	177.244912	14.249110
91.082100	177.095167	14.302303
91.429286	176.941440	14.356920
91.785534	176.783729	14.412959
92.150843	176.622035	14.470421
92.525213	176.456357	14.529306
92.908645	176.286697	14.589614
93.301138	176.113053	14.651345
93.702693	175.935426	14.714499
94.113310	175.753816	14.779076
94.532987	175.568223	14.845076
94.961726	175.378647	14.912499
95.399527	175.185088	14.981345
95.846389	174.987545	15.051614
96.048825	174.898065	15.083446
96.260322	174.804603	15.116701
96.480880	174.707157	15.151379
96.710500	174.605728	15.187480
96.949181	174.500317	15.225004
97.196924	174.390922	15.263951
97.453729	174.277544	15.304321
97.719595	174.160184	15.346114
97.994522	174.038840	15.389330
98.278511	173.913513	15.433970
98.571561	173.784204	15.480032
98.873673	173.650912	15.527517
99.184847	173.513636	15.576426
99.505082	173.372378	15.626757
99.834379	173.227137	15.678512
100.172737	173.077913	15.731689
100.520156	172.924706	15.786290
100.876638	172.767516	15.842314
101.242180	172.606343	15.899761
101.616785	172.441188	15.958631
102.000451	172.272049	16.018924
102.393178	172.098928	16.080640
102.794967	171.921824	16.143779
103.205817	171.740737	16.208341
103.625730	171.555668	16.274327
104.054703	171.366615	16.341735
104.492739	171.173580	16.410567
104.939835	170.976562	16.480822
105.142375	170.887315	16.512648
105.353976	170.794086	16.545897
105.574638	170.696874	16.580569
105.804362	170.595679	16.616664
106.043148	170.490502	16.654182
106.290995	170.381341	16.693124
106.547904	170.268198	16.733488
106.813874	170.151073	16.775276
107.088906	170.029964	16.818487
107.373000	169.904873	16.863121
107.666155	169.775799	16.909178
107.968372	169.642742	16.956658
108.279651	169.505703	17.005561
108.599991	169.364681	17.055888
108.929392	169.219676	17.107638
109.267856	169.070689	17.160810
109.615381	168.917718	17.215406
109.971967	168.760766	17.271426
110.337615	168.599830	17.328868
110.712325	168.434912	17.387733
111.096096	168.266011	17.448022
111.488929	168.093127	17.509734
111.890824	167.916261	17.572869
112.301780	167.735412	17.637427
112.721798	167.550581	17.703408
113.150877	167.361766	17.770812
113.589019	167.168970	17.839640
114.036221	166.972190	17.909891
114.238808	166.883050	17.941715
114.450455	166.789926	17.974962
114.671165	166.692821	18.009632
114.900936	166.591732	18.045726
115.139769	166.486661	18.083242
115.387663	166.377607	18.122182
115.644619	166.264571	18.162545
115.910637	166.147552	18.204331
116.185717	166.026550	18.247541
116.469858	165.901566	18.292173
116.763060	165.772599	18.338229
117.065324	165.639650	18.385708
117.376650	165.502718	18.434610
117.697038	165.361803	18.484935
118.026487	165.216906	18.536684
118.364998	165.068026	18.589855
118.712570	164.915164	18.644450
119.069205	164.758319	18.700468
119.434900	164.597491	18.757909
119.809658	164.432681	18.816773
120.193477	164.263888	18.877061
120.586358	164.091112	18.938772
120.988300	163.914354	19.001905
121.399304	163.733613	19.066463
121.819370	163.548890	19.132443
122.248497	163.360184	19.199846
122.686686	163.167496	19.268673
123.133937	162.970825	19.338923
123.336544	162.881733	19.370746
123.548213	162.788658	19.403993
123.768944	162.691600	19.438663
123.998737	162.590560	19.474756
124.237591	162.485537	19.512272
124.485507	162.376532	19.551212
124.742484	162.263544	19.591575
125.008523	162.146574	19.633360
125.283624	162.025621	19.676570
125.567787	161.900686	19.721202
125.861011	161.771767	19.767257
126.163297	161.638867	19.814736
126.474644	161.501984	19.863638
126.795053	161.361118	19.913963
127.124524	161.216269	19.965711
127.463056	161.067438	20.018882
127.810650	160.914625	20.073477
128.167306	160.757829	20.129495
128.533023	160.597050	20.186936
128.907802	160.432289	20.245800
129.291643	160.263545	20.306087
129.684546	160.090819	20.367798
130.086510	159.914110	20.430932
130.497535	159.733419	20.495489
130.917623	159.548745	20.561469
131.346772	159.360088	20.628872
131.784982	159.167449	20.697699
132.232255	158.970828	20.767948
132.434872	158.881757	20.799772
132.646551	158.788704	20.833019
132.867291	158.691669	20.867689
133.097094	158.590651	20.903782
133.335957	158.485650	20.941298
133.583883	158.376667	20.980238
133.840870	158.263701	21.020600
134.106919	158.146753	21.062386
134.382029	158.025822	21.105595
134.666202	157.900909	21.150228
134.959436	157.772013	21.196283
135.261731	157.639134	21.243762
135.573088	157.502273	21.292664
135.893507	157.361430	21.342989
136.222988	157.216604	21.394737
136.561530	157.067795	21.447909
136.909134	156.915004	21.502503
137.265799	156.758230	21.558521
137.631526	156.597474	21.615962
138.006315	156.432735	21.674826
138.390166	156.264014	21.735114
138.783078	156.091310	21.796825
139.185052	155.914623	21.859958
139.596088	155.733954	21.924515
140.016185	155.549303	21.990496
140.445344	155.360669	22.057899
140.883564	155.168052	22.126726
141.330846	154.971453	22.196976
141.533468	154.882392	22.228799
141.745151	154.789349	22.262046
141.965896	154.692324	22.296716
142.195703	154.591316	22.332809
142.434571	154.486325	22.370325
142.682501	154.377352	22.409265
142.939493	154.264397	22.449628
143.205546	154.147458	22.491414
143.480661	154.026538	22.534623
143.764837	153.901634	22.579255
144.058076	153.772749	22.625311
144.360376	153.639880	22.672790
144.671737	153.503029	22.721692
144.992161	153.362196	22.772017
145.321646	153.217380	22.823765
145.660192	153.068581	22.876937
146.007800	152.915800	22.931531
146.364470	152.759037	22.987549
146.730202	152.598291	23.044991
147.104995	152.433562	23.103855
147.488850	152.264851	23.164142
147.881767	152.092157	23.225853
148.283746	151.915481	23.288987
148.694786	151.734822	23.353544
149.114887	151.550181	23.419525
149.544051	151.361557	23.486928
149.982276	151.168951	23.555755
150.429562	150.972362	23.626005
150.632186	150.883306	23.657829
150.843871	150.790267	23.691075
151.064618	150.693246	23.725745
151.294427	150.592243	23.761839
151.533297	150.487257	23.799355
151.781229	150.378288	23.838295
152.038222	150.265337	23.878658
152.304278	150.148404	23.920444
152.579395	150.027488	23.963653
152.863573	149.902589	24.008285
153.156814	149.773708	24.054341
153.459116	149.640844	24.101820
153.770479	149.503998	24.150722
154.090905	149.363169	24.201047
154.420392	149.218358	24.252795
154.758940	149.069564	24.305967
155.106551	148.916787	24.360562
155.463223	148.760028	24.416580
155.828956	148.599287	24.474021
156.203752	148.434563	24.532885
156.587609	148.265856	24.593173
156.980527	148.093167	24.654884
157.382508	147.916496	24.718018
157.793550	147.735842	24.782575
158.213654	147.551205	24.848555
158.642819	147.362586	24.915959
159.081046	147.169984	24.984786
159.528335	146.973400	25.055036
159.730959	146.884346	25.086860
159.942646	146.791310	25.120106
160.163393	146.694291	25.154776
160.393203	146.593289	25.190870
160.632074	146.488305	25.228386
160.880007	146.379339	25.267326
161.137001	146.266390	25.307689
161.403058	146.149458	25.349475
161.678175	146.028544	25.392684
161.962355	145.903648	25.437317
162.255596	145.774769	25.483372
162.557899	145.641907	25.530851
162.869264	145.505063	25.579753
163.189690	145.364236	25.630078
163.519178	145.219427	25.681827
163.857727	145.070635	25.734998
164.205339	144.917861	25.789593
164.562012	144.761104	25.845611
164.927746	144.600365	25.903053
165.302542	144.435643	25.961917
165.686400	144.266938	26.022205
166.079320	144.094252	26.083916
166.481301	143.917582	26.147050
166.892344	143.736930	26.211607
167.312449	143.552296	26.277587
167.741615	143.363678	26.344991
168.179843	143.171079	26.413818
168.627133	142.974497	26.484068
168.829758	142.885444	26.515892
169.041445	142.792409	26.549138
169.262193	142.695391	26.583809
169.492003	142.594390	26.619902
169.730874	142.489407	26.657418
169.978808	142.380442	26.696358
170.235802	142.267494	26.736721
170.501859	142.150563	26.778507
170.776977	142.029650	26.821716
171.061157	141.904754	26.866349
171.354399	141.775876	26.912404
171.656702	141.643016	26.959883
171.968067	141.506172	27.008785
172.288494	141.365347	27.059111
172.617982	141.220538	27.110859
172.956532	141.071748	27.164031
173.304144	140.918974	27.218626
173.660817	140.762218	27.274644
174.026552	140.601480	27.332085
174.401349	140.436759	27.390950
174.785207	140.268056	27.451237
175.178128	140.095370	27.512948
175.580109	139.918701	27.576082
175.991153	139.738050	27.640639
176.411258	139.553417	27.706620
176.840425	139.364800	27.774024
177.278653	139.172202	27.842850
177.725943	138.975621	27.913101
177.928568	138.886568	27.944924
178.140255	138.793533	27.978171
178.361003	138.696516	28.012841
178.590813	138.595516	28.048935
178.829685	138.490533	28.086451
179.077619	138.381568	28.125391
179.334614	138.268621	28.165754
179.600671	138.151691	28.207540
179.875789	138.030778	28.250749
180.159969	137.905883	28.295381
180.453211	137.777005	28.341437
180.755515	137.644145	28.388916
181.066880	137.507302	28.437818
181.387307	137.366477	28.488143
181.716795	137.221669	28.539892
182.055345	137.072878	28.593064
182.402957	136.920106	28.647659
182.759631	136.763350	28.703677
183.125366	136.602612	28.761118
183.500163	136.437892	28.819982
183.884021	136.269189	28.880270
184.276942	136.096503	28.941981
184.678924	135.919835	29.005115
185.089967	135.739185	29.069672
185.510073	135.554551	29.135653
185.939239	135.365936	29.203056
186.377468	135.173338	29.271883
186.824758	134.976757	29.342133
187.027384	134.887705	29.373957
187.239070	134.794670	29.407204
187.459819	134.697653	29.441874
187.689629	134.596653	29.477967
187.928501	134.491670	29.515484
188.176434	134.382706	29.554424
188.433430	134.269758	29.594787
188.699487	134.152828	29.636573
188.974605	134.031916	29.679782
189.258785	133.907021	29.724414
189.552027	133.778143	29.770470
189.854331	133.645283	29.817949
190.165696	133.508441	29.866851
190.486123	133.367616	29.917176
190.815612	133.222808	29.968925
191.154162	133.074018	30.022097
191.501774	132.921245	30.076692
191.858448	132.764490	30.132710
192.224183	132.603752	30.190151
192.598980	132.439032	30.249015
192.982839	132.270329	30.309303
193.375759	132.097644	30.371014
193.777741	131.920976	30.434148
194.188785	131.740326	30.498705
194.608890	131.555693	30.564686
195.038057	131.367077	30.632090
195.476286	131.174479	30.700916
195.923576	130.977899	30.771167
196.126201	130.888847	30.802990
196.337888	130.795812	30.836237
196.558637	130.698795	30.870907
196.788447	130.597795	30.907001
197.027319	130.492813	30.944517
197.275252	130.383848	30.983457
197.532248	130.270901	31.023820
197.798305	130.153971	31.065606
198.073423	130.033058	31.108815
198.357604	129.908164	31.153448
198.650845	129.779286	31.199503
198.953149	129.646426	31.246982
199.264514	129.509584	31.295884
199.584941	129.368759	31.346210
199.914430	129.223951	31.397958
200.252980	129.075161	31.451130
200.600592	128.922389	31.505725
200.957266	128.765633	31.561743
201.323001	128.604896	31.619184
201.697798	128.440176	31.678049
202.081657	128.271473	31.738336
202.474578	128.098788	31.800047
202.876560	127.922120	31.863181
203.287603	127.741470	31.927738
203.707709	127.556837	31.993719
204.136876	127.368221	32.061123
204.575105	127.175623	32.129950
205.022395	126.979043	32.200200
205.225020	126.889991	32.232023
205.436707	126.796956	32.265270
205.657456	126.699939	32.299940
205.887266	126.598940	32.336034
206.126138	126.493957	32.373550
206.374071	126.384993	32.412490
206.631067	126.272045	32.452853
206.897124	126.155116	32.494639
207.172242	126.034203	32.537848
207.456423	125.909308	32.582481
207.749665	125.780431	32.628536
208.051968	125.647571	32.676015
208.363334	125.510729	32.724917
208.683761	125.369904	32.775243
209.013249	125.225096	32.826991
209.351800	125.076306	32.880163
209.699412	124.923534	32.934758
210.056085	124.766779	32.990776
210.421821	124.606041	33.048217
210.796618	124.441321	33.107082
211.180476	124.272618	33.167369
211.573397	124.099933	33.229080
211.975379	123.923265	33.292214
212.386423	123.742615	33.356772
212.806528	123.557982	33.422752
213.235695	123.369367	33.490156
213.673924	123.176769	33.558983
214.121214	122.980189	33.629233
214.323840	122.891137	33.661057
214.535527	122.798102	33.694303
214.756275	122.701085	33.728974
214.986085	122.600085	33.765067
215.224957	122.495103	33.802583
215.472891	122.386138	33.841523
215.729886	122.273191	33.881886
215.995943	122.156261	33.923672
216.271062	122.035349	33.966881
216.555242	121.910454	34.011514
216.848484	121.781577	34.057570
217.150788	121.648717	34.105049
217.462153	121.511874	34.153951
217.782580	121.371050	34.204276
218.112069	121.226242	34.256024
218.450619	121.077452	34.309196
218.798231	120.924680	34.363791
219.154905	120.767924	34.419809
219.520640	120.607187	34.477250
219.895437	120.442467	34.536115
220.279296	120.273764	34.596403
220.672216	120.101079	34.658114
221.074199	119.924411	34.721248
221.485242	119.743761	34.785805
221.905348	119.559128	34.851785
222.334515	119.370513	34.919189
222.772744	119.177915	34.988016
223.220034	118.981335	35.058266
223.422659	118.892283	35.090090
223.634346	118.799248	35.123337
223.855095	118.702231	35.158007
224.084905	118.601231	35.194100
224.323777	118.496249	35.231617
224.571711	118.387284	35.270556
224.828706	118.274337	35.310919
225.094763	118.157407	35.352705
225.369881	118.036495	35.395915
225.654062	117.911600	35.440547
225.947304	117.782723	35.486603
226.249607	117.649863	35.534082
226.560973	117.513021	35.582984
226.881400	117.372196	35.633309
227.210888	117.227388	35.685058
227.549439	117.078598	35.738229
227.897051	116.925826	35.792824
228.253725	116.769071	35.848842
228.619460	116.608333	35.906284
228.994257	116.443613	35.965148
229.378116	116.274910	36.025436
229.771036	116.102225	36.087147
230.173018	115.925558	36.150281
230.584062	115.744907	36.214838
231.004167	115.560275	36.280819
231.433335	115.371659	36.348222
231.871563	115.179061	36.417049
232.318854	114.982481	36.487299
232.521479	114.893429	36.519123
232.733166	114.800394	36.552370
232.953915	114.703377	36.587040
233.183725	114.602378	36.623133
233.422597	114.497396	36.660650
233.670530	114.388431	36.699590
233.927526	114.275484	36.739952
234.193583	114.158554	36.781739
234.468701	114.037642	36.824948
234.752881	113.912747	36.869580
235.046123	113.783869	36.915636
235.348427	113.651010	36.963115
235.659792	113.514167	37.012017
235.980219	113.373342	37.062342
236.309708	113.228535	37.114091
236.648259	113.079745	37.167263
236.995871	112.926972	37.221857
237.352544	112.770217	37.277876
237.718280	112.609480	37.335317
238.093077	112.444759	37.394181
238.476935	112.276057	37.454469
238.869856	112.103372	37.516180
239.271838	111.926704	37.579314
239.682882	111.746054	37.643871
240.102987	111.561421	37.709852
240.532154	111.372806	37.777256
240.970383	111.180208	37.846082
241.417674	110.983628	37.916333
241.620299	110.894576	37.948156
241.831986	110.801541	37.981403
242.052734	110.704524	38.016073
242.282545	110.603524	38.052167
242.521416	110.498542	38.089683
242.769350	110.389577	38.128623
243.026345	110.276630	38.168986
243.292402	110.159700	38.210772
243.567521	110.038788	38.253981
243.851701	109.913893	38.298614
244.144943	109.785016	38.344669
244.447247	109.652156	38.392148
244.758612	109.515314	38.441050
245.079039	109.374489	38.491376
245.408528	109.229681	38.543124
245.747078	109.080891	38.596296
246.094690	108.928119	38.650891
246.451364	108.771364	38.706909
246.817099	108.610626	38.764350
247.191897	108.445906	38.823215
247.575755	108.277203	38.883502
247.968676	108.104518	38.945213
248.370658	107.927850	39.008347
248.781702	107.747200	39.072905
249.201807	107.562568	39.138885
249.630974	107.373952	39.206289
250.069203	107.181354	39.275116
250.516493	106.984774	39.345366
250.719119	106.895722	39.377189
250.930806	106.802687	39.410436
251.151554	106.705670	39.445106
251.381364	106.604671	39.481200
251.620236	106.499689	39.518716
251.868170	106.390724	39.557656
252.125165	106.277777	39.598019
252.391222	106.160847	39.639805
252.666341	106.039935	39.683014
252.950521	105.915040	39.727647
253.243763	105.786162	39.773703
253.546067	105.653303	39.821181
253.857432	105.516460	39.870084
254.177859	105.375635	39.920409
254.507348	105.230828	39.972157
254.845898	105.082038	40.025329
255.193510	104.929265	40.079924
255.550184	104.772510	40.135942
255.915919	104.611773	40.193383
256.290716	104.447052	40.252248
256.674575	104.278350	40.312536
257.067496	104.105665	40.374246
257.469478	103.928997	40.437381
257.880521	103.748347	40.501938
258.300627	103.563714	40.567918
258.729794	103.375099	40.635322
259.168023	103.182501	40.704149
259.615313	102.985921	40.774399
259.817938	102.896869	40.806223
260.029625	102.803834	40.839470
260.250374	102.706817	40.874140
260.480184	102.605817	40.910233
260.719056	102.500835	40.947750
260.966990	102.391870	40.986689
261.223985	102.278923	41.027052
261.490042	102.161993	41.068838
261.765161	102.041081	41.112048
262.049341	101.916186	41.156680
262.342583	101.787309	41.202736
262.644887	101.654449	41.250215
262.956252	101.517607	41.299117
263.276679	101.376782	41.349442
263.606168	101.231974	41.401191
263.944718	101.083184	41.454362
264.292330	100.930412	41.508957
264.649004	100.773657	41.564975
265.014739	100.612919	41.622417
265.389536	100.448199	41.681281
265.773395	100.279496	41.741569
266.166315	100.106811	41.803280
266.568297	99.930144	41.866414
266.979341	99.749493	41.930971
267.399447	99.564861	41.996952
267.828614	99.376245	42.064355
268.266843	99.183648	42.133182
268.714133	98.987067	42.203432
268.916758	98.898015	42.235256
269.128445	98.804981	42.268503
269.349194	98.707963	42.303173
269.579004	98.606964	42.339266
269.817876	98.501982	42.376783
270.065810	98.393017	42.415722
270.322805	98.280070	42.456085
270.588862	98.163140	42.497871
270.863980	98.042228	42.541081
271.148161	97.917333	42.585713
271.441403	97.788455	42.631769
271.743706	97.655596	42.679248
272.055072	97.518753	42.728150
272.375499	97.377928	42.778475
272.704987	97.233121	42.830224
273.043538	97.084331	42.883395
273.391150	96.931558	42.937990
273.747824	96.774803	42.994008
274.113559	96.614066	43.051450
274.488356	96.449346	43.110314
274.872215	96.280643	43.170602
275.265135	96.107958	43.232313
275.667117	95.931290	43.295447
276.078161	95.750640	43.360004
276.498266	95.566007	43.425985
276.927434	95.377392	43.493388
277.365662	95.184794	43.562215
277.812953	94.988214	43.632465
278.015578	94.899162	43.664289
278.227265	94.806127	43.697536
278.448014	94.709110	43.732206
278.677824	94.608110	43.768299
278.916696	94.503128	43.805816
279.164629	94.394163	43.844756
279.421625	94.281216	43.885119
279.687682	94.164286	43.926905
279.962800	94.043374	43.970114
280.246981	93.918479	44.014746
280.540223	93.789602	44.060802
280.842526	93.656742	44.108281
281.153892	93.519900	44.157183
281.474319	93.379075	44.207509
281.803807	93.234267	44.259257
282.142358	93.085477	44.312429
282.489970	92.932705	44.367024
282.846643	92.775950	44.423042
283.212379	92.615212	44.480483
283.587176	92.450492	44.539347
283.971035	92.281790	44.599635
284.363955	92.109104	44.661346
284.765937	91.932437	44.724480
285.176981	91.751786	44.789037
285.597086	91.567154	44.855018
286.026253	91.378538	44.922422
286.464482	91.185941	44.991249
286.911773	90.989360	45.061499
287.114398	90.900308	45.093322
287.326085	90.807274	45.126569
287.546833	90.710257	45.161239
287.776644	90.609257	45.197333
288.015516	90.504275	45.234849
288.263449	90.395310	45.273789
288.520444	90.282363	45.314152
288.786501	90.165433	45.355938
289.061620	90.044521	45.399147
289.345800	89.919626	45.443780
289.639042	89.790749	45.489835
289.941346	89.657889	45.537314
290.252711	89.521046	45.586216
290.573138	89.380221	45.636542
290.902627	89.235414	45.688290
291.241177	89.086624	45.741462
291.588789	88.933851	45.796057
291.945463	88.777096	45.852075
292.311199	88.616359	45.909516
292.685996	88.451639	45.968381
293.069854	88.282936	46.028668
293.462775	88.110251	46.090379
293.864757	87.933583	46.153513
294.275801	87.752933	46.218071
294.695906	87.568300	46.284051
295.125073	87.379685	46.351455
295.563302	87.187087	46.420282
296.010592	86.990507	46.490532
296.213218	86.901455	46.522356
296.424905	86.808420	46.555603
296.645653	86.711403	46.590273
296.875463	86.610403	46.626366
297.114335	86.505421	46.663882
297.362269	86.396457	46.702822
297.619264	86.283509	46.743185
297.885321	86.166580	46.784971
298.160440	86.045667	46.828180
298.444620	85.920773	46.872813
298.737862	85.791895	46.918869
299.040166	85.659035	46.966348
299.351531	85.522193	47.015250
299.671958	85.381368	47.065575
300.001447	85.236561	47.117323
300.339997	85.087771	47.170495
300.687609	84.934998	47.225090
301.044283	84.778243	47.281108
301.410018	84.617505	47.338549
301.784815	84.452785	47.397414
302.168674	84.284083	47.457702
302.561595	84.111397	47.519413
302.963577	83.934730	47.582547
303.374620	83.754080	47.647104
303.794726	83.569447	47.713084
304.223893	83.380832	47.780488
304.662122	83.188234	47.849315
305.109412	82.991653	47.919565
305.312038	82.902601	47.951389
305.523724	82.809567	47.984636
305.744473	82.712550	48.019306
305.974283	82.611550	48.055399
306.213155	82.506568	48.092916
306.461089	82.397603	48.131855
306.718084	82.284656	48.172218
306.984141	82.167726	48.214004
307.259260	82.046814	48.257214
307.543440	81.921919	48.301846
307.836682	81.793042	48.347902
308.138986	81.660182	48.395381
308.450351	81.523339	48.444283
308.770778	81.382515	48.494608
309.100267	81.237707	48.546357
309.438817	81.088917	48.599528
309.786429	80.936145	48.654123
310.143103	80.779390	48.710141
310.508838	80.618652	48.767583
310.883635	80.453932	48.826447
311.267494	80.285229	48.886735
311.660414	80.112544	48.948446
312.062397	79.935876	49.011580
312.473440	79.755226	49.076137
312.893546	79.570593	49.142118
313.322713	79.381978	49.209521
313.760942	79.189380	49.278348
314.208232	78.992800	49.348598
314.410857	78.903748	49.380422
314.622544	78.810713	49.413669
314.843293	78.713696	49.448339
315.073103	78.612697	49.484432
315.311975	78.507714	49.521949
315.559909	78.398750	49.560889
315.816904	78.285802	49.601252
316.082961	78.168873	49.643038
316.358080	78.047960	49.686247
316.642260	77.923066	49.730879
316.935502	77.794188	49.776935
317.237805	77.661328	49.824414
317.549171	77.524486	49.873316
317.869598	77.383661	49.923641
318.199087	77.238854	49.975390
318.537637	77.090064	50.028562
318.885249	76.937291	50.083157
319.241923	76.780536	50.139175
