28.978018	236.489904	-17.330540
29.007633	236.357882	-17.337082
29.044903	236.221339	-17.348200
29.089831	236.080275	-17.363892
29.142419	235.934694	-17.384157
29.202670	235.784595	-17.408992
29.270585	235.629982	-17.438396
29.346166	235.470856	-17.472368
29.429416	235.307219	-17.510905
29.520336	235.139073	-17.554006
29.618929	234.966419	-17.601670
29.725196	234.789259	-17.653894
29.839140	234.607596	-17.710678
29.960762	234.421430	-17.772019
30.090065	234.230763	-17.837916
30.227051	234.035599	-17.908367
30.371721	233.835937	-17.983372
30.524079	233.631780	-18.062928
30.684126	233.423130	-18.147034
30.851865	233.209988	-18.235688
31.027300	232.992355	-18.328891
31.210433	232.770234	-18.426640
31.401271	232.543625	-18.528935
31.599821	232.312527	-18.635774
31.806092	232.076942	-18.747157
32.020101	231.836866	-18.863081
32.241869	231.592295	-18.983540
32.471424	231.343224	-19.108524
32.708801	231.089644	-19.238010
32.954031	230.831547	-19.371966
33.207134	230.568928	-19.510348
33.468106	230.301789	-19.653114
33.736917	230.030139	-19.800243
34.013527	229.753993	-19.951738
34.297902	229.473363	-20.107626
34.590019	229.188261	-20.267938
34.889864	228.898694	-20.432704
35.197433	228.604666	-20.601948
35.512727	228.306181	-20.775685
35.835760	228.003226	-20.953911
36.166528	227.695811	-21.136651
36.505028	227.383945	-21.323909
36.657831	227.244346	-21.408545
36.818368	227.100298	-21.497698
36.986640	226.951803	-21.591367
37.162648	226.798861	-21.689552
37.346392	226.641474	-21.792251
37.537873	226.479641	-21.899465
37.737092	226.313364	-22.011194
37.944050	226.142643	-22.127435
38.158748	225.967479	-22.248190
38.381186	225.787873	-22.373457
38.611366	225.603826	-22.503235
38.849287	225.415338	-22.637525
39.094951	225.222411	-22.776326
39.348358	225.025044	-22.919637
39.609509	224.823240	-23.067458
39.878405	224.616998	-23.219788
40.155047	224.406320	-23.376628
40.439434	224.191207	-23.537976
40.731568	223.971659	-23.703832
41.031450	223.747678	-23.874196
41.339079	223.519265	-24.049067
41.654457	223.286419	-24.228447
41.977585	223.049143	-24.412333
42.308462	222.807438	-24.600726
42.647091	222.561303	-24.793626
42.993471	222.310740	-24.991031
43.347603	222.055750	-25.192943
43.709488	221.796334	-25.399361
43.874553	221.678513	-25.493550
44.047372	221.556267	-25.592245
44.227945	221.429597	-25.695446
44.416273	221.298502	-25.803151
44.612355	221.162984	-25.915361
44.816193	221.023042	-26.032077
45.027785	220.878677	-26.153297
45.247133	220.729889	-26.279021
45.474237	220.576679	-26.409250
45.709097	220.419047	-26.543983
45.951714	220.256994	-26.683221
46.202087	220.090520	-26.826963
46.460217	219.919624	-26.975208
46.726105	219.744309	-27.127958
46.999750	219.564573	-27.285212
47.281153	219.380418	-27.446969
47.570314	219.191844	-27.613230
47.867234	218.998851	-27.783994
48.171912	218.801440	-27.959261
48.484349	218.599611	-28.139032
48.804546	218.393364	-28.323307
49.132501	218.182700	-28.512084
49.468217	217.967619	-28.705365
49.811693	217.748122	-28.903148
50.162929	217.524209	-29.105434
50.521926	217.295880	-29.312223
50.888684	217.063136	-29.523515
51.263203	216.825977	-29.739310
51.433138	216.718591	-29.837239
51.610835	216.606790	-29.939670
51.796293	216.490575	-30.046605
51.989514	216.369946	-30.158041
52.190496	216.244904	-30.273980
52.399240	216.115448	-30.394422
52.615747	215.981579	-30.519366
52.840015	215.843297	-30.648813
53.072046	215.700602	-30.782762
53.311840	215.553494	-30.921213
53.559396	215.401973	-31.064167
53.814715	215.246040	-31.211623
54.077797	215.085695	-31.363581
54.348641	214.920938	-31.520042
54.627249	214.751769	-31.681004
54.913620	214.578189	-31.846470
55.207754	214.400197	-32.016437
55.509652	214.217793	-32.190906
55.819313	214.030979	-32.369878
56.136738	213.839753	-32.553352
56.461926	213.644117	-32.741328
56.794879	213.444070	-32.933806
57.135595	213.239613	-33.130787
57.484075	213.030746	-33.332269
57.840320	212.817469	-33.538253
58.204329	212.599781	-33.748740
58.576103	212.377685	-33.963729
58.955641	212.151178	-34.183219
59.127648	212.048625	-34.282698
59.307421	211.941662	-34.386679
59.494958	211.830290	-34.495163
59.690260	211.714509	-34.608148
59.893327	211.594319	-34.725635
60.104159	211.469721	-34.847624
60.322756	211.340713	-34.974115
60.549118	211.207297	-35.105109
60.783245	211.069472	-35.240604
61.025136	210.927239	-35.380601
61.274794	210.780597	-35.525100
61.532216	210.629547	-35.674102
61.797403	210.474089	-35.827605
62.070356	210.314223	-35.985610
62.351075	210.149948	-36.148118
62.639558	209.981265	-36.315127
62.935807	209.808175	-36.486638
63.239822	209.630676	-36.662651
63.551602	209.448770	-36.843167
63.871148	209.262456	-37.028184
64.198459	209.071735	-37.217703
64.533536	208.876606	-37.411724
64.876379	208.677069	-37.610248
65.226987	208.473126	-37.813273
65.585362	208.264774	-38.020800
65.951502	208.052016	-38.232829
66.325408	207.834851	-38.449361
66.707080	207.613279	-38.670394
66.880003	207.512937	-38.770539
67.060693	207.408188	-38.875186
67.249148	207.299032	-38.984335
67.445369	207.185469	-39.097986
67.649357	207.067500	-39.216139
67.861111	206.945124	-39.338794
68.080630	206.818341	-39.465951
68.307916	206.687152	-39.597610
68.542969	206.551556	-39.733771
68.785787	206.411553	-39.874434
69.036372	206.267144	-40.019599
69.294723	206.118328	-40.169266
69.560840	205.965106	-40.323435
69.834723	205.807478	-40.482106
70.116373	205.645443	-40.645279
70.405789	205.479002	-40.812954
70.702972	205.308154	-40.985131
71.007921	205.132901	-41.161810
71.320636	204.953241	-41.342991
71.641118	204.769175	-41.528675
71.969366	204.580703	-41.718860
72.305381	204.387824	-41.913547
72.649162	204.190540	-42.112736
73.000709	203.988849	-42.316428
73.360024	203.782753	-42.524621
73.727104	203.572251	-42.737316
74.101952	203.357343	-42.954514
74.484566	203.138028	-43.176213
74.657900	203.038693	-43.276650
74.839002	202.934953	-43.381589
75.027870	202.826806	-43.491030
75.224505	202.714254	-43.604973
75.428906	202.597296	-43.723418
75.641074	202.475932	-43.846365
75.861009	202.350162	-43.973815
76.088711	202.219987	-44.105766
76.324179	202.085406	-44.242219
76.567414	201.946419	-44.383175
76.818415	201.803027	-44.528632
77.077183	201.655229	-44.678592
77.343718	201.503026	-44.833053
77.618020	201.346417	-44.992017
77.900089	201.185402	-45.155483
78.189924	201.019982	-45.323450
78.487526	200.850156	-45.495920
78.792895	200.675925	-45.672892
79.106030	200.497289	-45.854366
79.426933	200.314246	-46.040342
79.755602	200.126799	-46.230820
80.092038	199.934946	-46.425801
80.436241	199.738687	-46.625283
80.788210	199.538023	-46.829267
81.147947	199.332954	-47.037754
81.515450	199.123479	-47.250742
81.890720	198.909599	-47.468233
82.273757	198.691314	-47.690226
82.447279	198.592437	-47.790792
82.628567	198.489154	-47.895861
82.817622	198.381467	-48.005431
83.014445	198.269373	-48.119504
83.219034	198.152875	-48.238079
83.431390	198.031971	-48.361155
83.651512	197.906663	-48.488734
83.879402	197.776948	-48.620815
84.115059	197.642829	-48.757399
84.358482	197.504304	-48.898484
84.609673	197.361374	-49.044071
84.868630	197.214039	-49.194161
85.135355	197.062299	-49.348752
85.409846	196.906154	-49.507846
85.692104	196.745603	-49.671441
85.982129	196.580647	-49.839539
86.279921	196.411286	-50.012139
86.585480	196.237520	-50.189241
86.898806	196.059348	-50.370846
87.219899	195.876772	-50.556952
87.548759	195.689790	-50.747560
87.885386	195.498403	-50.942671
88.229780	195.302611	-51.142283
88.581941	195.102414	-51.346398
88.941869	194.897812	-51.555015
89.309563	194.688805	-51.768134
89.685025	194.475392	-51.985755
90.068254	194.257575	-52.207878
90.241860	194.158906	-52.308503
90.423234	194.055831	-52.413629
90.612374	193.948352	-52.523257
90.809281	193.836467	-52.637388
91.013956	193.720178	-52.756020
91.226397	193.599483	-52.879155
91.446605	193.474384	-53.006792
91.674581	193.344879	-53.138931
91.910323	193.210970	-53.275572
92.153833	193.072655	-53.416715
92.405109	192.929935	-53.562361
92.664152	192.782810	-53.712508
92.930963	192.631280	-53.867158
93.205540	192.475346	-54.026310
93.487885	192.315006	-54.189964
93.777996	192.150261	-54.358120
94.075875	191.981111	-54.530778
94.381520	191.807556	-54.707938
94.694933	191.629596	-54.889600
95.016113	191.447231	-55.075765
95.345059	191.260461	-55.266432
95.681773	191.069286	-55.461601
96.026254	190.873706	-55.661271
96.378501	190.673721	-55.865445
96.738516	190.469332	-56.074120
97.106298	190.260537	-56.287297
97.481847	190.047337	-56.504977
97.865163	189.829732	-56.727158
98.038808	189.731157	-56.827808
98.220220	189.628178	-56.932960
98.409399	189.520793	-57.042615
98.606345	189.409003	-57.156771
98.811058	189.292809	-57.275430
99.023539	189.172209	-57.398591
99.243786	189.047205	-57.526253
99.471800	188.917795	-57.658418
99.707582	188.783981	-57.795086
99.951130	188.645762	-57.936255
100.202446	188.503137	-58.081926
100.461529	188.356108	-58.232100
100.728378	188.204674	-58.386776
101.002995	188.048835	-58.545953
101.285379	187.888591	-58.709633
101.575530	187.723942	-58.877816
101.873447	187.554888	-59.050500
102.179132	187.381429	-59.227686
102.492584	187.203565	-59.409375
102.813804	187.021296	-59.595566
103.142790	186.834623	-59.786258
103.479543	186.643544	-59.981453
103.824063	186.448061	-60.181151
104.176351	186.248172	-60.385350
104.536405	186.043879	-60.594051
104.904226	185.835181	-60.807255
105.279815	185.622077	-61.024961
105.663171	185.404569	-61.247168
105.836833	185.306038	-61.347830
106.018263	185.203101	-61.452994
106.207460	185.095759	-61.562660
106.404424	184.984013	-61.676828
106.609155	184.867861	-61.795498
106.821653	184.747305	-61.918671
107.041918	184.622344	-62.046345
107.269950	184.492978	-62.178522
107.505749	184.359207	-62.315201
107.749315	184.221031	-62.456382
108.000649	184.078450	-62.602065
108.259749	183.931464	-62.752250
108.526617	183.780073	-62.906938
108.801251	183.624278	-63.066127
109.083653	183.464077	-63.229819
109.373822	183.299472	-63.398013
109.671758	183.130462	-63.570709
109.977461	182.957046	-63.747907
110.290931	182.779226	-63.929608
110.612168	182.597001	-64.115810
110.941172	182.410371	-64.306515
111.277943	182.219337	-64.501721
111.622482	182.023897	-64.701430
111.974787	181.824052	-64.905642
112.334859	181.619803	-65.114355
112.702699	181.411148	-65.327570
113.078306	181.198089	-65.545288
113.461679	180.980625	-65.767507
113.635350	180.882113	-65.868174
113.816788	180.779196	-65.973343
114.005993	180.671874	-66.083015
114.202965	180.560147	-66.197188
114.407704	180.444015	-66.315864
114.620210	180.323478	-66.439041
114.840483	180.198537	-66.566721
115.068523	180.069190	-66.698903
115.304331	179.935439	-66.835587
115.547905	179.797283	-66.976773
115.799247	179.654721	-67.122462
116.058355	179.507755	-67.272652
116.325231	179.356385	-67.427345
116.599874	179.200609	-67.586540
116.882284	179.040428	-67.750237
117.172461	178.875843	-67.918436
117.470405	178.706852	-68.091138
117.776116	178.533457	-68.268341
118.089594	178.355657	-68.450047
118.410839	178.173451	-68.636255
118.739852	177.986841	-68.826965
119.076631	177.795827	-69.022177
119.421178	177.600407	-69.221891
119.773491	177.400582	-69.426107
120.133572	177.196353	-69.634826
120.501420	176.987718	-69.848047
120.877035	176.774679	-70.065770
121.260417	176.557235	-70.287995
121.434091	176.458732	-70.388664
121.615532	176.355823	-70.493835
121.804741	176.248510	-70.603509
122.001717	176.136792	-70.717685
122.206459	176.020669	-70.836363
122.418969	175.900142	-70.959543
122.639246	175.775209	-71.087225
122.867290	175.645872	-71.219409
123.103101	175.512129	-71.356096
123.346679	175.373982	-71.497284
123.598024	175.231430	-71.642975
123.857137	175.084473	-71.793168
124.124016	174.933111	-71.947863
124.398663	174.777344	-72.107061
124.681076	174.617172	-72.270760
124.971257	174.452596	-72.438962
125.269205	174.283614	-72.611665
125.574920	174.110228	-72.788871
125.888402	173.932437	-72.970579
126.209651	173.750241	-73.156790
126.538667	173.563640	-73.347502
126.875450	173.372634	-73.542717
127.220000	173.177224	-73.742433
127.572318	172.977408	-73.946652
127.932402	172.773188	-74.155373
128.300254	172.564562	-74.368596
128.675872	172.351532	-74.586321
129.059258	172.134097	-74.808549
129.232934	172.035598	-74.909219
129.414377	171.932694	-75.014392
129.603587	171.825385	-75.124066
129.800565	171.713671	-75.238243
130.005309	171.597552	-75.356922
130.217821	171.477028	-75.480103
130.438099	171.352100	-75.607787
130.666145	171.222766	-75.739972
130.901958	171.089028	-75.876660
131.145537	170.950885	-76.017849
131.396884	170.808337	-76.163541
131.655998	170.661384	-76.313735
131.922880	170.510026	-76.468432
132.197528	170.354263	-76.627630
132.479943	170.194096	-76.791331
132.770125	170.029523	-76.959533
133.068075	169.860546	-77.132238
133.373791	169.687164	-77.309445
133.687275	169.509377	-77.491154
134.008526	169.327185	-77.677365
134.337544	169.140588	-77.868079
134.674329	168.949586	-78.063295
135.018881	168.754180	-78.263012
135.371200	168.554368	-78.467232
135.731286	168.350152	-78.675954
136.099139	168.141531	-78.889178
136.474760	167.928505	-79.106905
136.858147	167.711074	-79.329133
137.031824	167.612577	-79.429804
137.213268	167.509674	-79.534977
137.402479	167.402367	-79.644652
137.599457	167.290655	-79.758830
137.804202	167.174538	-79.877509
138.016714	167.054016	-80.000691
138.236994	166.929090	-80.128375
138.465040	166.799758	-80.260561
138.700854	166.666022	-80.397249
138.944434	166.527880	-80.538439
139.195782	166.385334	-80.684131
139.454897	166.238383	-80.834326
139.721779	166.087027	-80.989023
139.996428	165.931266	-81.148221
140.278844	165.771101	-81.311922
140.569027	165.606530	-81.480126
140.866977	165.437555	-81.652831
141.172694	165.264174	-81.830038
141.486179	165.086389	-82.011748
141.807430	164.904199	-82.197960
142.136449	164.717604	-82.388674
142.473235	164.526604	-82.583890
142.817787	164.331200	-82.783608
143.170107	164.131390	-82.987829
143.530194	163.927176	-83.196551
143.898048	163.718557	-83.409776
144.273670	163.505532	-83.627503
144.657058	163.288103	-83.849732
144.830735	163.189607	-83.950403
145.012179	163.086705	-84.055576
145.201391	162.979399	-84.165251
145.398369	162.867688	-84.279429
145.603114	162.751572	-84.398109
145.815627	162.631051	-84.521290
146.035907	162.506125	-84.648974
146.263954	162.376794	-84.781161
146.499767	162.243059	-84.917849
146.743348	162.104918	-85.059039
146.994696	161.962373	-85.204732
147.253812	161.815423	-85.354927
147.520694	161.664067	-85.509624
147.795343	161.508308	-85.668823
148.077760	161.348143	-85.832524
148.367943	161.183573	-86.000727
148.665894	161.014598	-86.173433
148.971611	160.841219	-86.350641
149.285096	160.663435	-86.532351
149.606348	160.481246	-86.718563
149.935367	160.294651	-86.909277
150.272153	160.103653	-87.104493
150.616706	159.908249	-87.304211
150.969027	159.708440	-87.508432
151.329114	159.504227	-87.717155
151.696968	159.295608	-87.930380
152.072590	159.082585	-88.148107
152.455978	158.865157	-88.370336
152.629656	158.766660	-88.471007
152.811100	158.663759	-88.576181
153.000312	158.556453	-88.685856
153.197290	158.444743	-88.800034
153.402036	158.328627	-88.918714
153.614549	158.208106	-89.041896
153.834829	158.083181	-89.169580
154.062876	157.953850	-89.301766
154.298690	157.820115	-89.438454
154.542271	157.681975	-89.579645
154.793619	157.539430	-89.725338
155.052734	157.392480	-89.875532
155.319617	157.241126	-90.030230
155.594266	157.085366	-90.189429
155.876683	156.925202	-90.353130
156.166866	156.760632	-90.521334
156.464817	156.591658	-90.694039
156.770535	156.418279	-90.871247
157.084020	156.240495	-91.052957
157.405272	156.058306	-91.239169
157.734291	155.871713	-91.429883
158.071077	155.680714	-91.625100
158.415631	155.485311	-91.824818
158.767951	155.285503	-92.029039
159.128039	155.081289	-92.237762
159.495893	154.872671	-92.450987
159.871515	154.659649	-92.668714
160.254904	154.442221	-92.890944
160.428581	154.343725	-92.991615
160.610026	154.240824	-93.096788
160.799237	154.133518	-93.206464
160.996216	154.021807	-93.320641
161.200962	153.905692	-93.439321
161.413474	153.785171	-93.562503
161.633754	153.660246	-93.690187
161.861801	153.530916	-93.822374
162.097615	153.397181	-93.959062
162.341197	153.259041	-94.100253
162.592545	153.116496	-94.245945
162.851660	152.969547	-94.396140
163.118543	152.818192	-94.550837
163.393192	152.662433	-94.710037
163.675609	152.502268	-94.873738
163.965793	152.337699	-95.041942
164.263744	152.168725	-95.214647
164.569462	151.995347	-95.391855
164.882947	151.817563	-95.573565
165.204199	151.635374	-95.759777
165.533218	151.448781	-95.950492
165.870004	151.257782	-96.145708
166.214558	151.062379	-96.345427
166.566878	150.862571	-96.549648
166.926966	150.658358	-96.758370
167.294820	150.449740	-96.971596
167.670442	150.236718	-97.189323
168.053831	150.019290	-97.411552
168.227508	149.920794	-97.512223
168.408953	149.817893	-97.617397
168.598165	149.710587	-97.727072
168.795143	149.598877	-97.841250
168.999889	149.482761	-97.959930
169.212402	149.362241	-98.083112
169.432682	149.237316	-98.210796
169.660729	149.107986	-98.342982
169.896543	148.974251	-98.479671
170.140124	148.836111	-98.620862
170.391473	148.693566	-98.766554
170.650588	148.546617	-98.916749
170.917471	148.395262	-99.071446
171.192120	148.239503	-99.230646
171.474537	148.079339	-99.394347
171.764721	147.914770	-99.562551
172.062671	147.745796	-99.735256
172.368389	147.572417	-99.912464
172.681875	147.394633	-100.094174
173.003127	147.212445	-100.280386
173.332146	147.025851	-100.471101
173.668932	146.834853	-100.666317
174.013486	146.639450	-100.866036
174.365806	146.439642	-101.070257
174.725894	146.235429	-101.278980
175.093749	146.026811	-101.492205
175.469370	145.813789	-101.709932
175.852759	145.596361	-101.932161
176.026437	145.497865	-102.032833
176.207881	145.394965	-102.138006
176.397093	145.287659	-102.247682
176.594071	145.175948	-102.361859
176.798817	145.059833	-102.480539
177.011330	144.939313	-102.603721
177.231610	144.814387	-102.731405
177.459657	144.685057	-102.863592
177.695471	144.551322	-103.000280
177.939053	144.413183	-103.141471
178.190401	144.270638	-103.287164
178.449516	144.123689	-103.437359
178.716399	143.972334	-103.592056
178.991049	143.816575	-103.751255
179.273465	143.656411	-103.914956
179.563649	143.491842	-104.083160
179.861600	143.322868	-104.255866
180.167318	143.149489	-104.433074
180.480803	142.971705	-104.614784
180.802055	142.789517	-104.800996
181.131074	142.602924	-104.991710
181.467861	142.411925	-105.186927
181.812414	142.216522	-105.386645
182.164735	142.016714	-105.590866
182.524822	141.812501	-105.799589
182.892677	141.603884	-106.012814
183.268299	141.390861	-106.230542
183.651688	141.173434	-106.452771
183.825365	141.074938	-106.553442
184.006810	140.972037	-106.658616
184.196021	140.864731	-106.768291
184.393000	140.753021	-106.882469
184.597746	140.636905	-107.001149
184.810259	140.516385	-107.124331
185.030539	140.391460	-107.252015
185.258586	140.262130	-107.384201
185.494400	140.128395	-107.520890
185.737981	139.990255	-107.662080
185.989330	139.847711	-107.807773
186.248445	139.700761	-107.957968
186.515328	139.549407	-108.112665
186.789977	139.393648	-108.271865
187.072394	139.233483	-108.435566
187.362578	139.068914	-108.603770
187.660529	138.899941	-108.776475
187.966247	138.726562	-108.953683
188.279732	138.548778	-109.135393
188.600984	138.366590	-109.321605
188.930003	138.179996	-109.512320
189.266790	137.988998	-109.707536
189.611343	137.793595	-109.907255
189.963664	137.593787	-110.111476
190.323751	137.389574	-110.320199
190.691606	137.180957	-110.533424
191.067228	136.967934	-110.751151
191.450617	136.750507	-110.973381
191.624294	136.652011	-111.074052
191.805739	136.549110	-111.179225
191.994950	136.441804	-111.288901
192.191929	136.330094	-111.403079
192.396675	136.213978	-111.521758
192.609188	136.093458	-111.644940
192.829468	135.968533	-111.772625
193.057515	135.839203	-111.904811
193.293329	135.705468	-112.041499
193.536910	135.567328	-112.182690
193.788259	135.424784	-112.328383
194.047374	135.277834	-112.478578
194.314257	135.126480	-112.633275
194.588906	134.970721	-112.792474
194.871323	134.810556	-112.956176
195.161507	134.645987	-113.124379
195.459458	134.477014	-113.297085
195.765176	134.303635	-113.474293
196.078661	134.125851	-113.656003
196.399913	133.943663	-113.842215
196.728932	133.757069	-114.032929
197.065719	133.566071	-114.228146
197.410272	133.370668	-114.427865
197.762593	133.170860	-114.632085
198.122680	132.966647	-114.840808
198.490535	132.758030	-115.054034
198.866157	132.545007	-115.271761
199.249546	132.327580	-115.493990
199.423223	132.229084	-115.594662
199.604668	132.126183	-115.699835
199.793879	132.018877	-115.809510
199.990858	131.907167	-115.923688
200.195604	131.791051	-116.042368
200.408117	131.670531	-116.165550
200.628397	131.545606	-116.293234
200.856444	131.416276	-116.425421
201.092258	131.282541	-116.562109
201.335839	131.144401	-116.703300
201.587188	131.001857	-116.848993
201.846303	130.854907	-116.999188
202.113186	130.703553	-117.153885
202.387835	130.547794	-117.313084
202.670252	130.387630	-117.476785
202.960436	130.223061	-117.644989
203.258387	130.054087	-117.817695
203.564105	129.880708	-117.994903
203.877590	129.702924	-118.176613
204.198842	129.520736	-118.362825
204.527861	129.334143	-118.553539
204.864648	129.143144	-118.748756
205.209201	128.947741	-118.948474
205.561522	128.747933	-119.152695
205.921609	128.543721	-119.361418
206.289464	128.335103	-119.574643
206.665086	128.122080	-119.792371
207.048475	127.904653	-120.014600
207.222152	127.806157	-120.115271
207.403597	127.703256	-120.220445
207.592808	127.595951	-120.330120
207.789787	127.484240	-120.444298
207.994533	127.368125	-120.562978
208.207046	127.247604	-120.686160
208.427326	127.122679	-120.813844
208.655373	126.993349	-120.946030
208.891187	126.859614	-121.082719
209.134768	126.721475	-121.223909
209.386117	126.578930	-121.369602
209.645232	126.431981	-121.519797
209.912115	126.280626	-121.674494
210.186764	126.124867	-121.833694
210.469181	125.964703	-121.997395
210.759365	125.800134	-122.165599
211.057316	125.631160	-122.338304
211.363034	125.457781	-122.515512
211.676519	125.279998	-122.697222
211.997771	125.097809	-122.883434
212.326790	124.911216	-123.074149
212.663577	124.720218	-123.269365
213.008130	124.524815	-123.469084
213.360451	124.325007	-123.673305
213.720538	124.120794	-123.882028
214.088393	123.912176	-124.095253
214.464015	123.699154	-124.312980
214.847404	123.481726	-124.535210
215.021081	123.383230	-124.635881
215.202526	123.280330	-124.741054
215.391737	123.173024	-124.850730
215.588716	123.061313	-124.964908
215.793462	122.945198	-125.083587
216.005975	122.824678	-125.206770
216.226255	122.699753	-125.334454
216.454302	122.570423	-125.466640
216.690116	122.436688	-125.603329
216.933697	122.298548	-125.744519
217.185046	122.156003	-125.890212
217.444161	122.009054	-126.040407
217.711044	121.857699	-126.195104
217.985693	121.701940	-126.354303
218.268110	121.541776	-126.518005
218.558294	121.377207	-126.686208
218.856245	121.208233	-126.858914
219.161963	121.034855	-127.036122
219.475448	120.857071	-127.217832
219.796700	120.674883	-127.404044
220.125719	120.488289	-127.594759
220.462506	120.297291	-127.789975
220.807059	120.101888	-127.989694
221.159380	119.902080	-128.193915
221.519467	119.697867	-128.402638
221.887322	119.489249	-128.615863
222.262944	119.276227	-128.833590
222.646333	119.058799	-129.055819
222.820010	118.960304	-129.156491
223.001455	118.857403	-129.261664
223.190666	118.750097	-129.371340
223.387645	118.638387	-129.485517
223.592391	118.522271	-129.604197
223.804904	118.401751	-129.727379
224.025184	118.276826	-129.855063
224.253231	118.147496	-129.987250
224.489045	118.013761	-130.123938
224.732626	117.875621	-130.265129
224.983975	117.733077	-130.410822
225.243090	117.586127	-130.561017
225.509973	117.434773	-130.715714
225.784622	117.279013	-130.874913
226.067039	117.118849	-131.038614
226.357223	116.954280	-131.206818
226.655174	116.785307	-131.379524
226.960892	116.611928	-131.556732
227.274377	116.434144	-131.738442
227.595629	116.251956	-131.924654
227.924648	116.065362	-132.115368
228.261435	115.874364	-132.310585
228.605988	115.678961	-132.510303
228.958309	115.479153	-132.714524
229.318396	115.274940	-132.923247
229.686251	115.066323	-133.136472
230.061873	114.853300	-133.354200
230.445262	114.635873	-133.576429
230.618939	114.537377	-133.677100
230.800384	114.434476	-133.782274
230.989595	114.327170	-133.891949
231.186574	114.215460	-134.006127
231.391320	114.099345	-134.124807
231.603833	113.978824	-134.247989
231.824113	113.853899	-134.375673
232.052160	113.724569	-134.507859
232.287974	113.590834	-134.644548
232.531555	113.452694	-134.785739
232.782904	113.310150	-134.931431
233.042019	113.163200	-135.081626
233.308902	113.011846	-135.236323
233.583551	112.856087	-135.395523
233.865968	112.695923	-135.559224
234.156152	112.531354	-135.727428
234.454103	112.362380	-135.900133
234.759821	112.189001	-136.077341
235.073306	112.011218	-136.259051
235.394558	111.829029	-136.445264
235.723577	111.642436	-136.635978
236.060364	111.451438	-136.831195
236.404917	111.256034	-137.030913
236.757238	111.056227	-137.235134
237.117325	110.852014	-137.443857
237.485180	110.643396	-137.657082
237.860802	110.430373	-137.874809
238.244191	110.212946	-138.097039
238.417868	110.114450	-138.197710
238.599313	110.011549	-138.302883
238.788524	109.904244	-138.412559
238.985503	109.792533	-138.526737
239.190249	109.676418	-138.645417
239.402762	109.555898	-138.768599
239.623042	109.430972	-138.896283
239.851089	109.301642	-139.028469
240.086903	109.167908	-139.165158
240.330484	109.029768	-139.306348
240.581833	108.887223	-139.452041
240.840948	108.740274	-139.602236
241.107831	108.588919	-139.756933
241.382480	108.433160	-139.916132
241.664897	108.272996	-140.079834
241.955081	108.108427	-140.248037
242.253032	107.939453	-140.420743
242.558750	107.766074	-140.597951
242.872235	107.588291	-140.779661
243.193487	107.406102	-140.965873
243.522506	107.219509	-141.156588
243.859293	107.028511	-141.351804
244.203846	106.833108	-141.551523
244.556167	106.633300	-141.755744
244.916254	106.429087	-141.964467
245.284109	106.220469	-142.177692
245.659731	106.007447	-142.395419
246.043120	105.790019	-142.617649
246.216797	105.691523	-142.718320
246.398242	105.588623	-142.823493
246.587453	105.481317	-142.933169
246.784432	105.369607	-143.047346
246.989178	105.253491	-143.166026
247.201691	105.132971	-143.289208
247.421971	105.008046	-143.416893
247.650018	104.878716	-143.549079
247.885832	104.744981	-143.685767
248.129413	104.606841	-143.826958
248.380762	104.464296	-143.972651
248.639877	104.317347	-144.122846
248.906760	104.165993	-144.277543
249.181409	104.010233	-144.436742
249.463826	103.850069	-144.600444
249.754010	103.685500	-144.768647
250.051961	103.516526	-144.941353
250.357679	103.343148	-145.118561
250.671164	103.165364	-145.300271
250.992416	102.983176	-145.486483
251.321435	102.796582	-145.677197
251.658222	102.605584	-145.872414
252.002775	102.410181	-146.072133
252.355096	102.210373	-146.276353
252.715183	102.006160	-146.485076
253.083038	101.797543	-146.698302
253.458660	101.584520	-146.916029
253.842049	101.367093	-147.138258
254.015726	101.268597	-147.238930
254.197171	101.165696	-147.344103
254.386382	101.058390	-147.453778
254.583361	100.946680	-147.567956
254.788107	100.830564	-147.686636
255.000620	100.710044	-147.809818
255.220900	100.585119	-147.937502
255.448947	100.455789	-148.069689
255.684761	100.322054	-148.206377
255.928342	100.183914	-148.347568
256.179691	100.041370	-148.493261
256.438806	99.894420	-148.643456
256.705689	99.743066	-148.798153
256.980338	99.587307	-148.957352
257.262755	99.427143	-149.121053
257.552939	99.262574	-149.289257
257.850890	99.093600	-149.461963
258.156608	98.920221	-149.639171
258.470093	98.742437	-149.820881
258.791345	98.560249	-150.007093
259.120364	98.373656	-150.197807
259.457151	98.182657	-150.393024
259.801704	97.987254	-150.592742
260.154025	97.787446	-150.796963
260.514112	97.583234	-151.005686
260.881967	97.374616	-151.218911
261.257589	97.161593	-151.436639
261.640978	96.944166	-151.658868
261.814655	96.845670	-151.759539
261.996100	96.742769	-151.864713
262.185311	96.635464	-151.974388
262.382290	96.523753	-152.088566
262.587036	96.407638	-152.207246
262.799549	96.287117	-152.330428
263.019829	96.162192	-152.458112
263.247876	96.032862	-152.590298
263.483690	95.899127	-152.726987
263.727271	95.760988	-152.868178
263.978620	95.618443	-153.013870
264.237735	95.471494	-153.164065
264.504618	95.320139	-153.318762
264.779267	95.164380	-153.477962
265.061684	95.004216	-153.641663
265.351868	94.839647	-153.809867
265.649819	94.670673	-153.982572
265.955537	94.497294	-154.159780
266.269022	94.319511	-154.341490
266.590274	94.137322	-154.527703
266.919293	93.950729	-154.718417
267.256080	93.759731	-154.913633
267.600633	93.564328	-155.113352
267.952954	93.364520	-155.317573
268.313041	93.160307	-155.526296
268.680896	92.951689	-155.739521
269.056518	92.738667	-155.957248
269.439907	92.521239	-156.179478
269.613584	92.422743	-156.280149
269.795029	92.319843	-156.385322
269.984241	92.212537	-156.494998
270.181219	92.100826	-156.609176
270.385965	91.984711	-156.727856
270.598478	91.864191	-156.851038
270.818758	91.739266	-156.978722
271.046805	91.609936	-157.110908
271.282619	91.476201	-157.247597
271.526200	91.338061	-157.388787
271.777549	91.195516	-157.534480
272.036664	91.048567	-157.684675
272.303547	90.897212	-157.839372
272.578196	90.741453	-157.998571
272.860613	90.581289	-158.162273
273.150797	90.416720	-158.330476
273.448748	90.247746	-158.503182
273.754466	90.074368	-158.680390
