3.411868	205.960030	44.981782
3.399375	205.860651	44.964364
3.387568	205.757150	44.956030
3.376445	205.649527	44.956782
3.366005	205.537786	44.966621
3.356246	205.421927	44.985547
3.347164	205.301952	45.013562
3.338758	205.177863	45.050666
3.331026	205.049663	45.096861
3.323966	204.917352	45.152147
3.317575	204.780932	45.216525
3.311851	204.640406	45.289997
3.306792	204.495775	45.372564
3.302396	204.347041	45.464226
3.298661	204.194205	45.564984
3.295584	204.037270	45.674839
3.293164	203.876237	45.793792
3.291398	203.711109	45.921845
3.290284	203.541886	46.058998
3.289821	203.368571	46.205252
3.290005	203.191166	46.360608
3.290836	203.009671	46.525067
3.292310	202.824090	46.698630
3.294427	202.634424	46.881298
3.297183	202.440675	47.073072
3.300577	202.242844	47.273953
3.304608	202.040934	47.483942
3.309272	201.834945	47.703039
3.314568	201.624881	47.931246
3.320494	201.410743	48.168564
3.327048	201.192532	48.414994
3.334228	200.970251	48.670536
3.342033	200.743902	48.935191
3.350460	200.513485	49.208961
3.359508	200.279003	49.491847
3.369174	200.040459	49.783849
3.379458	199.797852	50.084968
3.390357	199.551187	50.395205
3.401869	199.300464	50.714562
3.413994	199.045685	51.043038
3.426728	198.786852	51.380636
3.440070	198.523967	51.727356
3.454020	198.257032	52.083198
3.468574	197.986049	52.448165
3.483732	197.711019	52.822256
3.499492	197.431944	53.205473
3.515852	197.148827	53.597817
3.532810	196.861669	53.999288
3.540604	196.732394	54.181571
3.548995	196.599081	54.372984
3.557981	196.461730	54.573525
3.567563	196.320344	54.783197
3.577739	196.174921	55.001998
3.588509	196.025464	55.229931
3.599872	195.871973	55.466994
3.611828	195.714449	55.713189
3.624376	195.552892	55.968515
3.637515	195.387305	56.232974
3.651245	195.217686	56.506566
3.665566	195.044038	56.789290
3.680475	194.866362	57.081148
3.695974	194.684657	57.382140
3.712061	194.498925	57.692267
3.728736	194.309167	58.011528
3.745998	194.115383	58.339924
3.763846	193.917575	58.677456
3.782281	193.715743	59.024124
3.801301	193.509889	59.379928
3.820906	193.300012	59.744869
3.841095	193.086114	60.118948
3.861869	192.868196	60.502164
3.883225	192.646258	60.894518
3.905164	192.420302	61.296010
3.927686	192.190329	61.706641
3.950789	191.956338	62.126412
3.974473	191.718332	62.555323
3.985302	191.610323	62.750814
3.996712	191.498300	62.955446
4.008701	191.382263	63.169218
4.021271	191.262211	63.392131
4.034421	191.138146	63.624185
4.048150	191.010069	63.865380
4.062459	190.877978	64.115716
4.077347	190.741875	64.375193
4.092813	190.601760	64.643813
4.108859	190.457634	64.921574
4.125483	190.309496	65.208477
4.142686	190.157348	65.504522
4.160467	190.001189	65.809709
4.178826	189.841020	66.124039
4.197763	189.676842	66.447512
4.217277	189.508654	66.780128
4.237368	189.336458	67.121886
4.258037	189.160254	67.472789
4.279283	188.980041	67.832834
4.301106	188.795821	68.202023
4.323505	188.607594	68.580356
4.346481	188.415359	68.967833
4.370033	188.219119	69.364455
4.394162	188.018872	69.770220
4.418866	187.814620	70.185131
4.444146	187.606363	70.609186
4.470001	187.394101	71.042386
4.496432	187.177835	71.484731
4.508436	187.079930	71.685407
4.521014	186.978022	71.895228
4.534168	186.872111	72.114194
4.547897	186.762196	72.342306
4.562201	186.648277	72.579564
4.577079	186.530356	72.825968
4.592533	186.408432	73.081517
4.608561	186.282505	73.346212
4.625164	186.152576	73.620054
4.642341	186.018644	73.903041
4.660093	185.880710	74.195175
4.678420	185.738774	74.496455
4.697321	185.592837	74.806881
4.716796	185.442898	75.126454
4.736845	185.288957	75.455173
4.757469	185.131015	75.793039
4.778667	184.969072	76.140051
4.800439	184.803129	76.496211
4.822785	184.633184	76.861517
4.845705	184.459240	77.235970
4.869198	184.281295	77.619570
4.893266	184.099349	78.012318
4.917907	183.913404	78.414212
4.943122	183.723459	78.825254
4.968910	183.529515	79.245443
4.995273	183.331571	79.674780
5.022208	183.129628	80.113264
5.049717	182.923686	80.560896
5.062189	182.830450	80.763755
5.075234	182.733216	80.975761
5.088852	182.631983	81.196915
5.103044	182.526751	81.427217
5.117809	182.417521	81.666666
5.133147	182.304292	81.915264
5.149059	182.187065	82.173009
5.165543	182.065840	82.439903
5.182601	181.940617	82.715944
5.200232	181.811396	83.001134
5.218436	181.678176	83.295472
5.237214	181.540959	83.598958
5.256564	181.399744	83.911592
5.276488	181.254532	84.233374
5.296984	181.105322	84.564305
5.318054	180.952114	84.904384
5.339697	180.794909	85.253611
5.361912	180.633706	85.611986
5.384701	180.468507	85.979510
5.408062	180.299310	86.356183
5.431997	180.126116	86.742004
5.456504	179.948925	87.136973
5.481585	179.767737	87.541091
5.507238	179.582552	87.954358
5.533464	179.393370	88.376773
5.560262	179.200192	88.808337
5.587634	179.003017	89.249050
5.615578	178.801846	89.698912
5.628241	178.710745	89.902726
5.641476	178.615648	90.115689
5.655284	178.516555	90.337801
5.669665	178.413465	90.569062
5.684618	178.306379	90.809472
5.700144	178.195297	91.059031
5.716243	178.080219	91.317739
5.732915	177.961145	91.585595
5.750159	177.838074	91.862601
5.767976	177.711008	92.148755
5.786365	177.579945	92.444059
5.805327	177.444886	92.748511
5.824862	177.305832	93.062113
5.844970	177.162782	93.384864
5.865650	177.015736	93.716763
5.886903	176.864694	94.057812
5.908728	176.709656	94.408010
5.931126	176.550622	94.767357
5.954097	176.387593	95.135853
5.977640	176.220568	95.513498
6.001756	176.049548	95.900292
6.026445	175.874532	96.296236
6.051706	175.695520	96.701328
6.077539	175.512513	97.115570
6.103945	175.325510	97.538962
6.130924	175.134513	97.971502
6.158475	174.939519	98.413192
6.186599	174.740531	98.864031
6.199341	174.650403	99.068272
6.212655	174.556280	99.281663
6.226542	174.458161	99.504203
6.241001	174.356048	99.735893
6.256033	174.249939	99.976732
6.271637	174.139835	100.226720
6.287814	174.025736	100.485858
6.304563	173.907641	100.754145
6.321885	173.785552	101.031581
6.339779	173.659467	101.318167
6.358246	173.529387	101.613902
6.377285	173.395312	101.918786
6.396897	173.257242	102.232820
6.417081	173.115177	102.556004
6.437838	172.969117	102.888336
6.459167	172.819062	103.229819
6.481069	172.665012	103.580450
6.503543	172.506967	103.940231
6.526590	172.344927	104.309162
6.550209	172.178892	104.687242
6.574401	172.008863	105.074471
6.599165	171.834838	105.470850
6.624501	171.656818	105.876379
6.650410	171.474804	106.291057
6.676892	171.288794	106.714884
6.703946	171.098790	107.147861
6.731572	170.904791	107.589987
6.759771	170.706797	108.041264
6.772546	170.617112	108.245698
6.785893	170.523432	108.459282
6.799813	170.425757	108.682015
6.814305	170.324088	108.913898
6.829370	170.218424	109.154930
6.845007	170.108765	109.405112
6.861217	169.995111	109.664444
6.877999	169.877462	109.932925
6.895353	169.755819	110.210556
6.913280	169.630182	110.497336
6.931779	169.500549	110.793266
6.950851	169.366922	111.098345
6.970495	169.229300	111.412574
6.990712	169.087683	111.735953
7.011501	168.942072	112.068481
7.032862	168.792466	112.410159
7.054796	168.638866	112.760986
7.077303	168.481271	113.120963
7.100382	168.319681	113.490090
7.124033	168.154097	113.868366
7.148257	167.984518	114.255792
7.173053	167.810944	114.652367
7.198421	167.633376	115.058092
7.224362	167.451813	115.472967
7.250876	167.266256	115.896991
7.277962	167.076704	116.330165
7.305620	166.883158	116.772489
7.333851	166.685617	117.223962
7.346640	166.596133	117.428484
7.360001	166.502655	117.642155
7.373935	166.405182	117.864976
7.388441	166.303714	118.096946
7.403519	166.198252	118.338066
7.419170	166.088795	118.588336
7.435394	165.975344	118.847756
7.452190	165.857899	119.116325
7.469558	165.736459	119.394044
7.487499	165.611024	119.680912
7.506012	165.481595	119.976930
7.525098	165.348172	120.282098
7.544756	165.210754	120.596415
7.564986	165.069341	120.919883
7.585789	164.923934	121.252499
7.607164	164.774533	121.594266
7.629112	164.621137	121.945182
7.651632	164.463746	122.305248
7.674724	164.302361	122.674463
7.698389	164.136982	123.052829
7.722627	163.967608	123.440343
7.747437	163.794240	123.837008
7.772819	163.616877	124.242822
7.798773	163.435520	124.657786
7.825300	163.250169	125.081900
7.852400	163.060823	125.515163
7.880072	162.867482	125.957576
7.908316	162.670148	126.409139
7.921111	162.580755	126.613700
7.934478	162.487368	126.827411
7.948418	162.389987	127.050271
7.962930	162.288612	127.282282
7.978015	162.183242	127.523442
7.993672	162.073877	127.773751
8.009901	161.960518	128.033211
8.026703	161.843165	128.301820
8.044077	161.721817	128.579579
8.062024	161.596475	128.866487
8.080543	161.467139	129.162546
8.099635	161.333808	129.467754
8.119299	161.196483	129.782111
8.139535	161.055163	130.105619
8.160344	160.909849	130.438276
8.181725	160.760541	130.780082
8.203678	160.607238	131.131039
8.226204	160.449941	131.491145
8.249303	160.288649	131.860401
8.272974	160.123363	132.238807
8.297217	159.954083	132.626362
8.322032	159.780808	133.023067
8.347420	159.603539	133.428922
8.373381	159.422275	133.843926
8.399914	159.237017	134.268080
8.427019	159.047765	134.701384
8.454697	158.854518	135.143838
8.482947	158.657277	135.595441
8.495744	158.567926	135.800020
8.509114	158.474581	136.013749
8.523057	158.377242	136.236628
8.537571	158.275908	136.468657
8.552659	158.170580	136.709835
8.568318	158.061258	136.960163
8.584550	157.947941	137.219640
8.601355	157.830630	137.488268
8.618731	157.709324	137.766045
8.636681	157.584024	138.052971
8.655202	157.454730	138.349048
8.674296	157.321441	138.654274
8.693963	157.184158	138.968650
8.714202	157.042881	139.292176
8.735013	156.897609	139.624851
8.756397	156.748343	139.966676
8.778353	156.595082	140.317651
8.800881	156.437827	140.677776
8.823982	156.276578	141.047050
8.847656	156.111335	141.425474
8.871901	155.942097	141.813048
8.896720	155.768865	142.209771
8.922110	155.591638	142.615644
8.948073	155.410417	143.030667
8.974609	155.225202	143.454840
9.001716	155.035992	143.888162
9.029397	154.842788	144.330634
9.057649	154.645590	144.782256
9.070448	154.556258	144.986844
9.083819	154.462932	145.200581
9.097762	154.365612	145.423468
9.112278	154.264297	145.655504
9.127366	154.158988	145.896691
9.143027	154.049685	146.147027
9.159260	153.936387	146.406513
9.176066	153.819095	146.675149
9.193444	153.697808	146.952934
9.211394	153.572528	147.239869
9.229917	153.443252	147.535954
9.249012	153.309983	147.841188
9.268680	153.172719	148.155573
9.288920	153.031461	148.479107
9.309732	152.886209	148.811790
9.331117	152.736962	149.153624
9.353074	152.583721	149.504607
9.375604	152.426485	149.864740
9.398706	152.265255	150.234023
9.422380	152.100031	150.612455
9.446627	151.930813	151.000037
9.471446	151.757600	151.396769
9.496838	151.580393	151.802650
9.522802	151.399191	152.217682
9.549338	151.213995	152.641863
9.576447	151.024805	153.075194
9.604129	150.831621	153.517674
9.632382	150.634442	153.969304
9.645182	150.545119	154.173896
9.658553	150.451801	154.387637
9.672497	150.354490	154.610527
9.687013	150.253183	154.842568
9.702102	150.147883	155.083758
9.717763	150.038588	155.334098
9.733997	149.925299	155.593588
9.750803	149.808016	155.862227
9.768181	149.686738	156.140016
9.786132	149.561466	156.426955
9.804655	149.432200	156.723044
9.823751	149.298939	157.028282
9.843419	149.161684	157.342670
9.863660	149.020435	157.666208
9.884472	148.875191	157.998895
9.905858	148.725953	158.340733
9.927815	148.572721	158.691720
9.950345	148.415494	159.051856
9.973448	148.254273	159.421143
9.997123	148.089058	159.799579
10.021370	147.919848	160.187165
10.046190	147.746644	160.583901
10.071582	147.569446	160.989786
10.097547	147.388253	161.404821
10.124084	147.203066	161.829006
10.151193	147.013885	162.262341
10.178875	146.820709	162.704825
10.207129	146.623539	163.156459
10.219928	146.534220	163.361052
10.233300	146.440907	163.574795
10.247244	146.343599	163.797687
10.261761	146.242297	164.029730
10.276850	146.137000	164.270921
10.292511	146.027710	164.521263
10.308745	145.914424	164.780754
10.325551	145.797145	165.049396
10.342930	145.675871	165.327186
10.360881	145.550603	165.614127
10.379404	145.421341	165.910217
10.398500	145.288084	166.215457
10.418169	145.150833	166.529847
10.438409	145.009588	166.853387
10.459222	144.864348	167.186076
10.480608	144.715114	167.527915
10.502566	144.561886	167.878904
10.525096	144.404663	168.239042
10.548199	144.243446	168.608330
10.571874	144.078235	168.986768
10.596121	143.909029	169.374356
10.620941	143.735829	169.771094
10.646334	143.558635	170.176981
10.672299	143.377446	170.592018
10.698836	143.192263	171.016204
10.725945	143.003086	171.449541
10.753627	142.809914	171.892027
10.781882	142.612749	172.343663
10.794681	142.523431	172.548256
10.808053	142.430120	172.762000
10.821997	142.332814	172.984893
10.836514	142.231513	173.216936
10.851603	142.126219	173.458129
10.867264	142.016930	173.708471
10.883498	141.903647	173.967963
10.900305	141.786369	174.236605
10.917683	141.665097	174.514397
10.935634	141.539831	174.801338
10.954158	141.410570	175.097429
10.973254	141.277315	175.402670
10.992922	141.140066	175.717061
11.013163	140.998823	176.040601
11.033976	140.853585	176.373291
11.055362	140.704353	176.715131
11.077320	140.551126	177.066120
11.099850	140.393905	177.426260
11.122953	140.232690	177.795549
11.146628	140.067481	178.173988
11.170876	139.898277	178.561576
11.195696	139.725079	178.958314
11.221088	139.547886	179.364202
11.247053	139.366700	179.779240
11.273591	139.181518	180.203427
11.300700	138.992343	180.636765
11.328382	138.799173	181.079252
11.356637	138.602009	181.530888
11.369436	138.512693	181.735482
11.382808	138.419382	181.949226
11.396753	138.322077	182.172120
11.411269	138.220777	182.404163
11.426358	138.115484	182.645356
11.442020	138.006195	182.895699
11.458254	137.892913	183.155191
11.475060	137.775636	183.423834
11.492439	137.654365	183.701626
11.510390	137.529100	183.988567
11.528914	137.399840	184.284659
11.548010	137.266586	184.589900
11.567678	137.129338	184.904291
11.587919	136.988095	185.227832
11.608732	136.842858	185.560522
11.630118	136.693627	185.902362
11.652076	136.540401	186.253352
11.674606	136.383181	186.613492
11.697709	136.221967	186.982781
11.721384	136.056758	187.361220
11.745632	135.887555	187.748809
11.770452	135.714358	188.145548
11.795845	135.537166	188.551436
11.821810	135.355980	188.966474
11.848347	135.170800	189.390662
11.875457	134.981625	189.824000
11.903139	134.788456	190.266487
11.931393	134.591293	190.718124
11.944193	134.501977	190.922718
11.957565	134.408667	191.136462
11.971509	134.311362	191.359356
11.986026	134.210063	191.591399
12.001115	134.104769	191.832592
12.016776	133.995482	192.082935
12.033010	133.882200	192.342428
12.049817	133.764923	192.611071
12.067195	133.643653	192.888863
12.085147	133.518388	193.175805
12.103670	133.389128	193.471896
12.122766	133.255875	193.777138
12.142435	133.118627	194.091529
12.162675	132.977384	194.415070
12.183489	132.832148	194.747760
12.204874	132.682917	195.089601
12.226832	132.529691	195.440591
12.249363	132.372472	195.800730
12.272466	132.211258	196.170020
12.296141	132.046050	196.548459
12.320389	131.876847	196.936048
12.345209	131.703650	197.332787
12.370601	131.526459	197.738676
12.396566	131.345273	198.153714
12.423104	131.160093	198.577902
12.450213	130.970919	199.011239
12.477896	130.777751	199.453727
12.506150	130.580588	199.905364
12.518950	130.491272	200.109958
12.532322	130.397962	200.323703
12.546266	130.300657	200.546596
12.560783	130.199358	200.778640
12.575872	130.094065	201.019833
12.591533	129.984777	201.270176
12.607767	129.871495	201.529669
12.624574	129.754219	201.798311
12.641952	129.632949	202.076104
12.659904	129.507684	202.363046
12.678427	129.378425	202.659137
12.697523	129.245171	202.964379
12.717192	129.107923	203.278770
12.737432	128.966681	203.602311
12.758246	128.821445	203.935002
12.779631	128.672214	204.276842
12.801589	128.518989	204.627832
12.824120	128.361770	204.987972
12.847223	128.200556	205.357262
12.870898	128.035348	205.735701
12.895146	127.866145	206.123290
12.919966	127.692949	206.520029
12.945358	127.515757	206.925918
12.971323	127.334572	207.340956
12.997861	127.149392	207.765144
13.024970	126.960218	208.198482
13.052653	126.767050	208.640969
13.080907	126.569887	209.092607
13.093707	126.480572	209.297201
13.107079	126.387261	209.510945
13.121023	126.289957	209.733839
13.135540	126.188658	209.965882
13.150629	126.083365	210.207076
13.166290	125.974077	210.457419
13.182524	125.860796	210.716912
13.199331	125.743519	210.985554
13.216709	125.622249	211.263346
13.234661	125.496984	211.550288
13.253184	125.367725	211.846380
13.272280	125.234472	212.151622
13.291949	125.097224	212.466013
13.312189	124.955982	212.789554
13.333003	124.810746	213.122245
13.354388	124.661515	213.464085
13.376346	124.508290	213.815075
13.398877	124.351070	214.175215
13.421980	124.189857	214.544505
13.445655	124.024649	214.922944
13.469903	123.855446	215.310533
13.494723	123.682250	215.707272
13.520115	123.505059	216.113161
13.546080	123.323874	216.528199
13.572618	123.138694	216.952387
13.599728	122.949520	217.385725
13.627410	122.756352	217.828213
13.655664	122.559189	218.279850
13.668464	122.469873	218.484444
13.681836	122.376563	218.698188
13.695780	122.279259	218.921082
13.710297	122.177960	219.153126
13.725386	122.072667	219.394319
13.741047	121.963379	219.644662
13.757281	121.850098	219.904155
13.774088	121.732822	220.172798
13.791467	121.611551	220.450590
13.809418	121.486286	220.737532
13.827941	121.357027	221.033624
13.847037	121.223774	221.338865
13.866706	121.086526	221.653256
13.886947	120.945284	221.976797
13.907760	120.800048	222.309488
13.929146	120.650817	222.651329
13.951104	120.497592	223.002319
13.973634	120.340373	223.362459
13.996737	120.179159	223.731748
14.020412	120.013951	224.110188
14.044660	119.844749	224.497777
14.069480	119.671552	224.894516
14.094873	119.494362	225.300405
14.120838	119.313176	225.715443
14.147375	119.127997	226.139631
14.174485	118.938823	226.572969
14.202167	118.745655	227.015456
14.230422	118.548492	227.467094
14.243221	118.459176	227.671688
14.256593	118.365866	227.885432
14.270537	118.268562	228.108326
14.285054	118.167263	228.340370
14.300143	118.061970	228.581563
14.315805	117.952682	228.831906
14.332039	117.839401	229.091399
14.348845	117.722125	229.360042
14.366224	117.600854	229.637834
14.384175	117.475589	229.924776
14.402699	117.346330	230.220868
14.421795	117.213077	230.526109
14.441463	117.075829	230.840500
14.461704	116.934587	231.164041
14.482517	116.789351	231.496732
14.503903	116.640120	231.838573
14.525861	116.486895	232.189563
14.548391	116.329676	232.549703
14.571494	116.168462	232.918992
14.595170	116.003254	233.297432
14.619417	115.834052	233.685021
14.644237	115.660856	234.081760
14.669630	115.483665	234.487649
14.695595	115.302479	234.902687
14.722132	115.117300	235.326875
14.749242	114.928126	235.760213
14.776924	114.734958	236.202700
14.805179	114.537795	236.654338
14.817978	114.448479	236.858932
14.831350	114.355169	237.072676
14.845294	114.257865	237.295570
14.859811	114.156566	237.527614
14.874900	114.051273	237.768807
14.890562	113.941986	238.019150
14.906796	113.828704	238.278643
14.923602	113.711428	238.547286
14.940981	113.590157	238.825078
14.958932	113.464893	239.112020
14.977456	113.335634	239.408112
14.996552	113.202380	239.713353
15.016220	113.065133	240.027744
15.036461	112.923891	240.351285
15.057274	112.778654	240.683976
15.078660	112.629424	241.025817
15.100618	112.476199	241.376807
15.123149	112.318979	241.736947
15.146251	112.157766	242.106237
15.169927	111.992558	242.484676
15.194174	111.823356	242.872265
15.218995	111.650159	243.269004
15.244387	111.472968	243.674893
15.270352	111.291783	244.089931
15.296889	111.106603	244.514119
15.323999	110.917430	244.947457
15.351681	110.724261	245.389945
15.379936	110.527099	245.841582
15.392735	110.437783	246.046176
15.406107	110.344473	246.259920
15.420052	110.247168	246.482814
15.434568	110.145870	246.714858
15.449658	110.040577	246.956051
15.465319	109.931289	247.206394
15.481553	109.818007	247.465887
15.498359	109.700731	247.734530
15.515738	109.579461	248.012322
15.533689	109.454196	248.299264
15.552213	109.324937	248.595356
15.571309	109.191684	248.900597
15.590977	109.054436	249.214989
15.611218	108.913194	249.538530
15.632032	108.767958	249.871220
15.653417	108.618727	250.213061
15.675375	108.465502	250.564051
15.697906	108.308283	250.924191
15.721009	108.147069	251.293481
15.744684	107.981862	251.671920
15.768932	107.812659	252.059509
15.793752	107.639463	252.456248
15.819144	107.462272	252.862137
15.845109	107.281087	253.277175
15.871647	107.095907	253.701363
15.898756	106.906733	254.134701
15.926439	106.713565	254.577189
15.954693	106.516402	255.028826
15.967493	106.427087	255.233421
15.980865	106.333776	255.447165
15.994809	106.236472	255.670059
16.009326	106.135173	255.902102
16.024415	106.029880	256.143295
16.040076	105.920593	256.393639
16.056310	105.807311	256.653131
16.073117	105.690035	256.921774
16.090495	105.568765	257.199566
16.108447	105.443500	257.486508
16.126970	105.314241	257.782600
16.146066	105.180988	258.087842
16.165735	105.043740	258.402233
16.185976	104.902498	258.725774
16.206789	104.757262	259.058465
16.228174	104.608031	259.400305
16.250133	104.454806	259.751295
16.272663	104.297587	260.111435
16.295766	104.136373	260.480725
16.319441	103.971165	260.859164
16.343689	103.801963	261.246753
16.368509	103.628766	261.643492
16.393902	103.451575	262.049381
16.419867	103.270390	262.464419
16.446404	103.085211	262.888608
16.473514	102.896037	263.321945
16.501196	102.702869	263.764433
16.529450	102.505706	264.216070
16.542250	102.416390	264.420665
16.555622	102.323080	264.634409
16.569566	102.225776	264.857303
16.584083	102.124477	265.089346
16.599172	102.019184	265.330540
16.614834	101.909896	265.580883
16.631068	101.796615	265.840376
16.647874	101.679339	266.109018
16.665253	101.558068	266.386810
16.683204	101.432804	266.673752
16.701727	101.303545	266.969844
16.720824	101.170291	267.275086
16.740492	101.033044	267.589477
16.760733	100.891802	267.913018
16.781546	100.746565	268.245709
16.802932	100.597335	268.587549
16.824890	100.444110	268.938539
16.847420	100.286890	269.298679
16.870523	100.125677	269.667969
16.894198	99.960469	270.046408
16.918446	99.791267	270.433998
16.943266	99.618070	270.830737
16.968659	99.440879	271.236625
16.994624	99.259694	271.651664
17.021161	99.074514	272.075852
17.048271	98.885340	272.509190
17.075953	98.692172	272.951677
17.104208	98.495010	273.403315
17.117007	98.405694	273.607909
17.130379	98.312384	273.821653
17.144323	98.215079	274.044547
17.158840	98.113781	274.276591
17.173929	98.008488	274.517784
17.189591	97.899200	274.768127
17.205825	97.785918	275.027620
17.222631	97.668642	275.296262
17.240010	97.547372	275.574055
17.257961	97.422107	275.860997
17.276485	97.292848	276.157088
17.295581	97.159595	276.462330
17.315249	97.022347	276.776721
17.335490	96.881105	277.100262
17.356303	96.735869	277.432953
17.377689	96.586638	277.774793
17.399647	96.433413	278.125784
17.422177	96.276194	278.485924
17.445280	96.114980	278.855213
17.468956	95.949773	279.233653
17.493203	95.780570	279.621242
17.518024	95.607374	280.017981
17.543416	95.430183	280.423869
17.569381	95.248998	280.838908
17.595918	95.063818	281.263096
17.623028	94.874644	281.696434
17.650710	94.681476	282.138921
17.678965	94.484313	282.590559
17.691764	94.394998	282.795153
17.705136	94.301688	283.008897
17.719081	94.204383	283.231791
17.733597	94.103084	283.463835
17.748686	93.997791	283.705028
17.764348	93.888504	283.955371
17.780582	93.775222	284.214864
17.797388	93.657946	284.483507
17.814767	93.536676	284.761299
17.832718	93.411411	285.048241
17.851242	93.282152	285.344333
17.870338	93.148899	285.649574
17.890006	93.011651	285.963965
17.910247	92.870409	286.287506
17.931060	92.725173	286.620197
17.952446	92.575942	286.962038
17.974404	92.422717	287.313028
17.996935	92.265498	287.673168
18.020038	92.104284	288.042457
18.043713	91.939076	288.420897
18.067961	91.769874	288.808486
18.092781	91.596677	289.205225
18.118173	91.419486	289.611114
18.144138	91.238301	290.026152
18.170676	91.053122	290.450340
18.197785	90.863948	290.883678
18.225468	90.670780	291.326166
18.253722	90.473617	291.777803
18.266522	90.384301	291.982397
18.279894	90.290991	292.196141
18.293838	90.193687	292.419035
18.308355	90.092388	292.651079
18.323444	89.987095	292.892272
18.339105	89.877808	293.142615
18.355339	89.764526	293.402108
18.372146	89.647250	293.670751
18.389524	89.525979	293.948543
18.407476	89.400715	294.235485
18.425999	89.271456	294.531577
18.445095	89.138202	294.836818
18.464764	89.000955	295.151210
18.485004	88.859713	295.474751
18.505818	88.714476	295.807441
18.527203	88.565246	296.149282
18.549161	88.412021	296.500272
18.571692	88.254801	296.860412
18.594795	88.093588	297.229702
18.618470	87.928380	297.608141
18.642718	87.759178	297.995730
18.667538	87.585981	298.392469
18.692931	87.408790	298.798358
18.718895	87.227605	299.213396
18.745433	87.042425	299.637584
18.772543	86.853252	300.070922
18.800225	86.660083	300.513410
18.828479	86.462921	300.965047
18.841279	86.373605	301.169642
18.854651	86.280295	301.383386
18.868595	86.182990	301.606280
18.883112	86.081692	301.838323
18.898201	85.976399	302.079516
18.913863	85.867111	302.329860
18.930096	85.753829	302.589352
18.946903	85.636553	302.857995
18.964282	85.515283	303.135787
18.982233	85.390018	303.422729
19.000756	85.260759	303.718821
19.019852	85.127506	304.024063
19.039521	84.990258	304.338454
19.059762	84.849016	304.661995
19.080575	84.703780	304.994686
19.101961	84.554549	305.336526
19.123919	84.401324	305.687516
19.146449	84.244105	306.047656
19.169552	84.082892	306.416946
19.193227	83.917684	306.795385
19.217475	83.748481	307.182974
19.242295	83.575285	307.579713
19.267688	83.398094	307.985602
19.293653	83.216909	308.400640
19.320190	83.031729	308.824829
19.347300	82.842555	309.258166
19.374982	82.649387	309.700654
19.403237	82.452224	310.152291
19.416036	82.362909	310.356886
19.429408	82.269599	310.570630
19.443352	82.172294	310.793524
19.457869	82.070995	311.025567
19.472958	81.965702	311.266761
19.488620	81.856415	311.517104
19.504854	81.743133	311.776597
19.521660	81.625857	312.045239
19.539039	81.504587	312.323031
19.556990	81.379322	312.609973
19.575514	81.250063	312.906065
19.594610	81.116810	313.211307
19.614278	80.979562	313.525698
19.634519	80.838320	313.849239
19.655332	80.693084	314.181930
19.676718	80.543853	314.523770
19.698676	80.390628	314.874760
19.721206	80.233409	315.234900
19.744309	80.072195	315.604190
19.767985	79.906987	315.982630
19.792232	79.737785	316.370219
19.817052	79.564588	316.766958
19.842445	79.387398	317.172846
19.868410	79.206212	317.587885
19.894947	79.021033	318.012073
19.922057	78.831859	318.445411
19.949739	78.638691	318.887898
19.977994	78.441528	319.339536
19.990793	78.352212	319.544130
20.004165	78.258902	319.757874
20.018110	78.161598	319.980768
20.032626	78.060299	320.212812
20.047715	77.955006	320.454005
20.063377	77.845719	320.704348
20.079611	77.732437	320.963841
20.096417	77.615161	321.232483
20.113796	77.493890	321.510276
20.131747	77.368626	321.797218
20.150271	77.239367	322.093309
20.169367	77.106113	322.398551
20.189035	76.968866	322.712942
20.209276	76.827624	323.036483
20.230089	76.682387	323.369174
20.251475	76.533157	323.711014
20.273433	76.379932	324.062005
20.295964	76.222713	324.422145
20.319067	76.061499	324.791434
20.342742	75.896291	325.169874
20.366990	75.727089	325.557463
20.391810	75.553892	325.954202
20.417202	75.376701	326.360090
20.443167	75.195516	326.775129
20.469705	75.010336	327.199317
20.496814	74.821163	327.632655
20.524496	74.627994	328.075142
20.552751	74.430832	328.526780
20.565551	74.341516	328.731374
20.578922	74.248206	328.945118
20.592867	74.150902	329.168012
20.607384	74.049603	329.400056
20.622473	73.944310	329.641249
20.638134	73.835022	329.891592
20.654368	73.721741	330.151085
20.671175	73.604465	330.419728
20.688553	73.483194	330.697520
20.706505	73.357929	330.984462
20.725028	73.228670	331.280554
20.744124	73.095417	331.585795
