-43.904073	224.514948	37.989495
-43.933416	224.450560	38.033481
-43.969501	224.381644	38.083302
-44.012325	224.308200	38.138960
-44.061888	224.230229	38.200458
-44.118188	224.147730	38.267797
-44.181224	224.060706	38.340979
-44.250995	223.969156	38.420005
-44.327499	223.873081	38.504878
-44.410737	223.772482	38.595599
-44.500706	223.667359	38.692170
-44.597405	223.557713	38.794593
-44.700833	223.443545	38.902870
-44.810990	223.324854	39.017002
-44.927873	223.201643	39.136991
-45.051483	223.073911	39.262840
-45.181817	222.941659	39.394549
-45.318875	222.804888	39.532120
-45.462655	222.663598	39.675556
-45.613157	222.517790	39.824857
-45.770379	222.367464	39.980026
-45.934321	222.212622	40.141064
-46.104981	222.053264	40.307974
-46.282358	221.889389	40.480755
-46.466451	221.721000	40.659412
-46.657260	221.548097	40.843944
-46.854782	221.370680	41.034354
-47.059018	221.188750	41.230643
-47.269966	221.002307	41.432813
-47.487626	220.811353	41.640865
-47.711995	220.615888	41.854802
-47.943074	220.415911	42.074624
-48.180861	220.211426	42.300333
-48.425356	220.002430	42.531931
-48.676556	219.788926	42.769420
-48.934463	219.570915	43.012800
-49.199074	219.348395	43.262073
-49.470389	219.121370	43.517242
-49.748407	218.889838	43.778306
-50.033127	218.653800	44.045269
-50.324548	218.413258	44.318130
-50.622670	218.168212	44.596892
-50.927491	217.918662	44.881557
-51.239011	217.664609	45.172125
-51.379642	217.550345	45.303146
-51.526971	217.431579	45.440073
-51.680997	217.308311	45.582906
-51.841720	217.180542	45.731645
-52.009139	217.048272	45.886292
-52.183255	216.911501	46.046847
-52.364067	216.770230	46.213310
-52.551574	216.624459	46.385683
-52.745776	216.474187	46.563965
-52.946674	216.319416	46.748157
-53.154266	216.160146	46.938261
-53.368552	215.996377	47.134276
-53.589533	215.828108	47.336202
-53.817207	215.655342	47.544042
-54.051574	215.478077	47.757794
-54.292634	215.296315	47.977460
-54.540388	215.110055	48.203041
-54.794833	214.919297	48.434536
-55.055971	214.724043	48.671947
-55.323801	214.524292	48.915274
-55.598322	214.320044	49.164517
-55.879535	214.111301	49.419677
-56.167439	213.898061	49.680755
-56.462033	213.680326	49.947751
-56.763318	213.458096	50.220665
-57.071293	213.231371	50.499499
-57.385959	213.000151	50.784252
-57.707314	212.764437	51.074925
-57.853066	212.657711	51.206704
-58.005508	212.546491	51.344404
-58.164640	212.430777	51.488025
-58.330460	212.310570	51.637567
-58.502970	212.185869	51.793031
-58.682168	212.056674	51.954417
-58.868056	211.922987	52.121724
-59.060632	211.784806	52.294954
-59.259897	211.642133	52.474106
-59.465850	211.494966	52.659181
-59.678492	211.343307	52.850179
-59.897822	211.187155	53.047100
-60.123840	211.026511	53.249944
-60.356547	210.861375	53.458712
-60.595942	210.691746	53.673403
-60.842024	210.517626	53.894018
-61.094795	210.339013	54.120558
-61.354253	210.155909	54.353022
-61.620399	209.968313	54.591410
-61.893232	209.776226	54.835723
-62.172753	209.579648	55.085961
-62.458962	209.378578	55.342124
-62.751858	209.173017	55.604213
-63.051441	208.962965	55.872227
-63.357711	208.748423	56.146167
-63.670668	208.529389	56.426033
-63.990313	208.305866	56.711825
-64.316644	208.077852	57.003543
-64.464527	207.974603	57.135718
-64.619098	207.866865	57.273820
-64.780355	207.754636	57.417848
-64.948298	207.637918	57.567804
-65.122929	207.516709	57.723686
-65.304246	207.391011	57.885495
-65.492250	207.260822	58.053231
-65.686941	207.126144	58.226895
-65.888318	206.986976	58.406485
-66.096381	206.843319	58.592003
-66.311132	206.695172	58.783448
-66.532568	206.542535	58.980820
-66.760691	206.385409	59.184121
-66.995501	206.223793	59.393348
-67.236997	206.057688	59.608504
-67.485179	205.887094	59.829587
-67.740048	205.712010	60.056598
-68.001603	205.532437	60.289537
-68.269845	205.348375	60.528404
-68.544772	205.159825	60.773199
-68.826386	204.966785	61.023922
-69.114686	204.769256	61.280573
-69.409673	204.567238	61.543153
-69.711345	204.360732	61.811661
-70.019704	204.149736	62.086098
-70.334749	203.934253	62.366463
-70.656479	203.714280	62.652757
-70.984896	203.489819	62.944979
-71.133690	203.388160	63.077365
-71.289169	203.282013	63.215680
-71.451335	203.171377	63.359923
-71.620186	203.056253	63.510096
-71.795723	202.936641	63.666197
-71.977947	202.812540	63.828228
-72.166856	202.683951	63.996187
-72.362452	202.550874	64.170075
-72.564733	202.413308	64.349892
-72.773700	202.271255	64.535639
-72.989354	202.124713	64.727314
-73.211693	201.973682	64.924919
-73.440718	201.818164	65.128452
-73.676429	201.658158	65.337915
-73.918826	201.493663	65.553307
-74.167909	201.324681	65.774629
-74.423678	201.151210	66.001880
-74.686133	200.973252	66.235060
-74.955273	200.790806	66.474169
-75.231100	200.603871	66.719208
-75.513612	200.412449	66.970176
-75.802810	200.216539	67.227073
-76.098695	200.016141	67.489900
-76.401264	199.811255	67.758657
-76.710520	199.601882	68.033343
-77.026462	199.388020	68.313959
-77.349089	199.169671	68.600504
-77.678403	198.946835	68.892979
-77.827591	198.845900	69.025474
-77.983464	198.740477	69.163899
-78.146024	198.630567	69.308254
-78.315269	198.516169	69.458539
-78.491201	198.397283	69.614753
-78.673818	198.273910	69.776897
-78.863121	198.146049	69.944971
-79.059109	198.013701	70.118974
-79.261784	197.876865	70.298907
-79.471144	197.735542	70.484770
-79.687190	197.589731	70.676563
-79.909922	197.439433	70.874286
-80.139339	197.284647	71.077938
-80.375443	197.125373	71.287520
-80.618232	196.961613	71.503032
-80.867707	196.793364	71.724474
-81.123868	196.620629	71.951846
-81.386714	196.443405	72.185147
-81.656246	196.261695	72.424379
-81.932464	196.075497	72.669540
-82.215368	195.884811	72.920631
-82.504958	195.689639	73.177653
-82.801233	195.489978	73.440604
-83.104194	195.285831	73.709485
-83.413841	195.077196	73.984296
-83.730174	194.864074	74.265037
-84.053192	194.646465	74.551708
-84.382896	194.424368	74.844309
-84.532257	194.323762	74.976860
-84.688304	194.218669	75.115341
-84.851036	194.109088	75.259752
-85.020455	193.995021	75.410093
-85.196558	193.876466	75.566364
-85.379348	193.753424	75.728565
-85.568824	193.625894	75.896697
-85.764985	193.493878	76.070758
-85.967832	193.357374	76.250749
-86.177364	193.216383	76.436670
-86.393583	193.070904	76.628522
-86.616487	192.920939	76.826303
-86.846077	192.766486	77.030015
-87.082353	192.607546	77.239657
-87.325314	192.444119	77.455228
-87.574961	192.276205	77.676730
-87.831294	192.103803	77.904162
-88.094313	191.926915	78.137524
-88.364017	191.745539	78.376816
-88.640408	191.559676	78.622038
-88.923484	191.369326	78.873190
-89.213245	191.174488	79.130273
-89.509693	190.975164	79.393285
-89.812826	190.771352	79.662228
-90.122645	190.563053	79.937101
-90.439149	190.350268	80.217903
-90.762340	190.132995	80.504636
-91.092216	189.911235	80.797300
-91.241653	189.810778	80.929878
-91.397776	189.705835	81.068387
-91.560585	189.596405	81.212826
-91.730079	189.482487	81.363195
-91.906259	189.364083	81.519494
-92.089125	189.241191	81.681724
-92.278677	189.113812	81.849883
-92.474914	188.981946	82.023973
-92.677837	188.845593	82.203993
-92.887446	188.704753	82.389943
-93.103741	188.559426	82.581823
-93.326721	188.409612	82.779634
-93.556387	188.255311	82.983374
-93.792739	188.096523	83.193045
-94.035777	187.933247	83.408646
-94.285500	187.765485	83.630177
-94.541909	187.593235	83.857639
-94.805004	187.416499	84.091030
-95.074784	187.235275	84.330352
-95.351251	187.049565	84.575604
-95.634403	186.859367	84.826786
-95.924241	186.664682	85.083898
-96.220764	186.465511	85.346941
-96.523974	186.261852	85.615913
-96.833869	186.053706	85.890816
-97.150450	185.841073	86.171649
-97.473716	185.623953	86.458413
-97.803669	185.402346	86.751106
-97.953139	185.301958	86.883698
-98.109296	185.197083	87.022220
-98.272138	185.087721	87.166673
-98.441667	184.973872	87.317056
-98.617881	184.855535	87.473369
-98.800780	184.732712	87.635612
-98.990366	184.605402	87.803785
-99.186637	184.473605	87.977889
-99.389594	184.337320	88.157923
-99.599236	184.196549	88.343887
-99.815565	184.051291	88.535781
-100.038579	183.901546	88.733605
-100.268279	183.747313	88.937360
-100.504665	183.588594	89.147045
-100.747736	183.425388	89.362660
-100.997493	183.257694	89.584206
-101.253936	183.085514	89.811681
-101.517065	182.908847	90.045087
-101.786879	182.727692	90.284423
-102.063379	182.542051	90.529689
-102.346565	182.351923	90.780886
-102.636437	182.157308	91.038012
-102.932994	181.958205	91.301069
-103.236238	181.754616	91.570057
-103.546166	181.546540	91.844974
-103.862781	181.333976	92.125822
-104.186082	181.116926	92.412600
-104.516068	180.895389	92.705308
-104.665554	180.795032	92.837906
-104.821725	180.690188	92.976435
-104.984583	180.580856	93.120894
-105.154126	180.467038	93.271283
-105.330355	180.348733	93.427603
-105.513270	180.225941	93.589853
-105.702870	180.098662	93.758033
-105.899156	179.966896	93.932143
-106.102128	179.830643	94.112184
-106.311786	179.689903	94.298154
-106.528130	179.544676	94.490055
-106.751159	179.394962	94.687887
-106.980874	179.240761	94.891648
-107.217274	179.082073	95.101340
-107.460361	178.918898	95.316962
-107.710133	178.751237	95.538514
-107.966591	178.579088	95.765996
-108.229735	178.402452	95.999409
-108.499564	178.221329	96.238752
-108.776080	178.035719	96.484025
-109.059281	177.845623	96.735228
-109.349168	177.651039	96.992362
-109.645740	177.451968	97.255426
-109.948998	177.248411	97.524420
-110.258942	177.040366	97.799344
-110.575572	176.827834	98.080199
-110.898888	176.610816	98.366984
-111.228889	176.389310	98.659699
-111.378382	176.288967	98.792301
-111.534560	176.184137	98.930832
-111.697424	176.074820	99.075295
-111.866974	175.961016	99.225687
-112.043210	175.842725	99.382010
-112.226131	175.719947	99.544263
-112.415738	175.592683	99.712446
-112.612031	175.460931	99.886559
-112.815010	175.324692	100.066603
-113.024674	175.183966	100.252577
-113.241025	175.038753	100.444481
-113.464061	174.889054	100.642316
-113.693782	174.734867	100.846080
-113.930190	174.576193	101.055775
-114.173283	174.413033	101.271400
-114.423062	174.245385	101.492956
-114.679527	174.073251	101.720441
-114.942677	173.896629	101.953857
-115.212513	173.715521	102.193204
-115.489035	173.529926	102.438480
-115.772243	173.339843	102.689687
-116.062137	173.145274	102.946824
-116.358716	172.946218	103.209891
-116.661981	172.742674	103.478888
-116.971932	172.534644	103.753816
-117.288568	172.322127	104.034674
-117.611891	172.105123	104.321462
-117.941899	171.883632	104.614180
-118.091394	171.783295	104.746783
-118.247576	171.678472	104.885317
-118.410443	171.569161	105.029781
-118.579996	171.455364	105.180174
-118.756235	171.337079	105.336499
-118.939159	171.214308	105.498753
-119.128769	171.087049	105.666938
-119.325065	170.955304	105.841053
-119.528047	170.819072	106.021098
-119.737714	170.678352	106.207073
-119.954067	170.533146	106.398979
-120.177106	170.383453	106.596815
-120.406831	170.229273	106.800581
-120.643242	170.070606	107.010278
-120.886338	169.907452	107.225904
-121.136120	169.739811	107.447461
-121.392588	169.567683	107.674949
-121.655741	169.391068	107.908366
-121.925580	169.209966	108.147714
-122.202105	169.024377	108.392992
-122.485316	168.834301	108.644200
-122.775213	168.639738	108.901338
-123.071795	168.440689	109.164407
-123.375063	168.237152	109.433406
-123.685017	168.029128	109.708335
-124.001657	167.816618	109.989195
-124.324982	167.599620	110.275984
-124.654993	167.378136	110.568704
-124.804490	167.277802	110.701308
-124.960673	167.172981	110.839842
-125.123541	167.063674	110.984307
-125.293095	166.949879	111.134701
-125.469336	166.831598	111.291026
-125.652261	166.708829	111.453281
-125.841873	166.581574	111.621467
-126.038170	166.449831	111.795583
-126.241153	166.313602	111.975628
-126.450822	166.172886	112.161605
-126.667177	166.027682	112.353511
-126.890217	165.877992	112.551348
-127.119943	165.723815	112.755115
-127.356355	165.565151	112.964812
-127.599452	165.402000	113.180439
-127.849236	165.234362	113.401997
-128.105705	165.062237	113.629485
-128.368860	164.885625	113.862903
-128.638700	164.704526	114.102251
-128.915227	164.518940	114.347530
-129.198439	164.328867	114.598739
-129.488337	164.134307	114.855878
-129.784920	163.935261	115.118948
-130.088190	163.731727	115.387947
-130.398145	163.523706	115.662877
-130.714786	163.311199	115.943737
-131.038113	163.094204	116.230528
-131.368125	162.872723	116.523249
-131.517623	162.772390	116.655853
-131.673806	162.667571	116.794387
-131.836675	162.558265	116.938852
-132.006230	162.444472	117.089247
-132.182471	162.326191	117.245572
-132.365397	162.203424	117.407828
-132.555009	162.076170	117.576013
-132.751307	161.944429	117.750129
-132.954291	161.808201	117.930176
-133.163960	161.667486	118.116152
-133.380315	161.522284	118.308059
-133.603356	161.372595	118.505896
-133.833083	161.218419	118.709663
-134.069495	161.059757	118.919361
-134.312594	160.896607	119.134988
-134.562378	160.728970	119.356546
-134.818847	160.556847	119.584035
-135.082003	160.380236	119.817453
-135.351844	160.199138	120.056802
-135.628371	160.013554	120.302081
-135.911584	159.823483	120.553290
-136.201482	159.628924	120.810430
-136.498067	159.429879	121.073500
-136.801337	159.226347	121.342500
-137.111292	159.018327	121.617430
-137.427934	158.805821	121.898290
-137.751261	158.588828	122.185081
-138.081274	158.367348	122.477802
-138.230772	158.267016	122.610407
-138.386956	158.162197	122.748941
-138.549825	158.052892	122.893406
-138.719380	157.939099	123.043801
-138.895621	157.820819	123.200127
-139.078548	157.698053	123.362382
-139.268160	157.570799	123.530568
-139.464459	157.439059	123.704684
-139.667443	157.302831	123.884731
-139.877112	157.162117	124.070707
-140.093468	157.016916	124.262614
-140.316509	156.867228	124.460451
-140.546236	156.713052	124.664219
-140.782649	156.554390	124.873917
-141.025747	156.391241	125.089544
-141.275531	156.223605	125.311103
-141.532001	156.051482	125.538591
-141.795157	155.874872	125.772010
-142.064999	155.693775	126.011359
-142.341526	155.508191	126.256638
-142.624739	155.318120	126.507847
-142.914638	155.123563	126.764987
-143.211222	154.924518	127.028057
-143.514493	154.720986	127.297057
-143.824449	154.512968	127.571988
-144.141090	154.300462	127.852848
-144.464418	154.083470	128.139639
-144.794431	153.861990	128.432360
-144.943929	153.761659	128.564965
-145.100113	153.656840	128.703500
-145.262983	153.547535	128.847965
-145.432538	153.433742	128.998360
-145.608779	153.315463	129.154685
-145.791706	153.192697	129.316941
-145.981318	153.065444	129.485127
-146.177617	152.933703	129.659243
-146.380601	152.797476	129.839290
-146.590270	152.656762	130.025266
-146.806626	152.511561	130.217173
-147.029667	152.361873	130.415010
-147.259394	152.207698	130.618778
-147.495807	152.049036	130.828476
-147.738906	151.885888	131.044104
-147.988690	151.718252	131.265662
-148.245160	151.546129	131.493150
-148.508316	151.369519	131.726569
-148.778158	151.188423	131.965918
-149.054685	151.002839	132.211197
-149.337898	150.812769	132.462407
-149.627797	150.618211	132.719547
-149.924382	150.419167	132.982617
-150.227652	150.215635	133.251617
-150.537609	150.007617	133.526548
-150.854251	149.795112	133.807408
-151.177578	149.578119	134.094199
-151.507592	149.356640	134.386921
-151.657090	149.256309	134.519525
-151.813274	149.151491	134.658060
-151.976143	149.042185	134.802525
-152.145698	148.928393	134.952920
-152.321940	148.810114	135.109246
-152.504866	148.687348	135.271501
-152.694479	148.560095	135.439687
-152.890777	148.428355	135.613804
-153.093761	148.292128	135.793850
-153.303431	148.151414	135.979827
-153.519787	148.006213	136.171734
-153.742828	147.856525	136.369571
-153.972556	147.702350	136.573339
-154.208968	147.543688	136.783036
-154.452067	147.380540	136.998664
-154.701852	147.212904	137.220223
-154.958322	147.040781	137.447711
-155.221478	146.864172	137.681130
-155.491319	146.683075	137.920479
-155.767847	146.497492	138.165758
-156.051060	146.307422	138.416968
-156.340959	146.112864	138.674108
-156.637544	145.913820	138.937178
-156.940814	145.710289	139.206178
-157.250770	145.502270	139.481109
-157.567412	145.289765	139.761969
-157.890740	145.072773	140.048760
-158.220754	144.851294	140.341482
-158.370252	144.750963	140.474086
-158.526436	144.646144	140.612621
-158.689305	144.536839	140.757086
-158.858861	144.423047	140.907481
-159.035102	144.304768	141.063807
-159.218029	144.182002	141.226063
-159.407641	144.054749	141.394249
-159.603940	143.923009	141.568365
-159.806924	143.786782	141.748411
-160.016594	143.646068	141.934388
-160.232949	143.500867	142.126295
-160.455991	143.351179	142.324132
-160.685718	143.197005	142.527900
-160.922131	143.038343	142.737598
-161.165229	142.875194	142.953226
-161.415014	142.707559	143.174784
-161.671484	142.535436	143.402273
-161.934640	142.358827	143.635691
-162.204482	142.177730	143.875040
-162.481009	141.992147	144.120320
-162.764223	141.802077	144.371529
-163.054122	141.607519	144.628669
-163.350706	141.408475	144.891739
-163.653977	141.204944	145.160740
-163.963933	140.996926	145.435670
-164.280575	140.784421	145.716531
-164.603903	140.567429	146.003322
-164.933916	140.345950	146.296043
-165.083415	140.245618	146.428648
-165.239598	140.140800	146.567183
-165.402468	140.031495	146.711648
-165.572023	139.917703	146.862043
-165.748264	139.799424	147.018368
-165.931191	139.676657	147.180624
-166.120804	139.549404	147.348810
-166.317102	139.417665	147.522926
-166.520087	139.281438	147.702973
-166.729756	139.140724	147.888950
-166.946112	138.995523	148.080857
-167.169154	138.845835	148.278694
-167.398881	138.691660	148.482462
-167.635294	138.532999	148.692159
-167.878392	138.369850	148.907787
-168.128177	138.202215	149.129346
-168.384647	138.030092	149.356834
-168.647803	137.853483	149.590253
-168.917645	137.672386	149.829602
-169.194172	137.486803	150.074882
-169.477385	137.296733	150.326091
-169.767285	137.102175	150.583231
-170.063869	136.903131	150.846301
-170.367140	136.699600	151.115301
-170.677096	136.491582	151.390232
-170.993738	136.279077	151.671093
-171.317066	136.062085	151.957884
-171.647079	135.840606	152.250605
-171.796578	135.740274	152.383210
-171.952761	135.635456	152.521744
-172.115631	135.526151	152.666209
-172.285186	135.412359	152.816605
-172.461428	135.294080	152.972930
-172.644354	135.171314	153.135186
-172.833967	135.044061	153.303372
-173.030265	134.912321	153.477488
-173.233250	134.776094	153.657535
-173.442920	134.635380	153.843512
-173.659275	134.490179	154.035419
-173.882317	134.340492	154.233256
-174.112044	134.186317	154.437023
-174.348457	134.027655	154.646721
-174.591555	133.864507	154.862349
-174.841340	133.696871	155.083908
-175.097810	133.524749	155.311396
-175.360966	133.348139	155.544815
-175.630808	133.167043	155.784164
-175.907335	132.981459	156.029443
-176.190549	132.791389	156.280653
-176.480448	132.596832	156.537793
-176.777032	132.397788	156.800863
-177.080303	132.194256	157.069863
-177.390259	131.986238	157.344794
-177.706901	131.773733	157.625655
-178.030229	131.556741	157.912446
-178.360243	131.335262	158.205167
-178.509741	131.234931	158.337772
-178.665925	131.130113	158.476306
-178.828794	131.020808	158.620771
-178.998350	130.907015	158.771167
-179.174591	130.788736	158.927492
-179.357518	130.665970	159.089748
-179.547130	130.538717	159.257934
-179.743429	130.406977	159.432050
-179.946413	130.270751	159.612097
-180.156083	130.130037	159.798074
-180.372438	129.984836	159.989981
-180.595480	129.835148	160.187818
-180.825207	129.680973	160.391585
-181.061620	129.522312	160.601283
-181.304719	129.359163	160.816911
-181.554503	129.191528	161.038470
-181.810973	129.019405	161.265958
-182.074129	128.842796	161.499377
-182.343971	128.661699	161.738726
-182.620499	128.476116	161.984005
-182.903712	128.286046	162.235215
-183.193611	128.091488	162.492355
-183.490196	127.892444	162.755425
-183.793466	127.688913	163.024425
-184.103422	127.480895	163.299356
-184.420065	127.268390	163.580217
-184.743392	127.051398	163.867008
-185.073406	126.829919	164.159729
-185.222904	126.729588	164.292334
-185.379088	126.624770	164.430868
-185.541957	126.515464	164.575333
-185.711513	126.401672	164.725729
-185.887754	126.283393	164.882054
-186.070681	126.160627	165.044310
-186.260294	126.033374	165.212496
-186.456592	125.901634	165.386612
-186.659576	125.765407	165.566659
-186.869246	125.624693	165.752636
-187.085602	125.479493	165.944543
-187.308643	125.329805	166.142380
-187.538370	125.175630	166.346147
-187.774783	125.016969	166.555845
-188.017882	124.853820	166.771473
-188.267666	124.686184	166.993032
-188.524137	124.514062	167.220520
-188.787293	124.337453	167.453939
-189.057134	124.156356	167.693288
-189.333662	123.970773	167.938567
-189.616875	123.780703	168.189777
-189.906774	123.586145	168.446917
-190.203359	123.387101	168.709987
-190.506629	123.183570	168.978987
-190.816586	122.975552	169.253918
-191.133228	122.763047	169.534779
-191.456556	122.546055	169.821570
-191.786569	122.324576	170.114291
-191.936067	122.224245	170.246896
-192.092251	122.119426	170.385430
-192.255121	122.010121	170.529895
-192.424676	121.896329	170.680291
-192.600917	121.778050	170.836616
-192.783844	121.655284	170.998872
-192.973457	121.528031	171.167058
-193.169755	121.396291	171.341174
-193.372739	121.260064	171.521221
-193.582409	121.119350	171.707197
-193.798765	120.974149	171.899105
-194.021806	120.824462	172.096942
-194.251534	120.670287	172.300709
-194.487947	120.511625	172.510407
-194.731045	120.348477	172.726035
-194.980830	120.180841	172.947594
-195.237300	120.008719	173.175082
-195.500456	119.832109	173.408501
-195.770298	119.651013	173.647850
-196.046825	119.465430	173.893129
-196.330038	119.275359	174.144339
-196.619937	119.080802	174.401479
-196.916522	118.881758	174.664549
-197.219793	118.678227	174.933549
-197.529749	118.470209	175.208480
-197.846391	118.257704	175.489341
-198.169719	118.040712	175.776132
-198.499732	117.819233	176.068853
-198.649231	117.718901	176.201458
-198.805414	117.614083	176.339992
-198.968284	117.504778	176.484457
-199.137839	117.390986	176.634853
-199.314081	117.272707	176.791178
-199.497007	117.149941	176.953434
-199.686620	117.022688	177.121620
-199.882918	116.890948	177.295736
-200.085903	116.754721	177.475783
-200.295573	116.614007	177.661759
-200.511928	116.468806	177.853667
-200.734970	116.319119	178.051504
-200.964697	116.164944	178.255271
-201.201110	116.006282	178.464969
-201.444209	115.843134	178.680597
-201.693993	115.675498	178.902156
-201.950463	115.503376	179.129644
-202.213619	115.326766	179.363063
-202.483461	115.145670	179.602412
-202.759988	114.960086	179.847691
-203.043202	114.770016	180.098901
-203.333101	114.575459	180.356041
-203.629686	114.376415	180.619111
-203.932956	114.172884	180.888111
-204.242912	113.964865	181.163042
-204.559554	113.752360	181.443903
-204.882882	113.535368	181.730694
-205.212896	113.313889	182.023415
-205.362394	113.213558	182.156020
-205.518578	113.108740	182.294554
-205.681447	112.999435	182.439019
-205.851003	112.885643	182.589415
-206.027244	112.767364	182.745740
-206.210171	112.644598	182.907996
-206.399783	112.517345	183.076182
-206.596082	112.385605	183.250298
-206.799066	112.249378	183.430345
-207.008736	112.108664	183.616321
-207.225092	111.963463	183.808229
-207.448133	111.813775	184.006066
-207.677860	111.659601	184.209833
-207.914273	111.500939	184.419531
-208.157372	111.337791	184.635159
-208.407156	111.170155	184.856718
-208.663627	110.998032	185.084206
-208.926783	110.821423	185.317625
-209.196624	110.640327	185.556974
-209.473152	110.454743	185.802253
-209.756365	110.264673	186.053463
-210.046264	110.070116	186.310603
-210.342849	109.871072	186.573673
-210.646119	109.667540	186.842673
-210.956076	109.459522	187.117604
-211.272718	109.247017	187.398465
-211.596046	109.030025	187.685256
-211.926059	108.808546	187.977977
-212.075557	108.708215	188.110582
-212.231741	108.603397	188.249116
-212.394611	108.494092	188.393581
-212.564166	108.380300	188.543977
-212.740407	108.262020	188.700302
-212.923334	108.139254	188.862558
-213.112947	108.012001	189.030744
-213.309245	107.880262	189.204860
-213.512229	107.744035	189.384907
-213.721899	107.603321	189.570883
-213.938255	107.458120	189.762791
-214.161296	107.308432	189.960628
-214.391023	107.154258	190.164395
-214.627436	106.995596	190.374093
-214.870535	106.832447	190.589721
-215.120320	106.664812	190.811280
-215.376790	106.492689	191.038768
-215.639946	106.316080	191.272187
-215.909788	106.134984	191.511536
-216.186315	105.949400	191.756815
-216.469528	105.759330	192.008025
-216.759427	105.564773	192.265165
-217.056012	105.365728	192.528235
-217.359283	105.162197	192.797235
-217.669239	104.954179	193.072166
-217.985881	104.741674	193.353027
-218.309209	104.524682	193.639818
-218.639222	104.303203	193.932539
-218.788720	104.202872	194.065144
-218.944904	104.098054	194.203678
-219.107774	103.988749	194.348143
-219.277329	103.874956	194.498539
-219.453570	103.756677	194.654864
-219.636497	103.633911	194.817120
-219.826110	103.506658	194.985306
-220.022408	103.374918	195.159422
-220.225393	103.238691	195.339469
-220.435062	103.097978	195.525445
-220.651418	102.952777	195.717353
-220.874460	102.803089	195.915190
-221.104187	102.648914	196.118957
-221.340600	102.490253	196.328655
-221.583698	102.327104	196.544283
-221.833483	102.159469	196.765842
-222.089953	101.987346	196.993330
-222.353109	101.810737	197.226749
-222.622951	101.629640	197.466098
-222.899478	101.444057	197.711377
-223.182692	101.253987	197.962587
-223.472591	101.059429	198.219727
-223.769175	100.860385	198.482797
-224.072446	100.656854	198.751797
-224.382402	100.448836	199.026728
-224.699044	100.236331	199.307589
-225.022372	100.019339	199.594380
-225.352386	99.797860	199.887101
-225.501884	99.697529	200.019706
-225.658068	99.592711	200.158240
-225.820937	99.483405	200.302705
-225.990493	99.369613	200.453101
-226.166734	99.251334	200.609426
-226.349661	99.128568	200.771682
-226.539273	99.001315	200.939868
-226.735572	98.869575	201.113984
-226.938556	98.733348	201.294031
-227.148226	98.592635	201.480007
-227.364581	98.447434	201.671915
-227.587623	98.297746	201.869752
-227.817350	98.143571	202.073519
-228.053763	97.984910	202.283217
-228.296862	97.821761	202.498845
-228.546646	97.654126	202.720404
-228.803116	97.482003	202.947892
-229.066272	97.305394	203.181311
-229.336114	97.124297	203.420660
-229.612642	96.938714	203.665939
-229.895855	96.748644	203.917149
-230.185754	96.554086	204.174289
-230.482339	96.355042	204.437359
-230.785609	96.151511	204.706359
-231.095566	95.943493	204.981290
-231.412208	95.730988	205.262151
-231.735535	95.513996	205.548942
-232.065549	95.292517	205.841663
-232.215047	95.192186	205.974268
-232.371231	95.087367	206.112802
-232.534101	94.978062	206.257267
-232.703656	94.864270	206.407663
-232.879897	94.745991	206.563988
-233.062824	94.623225	206.726244
-233.252437	94.495972	206.894430
-233.448735	94.364232	207.068546
-233.651719	94.228005	207.248593
-233.861389	94.087291	207.434569
-234.077745	93.942091	207.626476
-234.300786	93.792403	207.824314
-234.530513	93.638228	208.028081
-234.766926	93.479567	208.237779
-235.010025	93.316418	208.453407
-235.259810	93.148782	208.674966
-235.516280	92.976660	208.902454
-235.779436	92.800050	209.135873
-236.049277	92.618954	209.375222
-236.325805	92.433371	209.620501
-236.609018	92.243300	209.871711
-236.898917	92.048743	210.128851
-237.195502	91.849699	210.391921
-237.498773	91.646168	210.660921
-237.808729	91.438150	210.935852
-238.125371	91.225645	211.216713
-238.448699	91.008653	211.503504
-238.778712	90.787174	211.796225
-238.928210	90.686843	211.928830
-239.084394	90.582024	212.067364
-239.247264	90.472719	212.211829
-239.416819	90.358927	212.362225
-239.593060	90.240648	212.518550
-239.775987	90.117882	212.680806
-239.965600	89.990629	212.848992
-240.161898	89.858889	213.023108
-240.364882	89.722662	213.203155
-240.574552	89.581948	213.389131
-240.790908	89.436747	213.581038
-241.013950	89.287060	213.778876
-241.243677	89.132885	213.982643
-241.480090	88.974223	214.192341
-241.723188	88.811075	214.407969
-241.972973	88.643439	214.629528
-242.229443	88.471317	214.857016
-242.492599	88.294707	215.090435
-242.762441	88.113611	215.329784
-243.038968	87.928028	215.575063
-243.322182	87.737957	215.826273
-243.612081	87.543400	216.083413
-243.908665	87.344356	216.346483
-244.211936	87.140825	216.615483
-244.521892	86.932807	216.890414
-244.838534	86.720302	217.171275
-245.161862	86.503310	217.458066
-245.491876	86.281831	217.750787
-245.641374	86.181499	217.883392
-245.797558	86.076681	218.021926
-245.960427	85.967376	218.166391
-246.129983	85.853584	218.316787
-246.306224	85.735305	218.473112
-246.489151	85.612539	218.635368
-246.678763	85.485286	218.803554
-246.875062	85.353546	218.977670
-247.078046	85.217319	219.157717
-247.287716	85.076605	219.343693
-247.504071	84.931404	219.535600
-247.727113	84.781717	219.733438
-247.956840	84.627542	219.937205
-248.193253	84.468880	220.146903
-248.436352	84.305732	220.362531
-248.686136	84.138096	220.584090
-248.942606	83.965974	220.811578
-249.205762	83.789364	221.044997
-249.475604	83.608268	221.284346
-249.752132	83.422684	221.529625
-250.035345	83.232614	221.780835
-250.325244	83.038057	222.037975
-250.621829	82.839013	222.301045
-250.925099	82.635482	222.570045
-251.235055	82.427463	222.844976
-251.551698	82.214958	223.125837
-251.875025	81.997966	223.412628
-252.205039	81.776487	223.705349
-252.354537	81.676156	223.837953
-252.510721	81.571338	223.976488
-252.673590	81.462033	224.120953
-252.843146	81.348241	224.271349
-253.019387	81.229962	224.427674
-253.202314	81.107196	224.589930
-253.391927	80.979943	224.758116
-253.588225	80.848203	224.932232
-253.791209	80.711976	225.112279
-254.000879	80.571262	225.298255
-254.217235	80.426061	225.490162
-254.440276	80.276373	225.688000
-254.670003	80.122199	225.891767
-254.906416	79.963537	226.101465
-255.149515	79.800389	226.317093
-255.399299	79.632753	226.538651
