9.161835	242.921465	0.184988
9.166514	242.768498	0.194166
9.180155	242.611097	0.203534
9.202757	242.449265	0.213101
9.234324	242.283004	0.222875
9.274854	242.112317	0.232866
9.324349	241.937204	0.243082
9.382811	241.757670	0.253531
9.450239	241.573715	0.264223
9.526635	241.385342	0.275166
9.611999	241.192554	0.286367
9.706333	240.995352	0.297836
9.809637	240.793739	0.309580
9.921912	240.587717	0.321607
10.043158	240.377288	0.333925
10.173378	240.162454	0.346541
10.312571	239.943218	0.359463
10.460739	239.719582	0.372698
10.617882	239.491548	0.386252
10.784001	239.259118	0.400134
10.959098	239.022295	0.414348
11.143172	238.781081	0.428901
11.336225	238.535477	0.443800
11.538257	238.285487	0.459051
11.749270	238.031113	0.474659
11.969264	237.772356	0.490630
12.198241	237.509219	0.506969
12.436200	237.241705	0.523682
12.683144	236.969815	0.540772
12.939072	236.693552	0.558246
13.203986	236.412918	0.576107
13.477887	236.127915	0.594361
13.760776	235.838546	0.613011
14.052653	235.544813	0.632061
14.353520	235.246718	0.651516
14.663377	234.944263	0.671379
14.982225	234.637451	0.691653
15.310066	234.326284	0.712343
15.646900	234.010765	0.733451
15.992728	233.690894	0.754980
16.347551	233.366676	0.776935
16.711371	233.038112	0.799316
16.877986	232.889333	0.809511
17.053599	232.736211	0.820138
17.238210	232.578747	0.831197
17.431820	232.416943	0.842690
17.634429	232.250800	0.854618
17.846036	232.080319	0.866983
18.066644	231.905500	0.879784
18.296252	231.726345	0.893024
18.534861	231.542855	0.906703
18.782471	231.355030	0.920823
19.039082	231.162873	0.935383
19.304696	230.966383	0.950386
19.579312	230.765562	0.965833
19.862931	230.560412	0.981723
20.155553	230.350932	0.998058
20.457180	230.137125	1.014840
20.767811	229.918991	1.032068
21.087447	229.696531	1.049743
21.416088	229.469746	1.067867
21.753735	229.238637	1.086439
22.100388	229.003206	1.105462
22.456048	228.763454	1.124935
22.820715	228.519381	1.144859
23.194389	228.270988	1.165235
23.577072	228.018277	1.186064
23.968764	227.761249	1.207346
24.369464	227.499905	1.229082
24.779175	227.234245	1.251272
25.197895	226.964272	1.273917
25.385931	226.843692	1.284072
25.582977	226.718800	1.294683
25.789034	226.589595	1.305750
26.004103	226.456079	1.317274
26.228183	226.318252	1.329254
26.461275	226.176115	1.341690
26.703378	226.029667	1.354584
26.954494	225.878909	1.367934
27.214622	225.723842	1.381742
27.483763	225.564467	1.396008
27.761916	225.400783	1.410731
28.049082	225.232792	1.425913
28.345261	225.060493	1.441552
28.650454	224.883887	1.457650
28.964660	224.702975	1.474207
29.287880	224.517757	1.491222
29.620114	224.328234	1.508697
29.961363	224.134406	1.526630
30.311626	223.936273	1.545023
30.670903	223.733836	1.563875
31.039196	223.527096	1.583187
31.416504	223.316053	1.602959
31.802827	223.100708	1.623191
32.198165	222.881060	1.643882
32.602520	222.657111	1.665035
33.015890	222.428861	1.686647
33.438277	222.196311	1.708721
33.869681	221.959460	1.731255
34.065606	221.852182	1.741484
34.270548	221.740605	1.752175
34.484507	221.624728	1.763326
34.707484	221.504553	1.774939
34.939477	221.380079	1.787012
35.180488	221.251306	1.799547
35.430515	221.118235	1.812543
35.689561	220.980866	1.826001
35.957624	220.839200	1.839920
36.234704	220.693235	1.854300
36.520803	220.542974	1.869142
36.815919	220.388415	1.884445
37.120053	220.229560	1.900210
37.433205	220.066407	1.916436
37.755375	219.898958	1.933124
38.086564	219.727213	1.950274
38.426771	219.551172	1.967886
38.775996	219.370836	1.985960
39.134240	219.186203	2.004495
39.501503	218.997275	2.023493
39.877784	218.804052	2.042952
40.263085	218.606535	2.062874
40.657404	218.404722	2.083257
41.060742	218.198615	2.104103
41.473100	217.988214	2.125411
41.894477	217.773519	2.147181
42.324873	217.554530	2.169413
42.764289	217.331247	2.192108
42.963477	217.230162	2.202394
43.171685	217.124783	2.213142
43.388912	217.015111	2.224353
43.615159	216.901146	2.236026
43.850427	216.782888	2.248161
44.094713	216.660337	2.260759
44.348020	216.533494	2.273820
44.610347	216.402358	2.287343
44.881694	216.266929	2.301328
45.162061	216.127208	2.315776
45.451447	215.983195	2.330687
45.749855	215.834889	2.346060
46.057282	215.682291	2.361895
46.373729	215.525402	2.378193
46.699197	215.364220	2.394954
47.033685	215.198747	2.412177
47.377194	215.028982	2.429863
47.729723	214.854925	2.448012
48.091272	214.676577	2.466623
48.461842	214.493938	2.485697
48.841433	214.307007	2.505233
49.230044	214.115785	2.525233
49.627676	213.920272	2.545695
50.034328	213.720468	2.566619
50.450001	213.516373	2.588007
50.874696	213.307988	2.609857
51.308411	213.095312	2.632170
51.751147	212.878345	2.654946
51.951748	212.780096	2.665265
52.161370	212.677557	2.676046
52.380013	212.570728	2.687291
52.607677	212.459609	2.698998
52.844362	212.344199	2.711169
53.090068	212.224499	2.723802
53.344795	212.100509	2.736898
53.608544	211.972229	2.750456
53.881313	211.839658	2.764478
54.163104	211.702798	2.778962
54.453916	211.561648	2.793909
54.753749	211.416207	2.809320
55.062603	211.266477	2.825193
55.380479	211.112457	2.841528
55.707376	210.954148	2.858327
56.043294	210.791548	2.875589
56.388233	210.624659	2.893313
56.742194	210.453480	2.911501
57.105177	210.278012	2.930151
57.477180	210.098254	2.949264
57.858205	209.914206	2.968840
58.248252	209.725869	2.988879
58.647320	209.533243	3.009381
59.055409	209.336327	3.030346
59.472520	209.135122	3.051774
59.898652	208.929628	3.073664
60.333806	208.719845	3.096018
60.777982	208.505772	3.118835
60.979210	208.408816	3.129171
61.189459	208.307570	3.139971
61.408730	208.202035	3.151233
61.637023	208.092211	3.162958
61.874337	207.978099	3.175147
62.120673	207.859697	3.187798
62.376030	207.737006	3.200912
62.640409	207.610026	3.214489
62.913810	207.478758	3.228530
63.196233	207.343200	3.243033
63.487677	207.203354	3.257999
63.788143	207.059218	3.273428
64.097630	206.910794	3.289320
64.416140	206.758081	3.305675
64.743671	206.601079	3.322493
65.080224	206.439789	3.339774
65.425798	206.274209	3.357518
65.780395	206.104341	3.375724
66.144013	205.930184	3.394394
66.516653	205.751739	3.413527
66.898315	205.569005	3.433123
67.288998	205.381982	3.453182
67.688704	205.190670	3.473704
68.097431	204.995070	3.494689
68.515180	204.795181	3.516136
68.941951	204.591004	3.538047
69.377744	204.382538	3.560421
69.822558	204.169784	3.583258
70.024067	204.073414	3.593603
70.234598	203.972756	3.604411
70.454151	203.867810	3.615683
70.682726	203.758575	3.627417
70.920322	203.645051	3.639615
71.166941	203.527239	3.652275
71.422581	203.405139	3.665398
71.687243	203.278750	3.678985
71.960927	203.148072	3.693034
72.243634	203.013107	3.707547
72.535362	202.873853	3.722522
72.836112	202.730310	3.737960
73.145884	202.582479	3.753862
73.464678	202.430360	3.770226
73.792493	202.273953	3.787054
74.129331	202.113257	3.804344
74.475191	201.948273	3.822098
74.830073	201.779000	3.840314
75.193977	201.605439	3.858994
75.566902	201.427590	3.878136
75.948850	201.245452	3.897742
76.339820	201.059027	3.917810
76.739811	200.868313	3.938342
77.148825	200.673310	3.959336
77.566861	200.474020	3.980794
77.993918	200.270441	4.002714
78.429998	200.062574	4.025098
78.875100	199.850419	4.047945
79.076735	199.754315	4.058294
79.287393	199.653924	4.069107
79.507073	199.549244	4.080383
79.735775	199.440276	4.092122
79.973499	199.327020	4.104324
80.220245	199.209476	4.116988
80.476014	199.087644	4.130116
80.740804	198.961523	4.143707
81.014616	198.831114	4.157761
81.297450	198.696417	4.172278
81.589306	198.557432	4.187258
81.890185	198.414159	4.202701
82.200085	198.266597	4.218607
82.519007	198.114748	4.234976
82.846952	197.958610	4.251808
83.183918	197.798184	4.269103
83.529907	197.633470	4.286861
83.884917	197.464468	4.305082
84.248950	197.291178	4.323766
84.622005	197.113599	4.342913
85.004082	196.931733	4.362524
85.395180	196.745578	4.382597
85.795301	196.555135	4.403133
86.204444	196.360404	4.424132
86.622609	196.161386	4.445594
87.049797	195.958078	4.467520
87.486006	195.750483	4.489908
87.931237	195.538600	4.512759
88.132931	195.442618	4.523111
88.343646	195.342347	4.533926
88.563384	195.237789	4.545204
88.792143	195.128942	4.556945
89.029925	195.015807	4.569149
89.276729	194.898385	4.581816
89.532555	194.776674	4.594946
89.797403	194.650675	4.608539
90.071273	194.520388	4.622595
90.354165	194.385813	4.637114
90.646079	194.246950	4.652096
90.947016	194.103799	4.667541
91.256974	193.956360	4.683449
91.575955	193.804633	4.699821
91.903957	193.648617	4.716655
92.240982	193.488314	4.733952
92.587029	193.323723	4.751712
92.942098	193.154843	4.769936
93.306189	192.981676	4.788622
93.679302	192.804220	4.807771
94.061437	192.622477	4.827384
94.452595	192.436445	4.847459
94.852774	192.246126	4.867998
95.261976	192.051518	4.888999
95.680199	191.852623	4.910464
96.107445	191.649439	4.932391
96.543713	191.441967	4.954782
96.989003	191.230208	4.977635
97.190723	191.134280	4.987988
97.401464	191.034065	4.998804
97.621228	190.929561	5.010083
97.850014	190.820769	5.021825
98.087822	190.707690	5.034030
98.334652	190.590322	5.046698
98.590504	190.468667	5.059829
98.855378	190.342723	5.073423
99.129274	190.212492	5.087480
99.412193	190.077972	5.102000
99.704133	189.939164	5.116983
100.005096	189.796069	5.132429
100.315081	189.648685	5.148338
100.634088	189.497013	5.164711
100.962117	189.341054	5.181546
101.299168	189.180806	5.198844
101.645241	189.016271	5.216605
102.000337	188.847447	5.234830
102.364454	188.674335	5.253517
102.737594	188.496936	5.272667
103.119756	188.315248	5.292281
103.510940	188.129272	5.312357
103.911146	187.939009	5.332897
104.320374	187.744457	5.353899
104.738624	187.545617	5.375365
105.165897	187.342490	5.397294
105.602191	187.135074	5.419685
106.047508	186.923371	5.442540
106.249239	186.827468	5.452893
106.459992	186.727277	5.463709
106.679768	186.622799	5.474989
106.908566	186.514032	5.486731
107.146385	186.400978	5.498937
107.393227	186.283635	5.511605
107.649091	186.162005	5.524737
107.913977	186.036086	5.538331
108.187886	185.905880	5.552389
108.470816	185.771385	5.566909
108.762769	185.632603	5.581893
109.063743	185.489533	5.597339
109.373740	185.342174	5.613249
109.692759	185.190528	5.629622
110.020800	185.034593	5.646458
110.357863	184.874371	5.663756
110.703949	184.709861	5.681518
111.059056	184.541062	5.699743
111.423186	184.367976	5.718431
111.796337	184.190602	5.737582
112.178511	184.008940	5.757196
112.569707	183.822989	5.777273
112.969925	183.632751	5.797813
113.379165	183.438225	5.818816
113.797428	183.239411	5.840282
114.224712	183.036309	5.862211
114.661019	182.828918	5.884603
115.106348	182.617240	5.907458
115.308084	182.521349	5.917811
115.518843	182.421170	5.928628
115.738624	182.316703	5.939908
115.967427	182.207947	5.951650
116.205252	182.094904	5.963856
116.452099	181.977573	5.976524
116.707969	181.855954	5.989656
116.972860	181.730047	6.003251
117.246774	181.599852	6.017309
117.529710	181.465369	6.031830
117.821668	181.326598	6.046813
118.122648	181.183539	6.062260
118.432650	181.036192	6.078170
118.751675	180.884557	6.094543
119.079721	180.728634	6.111379
119.416790	180.568423	6.128678
119.762881	180.403925	6.146440
120.117993	180.235138	6.164665
120.482128	180.062063	6.183353
120.855286	179.884700	6.202504
121.237465	179.703049	6.222118
121.628666	179.517111	6.242196
122.028890	179.326884	6.262736
122.438136	179.132369	6.283739
122.856403	178.933567	6.305205
123.283693	178.730476	6.327135
123.720006	178.523098	6.349527
124.165340	178.311431	6.372382
124.367079	178.215545	6.382736
124.577840	178.115371	6.393553
124.797623	178.010909	6.404832
125.026429	177.902159	6.416575
125.264257	177.789121	6.428781
125.511106	177.671795	6.441450
125.766978	177.550181	6.454581
126.031872	177.424279	6.468176
126.305788	177.294089	6.482234
126.588727	177.159612	6.496755
126.880687	177.020846	6.511739
127.181670	176.877792	6.527186
127.491674	176.730450	6.543096
127.810701	176.578821	6.559469
128.138750	176.422903	6.576305
128.475821	176.262697	6.593604
128.821915	176.098204	6.611366
129.177030	175.929422	6.629591
129.541167	175.756352	6.648280
129.914327	175.578995	6.667431
130.296509	175.397350	6.687045
130.687713	175.211416	6.707122
131.087939	175.021195	6.727663
131.497187	174.826685	6.748666
131.915457	174.627888	6.770132
132.342750	174.424803	6.792062
132.779065	174.217429	6.814454
133.224401	174.005768	6.837310
133.426141	173.909884	6.847663
133.636904	173.809713	6.858480
133.856688	173.705253	6.869760
134.085495	173.596505	6.881503
134.323324	173.483470	6.893708
134.570174	173.366146	6.906377
134.826047	173.244534	6.919509
135.090943	173.118635	6.933104
135.364860	172.988447	6.947162
135.647799	172.853972	6.961683
135.939761	172.715209	6.976667
136.240745	172.572157	6.992114
136.550750	172.424818	7.008024
136.869778	172.273190	7.024397
137.197828	172.117275	7.041233
137.534901	171.957072	7.058532
137.880995	171.792581	7.076294
138.236112	171.623801	7.094520
138.600250	171.450734	7.113208
138.973411	171.273379	7.132359
139.355594	171.091736	7.151973
139.746799	170.905805	7.172051
140.147026	170.715586	7.192591
140.556276	170.521079	7.213595
140.974547	170.322284	7.235061
141.401841	170.119201	7.256990
141.838156	169.911830	7.279383
142.283494	169.700171	7.302238
142.485235	169.604289	7.312592
142.695998	169.504118	7.323409
142.915783	169.399659	7.334689
143.144590	169.290913	7.346431
143.382419	169.177878	7.358637
143.629270	169.060556	7.371306
143.885144	168.938945	7.384438
144.150040	168.813047	7.398033
144.423957	168.682860	7.412091
144.706897	168.548386	7.426612
144.998859	168.409624	7.441596
145.299844	168.266573	7.457043
145.609850	168.119235	7.472953
145.928878	167.967609	7.489326
146.256929	167.811695	7.506162
146.594002	167.651492	7.523461
146.940097	167.487002	7.541223
147.295214	167.318224	7.559449
147.659353	167.145158	7.578137
148.032514	166.967804	7.597288
148.414698	166.786162	7.616903
148.805903	166.600232	7.636980
149.206131	166.410014	7.657520
149.615381	166.215508	7.678524
150.033653	166.016714	7.699990
150.460947	165.813633	7.721920
150.897263	165.606263	7.744312
151.342602	165.394605	7.767168
151.544342	165.298723	7.777521
151.755106	165.198553	7.788338
151.974891	165.094094	7.799618
152.203698	164.985348	7.811361
152.441528	164.872314	7.823567
152.688379	164.754992	7.836235
152.944253	164.633382	7.849367
153.209149	164.507484	7.862962
153.483067	164.377298	7.877020
153.766007	164.242824	7.891541
154.057969	164.104063	7.906525
154.358954	163.961013	7.921972
154.668960	163.813675	7.937882
154.987989	163.662049	7.954255
155.316040	163.506136	7.971092
155.653113	163.345934	7.988391
155.999208	163.181444	8.006153
156.354325	163.012667	8.024378
156.718465	162.839601	8.043067
157.091626	162.662247	8.062218
157.473810	162.480606	8.081832
157.865016	162.294676	8.101910
158.265244	162.104459	8.122450
158.674494	161.909954	8.143453
159.092766	161.711160	8.164920
159.520060	161.508079	8.186849
159.956377	161.300710	8.209242
160.401715	161.089052	8.232097
160.603456	160.993170	8.242451
160.814220	160.893000	8.253268
161.034005	160.788542	8.264548
161.262812	160.679797	8.276290
161.500642	160.566763	8.288496
161.747494	160.449441	8.301165
162.003368	160.327831	8.314297
162.268264	160.201933	8.327892
162.542182	160.071748	8.341950
162.825122	159.937274	8.356471
163.117084	159.798512	8.371455
163.418069	159.655463	8.386902
163.728076	159.508125	8.402812
164.047104	159.356500	8.419185
164.375155	159.200586	8.436021
164.712228	159.040385	8.453321
165.058324	158.875895	8.471083
165.413441	158.707118	8.489308
165.777581	158.534053	8.507996
166.150742	158.356699	8.527148
166.532926	158.175058	8.546762
166.924132	157.989129	8.566839
167.324360	157.798912	8.587380
167.733610	157.604406	8.608383
168.151882	157.405613	8.629850
168.579177	157.202532	8.651779
169.015494	156.995163	8.674172
169.460832	156.783506	8.697027
169.662573	156.687624	8.707381
169.873337	156.587454	8.718198
170.093122	156.482996	8.729477
170.321929	156.374251	8.741220
170.559759	156.261217	8.753426
170.806611	156.143895	8.766095
171.062485	156.022286	8.779227
171.327381	155.896388	8.792822
171.601299	155.766202	8.806880
171.884239	155.631729	8.821401
172.176202	155.492967	8.836385
172.477186	155.349918	8.851832
172.787193	155.202580	8.867742
173.106222	155.050955	8.884115
173.434273	154.895041	8.900951
173.771346	154.734840	8.918250
174.117441	154.570351	8.936013
174.472559	154.401573	8.954238
174.836698	154.228508	8.972926
175.209860	154.051155	8.992077
175.592044	153.869514	9.011692
175.983250	153.683585	9.031769
176.383478	153.493367	9.052310
176.792728	153.298862	9.073313
177.211000	153.100069	9.094779
177.638295	152.896988	9.116709
178.074612	152.689619	9.139101
178.519950	152.477962	9.161957
178.721692	152.382081	9.172311
178.932455	152.281911	9.183128
179.152240	152.177453	9.194407
179.381048	152.068707	9.206150
179.618877	151.955674	9.218356
179.865729	151.838352	9.231025
180.121603	151.716742	9.244157
180.386499	151.590845	9.257752
180.660417	151.460659	9.271810
180.943358	151.326186	9.286331
181.235320	151.187424	9.301315
181.536305	151.044375	9.316762
181.846312	150.897037	9.332672
182.165340	150.745412	9.349045
182.493391	150.589499	9.365881
182.830465	150.429297	9.383180
183.176560	150.264808	9.400942
183.531677	150.096031	9.419168
183.895817	149.922966	9.437856
184.268979	149.745612	9.457007
184.651162	149.563971	9.476622
185.042368	149.378042	9.496699
185.442597	149.187825	9.517239
185.851847	148.993320	9.538243
186.270119	148.794527	9.559709
186.697414	148.591446	9.581639
187.133730	148.384077	9.604031
187.579069	148.172420	9.626887
187.780810	148.076538	9.637241
187.991574	147.976369	9.648057
188.211359	147.871911	9.659337
188.440167	147.763165	9.671080
188.677996	147.650132	9.683286
188.924848	147.532810	9.695955
189.180722	147.411200	9.709087
189.445618	147.285303	9.722681
189.719536	147.155117	9.736739
190.002477	147.020644	9.751260
190.294439	146.881882	9.766244
190.595424	146.738833	9.781692
190.905430	146.591495	9.797602
191.224459	146.439870	9.813975
191.552510	146.283957	9.830811
191.889584	146.123755	9.848110
192.235679	145.959266	9.865872
192.590796	145.790489	9.884098
192.954936	145.617424	9.902786
193.328098	145.440071	9.921937
193.710281	145.258429	9.941552
194.101487	145.072500	9.961629
194.501716	144.882283	9.982169
194.910966	144.687778	10.003173
195.329238	144.488985	10.024639
195.756533	144.285904	10.046569
196.192850	144.078536	10.068961
196.638188	143.866879	10.091817
196.839929	143.770997	10.102171
197.050693	143.670827	10.112987
197.270478	143.566369	10.124267
197.499286	143.457624	10.136010
197.737115	143.344590	10.148216
197.983967	143.227268	10.160885
198.239841	143.105659	10.174016
198.504737	142.979761	10.187611
198.778655	142.849576	10.201669
199.061596	142.715102	10.216190
199.353558	142.576341	10.231174
199.654543	142.433291	10.246621
199.964550	142.285954	10.262532
200.283579	142.134329	10.278905
200.611630	141.978415	10.295741
200.948703	141.818214	10.313040
201.294798	141.653725	10.330802
201.649915	141.484948	10.349027
202.014055	141.311882	10.367716
202.387217	141.134529	10.386867
202.769401	140.952888	10.406481
203.160607	140.766959	10.426559
203.560835	140.576742	10.447099
203.970085	140.382237	10.468103
204.388358	140.183444	10.489569
204.815652	139.980363	10.511499
205.251969	139.772994	10.533891
205.697308	139.561337	10.556747
205.899049	139.465456	10.567100
206.109812	139.365286	10.577917
206.329597	139.260828	10.589197
206.558405	139.152082	10.600940
206.796235	139.039049	10.613146
207.043086	138.921727	10.625814
207.298960	138.800117	10.638946
207.563856	138.674220	10.652541
207.837775	138.544034	10.666599
208.120715	138.409561	10.681120
208.412677	138.270799	10.696104
208.713662	138.127750	10.711551
209.023669	137.980413	10.727461
209.342698	137.828787	10.743835
209.670749	137.672874	10.760671
210.007822	137.512673	10.777970
210.353917	137.348183	10.795732
210.709035	137.179406	10.813957
211.073174	137.006341	10.832646
211.446336	136.828988	10.851797
211.828520	136.647347	10.871411
212.219726	136.461418	10.891489
212.619954	136.271201	10.912029
213.029204	136.076696	10.933033
213.447477	135.877903	10.954499
213.874771	135.674822	10.976429
214.311088	135.467453	10.998821
214.756427	135.255796	11.021677
214.958168	135.159914	11.032030
215.168931	135.059745	11.042847
215.388717	134.955287	11.054127
215.617524	134.846541	11.065870
215.855354	134.733508	11.078075
216.102206	134.616186	11.090744
216.358080	134.494576	11.103876
216.622976	134.368679	11.117471
216.896894	134.238493	11.131529
217.179834	134.104020	11.146050
217.471797	133.965258	11.161034
217.772781	133.822209	11.176481
218.082788	133.674871	11.192391
218.401817	133.523246	11.208764
218.729868	133.367333	11.225601
219.066941	133.207132	11.242900
219.413037	133.042642	11.260662
219.768154	132.873865	11.278887
220.132294	132.700800	11.297576
220.505455	132.523447	11.316727
220.887639	132.341806	11.336341
221.278845	132.155877	11.356419
221.679073	131.965660	11.376959
222.088324	131.771155	11.397962
222.506596	131.572362	11.419429
222.933891	131.369281	11.441358
223.370207	131.161912	11.463751
223.815546	130.950255	11.486607
224.017287	130.854373	11.496960
224.228051	130.754203	11.507777
224.447836	130.649746	11.519057
224.676643	130.541000	11.530800
224.914473	130.427966	11.543005
225.161325	130.310645	11.555674
225.417199	130.189035	11.568806
225.682095	130.063138	11.582401
225.956013	129.932952	11.596459
226.238954	129.798479	11.610980
226.530916	129.659717	11.625964
226.831901	129.516668	11.641411
227.141907	129.369330	11.657321
227.460936	129.217705	11.673694
227.788987	129.061792	11.690530
228.126061	128.901590	11.707830
228.472156	128.737101	11.725592
228.827273	128.568324	11.743817
229.191413	128.395259	11.762505
229.564575	128.217906	11.781657
229.946759	128.036265	11.801271
230.337965	127.850336	11.821348
230.738193	127.660119	11.841889
231.147443	127.465614	11.862892
231.565715	127.266821	11.884359
231.993010	127.063740	11.906288
232.429327	126.856371	11.928681
232.874665	126.644714	11.951536
233.076407	126.548832	11.961890
233.287170	126.448662	11.972707
233.506955	126.344205	11.983987
233.735763	126.235459	11.995729
233.973592	126.122425	12.007935
234.220444	126.005104	12.020604
234.476318	125.883494	12.033736
234.741214	125.757597	12.047331
235.015133	125.627411	12.061389
235.298073	125.492937	12.075910
235.590035	125.354176	12.090894
235.891020	125.211127	12.106341
236.201027	125.063789	12.122251
236.520056	124.912164	12.138624
236.848107	124.756251	12.155460
237.185180	124.596049	12.172760
237.531275	124.431560	12.190522
237.886393	124.262783	12.208747
238.250532	124.089718	12.227435
238.623694	123.912365	12.246587
239.005878	123.730724	12.266201
239.397084	123.544794	12.286278
239.797312	123.354577	12.306819
240.206562	123.160072	12.327822
240.624835	122.961279	12.349289
241.052129	122.758199	12.371218
241.488446	122.550830	12.393611
241.933785	122.339173	12.416466
242.135526	122.243291	12.426820
242.346289	122.143121	12.437637
242.566075	122.038664	12.448917
242.794882	121.929918	12.460659
243.032712	121.816884	12.472865
243.279564	121.699563	12.485534
243.535438	121.577953	12.498666
243.800334	121.452055	12.512261
244.074252	121.321870	12.526319
244.357192	121.187396	12.540840
244.649155	121.048635	12.555824
244.950139	120.905586	12.571271
245.260146	120.758248	12.587181
245.579175	120.606623	12.603554
245.907226	120.450710	12.620390
246.244299	120.290508	12.637689
246.590395	120.126019	12.655452
246.945512	119.957242	12.673677
247.309652	119.784177	12.692365
247.682813	119.606824	12.711517
248.064997	119.425182	12.731131
248.456203	119.239253	12.751208
248.856431	119.049036	12.771749
249.265682	118.854531	12.792752
249.683954	118.655738	12.814219
250.111249	118.452657	12.836148
250.547565	118.245289	12.858541
250.992904	118.033632	12.881396
251.194645	117.937750	12.891750
251.405409	117.837580	12.902567
251.625194	117.733122	12.913846
251.854001	117.624377	12.925589
252.091831	117.511343	12.937795
252.338683	117.394021	12.950464
252.594557	117.272412	12.963596
252.859453	117.146514	12.977191
253.133371	117.016329	12.991249
253.416312	116.881855	13.005770
253.708274	116.743094	13.020754
254.009259	116.600044	13.036201
254.319265	116.452707	13.052111
254.638294	116.301082	13.068484
254.966345	116.145168	13.085320
255.303419	115.984967	13.102619
255.649514	115.820478	13.120382
256.004631	115.651701	13.138607
256.368771	115.478636	13.157295
256.741933	115.301282	13.176446
257.124117	115.119641	13.196061
257.515323	114.933712	13.216138
257.915551	114.743495	13.236679
258.324801	114.548990	13.257682
258.743073	114.350197	13.279148
259.170368	114.147116	13.301078
259.606685	113.939748	13.323471
260.052023	113.728091	13.346326
260.253765	113.632209	13.356680
260.464528	113.532039	13.367497
260.684313	113.427581	13.378776
260.913121	113.318836	13.390519
261.150950	113.205802	13.402725
261.397802	113.088480	13.415394
261.653676	112.966871	13.428526
261.918572	112.840973	13.442121
262.192491	112.710788	13.456179
262.475431	112.576314	13.470700
262.767393	112.437553	13.485684
263.068378	112.294503	13.501131
263.378385	112.147166	13.517041
263.697414	111.995541	13.533414
264.025465	111.839627	13.550250
264.362538	111.679426	13.567549
264.708633	111.514937	13.585311
265.063751	111.346160	13.603537
265.427890	111.173094	13.622225
265.801052	110.995741	13.641376
266.183236	110.814100	13.660991
266.574442	110.628171	13.681068
266.974670	110.437954	13.701608
267.383920	110.243449	13.722612
267.802193	110.044656	13.744078
268.229487	109.841575	13.766008
268.665804	109.634206	13.788400
269.111143	109.422550	13.811256
269.312884	109.326668	13.821610
269.523647	109.226498	13.832426
269.743433	109.122040	13.843706
269.972240	109.013295	13.855449
270.210070	108.900261	13.867655
270.456922	108.782939	13.880324
270.712796	108.661330	13.893456
270.977692	108.535432	13.907051
271.251610	108.405247	13.921109
271.534550	108.270773	13.935630
271.826513	108.132012	13.950614
272.127497	107.988962	13.966061
272.437504	107.841625	13.981971
272.756533	107.690000	13.998344
273.084584	107.534086	14.015180
273.421657	107.373885	14.032479
273.767753	107.209396	14.050241
274.122870	107.040619	14.068467
274.487010	106.867553	14.087155
274.860171	106.690200	14.106306
275.242355	106.508559	14.125921
275.633561	106.322630	14.145998
276.033789	106.132413	14.166538
276.443040	105.937908	14.187542
276.861312	105.739115	14.209008
277.288607	105.536034	14.230938
277.724923	105.328665	14.253330
278.170262	105.117008	14.276186
278.372003	105.021127	14.286540
278.582767	104.920957	14.297356
278.802552	104.816499	14.308636
279.031359	104.707753	14.320379
279.269189	104.594720	14.332585
279.516041	104.477398	14.345254
279.771915	104.355789	14.358386
280.036811	104.229891	14.371980
280.310729	104.099706	14.386038
280.593670	103.965232	14.400559
280.885632	103.826471	14.415543
281.186617	103.683421	14.430991
281.496623	103.536084	14.446901
281.815652	103.384458	14.463274
282.143703	103.228545	14.480110
282.480777	103.068344	14.497409
282.826872	102.903855	14.515171
283.181989	102.735077	14.533397
283.546129	102.562012	14.552085
283.919291	102.384659	14.571236
284.301475	102.203018	14.590850
284.692681	102.017089	14.610928
285.092909	101.826872	14.631468
285.502159	101.632367	14.652472
285.920431	101.433574	14.673938
286.347726	101.230493	14.695868
286.784043	101.023124	14.718260
287.229381	100.811467	14.741116
287.431123	100.715586	14.751470
287.641886	100.615416	14.762286
287.861671	100.510958	14.773566
288.090479	100.402212	14.785309
288.328308	100.289179	14.797515
288.575160	100.171857	14.810184
288.831034	100.050248	14.823315
289.095930	99.924350	14.836910
289.369849	99.794164	14.850968
289.652789	99.659691	14.865489
289.944751	99.520930	14.880473
290.245736	99.377880	14.895920
290.555743	99.230543	14.911831
290.874772	99.078917	14.928204
291.202823	98.923004	14.945040
291.539896	98.762803	14.962339
291.885991	98.598314	14.980101
