29.856981	199.849165	18.690409
29.872825	199.691963	18.748710
29.896451	199.530812	18.811896
29.927855	199.365717	18.879975
29.967030	199.196678	18.952958
30.013974	199.023697	19.030853
30.068680	198.846779	19.113670
30.131144	198.665923	19.201419
30.201361	198.481134	19.294108
30.279326	198.292413	19.391748
30.365036	198.099763	19.494346
30.458484	197.903185	19.601914
30.559667	197.702683	19.714458
30.668579	197.498258	19.831990
30.785216	197.289914	19.954517
30.909575	197.077651	20.082048
31.041649	196.861473	20.214592
31.181434	196.641381	20.352158
31.328927	196.417379	20.494755
31.484123	196.189468	20.642390
31.647017	195.957651	20.795073
31.817605	195.721931	20.952812
31.995882	195.482308	21.115615
32.181846	195.238787	21.283490
32.375491	194.991369	21.456445
32.576814	194.740056	21.634488
32.785810	194.484851	21.817628
33.002476	194.225757	22.005871
33.226807	193.962775	22.199225
33.458800	193.695908	22.397699
33.698451	193.425158	22.601298
33.945757	193.150529	22.810032
34.200713	192.872021	23.023906
34.463316	192.589637	23.242928
34.733563	192.303381	23.467106
35.011450	192.013254	23.696445
35.296973	191.719258	23.930953
35.590130	191.421396	24.170637
35.890918	191.119671	24.415502
36.028562	190.983289	24.527100
36.173831	190.843047	24.643889
36.326725	190.698946	24.765873
36.487242	190.550987	24.893053
36.655380	190.399172	25.025433
36.831139	190.243500	25.163015
37.014516	190.083974	25.305803
37.205511	189.920594	25.453799
37.404122	189.753361	25.607005
37.610348	189.582277	25.765424
37.824188	189.407343	25.929059
38.045640	189.228559	26.097913
38.274704	189.045927	26.271988
38.511378	188.859448	26.451287
38.755661	188.669123	26.635811
39.007551	188.474953	26.825564
39.267048	188.276939	27.020549
39.534151	188.075082	27.220767
39.808858	187.869384	27.426220
40.091168	187.659845	27.636912
40.381080	187.446467	27.852845
40.678594	187.229250	28.074021
40.983708	187.008196	28.300441
41.296421	186.783306	28.532110
41.616733	186.554581	28.769028
41.944641	186.322022	29.011198
42.280146	186.085631	29.258622
42.623247	185.845407	29.511302
42.973942	185.601353	29.769240
43.131337	185.492459	29.884863
43.296326	185.379735	30.005747
43.468908	185.263183	30.131893
43.649082	185.142803	30.263302
43.836849	185.018595	30.399975
44.032207	184.890560	30.541913
44.235157	184.758699	30.689116
44.445698	184.623012	30.841586
44.663830	184.483500	30.999324
44.889552	184.340162	31.162329
45.122864	184.193000	31.330604
45.363767	184.042014	31.504149
45.612258	183.887205	31.682964
45.868339	183.728572	31.867051
46.132009	183.566117	32.056410
46.403267	183.399840	32.251042
46.682113	183.229741	32.450949
46.968548	183.055822	32.656130
47.262570	182.878082	32.866586
47.564179	182.696521	33.082319
47.873376	182.511142	33.303329
48.190159	182.321943	33.529617
48.514529	182.128926	33.761183
48.846486	181.932091	33.998029
49.186028	181.731439	34.240155
49.533156	181.526969	34.487561
49.887870	181.318684	34.740249
50.250169	181.106582	34.998219
50.414688	181.010545	35.115310
50.586792	180.910693	35.237685
50.766482	180.807026	35.365342
50.953756	180.699544	35.498284
51.148614	180.588248	35.636510
51.351057	180.473137	35.780020
51.561085	180.354213	35.928815
51.778698	180.231474	36.082895
52.003894	180.104923	36.242260
52.236675	179.974557	36.406910
52.477040	179.840379	36.576847
52.724989	179.702388	36.752070
52.980522	179.560584	36.932579
53.243640	179.414967	37.118375
53.514340	179.265539	37.309458
53.792625	179.112298	37.505828
54.078493	178.955246	37.707486
54.371945	178.794382	37.914431
54.672981	178.629707	38.126665
54.981600	178.461221	38.344187
55.297802	178.288925	38.566998
55.621588	178.112817	38.795098
55.952957	177.932900	39.028487
56.291909	177.749172	39.267165
56.638445	177.561634	39.511133
56.992563	177.370287	39.760391
57.354264	177.175131	40.014939
57.723549	176.976165	40.274778
57.890941	176.886099	40.392540
58.065916	176.792224	40.515593
58.248475	176.694541	40.643937
58.438616	176.593049	40.777572
58.636339	176.487748	40.916498
58.841646	176.378639	41.060715
59.054535	176.265722	41.210224
59.275007	176.148997	41.365025
59.503062	176.028464	41.525116
59.738700	175.904122	41.690500
59.981920	175.775973	41.861175
60.232723	175.644016	42.037143
60.491108	175.508252	42.218402
60.757077	175.368680	42.404953
61.030627	175.225301	42.596797
61.311761	175.078114	42.793933
61.600477	174.927120	42.996361
61.896775	174.772319	43.204082
62.200656	174.613711	43.417096
62.512120	174.451297	43.635402
62.831166	174.285075	43.859002
63.157795	174.115047	44.087894
63.492006	173.941213	44.322079
63.833799	173.763571	44.561557
64.183175	173.582124	44.806328
64.540134	173.396871	45.056393
64.904675	173.207811	45.311751
65.276798	173.014945	45.572403
65.445404	172.927615	45.690494
65.621592	172.836478	45.813879
65.805362	172.741536	45.942557
65.996715	172.642788	46.076530
66.195651	172.540235	46.215796
66.402168	172.433875	46.360355
66.616268	172.323711	46.510209
66.837951	172.209740	46.665356
67.067216	172.091964	46.825798
67.304063	171.970383	46.991533
67.548493	171.844997	47.162562
67.800505	171.715805	47.338886
68.060099	171.582808	47.520503
68.327276	171.446005	47.707415
68.602035	171.305397	47.899621
68.884377	171.160985	48.097120
69.174301	171.012767	48.299915
69.471807	170.860744	48.508003
69.776896	170.704916	48.721386
70.089567	170.545284	48.940063
70.409820	170.381846	49.164035
70.737656	170.214603	49.393301
71.073074	170.043556	49.627861
71.416075	169.868704	49.867716
71.766657	169.690048	50.112865
72.124823	169.507586	50.363310
72.490570	169.321321	50.619048
72.863900	169.131250	50.880082
73.033032	169.045166	50.998336
73.209746	168.955278	51.121885
73.394042	168.861586	51.250728
73.585921	168.764089	51.384867
73.785382	168.662787	51.524300
73.992426	168.557681	51.669028
74.207052	168.448771	51.819050
74.429260	168.336057	51.974368
74.659051	168.219538	52.134980
74.896424	168.099215	52.300887
75.141379	167.975088	52.472089
75.393917	167.847157	52.648586
75.654037	167.715421	52.830378
75.921739	167.579881	53.017464
76.197024	167.440537	53.209846
76.479892	167.297389	53.407522
76.770341	167.150437	53.610494
77.068373	166.999681	53.818760
77.373988	166.845121	54.032321
77.687184	166.686756	54.251178
78.007964	166.524588	54.475329
78.336325	166.358616	54.704775
78.672269	166.188839	54.939516
79.015795	166.015259	55.179553
79.366904	165.837875	55.424884
79.725595	165.656687	55.675510
80.091869	165.471695	55.931432
80.465725	165.282899	56.192649
80.635088	165.197383	56.310983
80.812033	165.108063	56.434613
80.996561	165.014938	56.563537
81.188672	164.918011	56.697757
81.388365	164.817279	56.837272
81.595640	164.712743	56.982082
81.810497	164.604404	57.132187
82.032937	164.492261	57.287588
82.262960	164.376315	57.448283
82.500565	164.256564	57.614274
82.745752	164.133010	57.785560
82.998521	164.005652	57.962141
83.258873	163.874491	58.144017
83.526808	163.739526	58.331189
83.802325	163.600757	58.523655
84.085424	163.458184	58.721417
84.376106	163.311808	58.924474
84.674370	163.161628	59.132826
84.980216	163.007645	59.346474
85.293645	162.849858	59.565417
85.614657	162.688267	59.789655
85.943250	162.522873	60.019188
86.279427	162.353675	60.254016
86.623185	162.180674	60.494140
86.974526	162.003869	60.739559
87.333450	161.823261	60.990273
87.699956	161.638848	61.246283
88.074044	161.450633	61.507587
88.243510	161.365374	61.625961
88.420559	161.276312	61.749629
88.605189	161.183447	61.878593
88.797403	161.086778	62.012853
88.997198	160.986305	62.152407
89.204577	160.882029	62.297257
89.419537	160.773949	62.447402
89.642080	160.662066	62.602842
89.872206	160.546380	62.763578
90.109914	160.426890	62.929609
90.355204	160.303597	63.100935
90.608077	160.176500	63.277557
90.868532	160.045599	63.459474
91.136570	159.910895	63.646686
91.412190	159.772388	63.839194
91.695392	159.630078	64.036997
91.986177	159.483963	64.240095
92.284545	159.334046	64.448489
92.590495	159.180325	64.662178
92.904027	159.022800	64.881162
93.225142	158.861473	65.105441
93.553839	158.696341	65.335016
93.890119	158.527407	65.569886
94.233981	158.354669	65.810052
94.585425	158.178127	66.055513
94.944452	157.997782	66.306269
95.311062	157.813634	66.562321
95.685254	157.625683	66.823668
95.854765	157.540541	66.942060
96.031860	157.451597	67.065747
96.216537	157.358849	67.194730
96.408796	157.262297	67.329008
96.608638	157.161943	67.468582
96.816062	157.057785	67.613450
97.031068	156.949823	67.763615
97.253657	156.838058	67.919074
97.483829	156.722490	68.079829
97.721583	156.603119	68.245879
97.966919	156.479944	68.417225
98.219838	156.352966	68.593866
98.480340	156.222184	68.775802
98.748424	156.087599	68.963034
99.024090	155.949211	69.155561
99.307339	155.807019	69.353384
99.598170	155.661024	69.556502
99.896583	155.511226	69.764915
100.202580	155.357624	69.978623
100.516158	155.200220	70.197627
100.837319	155.039011	70.421927
101.166063	154.874000	70.651521
101.502389	154.705185	70.886412
101.846297	154.532567	71.126597
102.197788	154.356145	71.372078
102.556861	154.175920	71.622854
102.923517	153.991892	71.878926
103.297755	153.804061	72.140293
103.467288	153.718973	72.258694
103.644403	153.630082	72.382390
103.829100	153.537387	72.511382
104.021380	153.440889	72.645669
104.221243	153.340588	72.785251
104.428687	153.236484	72.930129
104.643715	153.128576	73.080302
104.866324	153.016865	73.235771
105.096517	152.901351	73.396535
105.334291	152.782033	73.562595
105.579648	152.658912	73.733949
105.832588	152.531988	73.910600
106.093110	152.401260	74.092545
106.361215	152.266730	74.279786
106.636902	152.128395	74.472322
106.920171	151.986258	74.670154
107.211023	151.840317	74.873281
107.509458	151.690573	75.081704
107.815474	151.537026	75.295422
108.129074	151.379676	75.514435
108.450256	151.218522	75.738744
108.779020	151.053565	75.968348
109.115367	150.884804	76.203247
109.459296	150.712241	76.443442
109.810808	150.535874	76.688933
110.169902	150.355703	76.939718
110.536578	150.171730	77.195799
110.910838	149.983953	77.457176
111.080379	149.898890	77.575581
111.257503	149.810023	77.699281
111.442210	149.717352	77.828277
111.634499	149.620879	77.962569
111.834371	149.520602	78.102156
112.041825	149.416522	78.247038
112.256862	149.308639	78.397215
112.479481	149.196953	78.552688
112.709682	149.081463	78.713456
112.947466	148.962170	78.879520
113.192833	148.839073	79.050879
113.445782	148.712174	79.227534
113.706313	148.581471	79.409484
113.974427	148.446965	79.596729
114.250123	148.308655	79.789270
114.533402	148.166543	79.987106
114.824263	148.020627	80.190237
115.122707	147.870907	80.398664
115.428733	147.717385	80.612387
115.742342	147.560059	80.831404
116.063533	147.398930	81.055717
116.392307	147.233998	81.285326
116.728663	147.065262	81.520230
117.072602	146.892723	81.760429
117.424123	146.716381	82.005924
117.783226	146.536236	82.256714
118.149912	146.352287	82.512800
118.524181	146.164535	82.774180
118.693727	146.079483	82.892588
118.870855	145.990627	83.016290
119.055566	145.897968	83.145288
119.247859	145.801506	83.279581
119.447735	145.701240	83.419170
119.655193	145.597171	83.564054
119.870234	145.489299	83.714234
120.092857	145.377624	83.869709
120.323063	145.262145	84.030479
120.560851	145.142863	84.196545
120.806222	145.019778	84.367906
121.059175	144.892889	84.544563
121.319711	144.762198	84.726514
121.587829	144.627703	84.913762
121.863529	144.489405	85.106305
122.146812	144.347303	85.304143
122.437678	144.201398	85.507276
122.736126	144.051691	85.715705
123.042156	143.898179	85.929430
123.355769	143.740865	86.148449
123.676965	143.579747	86.372765
124.005742	143.414826	86.602375
124.342103	143.246102	86.837281
124.686046	143.073574	87.077483
125.037571	142.897243	87.322979
125.396679	142.717109	87.573772
125.763369	142.533172	87.829859
126.137642	142.345432	88.091242
126.307190	142.260384	88.209650
126.484320	142.171533	88.333354
126.669033	142.078879	88.462353
126.861328	141.982422	88.596647
127.061205	141.882161	88.736236
127.268666	141.778098	88.881122
127.483708	141.670231	89.031302
127.706333	141.558560	89.186778
127.936541	141.443087	89.347549
128.174331	141.323810	89.513616
128.419704	141.200730	89.684978
128.672659	141.073847	89.861636
128.933196	140.943160	90.043588
129.201316	140.808670	90.230837
129.477019	140.670377	90.423380
129.760304	140.528281	90.621220
130.051171	140.382381	90.824354
130.349621	140.232678	91.032784
130.655653	140.079172	91.246509
130.969268	139.921863	91.465530
131.290465	139.760750	91.689846
131.619245	139.595835	91.919458
131.955607	139.427115	92.154365
132.299552	139.254593	92.394567
132.651079	139.078267	92.640065
133.010189	138.898139	92.890858
133.376881	138.714206	93.146947
133.751156	138.526471	93.408331
133.920705	138.441426	93.526739
134.097836	138.352577	93.650443
134.282549	138.259926	93.779442
134.474845	138.163471	93.913737
134.674724	138.063213	94.053327
134.882185	137.959151	94.198213
135.097229	137.851286	94.348393
135.319855	137.739618	94.503870
135.550063	137.624147	94.664641
135.787854	137.504873	94.830709
136.033227	137.381795	95.002071
136.286183	137.254914	95.178729
136.546722	137.124230	95.360682
136.814842	136.989742	95.547931
137.090546	136.851452	95.740475
137.373832	136.709358	95.938315
137.664700	136.563460	96.141450
137.963151	136.413760	96.349880
138.269184	136.260256	96.563606
138.582800	136.102949	96.782627
138.903998	135.941839	97.006944
139.232778	135.776925	97.236556
139.569142	135.608209	97.471463
139.913087	135.435689	97.711666
140.264615	135.259365	97.957164
140.623726	135.079239	98.207958
140.990419	134.895309	98.464047
141.364694	134.707576	98.725431
141.534243	134.622532	98.843840
141.711375	134.533684	98.967544
141.896089	134.441034	99.096544
142.088385	134.344580	99.230838
142.288264	134.244323	99.370429
142.495726	134.140262	99.515315
142.710770	134.032399	99.665496
142.933396	133.920732	99.820972
143.163605	133.805262	99.981744
143.401396	133.685988	100.147811
143.646770	133.562911	100.319174
143.899726	133.436032	100.495832
144.160265	133.305348	100.677786
144.428386	133.170862	100.865035
144.704090	133.032572	101.057579
144.987376	132.890479	101.255419
145.278245	132.744583	101.458554
145.576696	132.594884	101.666985
145.882730	132.441381	101.880711
146.196346	132.284075	102.099732
146.517544	132.122966	102.324049
146.846325	131.958054	102.553661
147.182689	131.789338	102.788569
147.526635	131.616819	103.028772
147.878163	131.440497	103.274270
148.237274	131.260371	103.525064
148.603968	131.076443	103.781153
148.978244	130.888711	104.042538
149.147793	130.803667	104.160947
149.324925	130.714820	104.284651
149.509639	130.622170	104.413650
149.701935	130.525716	104.547945
149.901814	130.425460	104.687536
150.109276	130.321400	104.832422
150.324320	130.213537	104.982603
150.546947	130.101870	105.138079
150.777156	129.986401	105.298852
151.014947	129.867128	105.464919
151.260321	129.744051	105.636282
151.513278	129.617172	105.812940
151.773817	129.486489	105.994894
152.041938	129.352003	106.182143
152.317642	129.213714	106.374687
152.600928	129.071622	106.572527
152.891797	128.925726	106.775662
153.190248	128.776027	106.984093
153.496282	128.622525	107.197819
153.809898	128.465220	107.416841
154.131097	128.304111	107.641157
154.459878	128.139199	107.870770
154.796242	127.970484	108.105677
155.140188	127.797965	108.345881
155.491717	127.621644	108.591379
155.850828	127.441519	108.842173
156.217522	127.257590	109.098262
156.591798	127.069859	109.359647
156.761347	126.984816	109.478056
156.938479	126.895969	109.601760
157.123193	126.803319	109.730760
157.315490	126.706866	109.865055
157.515369	126.606609	110.004645
157.722831	126.502550	110.149531
157.937875	126.394687	110.299712
158.160502	126.283020	110.455189
158.390711	126.167551	110.615961
158.628502	126.048278	110.782029
158.873876	125.925202	110.953392
159.126833	125.798323	111.130050
159.387372	125.667641	111.312004
159.655493	125.533155	111.499253
159.931197	125.394866	111.691797
160.214484	125.252774	111.889637
160.505353	125.106878	112.092772
160.803804	124.957179	112.301203
161.109838	124.803678	112.514929
161.423454	124.646372	112.733951
161.744653	124.485264	112.958268
162.073434	124.320352	113.187880
162.409798	124.151637	113.422788
162.753745	123.979119	113.662991
163.105273	123.802797	113.908489
163.464384	123.622673	114.159283
163.831078	123.438745	114.415373
164.205354	123.251014	114.676758
164.374904	123.165970	114.795166
164.552035	123.077124	114.918871
164.736750	122.984474	115.047870
164.929047	122.888021	115.182165
165.128926	122.787764	115.321756
165.336387	122.683705	115.466642
165.551432	122.575842	115.616823
165.774058	122.464176	115.772300
166.004267	122.348706	115.933072
166.242059	122.229434	116.099139
166.487433	122.106358	116.270502
166.740390	121.979479	116.447161
167.000929	121.848796	116.629114
167.269050	121.714311	116.816363
167.544754	121.576022	117.008908
167.828041	121.433930	117.206748
168.118910	121.288035	117.409883
168.417361	121.138336	117.618314
168.723395	120.984834	117.832040
169.037012	120.827529	118.051062
169.358210	120.666421	118.275379
169.686992	120.501509	118.504991
170.023356	120.332794	118.739899
170.367302	120.160276	118.980102
170.718831	119.983955	119.225601
171.077942	119.803830	119.476394
171.444636	119.619902	119.732484
171.818912	119.432171	119.993869
171.988461	119.347128	120.112278
172.165593	119.258281	120.235982
172.350307	119.165631	120.364981
172.542604	119.069178	120.499277
172.742483	118.968922	120.638867
172.949945	118.864862	120.783753
173.164989	118.757000	120.933934
173.387616	118.645334	121.089411
173.617825	118.529864	121.250183
173.855617	118.410592	121.416251
174.100991	118.287516	121.587613
174.353947	118.160637	121.764272
174.614487	118.029954	121.946225
174.882608	117.895469	122.133475
175.158312	117.757180	122.326019
175.441599	117.615088	122.523859
175.732468	117.469193	122.726994
176.030919	117.319494	122.935425
176.336953	117.165992	123.149151
176.650569	117.008687	123.368173
176.971768	116.847579	123.592490
177.300550	116.682667	123.822102
177.636913	116.513953	124.057010
177.980860	116.341435	124.297213
178.332389	116.165113	124.542712
178.691500	115.984989	124.793506
179.058194	115.801061	125.049595
179.432470	115.613330	125.310980
179.602019	115.528286	125.429389
179.779151	115.439440	125.553093
179.963865	115.346790	125.682093
180.156162	115.250337	125.816388
180.356041	115.150081	125.955978
180.563503	115.046021	126.100864
180.778547	114.938158	126.251046
181.001174	114.826492	126.406522
181.231383	114.711023	126.567294
181.469175	114.591751	126.733362
181.714549	114.468675	126.904725
181.967506	114.341796	127.081383
182.228045	114.211113	127.263337
182.496166	114.076628	127.450586
182.771870	113.938339	127.643131
183.055157	113.796247	127.840971
183.346026	113.650352	128.044106
183.644477	113.500653	128.252537
183.950511	113.347151	128.466263
184.264128	113.189846	128.685284
184.585326	113.028738	128.909601
184.914108	112.863827	129.139214
185.250472	112.695112	129.374121
185.594418	112.522594	129.614325
185.945947	112.346272	129.859823
186.305058	112.166148	130.110617
186.671752	111.982220	130.366707
187.046028	111.794489	130.628091
187.215577	111.709446	130.746500
187.392709	111.620599	130.870205
187.577424	111.527949	130.999204
187.769720	111.431496	131.133499
187.969600	111.331240	131.273090
188.177061	111.227181	131.417976
188.392106	111.119318	131.568157
188.614732	111.007652	131.723634
188.844941	110.892183	131.884406
189.082733	110.772910	132.050473
189.328107	110.649834	132.221836
189.581064	110.522955	132.398495
189.841603	110.392273	132.580448
190.109724	110.257787	132.767698
190.385428	110.119499	132.960242
190.668715	109.977407	133.158082
190.959584	109.831511	133.361217
191.258035	109.681813	133.569648
191.564069	109.528311	133.783374
191.877686	109.371006	134.002396
192.198885	109.209898	134.226713
192.527666	109.044986	134.456325
192.864030	108.876271	134.691233
193.207976	108.703753	134.931436
193.559505	108.527432	135.176935
193.918616	108.347307	135.427729
194.285310	108.163380	135.683818
194.659586	107.975649	135.945203
194.829136	107.890605	136.063612
195.006268	107.801759	136.187316
195.190982	107.709109	136.316316
195.383279	107.612656	136.450611
195.583158	107.512400	136.590201
195.790620	107.408340	136.735087
196.005664	107.300478	136.885269
196.228291	107.188811	137.040745
196.458500	107.073342	137.201517
196.696291	106.954070	137.367585
196.941666	106.830994	137.538948
197.194622	106.704115	137.715606
197.455161	106.573433	137.897560
197.723283	106.438947	138.084809
197.998987	106.300658	138.277354
198.282273	106.158566	138.475194
198.573142	106.012671	138.678329
198.871594	105.862972	138.886760
199.177628	105.709471	139.100486
199.491244	105.552166	139.319507
199.812443	105.391057	139.543824
200.141224	105.226146	139.773437
200.477588	105.057431	140.008345
200.821535	104.884913	140.248548
201.173063	104.708592	140.494046
201.532175	104.528467	140.744840
201.898868	104.344539	141.000930
202.273145	104.156808	141.262315
202.442694	104.071765	141.380723
202.619826	103.982919	141.504428
202.804540	103.890269	141.633427
202.996837	103.793816	141.767722
203.196716	103.693560	141.907313
203.404178	103.589500	142.052199
203.619222	103.481637	142.202380
203.841849	103.369971	142.357857
204.072058	103.254502	142.518629
204.309850	103.135229	142.684696
204.555224	103.012154	142.856059
204.808180	102.885275	143.032718
205.068720	102.754592	143.214671
205.336841	102.620107	143.401921
205.612545	102.481818	143.594465
205.895832	102.339726	143.792305
206.186701	102.193831	143.995440
206.485152	102.044132	144.203871
206.791186	101.890630	144.417597
207.104803	101.733325	144.636619
207.426001	101.572217	144.860936
207.754783	101.407306	145.090548
208.091147	101.238591	145.325456
208.435093	101.066073	145.565659
208.786622	100.889752	145.811158
209.145733	100.709627	146.061952
209.512427	100.525699	146.318041
209.886703	100.337968	146.579426
210.056252	100.252925	146.697835
210.233384	100.164078	146.821539
210.418099	100.071429	146.950539
210.610395	99.974976	147.084834
210.810275	99.874719	147.224425
211.017736	99.770660	147.369310
211.232781	99.662797	147.519492
211.455407	99.551131	147.674968
211.685616	99.435662	147.835741
211.923408	99.316389	148.001808
212.168782	99.193313	148.173171
212.421739	99.066434	148.349829
212.682278	98.935752	148.531783
212.950399	98.801267	148.719032
213.226104	98.662978	148.911577
213.509390	98.520886	149.109417
213.800259	98.374991	149.312552
214.098711	98.225292	149.520983
214.404744	98.071790	149.734709
214.718361	97.914485	149.953731
215.039560	97.753377	150.178048
215.368341	97.588465	150.407660
215.704705	97.419751	150.642568
216.048651	97.247233	150.882771
216.400180	97.070911	151.128269
216.759291	96.890787	151.379063
217.125985	96.706859	151.635153
217.500261	96.519128	151.896538
217.669811	96.434085	152.014947
217.846943	96.345238	152.138651
218.031657	96.252588	152.267651
218.223954	96.156135	152.401946
218.423833	96.055879	152.541536
218.631295	95.951820	152.686422
218.846339	95.843957	152.836603
219.068966	95.732291	152.992080
219.299175	95.616822	153.152852
219.536966	95.497549	153.318920
219.782341	95.374473	153.490283
220.035297	95.247594	153.666941
220.295836	95.116912	153.848895
220.563958	94.982426	154.036144
220.839662	94.844138	154.228688
221.122948	94.702046	154.426528
221.413817	94.556150	154.629664
221.712269	94.406452	154.838094
222.018303	94.252950	155.051821
222.331919	94.095645	155.270842
222.653118	93.934537	155.495159
222.981900	93.769625	155.724771
223.318263	93.600910	155.959679
223.662210	93.428392	156.199882
224.013739	93.252071	156.445381
224.372850	93.071947	156.696175
224.739544	92.888019	156.952264
225.113820	92.700288	157.213649
225.283369	92.615245	157.332058
225.460501	92.526398	157.455762
225.645215	92.433748	157.584762
225.837512	92.337295	157.719057
226.037391	92.237039	157.858648
226.244853	92.132979	158.003534
226.459897	92.025117	158.153715
226.682524	91.913451	158.309192
226.912733	91.797981	158.469964
227.150525	91.678709	158.636031
227.395899	91.555633	158.807394
227.648856	91.428754	158.984052
227.909395	91.298072	159.166006
228.177516	91.163586	159.353255
228.453220	91.025298	159.545800
228.736507	90.883206	159.743640
229.027376	90.737310	159.946775
229.325827	90.587612	160.155206
229.631861	90.434110	160.368932
229.945478	90.276805	160.587954
230.266677	90.115697	160.812271
230.595458	89.950785	161.041883
230.931822	89.782070	161.276791
231.275768	89.609552	161.516994
231.627297	89.433231	161.762493
231.986408	89.253106	162.013287
232.353102	89.069179	162.269376
232.727378	88.881448	162.530761
232.896928	88.796404	162.649170
233.074059	88.707558	162.772874
233.258774	88.614908	162.901874
233.451071	88.518455	163.036169
233.650950	88.418199	163.175759
233.858412	88.314139	163.320645
234.073456	88.206277	163.470826
234.296082	88.094611	163.626303
234.526292	87.979141	163.787075
234.764083	87.859869	163.953143
235.009457	87.736793	164.124506
235.262414	87.609914	164.301164
235.522953	87.479232	164.483118
235.791075	87.344746	164.670367
236.066779	87.206457	164.862911
236.350065	87.064365	165.060751
236.640934	86.918470	165.263887
236.939386	86.768772	165.472318
237.245420	86.615270	165.686044
237.559036	86.457965	165.905065
237.880235	86.296856	166.129382
238.209016	86.131945	166.358995
238.545380	85.963230	166.593902
238.889326	85.790712	166.834106
239.240855	85.614391	167.079604
239.599967	85.434266	167.330398
239.966660	85.250339	167.586488
240.340937	85.062608	167.847872
240.510486	84.977564	167.966281
240.687618	84.888718	168.089986
240.872332	84.796068	168.218985
241.064629	84.699615	168.353280
241.264508	84.599359	168.492871
241.471970	84.495299	168.637757
241.687014	84.387436	168.787938
241.909641	84.275770	168.943415
242.139850	84.160301	169.104187
242.377642	84.041029	169.270254
242.623016	83.917953	169.441617
242.875972	83.791074	169.618276
243.136511	83.660392	169.800229
243.404633	83.525906	169.987478
243.680337	83.387617	170.180023
243.963624	83.245525	170.377863
244.254493	83.099630	170.580998
244.552944	82.949931	170.789429
244.858978	82.796430	171.003155
245.172594	82.639125	171.222177
245.493793	82.478016	171.446494
245.822575	82.313105	171.676106
246.158939	82.144390	171.911014
246.502885	81.971872	172.151217
246.854414	81.795551	172.396716
247.213525	81.615426	172.647510
247.580219	81.431498	172.903599
247.954495	81.243767	173.164984
248.124044	81.158724	173.283393
248.301176	81.069878	173.407097
248.485890	80.977228	173.536097
248.678187	80.880775	173.670392
248.878067	80.780519	173.809982
249.085528	80.676459	173.954868
249.300572	80.568596	174.105050
249.523199	80.456930	174.260526
249.753408	80.341461	174.421298
249.991200	80.222188	174.587366
250.236574	80.099113	174.758729
250.489531	79.972234	174.935387
250.750070	79.841551	175.117341
251.018191	79.707066	175.304590
251.293895	79.568777	175.497135
251.577182	79.426685	175.694975
251.868051	79.280790	175.898110
252.166502	79.131091	176.106541
252.472536	78.977589	176.320267
252.786153	78.820284	176.539288
253.107352	78.659176	176.763605
253.436133	78.494265	176.993218
253.772497	78.325550	177.228126
254.116443	78.153032	177.468329
254.467972	77.976711	177.713827
254.827083	77.796586	177.964621
255.193777	77.612658	178.220711
255.568053	77.424927	178.482096
255.737603	77.339884	178.600504
255.914735	77.251037	178.724209
256.099449	77.158388	178.853208
256.291746	77.061935	178.987504
256.491625	76.961678	179.127094
256.699087	76.857619	179.271980
256.914131	76.749756	179.422161
257.136758	76.638090	179.577638
257.366967	76.522621	179.738410
257.604758	76.403348	179.904478
257.850133	76.280272	180.075840
258.103089	76.153393	180.252499
258.363628	76.022711	180.434453
258.631750	75.888226	180.621702
258.907454	75.749937	180.814246
259.190740	75.607845	181.012086
259.481609	75.461950	181.215221
259.780061	75.312251	181.423652
260.086095	75.158749	181.637378
260.399711	75.001444	181.856400
260.720910	74.840336	182.080717
261.049691	74.675424	182.310329
261.386055	74.506710	182.545237
261.730002	74.334192	182.785440
262.081530	74.157870	183.030939
262.440642	73.977746	183.281733
262.807336	73.793818	183.537822
263.181612	73.606087	183.799207
263.351161	73.521044	183.917616
263.528293	73.432197	184.041320
263.713007	73.339547	184.170320
263.905304	73.243094	184.304615
264.105183	73.142838	184.444206
264.312645	73.038779	184.589091
264.527689	72.930916	184.739273
264.750316	72.819250	184.894749
264.980525	72.703781	185.055522
265.218317	72.584508	185.221589
265.463691	72.461432	185.392952
265.716648	72.334553	185.569610
265.977187	72.203871	185.751564
266.245308	72.069386	185.938813
266.521012	71.931097	186.131358
266.804299	71.789005	186.329198
267.095168	71.643109	186.532333
267.393619	71.493411	186.740764
267.699653	71.339909	186.954490
268.013270	71.182604	187.173512
