15.310822	234.939922	47.954648
15.301607	234.810168	47.995561
15.295083	234.675786	48.044918
15.291249	234.536776	48.102723
15.290101	234.393141	48.168978
15.291635	234.244882	48.243683
15.295849	234.092000	48.326841
15.302739	233.934498	48.418455
15.312301	233.772377	48.518526
15.324534	233.605639	48.627055
15.339432	233.434285	48.744046
15.356994	233.258318	48.869500
15.377217	233.077739	49.003419
15.400095	232.892550	49.145804
15.425628	232.702752	49.296658
15.453811	232.508348	49.455983
15.484642	232.309339	49.623781
15.518117	232.105726	49.800053
15.554234	231.897512	49.984801
15.592989	231.684699	50.178028
15.634379	231.467287	50.379735
15.678401	231.245279	50.589924
15.725052	231.018676	50.808597
15.774330	230.787481	51.035755
15.826232	230.551694	51.271402
15.880753	230.311318	51.515538
15.937893	230.066355	51.768165
15.997647	229.816806	52.029285
16.060013	229.562673	52.298900
16.124988	229.303958	52.577012
16.192570	229.040662	52.863623
16.262756	228.772787	53.158734
16.335542	228.500336	53.462347
16.410927	228.223309	53.774464
16.488908	227.941709	54.095087
16.569482	227.655538	54.424217
16.652646	227.364796	54.761856
16.738399	227.069486	55.108006
16.826737	226.769611	55.462668
16.917658	226.465170	55.825845
17.011160	226.156167	56.197538
17.053948	226.016526	56.366859
17.099313	225.872325	56.544699
17.147255	225.723565	56.731057
17.197771	225.570246	56.925936
17.250862	225.412370	57.129335
17.306526	225.249937	57.341255
17.364762	225.082947	57.561698
17.425569	224.911403	57.790664
17.488946	224.735304	58.028153
17.554893	224.554651	58.274166
17.623407	224.369446	58.528705
17.694489	224.179688	58.791769
17.768137	223.985380	59.063360
17.844350	223.786521	59.343478
17.923127	223.583112	59.632124
18.004468	223.375155	59.929298
18.088371	223.162650	60.235002
18.174836	222.945598	60.549236
18.263862	222.723999	60.872001
18.355447	222.497855	61.203297
18.449591	222.267166	61.543126
18.546293	222.031934	61.891487
18.645553	221.792158	62.248382
18.747368	221.547841	62.613812
18.851739	221.298982	62.987776
18.958665	221.045582	63.370276
19.068145	220.787643	63.761312
19.180178	220.525165	64.160885
19.231321	220.405986	64.343041
19.285017	220.282269	64.533734
19.341264	220.154014	64.732966
19.400062	220.021223	64.940737
19.461411	219.883896	65.157046
19.525311	219.742032	65.381894
19.591761	219.595632	65.615283
19.660761	219.444697	65.857210
19.732310	219.289227	66.107678
19.806408	219.129223	66.366687
19.883056	218.964684	66.634236
19.962252	218.795611	66.910326
20.043996	218.622005	67.194958
20.128288	218.443866	67.488131
20.215128	218.261194	67.789846
20.304515	218.073990	68.100103
20.396449	217.882253	68.418902
20.490929	217.685985	68.746245
20.587957	217.485186	69.082130
20.687530	217.279856	69.426559
20.789649	217.069996	69.779531
20.894313	216.855605	70.141048
21.001523	216.636685	70.511108
21.111278	216.413236	70.889713
21.223577	216.185257	71.276863
21.338421	215.952750	71.672558
21.455809	215.715715	72.076799
21.575741	215.474153	72.489585
21.630179	215.364770	72.676860
21.687161	215.250860	72.872681
21.746686	215.132423	73.077048
21.808755	215.009459	73.289961
21.873366	214.881968	73.511421
21.940521	214.749951	73.741427
22.010218	214.613408	73.979981
22.082458	214.472338	74.227081
22.157241	214.326743	74.482727
22.234567	214.176622	74.746921
22.314435	214.021975	75.019663
22.396846	213.862802	75.300951
22.481798	213.699105	75.590787
22.569293	213.530882	75.889170
22.659330	213.358135	76.196102
22.751909	213.180862	76.511581
22.847030	212.999065	76.835608
22.944693	212.812744	77.168183
23.044897	212.621899	77.509306
23.147643	212.426529	77.858977
23.252930	212.226636	78.217197
23.360758	212.022219	78.583966
23.471128	211.813278	78.959283
23.584039	211.599814	79.343149
23.699492	211.381827	79.735564
23.817485	211.159317	80.136528
23.938019	210.932285	80.546041
24.061094	210.700729	80.964103
24.116881	210.595885	81.153565
24.175208	210.486519	81.351575
24.236076	210.372631	81.558136
24.299485	210.254220	81.773246
24.365434	210.131288	81.996905
24.433924	210.003833	82.229114
24.504955	209.871856	82.469873
24.578526	209.735358	82.719182
24.654637	209.594337	82.977041
24.733289	209.448795	83.243449
24.814481	209.298732	83.518407
24.898213	209.144147	83.801916
24.984486	208.985040	84.093974
25.073299	208.821412	84.394583
25.164652	208.653263	84.703742
25.258545	208.480592	85.021450
25.354979	208.303401	85.347710
25.453952	208.121688	85.682519
25.555466	207.935455	86.025879
25.659520	207.744700	86.377789
25.766113	207.549425	86.738250
25.875247	207.349629	87.107262
25.986921	207.145312	87.484823
26.101134	206.936475	87.870936
26.217888	206.723118	88.265599
26.337181	206.505240	88.668813
26.459015	206.282841	89.080578
26.583388	206.055923	89.500894
26.639741	205.953157	89.691323
26.698634	205.845871	89.890304
26.760066	205.734065	90.097836
26.824039	205.617739	90.313919
26.890551	205.496893	90.538552
26.959603	205.371527	90.771737
27.031194	205.241641	91.013473
27.105325	205.107236	91.263759
27.181996	204.968310	91.522597
27.261207	204.824865	91.789986
27.342957	204.676900	92.065926
27.427247	204.524415	92.350418
27.514076	204.367411	92.643460
27.603445	204.205886	92.945054
27.695354	204.039843	93.255199
27.789802	203.869279	93.573895
27.886790	203.694197	93.901143
27.986317	203.514594	94.236941
28.088384	203.330473	94.581291
28.192991	203.141831	94.934193
28.300137	202.948671	95.295646
28.409822	202.750991	95.665650
28.522047	202.548792	96.044206
28.636812	202.342073	96.431313
28.754116	202.130836	96.826971
28.873960	201.915079	97.231181
28.996343	201.694803	97.643943
29.121265	201.470008	98.065256
29.177860	201.368189	98.256122
29.236995	201.261851	98.455540
29.298669	201.150994	98.663509
29.362882	201.035618	98.880030
29.429635	200.915723	99.105103
29.498927	200.791309	99.338727
29.570758	200.662376	99.580903
29.645130	200.528924	99.831630
29.722040	200.390953	100.090909
29.801490	200.248464	100.358740
29.883479	200.101455	100.635123
29.968008	199.949927	100.920057
30.055076	199.793881	101.213543
30.144684	199.633316	101.515580
30.236830	199.468232	101.826169
30.331517	199.298629	102.145310
30.428743	199.124507	102.473003
30.528508	198.945867	102.809247
30.630812	198.762708	103.154043
30.735656	198.575030	103.507391
30.843039	198.382833	103.869291
30.952962	198.186118	104.239742
31.065424	197.984884	104.618745
31.180425	197.779131	105.006300
31.297966	197.568860	105.402407
31.418046	197.354070	105.807066
31.540665	197.134762	106.220276
31.665824	196.910935	106.642039
31.722523	196.809546	106.833103
31.781762	196.703640	107.032719
31.843540	196.593214	107.240887
31.907858	196.478271	107.457607
31.974715	196.358808	107.682879
32.044111	196.234827	107.916703
32.116046	196.106328	108.159079
32.190521	195.973310	108.410006
32.267535	195.835774	108.669486
32.347089	195.693719	108.937517
32.429182	195.547145	109.214100
32.513814	195.396053	109.499235
32.600986	195.240443	109.792922
32.690696	195.080314	110.095161
32.782947	194.915667	110.405952
32.877736	194.746501	110.725295
32.975065	194.572817	111.053190
33.074933	194.394614	111.389636
33.177341	194.211893	111.734635
33.282288	194.024653	112.088186
33.389774	193.832895	112.450288
33.499799	193.636619	112.820942
33.612364	193.435824	113.200149
33.727468	193.230511	113.587907
33.845112	193.020680	113.984217
33.965294	192.806330	114.389080
34.088016	192.587462	114.802494
34.213278	192.364075	115.224460
34.270023	192.262883	115.415615
34.329307	192.157172	115.615322
34.391130	192.046943	115.823580
34.455493	191.932196	116.040391
34.522396	191.812930	116.265754
34.591837	191.689146	116.499668
34.663818	191.560844	116.742135
34.738338	191.428023	116.993154
34.815397	191.290685	117.252725
34.894996	191.148827	117.520847
34.977134	191.002452	117.797522
35.061811	190.851558	118.082749
35.149028	190.696146	118.376527
35.238784	190.536215	118.678858
35.331079	190.371767	118.989741
35.425914	190.202800	119.309176
35.523288	190.029314	119.637162
35.623201	189.851311	119.973701
35.725654	189.668789	120.318792
35.830646	189.481749	120.672435
35.938177	189.290190	121.034630
36.048247	189.094114	121.405377
36.160857	188.893519	121.784676
36.276006	188.688406	122.172527
36.393694	188.478774	122.568929
36.513922	188.264625	122.973885
36.636689	188.045957	123.387392
36.761995	187.822770	123.809451
36.818760	187.721667	124.000647
36.878064	187.616046	124.200395
36.939908	187.505906	124.408695
37.004291	187.391248	124.625547
37.071213	187.272072	124.850951
37.140674	187.148378	125.084907
37.212675	187.020165	125.327415
37.287215	186.887434	125.578476
37.364294	186.750185	125.838088
37.443912	186.608418	126.106252
37.526070	186.462132	126.382969
37.610768	186.311329	126.668237
37.698004	186.156007	126.962058
37.787780	185.996167	127.264430
37.880095	185.831808	127.575355
37.974949	185.662932	127.894832
38.072343	185.489537	128.222861
38.172276	185.311624	128.559441
38.274748	185.129193	128.904574
38.379760	184.942243	129.258259
38.487311	184.750775	129.620496
38.597401	184.554790	129.991285
38.710031	184.354286	130.370627
38.825200	184.149263	130.758520
38.942908	183.939723	131.154965
39.063155	183.725664	131.559962
39.185942	183.507088	131.973512
39.311268	183.283993	132.395613
39.368042	183.182930	132.586828
39.427355	183.077349	132.786595
39.489207	182.967250	132.994914
39.553598	182.852633	133.211785
39.620529	182.733497	133.437208
39.689999	182.609844	133.671183
39.762009	182.481672	133.913710
39.836557	182.348982	134.164790
39.913645	182.211774	134.424421
39.993273	182.070047	134.692604
40.075439	181.923803	134.969340
40.160145	181.773040	135.254627
40.247390	181.617759	135.548467
40.337175	181.457960	135.850859
40.429499	181.293643	136.161803
40.524362	181.124807	136.481298
40.621764	180.951454	136.809346
40.721706	180.773582	137.145946
40.824187	180.591192	137.491099
40.929208	180.404284	137.844803
41.036767	180.212857	138.207059
41.146866	180.016913	138.577867
41.259504	179.816450	138.957228
41.374682	179.611469	139.345140
41.492399	179.401970	139.741605
41.612655	179.187953	140.146622
41.735451	178.969418	140.560190
41.860785	178.746364	140.982311
41.917563	178.645320	141.173534
41.976880	178.539758	141.373310
42.038736	178.429677	141.581637
42.103131	178.315078	141.798517
42.170066	178.195962	142.023949
42.239540	178.072326	142.257933
42.311553	177.944173	142.500468
42.386106	177.811502	142.751556
42.463197	177.674312	143.011196
42.542829	177.532605	143.279389
42.624999	177.386379	143.556133
42.709709	177.235635	143.841429
42.796958	177.080372	144.135277
42.886746	176.920592	144.437678
42.979074	176.756293	144.748630
43.073941	176.587477	145.068135
43.171348	176.414142	145.396192
43.271293	176.236289	145.732801
43.373778	176.053918	146.077962
43.478802	175.867028	146.431674
43.586366	175.675621	146.793940
43.696469	175.479695	147.164757
43.809111	175.279251	147.544126
43.924292	175.074289	147.932047
44.042013	174.864809	148.328521
44.162273	174.650811	148.733546
44.285072	174.432294	149.147124
44.410411	174.209260	149.569253
44.467190	174.108224	149.760481
44.526509	174.002670	149.960260
44.588367	173.892598	150.168592
44.652764	173.778008	150.385475
44.719700	173.658899	150.610911
44.789176	173.535272	150.844899
44.861191	173.407128	151.087438
44.935745	173.274465	151.338530
45.012839	173.137284	151.598174
45.092472	172.995584	151.866370
45.174644	172.849367	152.143119
45.259355	172.698631	152.428419
45.346606	172.543378	152.722271
45.436396	172.383606	153.024676
45.528726	172.219316	153.335632
45.623594	172.050508	153.655141
45.721002	171.877181	153.983202
45.820950	171.699337	154.319814
45.923436	171.516974	154.664979
46.028462	171.330093	155.018696
46.136028	171.138695	155.380965
46.246132	170.942777	155.751786
46.358776	170.742342	156.131160
46.473959	170.537389	156.519085
46.591682	170.327917	156.915563
46.711943	170.113928	157.320592
46.834745	169.895420	157.734174
46.960085	169.672394	158.156307
47.016865	169.571362	158.347536
47.076184	169.465812	158.547318
47.138043	169.355743	158.755651
47.202441	169.241157	158.972536
47.269378	169.122052	159.197974
47.338854	168.998429	159.431963
47.410870	168.870288	159.674505
47.485425	168.737629	159.925599
47.562519	168.600452	160.185244
47.642153	168.458757	160.453442
47.724326	168.312543	160.730192
47.809038	168.161811	161.015494
47.896290	168.006562	161.309349
47.986081	167.846794	161.611755
48.078411	167.682508	161.922713
48.173280	167.513703	162.242224
48.270689	167.340381	162.570286
48.370637	167.162540	162.906901
48.473125	166.980182	163.252068
48.578152	166.793305	163.605787
48.685718	166.601910	163.968057
48.795823	166.405996	164.338880
48.908467	166.205565	164.718256
49.023651	166.000616	165.106183
49.141375	165.791148	165.502662
49.261637	165.577162	165.907693
49.384439	165.358658	166.321277
49.509780	165.135636	166.743412
49.566560	165.034606	166.934642
49.625880	164.929058	167.134424
49.687739	164.818991	167.342758
49.752137	164.704406	167.559645
49.819075	164.585303	167.785083
49.888551	164.461682	168.019073
49.960568	164.333543	168.261616
50.035123	164.200886	168.512710
50.112218	164.063710	168.772357
50.191852	163.922017	169.040556
50.274025	163.775805	169.317307
50.358738	163.625075	169.602609
50.445990	163.469827	169.896464
50.535781	163.310061	170.198872
50.628111	163.145777	170.509831
50.722981	162.976974	170.829342
50.820390	162.803653	171.157405
50.920339	162.625815	171.494021
51.022827	162.443458	171.839189
51.127854	162.256583	172.192908
51.235420	162.065189	172.555180
51.345526	161.869278	172.926004
51.458171	161.668848	173.305380
51.573355	161.463901	173.693308
51.691078	161.254435	174.089788
51.811341	161.040451	174.494820
51.934144	160.821949	174.908404
52.059485	160.598929	175.330541
52.116265	160.497899	175.521771
52.175585	160.392351	175.721553
52.237444	160.282286	175.929888
52.301843	160.167702	176.146775
52.368780	160.048600	176.372213
52.438257	159.924979	176.606204
52.510273	159.796841	176.848747
52.584829	159.664184	177.099842
52.661924	159.527010	177.359489
52.741558	159.385317	177.627688
52.823732	159.239106	177.904439
52.908444	159.088377	178.189742
52.995696	158.933130	178.483598
53.085488	158.773364	178.786005
53.177819	158.609081	179.096965
53.272689	158.440279	179.416477
53.370098	158.266959	179.744540
53.470046	158.089121	180.081156
53.572534	157.906765	180.426324
53.677562	157.719891	180.780044
53.785128	157.528498	181.142316
53.895234	157.332588	181.513141
54.007879	157.132159	181.892517
54.123063	156.927212	182.280445
54.240787	156.717747	182.676926
54.361050	156.503764	183.081958
54.483853	156.285263	183.495543
54.609194	156.062243	183.917680
54.665975	155.961214	184.108910
54.725294	155.855667	184.308693
54.787154	155.745601	184.517028
54.851552	155.631018	184.733914
54.918490	155.511916	184.959353
54.987967	155.388296	185.193344
55.059983	155.260158	185.435887
55.134539	155.127502	185.686982
55.211634	154.990328	185.946629
55.291268	154.848635	186.214829
55.373441	154.702425	186.491580
55.458154	154.551696	186.776884
55.545406	154.396449	187.070739
55.635198	154.236684	187.373147
55.727529	154.072401	187.684107
55.822399	153.903600	188.003618
55.919808	153.730280	188.331682
56.019757	153.552443	188.668298
56.122245	153.370087	189.013467
56.227272	153.183213	189.367187
56.334839	152.991821	189.729459
56.444945	152.795911	190.100283
56.557590	152.595482	190.479660
56.672774	152.390536	190.867589
56.790498	152.181071	191.264069
56.910761	151.967088	191.669102
57.033564	151.748588	192.082687
57.158905	151.525568	192.504824
57.215686	151.424539	192.696054
57.275006	151.318992	192.895837
57.336865	151.208927	193.104172
57.401263	151.094344	193.321059
57.468201	150.975242	193.546498
57.537678	150.851623	193.780489
57.609694	150.723485	194.023032
57.684250	150.590829	194.274127
57.761345	150.453655	194.533774
57.840979	150.311962	194.801973
57.923153	150.165752	195.078725
58.007866	150.015023	195.364028
58.095118	149.859777	195.657884
58.184909	149.700012	195.960292
58.277240	149.535729	196.271252
58.372110	149.366928	196.590764
58.469520	149.193608	196.918828
58.569468	149.015771	197.255444
58.671956	148.833415	197.600612
58.776984	148.646541	197.954332
58.884550	148.455150	198.316605
58.994656	148.259240	198.687429
59.107302	148.058811	199.066806
59.222486	147.853865	199.454734
59.340210	147.644401	199.851215
59.460473	147.430418	200.256248
59.583275	147.211917	200.669833
59.708617	146.988898	201.091970
59.765398	146.887869	201.283201
59.824718	146.782322	201.482983
59.886577	146.672257	201.691318
59.950975	146.557674	201.908205
60.017913	146.438572	202.133644
60.087390	146.314953	202.367635
60.159406	146.186815	202.610178
60.233962	146.054159	202.861273
60.311057	145.916985	203.120921
60.390691	145.775293	203.389120
60.472865	145.629083	203.665872
60.557578	145.478354	203.951175
60.644830	145.323107	204.245031
60.734622	145.163343	204.547439
60.826952	144.999060	204.858399
60.921822	144.830259	205.177910
61.019232	144.656939	205.505975
61.119181	144.479102	205.842591
61.221669	144.296747	206.187759
61.326696	144.109873	206.541479
61.434263	143.918481	206.903752
61.544369	143.722571	207.274576
61.657014	143.522143	207.653953
61.772198	143.317197	208.041882
61.889922	143.107732	208.438362
62.010185	142.893750	208.843395
62.132988	142.675249	209.256980
62.258330	142.452230	209.679117
62.315110	142.351202	209.870348
62.374430	142.245655	210.070131
62.436289	142.135589	210.278465
62.500688	142.021006	210.495352
62.567625	141.901905	210.720791
62.637102	141.778285	210.954782
62.709119	141.650147	211.197325
62.783674	141.517492	211.448421
62.860769	141.380317	211.708068
62.940404	141.238625	211.976267
63.022577	141.092415	212.253019
63.107290	140.941687	212.538323
63.194542	140.786440	212.832178
63.284334	140.626675	213.134586
63.376665	140.462392	213.445546
63.471535	140.293591	213.765058
63.568944	140.120272	214.093122
63.668893	139.942435	214.429738
63.771381	139.760079	214.774907
63.876408	139.573206	215.128627
63.983975	139.381814	215.490899
64.094081	139.185904	215.861724
64.206726	138.985476	216.241100
64.321911	138.780530	216.629029
64.439635	138.571065	217.025510
64.559898	138.357083	217.430543
64.682700	138.138582	217.844128
64.808042	137.915563	218.266265
64.864823	137.814535	218.457496
64.924142	137.708988	218.657278
64.986002	137.598922	218.865613
65.050400	137.484339	219.082500
65.117338	137.365238	219.307939
65.186815	137.241618	219.541930
65.258831	137.113481	219.784473
65.333387	136.980825	220.035568
65.410482	136.843651	220.295216
65.490116	136.701959	220.563415
65.572290	136.555748	220.840167
65.657003	136.405020	221.125470
65.744255	136.249773	221.419326
65.834047	136.090008	221.721734
65.926377	135.925726	222.032694
66.021247	135.756925	222.352206
66.118657	135.583605	222.680270
66.218606	135.405768	223.016886
66.321094	135.223413	223.362054
66.426121	135.036539	223.715775
66.533688	134.845147	224.078047
66.643794	134.649237	224.448872
66.756439	134.448809	224.828248
66.871623	134.243863	225.216177
66.989347	134.034399	225.612658
67.109610	133.820416	226.017691
67.232413	133.601916	226.431276
67.357755	133.378897	226.853413
67.414535	133.277868	227.044644
67.473855	133.172321	227.244426
67.535714	133.062256	227.452761
67.600113	132.947673	227.669648
67.667050	132.828571	227.895087
67.736528	132.704952	228.129078
67.808544	132.576814	228.371621
67.883100	132.444158	228.622716
67.960195	132.306984	228.882364
68.039829	132.165292	229.150563
68.122002	132.019082	229.427315
68.206715	131.868353	229.712618
68.293968	131.713107	230.006474
68.383759	131.553342	230.308882
68.476090	131.389059	230.619842
68.570960	131.220258	230.939354
68.668369	131.046939	231.267418
68.768318	130.869102	231.604034
68.870806	130.686746	231.949202
68.975834	130.499873	232.302923
69.083400	130.308481	232.665195
69.193506	130.112571	233.036020
69.306151	129.912143	233.415396
69.421336	129.707197	233.803325
69.539060	129.497732	234.199806
69.659323	129.283750	234.604839
69.782125	129.065249	235.018424
69.907467	128.842231	235.440561
69.964248	128.741202	235.631792
70.023568	128.635655	235.831574
70.085427	128.525590	236.039909
70.149825	128.411006	236.256796
70.216763	128.291905	236.482235
70.286240	128.168285	236.716226
70.358257	128.040148	236.958769
70.432812	127.907492	237.209864
70.509907	127.770318	237.469512
70.589541	127.628626	237.737711
70.671715	127.482416	238.014463
70.756428	127.331687	238.299766
70.843680	127.176441	238.593622
70.933472	127.016676	238.896030
71.025803	126.852393	239.206990
71.120673	126.683592	239.526502
71.218082	126.510273	239.854566
71.318031	126.332435	240.191182
71.420519	126.150080	240.536350
71.525546	125.963206	240.890071
71.633113	125.771815	241.252343
71.743219	125.575905	241.623168
71.855864	125.375477	242.002544
71.971049	125.170531	242.390473
72.088772	124.961066	242.786954
72.209036	124.747084	243.191987
72.331838	124.528583	243.605572
72.457180	124.305564	244.027709
72.513960	124.204536	244.218940
72.573280	124.098989	244.418722
72.635139	123.988923	244.627057
72.699538	123.874340	244.843944
72.766476	123.755239	245.069383
72.835953	123.631619	245.303374
72.907969	123.503482	245.545917
72.982525	123.370826	245.797013
73.059620	123.233652	246.056660
73.139254	123.091960	246.324859
73.221428	122.945749	246.601611
73.306141	122.795021	246.886915
73.393393	122.639774	247.180770
73.483184	122.480010	247.483178
73.575515	122.315727	247.794138
73.670385	122.146926	248.113650
73.767795	121.973607	248.441714
73.867743	121.795769	248.778330
73.970231	121.613414	249.123499
74.075259	121.426540	249.477219
74.182825	121.235149	249.839491
74.292931	121.039239	250.210316
74.405577	120.838811	250.589693
74.520761	120.633864	250.977621
74.638485	120.424400	251.374102
74.758748	120.210418	251.779135
74.881551	119.991917	252.192720
75.006892	119.768898	252.614857
75.063673	119.667869	252.806088
75.122993	119.562322	253.005871
75.184852	119.452257	253.214205
75.249251	119.337674	253.431092
75.316188	119.218573	253.656531
75.385665	119.094953	253.890522
75.457682	118.966815	254.133065
75.532237	118.834160	254.384161
75.609332	118.696986	254.643808
75.688967	118.555293	254.912007
75.771140	118.409083	255.188759
75.855853	118.258355	255.474063
75.943105	118.103108	255.767918
76.032897	117.943343	256.070326
76.125228	117.779061	256.381286
76.220098	117.610260	256.700798
76.317507	117.436940	257.028862
76.417456	117.259103	257.365478
76.519944	117.076748	257.710647
76.624971	116.889874	258.064367
76.732538	116.698482	258.426639
76.842644	116.502572	258.797464
76.955289	116.302144	259.176841
77.070474	116.097198	259.564769
77.188198	115.887734	259.961250
77.308461	115.673751	260.366283
77.431263	115.455251	260.779868
77.556605	115.232232	261.202005
77.613386	115.131203	261.393236
77.672706	115.025656	261.593019
77.734565	114.915591	261.801353
77.798963	114.801008	262.018240
77.865901	114.681907	262.243679
77.935378	114.558287	262.477670
78.007394	114.430149	262.720214
78.081950	114.297493	262.971309
78.159045	114.160319	263.230956
78.238679	114.018627	263.499156
78.320853	113.872417	263.775907
78.405566	113.721689	264.061211
78.492818	113.566442	264.355066
78.582610	113.406677	264.657474
78.674940	113.242394	264.968434
78.769811	113.073593	265.287946
78.867220	112.900274	265.616010
78.967169	112.722437	265.952626
79.069657	112.540082	266.297795
79.174684	112.353208	266.651515
79.282251	112.161816	267.013788
79.392357	111.965906	267.384612
79.505002	111.765478	267.763989
79.620186	111.560532	268.151918
79.737910	111.351068	268.548398
79.858174	111.137085	268.953431
79.980976	110.918585	269.367016
80.106318	110.695566	269.789153
80.163098	110.594537	269.980384
80.222418	110.488990	270.180167
80.284277	110.378925	270.388502
80.348676	110.264342	270.605388
80.415614	110.145240	270.830827
80.485091	110.021621	271.064818
80.557107	109.893483	271.307362
80.631663	109.760827	271.558457
80.708758	109.623653	271.818104
80.788392	109.481961	272.086304
80.870566	109.335751	272.363055
80.955279	109.185022	272.648359
81.042531	109.029776	272.942215
81.132322	108.870011	273.244622
81.224653	108.705728	273.555582
81.319523	108.536927	273.875094
81.416933	108.363608	274.203158
81.516881	108.185771	274.539775
81.619369	108.003415	274.884943
81.724397	107.816542	275.238663
81.831963	107.625150	275.600936
81.942069	107.429240	275.971760
82.054715	107.228812	276.351137
82.169899	107.023866	276.739066
82.287623	106.814402	277.135547
82.407886	106.600419	277.540579
82.530689	106.381919	277.954164
82.656030	106.158900	278.376302
82.712811	106.057871	278.567532
82.772131	105.952324	278.767315
82.833990	105.842259	278.975650
82.898388	105.727676	279.192537
82.965326	105.608574	279.417976
83.034803	105.484955	279.651967
83.106820	105.356817	279.894510
83.181375	105.224161	280.145605
83.258470	105.086987	280.405252
83.338105	104.945295	280.673452
83.420278	104.799085	280.950203
83.504991	104.648356	281.235507
83.592243	104.493110	281.529363
83.682035	104.333345	281.831771
83.774366	104.169062	282.142730
83.869236	104.000261	282.462242
83.966645	103.826942	282.790307
84.066594	103.649105	283.126923
84.169082	103.466749	283.472091
84.274109	103.279876	283.825811
84.381676	103.088484	284.188084
84.491782	102.892574	284.558908
84.604427	102.692146	284.938285
84.719612	102.487200	285.326214
84.837336	102.277736	285.722695
84.957599	102.063753	286.127728
85.080401	101.845252	286.541313
85.205743	101.622234	286.963450
85.262524	101.521205	287.154680
85.321843	101.415658	287.354463
85.383703	101.305593	287.562798
85.448101	101.191010	287.779685
85.515039	101.071908	288.005124
85.584516	100.948289	288.239115
85.656532	100.820151	288.481658
85.731088	100.687495	288.732753
85.808183	100.550321	288.992401
85.887817	100.408629	289.260600
85.969991	100.262419	289.537351
86.054704	100.111690	289.822655
86.141956	99.956444	290.116511
86.231748	99.796679	290.418919
86.324078	99.632396	290.729879
86.418949	99.463595	291.049391
86.516358	99.290276	291.377455
86.616307	99.112439	291.714071
86.718795	98.930083	292.059239
86.823822	98.743210	292.412959
86.931389	98.551818	292.775232
87.041495	98.355908	293.146057
87.154140	98.155480	293.525433
87.269324	97.950534	293.913362
87.387048	97.741069	294.309843
87.507311	97.527087	294.714876
87.630114	97.308586	295.128461
87.755456	97.085568	295.550598
87.812236	96.984539	295.741828
87.871556	96.878992	295.941611
87.933415	96.768927	296.149946
87.997814	96.654343	296.366833
88.064752	96.535242	296.592272
88.134229	96.411622	296.826263
88.206245	96.283485	297.068806
88.280801	96.150829	297.319901
88.357896	96.013655	297.579549
88.437530	95.871963	297.847748
88.519704	95.725753	298.124500
88.604416	95.575024	298.409803
88.691669	95.419778	298.703659
88.781460	95.260013	299.006067
88.873791	95.095730	299.317027
88.968661	94.926929	299.636539
89.066071	94.753610	299.964603
89.166019	94.575772	300.301219
89.268507	94.393417	300.646387
89.373535	94.206543	301.000108
89.481101	94.015152	301.362380
89.591207	93.819242	301.733205
89.703853	93.618814	302.112581
89.819037	93.413868	302.500510
89.936761	93.204403	302.896991
90.057024	92.990421	303.302024
90.179827	92.771920	303.715609
90.305168	92.548901	304.137746
90.361949	92.447873	304.328977
90.421269	92.342326	304.528759
90.483128	92.232261	304.737094
90.547526	92.117677	304.953981
90.614464	91.998576	305.179420
90.683941	91.874956	305.413411
90.755958	91.746819	305.655954
90.830513	91.614163	305.907049
90.907608	91.476989	306.166697
90.987243	91.335297	306.434896
91.069416	91.189086	306.711648
91.154129	91.038358	306.996951
91.241381	90.883111	307.290807
91.331173	90.723347	307.593215
91.423504	90.559064	307.904175
91.518374	90.390263	308.223687
91.615783	90.216944	308.551751
91.715732	90.039106	308.888367
91.818220	89.856751	309.233535
91.923247	89.669877	309.587256
92.030814	89.478486	309.949528
92.140920	89.282576	310.320353
92.253565	89.082148	310.699729
92.368750	88.877201	311.087658
92.486474	88.667737	311.484139
92.606737	88.453755	311.889172
92.729539	88.235254	312.302757
92.854881	88.012235	312.724894
92.911662	87.911207	312.916125
92.970981	87.805660	313.115907
93.032841	87.695594	313.324242
93.097239	87.581011	313.541129
93.164177	87.461910	313.766568
93.233654	87.338290	314.000559
93.305670	87.210153	314.243102
93.380226	87.077497	314.494198
93.457321	86.940323	314.753845
93.536955	86.798631	315.022044
93.619129	86.652420	315.298796
93.703842	86.501692	315.584099
93.791094	86.346445	315.877955
93.880886	86.186681	316.180363
93.973216	86.022398	316.491323
94.068086	85.853597	316.810835
94.165496	85.680278	317.138899
94.265445	85.502440	317.475515
94.367933	85.320085	317.820683
