-37.339084	212.740398	1.970111
-37.391235	212.637910	1.963242
-37.452460	212.531245	1.956850
-37.522760	212.420404	1.950931
-37.602134	212.305389	1.945485
-37.690583	212.186201	1.940508
-37.788109	212.062842	1.935998
-37.894712	211.935312	1.931954
-38.010393	211.803613	1.928372
-38.135152	211.667746	1.925251
-38.268990	211.527712	1.922588
-38.411908	211.383514	1.920381
-38.563906	211.235151	1.918629
-38.724985	211.082625	1.917328
-38.895146	210.925938	1.916477
-39.074390	210.765091	1.916073
-39.262717	210.600085	1.916115
-39.460128	210.430921	1.916600
-39.666624	210.257601	1.917526
-39.882205	210.080127	1.918891
-40.106872	209.898498	1.920694
-40.340626	209.712717	1.922932
-40.583467	209.522785	1.925603
-40.835396	209.328703	1.928705
-41.096414	209.130473	1.932236
-41.366521	208.928095	1.936195
-41.645719	208.721571	1.940579
-41.934007	208.510903	1.945387
-42.231386	208.296092	1.950617
-42.537857	208.077139	1.956266
-42.853421	207.854045	1.962334
-43.178077	207.626812	1.968817
-43.511827	207.395442	1.975716
-43.854670	207.159936	1.983027
-44.206606	206.920296	1.990750
-44.567638	206.676523	1.998882
-44.937764	206.428620	2.007422
-45.316987	206.176588	2.016368
-45.705308	205.920427	2.025719
-46.102726	205.660140	2.035474
-46.509244	205.395726	2.045631
-46.924862	205.127187	2.056188
-47.112985	205.006415	2.061041
-47.310210	204.881518	2.066292
-47.516536	204.752498	2.071940
-47.731965	204.619355	2.077986
-47.956495	204.482089	2.084427
-48.190128	204.340702	2.091264
-48.432863	204.195193	2.098497
-48.684701	204.045564	2.106123
-48.945643	203.891815	2.114144
-49.215689	203.733946	2.122557
-49.494838	203.571959	2.131364
-49.783092	203.405854	2.140562
-50.080450	203.235631	2.150152
-50.386912	203.061290	2.160133
-50.702480	202.882834	2.170504
-51.027154	202.700262	2.181265
-51.360933	202.513574	2.192415
-51.703818	202.322772	2.203954
-52.055809	202.127856	2.215881
-52.416907	201.928827	2.228195
-52.787112	201.725685	2.240897
-53.166424	201.518431	2.253986
-53.554844	201.307065	2.267460
-53.952371	201.091588	2.281320
-54.359006	200.872001	2.295566
-54.774750	200.648304	2.310195
-55.199602	200.420499	2.325210
-55.633564	200.188584	2.340607
-55.830819	200.083507	2.347633
-56.037183	199.974323	2.355042
-56.252657	199.861031	2.362833
-56.477240	199.743632	2.371008
-56.710933	199.622127	2.379564
-56.953737	199.496515	2.388503
-57.205650	199.366797	2.397824
-57.466673	199.232972	2.407527
-57.736807	199.095043	2.417611
-58.016051	198.953008	2.428077
-58.304406	198.806868	2.438925
-58.601872	198.656623	2.450153
-58.908448	198.502273	2.461762
-59.224136	198.343820	2.473752
-59.548934	198.181262	2.486123
-59.882844	198.014601	2.498874
-60.225865	197.843836	2.512005
-60.577998	197.668968	2.525517
-60.939242	197.489997	2.539408
-61.309599	197.306924	2.553679
-61.689067	197.119749	2.568329
-62.077647	196.928471	2.583359
-62.475340	196.733092	2.598768
-62.882144	196.533612	2.614556
-63.298062	196.330030	2.630722
-63.723091	196.122347	2.647268
-64.157234	195.910564	2.664192
-64.600490	195.694681	2.681495
-64.801456	195.596953	2.689350
-65.011535	195.495124	2.697583
-65.230728	195.389196	2.706194
-65.459034	195.279169	2.715183
-65.696453	195.165042	2.724550
-65.942985	195.046815	2.734295
-66.198631	194.924490	2.744418
-66.463390	194.798065	2.754919
-66.737262	194.667541	2.765798
-67.020248	194.532919	2.777054
-67.312348	194.394197	2.788688
-67.613562	194.251378	2.800700
-67.923889	194.104459	2.813089
-68.243330	193.953443	2.825855
-68.571885	193.798328	2.838999
-68.909553	193.639115	2.852520
-69.256336	193.475805	2.866419
-69.612233	193.308396	2.880694
-69.977244	193.136890	2.895347
-70.351369	192.961286	2.910377
-70.734608	192.781585	2.925784
-71.126962	192.597787	2.941568
-71.528430	192.409891	2.957729
-71.939012	192.217899	2.974267
-72.358709	192.021809	2.991182
-72.787520	191.821623	3.008473
-73.225446	191.617340	3.026141
-73.672487	191.408961	3.044186
-73.875047	191.314609	3.052366
-74.086723	191.216161	3.060923
-74.307513	191.113616	3.069856
-74.537418	191.006976	3.079166
-74.776437	190.896239	3.088853
-75.024572	190.781406	3.098916
-75.281821	190.662477	3.109356
-75.548186	190.539452	3.120172
-75.823665	190.412332	3.131364
-76.108259	190.281115	3.142933
-76.401969	190.145803	3.154878
-76.704793	190.006395	3.167200
-77.016732	189.862891	3.179898
-77.337787	189.715292	3.192972
-77.667956	189.563598	3.206423
-78.007241	189.407808	3.220250
-78.355641	189.247922	3.234453
-78.713156	189.083941	3.249033
-79.079786	188.915865	3.263989
-79.455531	188.743694	3.279321
-79.840392	188.567428	3.295029
-80.234368	188.387066	3.311113
-80.637460	188.202610	3.327574
-81.049666	188.014058	3.344411
-81.470988	187.821412	3.361624
-81.901426	187.624670	3.379213
-82.340979	187.423834	3.397178
-82.789647	187.218904	3.415519
-82.992913	187.126092	3.423830
-83.205294	187.029186	3.432517
-83.426791	186.928185	3.441580
-83.657403	186.823089	3.451019
-83.897131	186.713899	3.460834
-84.145974	186.600615	3.471025
-84.403933	186.483236	3.481592
-84.671008	186.361762	3.492535
-84.947198	186.236194	3.503854
-85.232504	186.106532	3.515549
-85.526925	185.972775	3.527620
-85.830462	185.834924	3.540068
-86.143115	185.692979	3.552891
-86.464883	185.546939	3.566090
-86.795767	185.396805	3.579665
-87.135767	185.242577	3.593615
-87.484882	185.084254	3.607942
-87.843113	184.921838	3.622645
-88.210460	184.755327	3.637724
-88.586922	184.584722	3.653179
-88.972501	184.410023	3.669009
-89.367195	184.231230	3.685216
-89.771005	184.048343	3.701798
-90.183930	183.861362	3.718756
-90.605972	183.670286	3.736090
-91.037129	183.475117	3.753801
-91.477402	183.275854	3.771886
-91.926791	183.072497	3.790348
-92.130373	182.980386	3.798712
-92.343071	182.884182	3.807453
-92.564885	182.783883	3.816568
-92.795815	182.679491	3.826060
-93.035860	182.571005	3.835928
-93.285022	182.458425	3.846171
-93.543299	182.341751	3.856791
-93.810692	182.220983	3.867786
-94.087201	182.096122	3.879157
-94.372826	181.967167	3.890904
-94.667567	181.834118	3.903026
-94.971424	181.696975	3.915525
-95.284397	181.555739	3.928399
-95.606485	181.410409	3.941649
-95.937690	181.260985	3.955276
-96.278011	181.107468	3.969277
-96.627447	180.949857	3.983655
-96.986000	180.788152	3.998409
-97.353668	180.622353	4.013538
-97.730453	180.452461	4.029043
-98.116353	180.278476	4.044924
-98.511370	180.100397	4.061181
-98.915502	179.918224	4.077813
-99.328751	179.731957	4.094822
-99.751115	179.541597	4.112206
-100.182595	179.347144	4.129966
-100.623192	179.148597	4.148102
-101.072904	178.945956	4.166614
-101.276629	178.854164	4.175000
-101.489470	178.758278	4.183762
-101.711427	178.658299	4.192900
-101.942500	178.554226	4.202413
-102.182689	178.446060	4.212303
-102.431994	178.333800	4.222568
-102.690416	178.217447	4.233209
-102.957953	178.097000	4.244226
-103.234606	177.972460	4.255618
-103.520375	177.843827	4.267386
-103.815261	177.711100	4.279531
-104.119262	177.574279	4.292051
-104.432380	177.433365	4.304946
-104.754613	177.288358	4.318218
-105.085963	177.139257	4.331865
-105.426428	176.986063	4.345888
-105.776010	176.828775	4.360287
-106.134708	176.667394	4.375062
-106.502522	176.501920	4.390212
-106.879452	176.332352	4.405738
-107.265498	176.158691	4.421640
-107.660660	175.980936	4.437918
-108.064938	175.799088	4.454572
-108.478333	175.613147	4.471601
-108.900843	175.423112	4.489006
-109.332469	175.228984	4.506787
-109.773212	175.030762	4.524943
-110.223071	174.828447	4.543476
-110.426860	174.736800	4.551871
-110.639766	174.641059	4.560642
-110.861788	174.541225	4.569789
-111.092926	174.437298	4.579312
-111.333181	174.329277	4.589211
-111.582551	174.217163	4.599485
-111.841037	174.100955	4.610135
-112.108640	173.980654	4.621161
-112.385358	173.856260	4.632563
-112.671193	173.727773	4.644340
-112.966144	173.595192	4.656493
-113.270211	173.458518	4.669022
-113.583394	173.317751	4.681927
-113.905693	173.172890	4.695207
-114.237109	173.023936	4.708863
-114.577640	172.870889	4.722895
-114.927288	172.713748	4.737303
-115.286051	172.552515	4.752087
-115.653931	172.387187	4.767246
-116.030927	172.217767	4.782781
-116.417039	172.044253	4.798692
-116.812267	171.866646	4.814978
-117.216612	171.684946	4.831641
-117.630072	171.499152	4.848679
-118.052649	171.309266	4.866093
-118.484341	171.115285	4.883882
-118.925150	170.917212	4.902048
-119.375075	170.715045	4.920589
-119.578895	170.623464	4.928988
-119.791830	170.527789	4.937763
-120.013881	170.428021	4.946914
-120.245049	170.324159	4.956441
-120.485333	170.216205	4.966343
-120.734733	170.104157	4.976621
-120.993249	169.988016	4.987275
-121.260881	169.867781	4.998305
-121.537629	169.743454	5.009710
-121.823494	169.615033	5.021491
-122.118474	169.482518	5.033648
-122.422571	169.345911	5.046181
-122.735784	169.205210	5.059089
-123.058113	169.060416	5.072374
-123.389558	168.911529	5.086034
-123.730119	168.758549	5.100069
-124.079797	168.601475	5.114481
-124.438590	168.440308	5.129268
-124.806500	168.275048	5.144431
-125.183526	168.105695	5.159970
-125.569668	167.932248	5.175885
-125.964927	167.754708	5.192175
-126.369301	167.573075	5.208841
-126.782791	167.387349	5.225883
-127.205398	167.197529	5.243300
-127.637121	167.003616	5.261094
-128.077960	166.805610	5.279263
-128.527915	166.603511	5.297808
-128.731748	166.511959	5.306209
-128.944696	166.416314	5.314985
-129.166761	166.316576	5.324138
-129.397942	166.212745	5.333666
-129.638240	166.104820	5.343570
-129.887653	165.992803	5.353850
-130.146182	165.876692	5.364505
-130.413828	165.756487	5.375537
-130.690590	165.632190	5.386944
-130.976468	165.503799	5.398727
-131.271462	165.371315	5.410885
-131.575572	165.234738	5.423419
-131.888799	165.094068	5.436330
-132.211141	164.949304	5.449615
-132.542600	164.800447	5.463277
-132.883175	164.647497	5.477314
-133.232866	164.490454	5.491727
-133.591673	164.329318	5.506516
-133.959597	164.164088	5.521681
-134.336636	163.994765	5.537221
-134.722792	163.821349	5.553138
-135.118064	163.643840	5.569429
-135.522452	163.462237	5.586097
-135.935956	163.276541	5.603141
-136.358577	163.086752	5.620560
-136.790313	162.892870	5.638355
-137.231166	162.694895	5.656525
-137.681135	162.492826	5.675072
-137.884973	162.401288	5.683474
-138.097928	162.305657	5.692251
-138.319999	162.205933	5.701404
-138.551186	162.102115	5.710933
-138.791490	161.994204	5.720838
-139.040909	161.882200	5.731118
-139.299445	161.766103	5.741775
-139.567097	161.645912	5.752806
-139.843865	161.521628	5.764214
-140.129749	161.393251	5.775998
-140.424749	161.260781	5.788157
-140.728865	161.124218	5.800692
-141.042098	160.983561	5.813603
-141.364447	160.838812	5.826889
-141.695912	160.689969	5.840552
-142.036493	160.537032	5.854590
-142.386190	160.380003	5.869003
-142.745004	160.218881	5.883793
-143.112933	160.053665	5.898958
-143.489979	159.884356	5.914499
-143.876141	159.710954	5.930416
-144.271419	159.533458	5.946709
-144.675813	159.351870	5.963377
-145.089324	159.166188	5.980421
-145.511951	158.976413	5.997841
-145.943693	158.782544	6.015637
-146.384552	158.584583	6.033808
-146.834527	158.382528	6.052355
-147.038369	158.290997	6.060757
-147.251326	158.195372	6.069535
-147.473400	158.095653	6.078689
-147.704590	157.991842	6.088218
-147.944896	157.883937	6.098123
-148.194318	157.771939	6.108404
-148.452857	157.655848	6.119060
-148.720511	157.535664	6.130092
-148.997282	157.411387	6.141500
-149.283169	157.283016	6.153284
-149.578172	157.150552	6.165444
-149.882292	157.013995	6.177979
-150.195527	156.873345	6.190890
-150.517879	156.728601	6.204177
-150.849346	156.579765	6.217840
-151.189930	156.426835	6.231878
-151.539630	156.269812	6.246292
-151.898447	156.108695	6.261082
-152.266379	155.943486	6.276248
-152.643428	155.774183	6.291789
-153.029593	155.600787	6.307706
-153.424873	155.423298	6.323999
-153.829271	155.241716	6.340668
-154.242784	155.056041	6.357712
-154.665413	154.866272	6.375132
-155.097159	154.672410	6.392928
-155.538021	154.474455	6.411100
-155.987999	154.272407	6.429647
-156.191841	154.180878	6.438049
-156.404800	154.085255	6.446827
-156.626875	153.985540	6.455981
-156.858066	153.881731	6.465510
-157.098374	153.773830	6.475415
-157.347797	153.661835	6.485696
-157.606337	153.545746	6.496353
-157.873993	153.425565	6.507385
-158.150765	153.301290	6.518793
-158.436653	153.172923	6.530577
-158.731658	153.040462	6.542737
-159.035778	152.903907	6.555272
-159.349015	152.763260	6.568184
-159.671368	152.618519	6.581471
-160.002837	152.469686	6.595133
-160.343422	152.316759	6.609172
-160.693123	152.159738	6.623586
-161.051941	151.998625	6.638376
-161.419875	151.833418	6.653542
-161.796925	151.664119	6.669083
-162.183091	151.490726	6.685001
-162.578373	151.313240	6.701294
-162.982771	151.131660	6.717962
-163.396286	150.945988	6.735007
-163.818917	150.756222	6.752427
-164.250664	150.562363	6.770223
-164.691527	150.364411	6.788395
-165.141506	150.162365	6.806943
-165.345349	150.070838	6.815345
-165.558309	149.975217	6.824123
-165.780384	149.875503	6.833276
-166.011576	149.771695	6.842806
-166.251884	149.663795	6.852711
-166.501308	149.551801	6.862992
-166.759848	149.435714	6.873649
-167.027505	149.315534	6.884681
-167.304277	149.191261	6.896089
-167.590166	149.062894	6.907873
-167.885171	148.930435	6.920033
-168.189292	148.793882	6.932569
-168.502530	148.653236	6.945480
-168.824883	148.508496	6.958767
-169.156353	148.359664	6.972430
-169.496939	148.206738	6.986468
-169.846641	148.049719	7.000882
-170.205459	147.888607	7.015672
-170.573393	147.723402	7.030838
-170.950444	147.554103	7.046380
-171.336610	147.380712	7.062297
-171.731893	147.203227	7.078590
-172.136292	147.021649	7.095259
-172.549807	146.835978	7.112304
-172.972439	146.646213	7.129724
-173.404186	146.452355	7.147520
-173.845050	146.254405	7.165692
-174.295030	146.052361	7.184240
-174.498873	145.960833	7.192642
-174.711833	145.865213	7.201420
-174.933909	145.765500	7.210573
-175.165101	145.661693	7.220103
-175.405409	145.553793	7.230008
-175.654833	145.441800	7.240289
-175.913374	145.325713	7.250946
-176.181031	145.205534	7.261978
-176.457803	145.081261	7.273387
-176.743693	144.952895	7.285171
-177.038698	144.820436	7.297330
-177.342819	144.683884	7.309866
-177.656057	144.543238	7.322777
-177.978410	144.398500	7.336064
-178.309880	144.249668	7.349727
-178.650466	144.096743	7.363766
-179.000169	143.939725	7.378180
-179.358987	143.778613	7.392970
-179.726922	143.613408	7.408136
-180.103972	143.444111	7.423677
-180.490139	143.270719	7.439595
-180.885423	143.093235	7.455888
-181.289822	142.911658	7.472557
-181.703337	142.725987	7.489601
-182.125969	142.536223	7.507022
-182.557717	142.342366	7.524818
-182.998581	142.144416	7.542990
-183.448561	141.942373	7.561537
-183.652404	141.850846	7.569939
-183.865364	141.755226	7.578717
-184.087440	141.655512	7.587871
-184.318632	141.551706	7.597401
-184.558941	141.443806	7.607306
-184.808365	141.331813	7.617587
-185.066906	141.215727	7.628244
-185.334563	141.095548	7.639276
-185.611336	140.971276	7.650684
-185.897225	140.842910	7.662468
-186.192230	140.710451	7.674628
-186.496352	140.573899	7.687164
-186.809589	140.433254	7.700075
-187.131943	140.288516	7.713362
-187.463413	140.139684	7.727025
-187.804000	139.986759	7.741063
-188.153702	139.829741	7.755478
-188.512520	139.668630	7.770268
-188.880455	139.503426	7.785434
-189.257506	139.334128	7.800975
-189.643673	139.160737	7.816893
-190.038956	138.983253	7.833186
-190.443356	138.801676	7.849855
-190.856871	138.616006	7.866899
-191.279503	138.426242	7.884320
-191.711251	138.232385	7.902116
-192.152115	138.034435	7.920288
-192.602095	137.832392	7.938835
-192.805939	137.740865	7.947237
-193.018899	137.645245	7.956015
-193.240975	137.545532	7.965169
-193.472167	137.441726	7.974699
-193.712475	137.333826	7.984604
-193.961900	137.221834	7.994885
-194.220441	137.105748	8.005542
-194.488098	136.985569	8.016574
-194.764871	136.861296	8.027982
-195.050760	136.732931	8.039766
-195.345765	136.600472	8.051926
-195.649887	136.463920	8.064462
-195.963125	136.323275	8.077373
-196.285479	136.178537	8.090660
-196.616949	136.029705	8.104323
-196.957535	135.876781	8.118361
-197.307237	135.719763	8.132776
-197.666056	135.558652	8.147566
-198.033991	135.393447	8.162732
-198.411042	135.224150	8.178273
-198.797209	135.050759	8.194191
-199.192492	134.873276	8.210484
-199.596891	134.691698	8.227153
-200.010407	134.506028	8.244197
-200.433039	134.316265	8.261618
-200.864787	134.122408	8.279414
-201.305651	133.924458	8.297586
-201.755631	133.722415	8.316133
-201.959475	133.630889	8.324536
-202.172435	133.535269	8.333314
-202.394511	133.435556	8.342467
-202.625703	133.331749	8.351997
-202.866012	133.223850	8.361902
-203.115436	133.111857	8.372183
-203.373977	132.995771	8.382840
-203.641634	132.875592	8.393872
-203.918407	132.751320	8.405280
-204.204296	132.622955	8.417064
-204.499302	132.490496	8.429224
-204.803423	132.353944	8.441760
-205.116661	132.213299	8.454671
-205.439015	132.068561	8.467958
-205.770485	131.919729	8.481621
-206.111071	131.766805	8.495660
-206.460774	131.609787	8.510074
-206.819593	131.448676	8.524864
-207.187527	131.283472	8.540030
-207.564578	131.114174	8.555571
-207.950745	130.940784	8.571489
-208.346029	130.763300	8.587782
-208.750428	130.581723	8.604451
-209.163944	130.396053	8.621495
-209.586576	130.206289	8.638916
-210.018324	130.012433	8.656712
-210.459188	129.814483	8.674884
-210.909168	129.612440	8.693431
-211.113012	129.520913	8.701834
-211.325972	129.425293	8.710612
-211.548048	129.325580	8.719765
-211.779240	129.221774	8.729295
-212.019549	129.113875	8.739200
-212.268973	129.001882	8.749481
-212.527514	128.885796	8.760138
-212.795171	128.765617	8.771170
-213.071944	128.641345	8.782579
-213.357833	128.512980	8.794363
-213.652839	128.380521	8.806522
-213.956960	128.243969	8.819058
-214.270198	128.103324	8.831969
-214.592552	127.958586	8.845256
-214.924022	127.809754	8.858919
-215.264608	127.656830	8.872958
-215.614311	127.499812	8.887372
-215.973130	127.338701	8.902162
-216.341064	127.173497	8.917328
-216.718115	127.004199	8.932870
-217.104282	126.830809	8.948787
-217.499566	126.653325	8.965080
-217.903965	126.471748	8.981749
-218.317481	126.286078	8.998794
-218.740113	126.096315	9.016214
-219.171861	125.902458	9.034010
-219.612725	125.704508	9.052182
-220.062705	125.502465	9.070730
-220.266549	125.410939	9.079132
-220.479509	125.315319	9.087910
-220.701585	125.215606	9.097064
-220.932777	125.111800	9.106593
-221.173086	125.003900	9.116498
-221.422510	124.891908	9.126779
-221.681051	124.775822	9.137436
-221.948708	124.655643	9.148469
-222.225481	124.531370	9.159877
-222.511370	124.403005	9.171661
-222.806376	124.270546	9.183821
-223.110497	124.133995	9.196356
-223.423735	123.993350	9.209267
-223.746089	123.848611	9.222554
-224.077559	123.699780	9.236217
-224.418146	123.546855	9.250256
-224.767848	123.389838	9.264670
-225.126667	123.228727	9.279460
-225.494602	123.063523	9.294626
-225.871653	122.894225	9.310168
-226.257820	122.720835	9.326085
-226.653103	122.543351	9.342378
-227.057503	122.361774	9.359047
-227.471018	122.176104	9.376092
-227.893650	121.986340	9.393512
-228.325398	121.792484	9.411308
-228.766262	121.594534	9.429480
-229.216243	121.392491	9.448028
-229.420086	121.300964	9.456430
-229.633046	121.205345	9.465208
-229.855122	121.105632	9.474362
-230.086315	121.001825	9.483891
-230.326623	120.893926	9.493796
-230.576048	120.781933	9.504077
-230.834588	120.665848	9.514734
-231.102245	120.545668	9.525767
-231.379018	120.421396	9.537175
-231.664908	120.293031	9.548959
-231.959913	120.160572	9.561119
-232.264035	120.024020	9.573654
-232.577273	119.883375	9.586566
-232.899627	119.738637	9.599853
-233.231097	119.589806	9.613516
-233.571683	119.436881	9.627554
-233.921385	119.279864	9.641968
-234.280204	119.118753	9.656759
-234.648139	118.953548	9.671924
-235.025190	118.784251	9.687466
-235.411357	118.610860	9.703383
-235.806640	118.433377	9.719676
-236.211040	118.251800	9.736345
-236.624556	118.066130	9.753390
-237.047187	117.876366	9.770810
-237.478935	117.682510	9.788606
-237.919800	117.484560	9.806778
-238.369780	117.282517	9.825326
-238.573624	117.190990	9.833728
-238.786584	117.095371	9.842506
-239.008660	116.995658	9.851660
-239.239852	116.891851	9.861189
-239.480160	116.783952	9.871095
-239.729585	116.671959	9.881376
-239.988126	116.555873	9.892032
-240.255783	116.435694	9.903065
-240.532556	116.311422	9.914473
-240.818445	116.183057	9.926257
-241.113451	116.050598	9.938417
-241.417572	115.914046	9.950953
-241.730810	115.773401	9.963864
-242.053164	115.628663	9.977151
-242.384634	115.479832	9.990814
-242.725220	115.326907	10.004852
-243.074923	115.169889	10.019267
-243.433741	115.008779	10.034057
-243.801676	114.843574	10.049223
-244.178727	114.674277	10.064764
-244.564894	114.500886	10.080682
-244.960178	114.323403	10.096975
-245.364577	114.141826	10.113644
-245.778093	113.956156	10.130688
-246.200725	113.766392	10.148109
-246.632473	113.572536	10.165905
-247.073337	113.374586	10.184077
-247.523317	113.172543	10.202624
-247.727161	113.081016	10.211026
-247.940121	112.985397	10.219804
-248.162197	112.885684	10.228958
-248.393389	112.781877	10.238488
-248.633698	112.673978	10.248393
-248.883122	112.561985	10.258674
-249.141663	112.445899	10.269331
-249.409320	112.325720	10.280363
-249.686093	112.201448	10.291771
-249.971982	112.073083	10.303555
-250.266988	111.940624	10.315715
-250.571110	111.804072	10.328251
-250.884347	111.663427	10.341162
-251.206701	111.518689	10.354449
-251.538171	111.369858	10.368112
-251.878758	111.216933	10.382150
-252.228460	111.059916	10.396565
-252.587279	110.898805	10.411355
-252.955214	110.733600	10.426521
-253.332265	110.564303	10.442062
-253.718432	110.390912	10.457980
-254.113715	110.213429	10.474273
-254.518115	110.031852	10.490942
-254.931630	109.846182	10.507986
-255.354262	109.656418	10.525407
-255.786010	109.462562	10.543203
-256.226874	109.264612	10.561375
-256.676855	109.062569	10.579922
-256.880698	108.971042	10.588325
-257.093658	108.875423	10.597103
-257.315734	108.775710	10.606256
-257.546927	108.671903	10.615786
-257.787235	108.564004	10.625691
-258.036660	108.452011	10.635972
-258.295201	108.335925	10.646629
-258.562857	108.215746	10.657661
-258.839631	108.091474	10.669070
-259.125520	107.963109	10.680854
-259.420525	107.830650	10.693013
-259.724647	107.694098	10.705549
-260.037885	107.553453	10.718460
-260.360239	107.408715	10.731747
-260.691709	107.259884	10.745410
-261.032295	107.106959	10.759449
-261.381998	106.949942	10.773863
-261.740816	106.788831	10.788653
-262.108751	106.623626	10.803819
-262.485802	106.454329	10.819361
-262.871969	106.280938	10.835278
-263.267253	106.103455	10.851571
-263.671652	105.921878	10.868240
-264.085168	105.736208	10.885285
-264.507800	105.546444	10.902705
-264.939548	105.352588	10.920501
-265.380412	105.154638	10.938673
-265.830392	104.952595	10.957221
-266.034236	104.861068	10.965623
-266.247196	104.765449	10.974401
-266.469272	104.665736	10.983555
-266.700464	104.561929	10.993084
-266.940773	104.454030	11.002989
-267.190197	104.342037	11.013270
-267.448738	104.225952	11.023927
-267.716395	104.105772	11.034960
-267.993168	103.981500	11.046368
-268.279057	103.853135	11.058152
-268.574063	103.720676	11.070312
-268.878184	103.584124	11.082847
-269.191422	103.443480	11.095758
-269.513776	103.298741	11.109046
-269.845246	103.149910	11.122708
-270.185833	102.996985	11.136747
-270.535535	102.839968	11.151161
-270.894354	102.678857	11.165951
-271.262288	102.513652	11.181117
-271.639339	102.344355	11.196659
-272.025507	102.170965	11.212576
-272.420790	101.993481	11.228869
-272.825189	101.811904	11.245538
-273.238705	101.626234	11.262583
-273.661337	101.436470	11.280003
-274.093085	101.242614	11.297799
-274.533949	101.044664	11.315971
-274.983929	100.842621	11.334519
-275.187773	100.751095	11.342921
-275.400733	100.655475	11.351699
-275.622809	100.555762	11.360853
-275.854002	100.451955	11.370382
-276.094310	100.344056	11.380287
-276.343735	100.232063	11.390568
-276.602275	100.115978	11.401225
-276.869932	99.995799	11.412258
-277.146705	99.871526	11.423666
-277.432595	99.743161	11.435450
-277.727600	99.610702	11.447610
-278.031722	99.474151	11.460145
-278.344960	99.333506	11.473057
-278.667314	99.188767	11.486344
-278.998784	99.039936	11.500007
-279.339370	98.887011	11.514045
-279.689072	98.729994	11.528459
-280.047891	98.568883	11.543250
-280.415826	98.403678	11.558415
-280.792877	98.234381	11.573957
-281.179044	98.060991	11.589874
-281.574327	97.883507	11.606167
-281.978727	97.701930	11.622836
-282.392243	97.516260	11.639881
-282.814874	97.326496	11.657301
-283.246622	97.132640	11.675098
-283.687487	96.934690	11.693269
-284.137467	96.732647	11.711817
-284.341311	96.641121	11.720219
-284.554271	96.545501	11.728997
-284.776347	96.445788	11.738151
-285.007539	96.341981	11.747680
-285.247847	96.234082	11.757586
-285.497272	96.122089	11.767867
-285.755813	96.006004	11.778523
-286.023470	95.885825	11.789556
-286.300243	95.761552	11.800964
-286.586132	95.633187	11.812748
-286.881138	95.500728	11.824908
-287.185259	95.364177	11.837444
-287.498497	95.223532	11.850355
-287.820851	95.078793	11.863642
-288.152321	94.929962	11.877305
-288.492907	94.777037	11.891343
-288.842610	94.620020	11.905758
-289.201428	94.458909	11.920548
-289.569363	94.293705	11.935714
-289.946414	94.124407	11.951255
-290.332581	93.951017	11.967173
-290.727865	93.773533	11.983466
-291.132264	93.591956	12.000135
-291.545780	93.406286	12.017179
-291.968412	93.216522	12.034600
-292.400160	93.022666	12.052396
-292.841024	92.824716	12.070568
-293.291004	92.622673	12.089115
-293.494848	92.531147	12.097518
-293.707808	92.435527	12.106295
-293.929884	92.335814	12.115449
-294.161076	92.232008	12.124979
-294.401385	92.124108	12.134884
-294.650809	92.012115	12.145165
-294.909350	91.896030	12.155822
-295.177007	91.775851	12.166854
-295.453780	91.651578	12.178262
-295.739669	91.523213	12.190046
-296.034675	91.390754	12.202206
-296.338797	91.254203	12.214742
-296.652034	91.113558	12.227653
-296.974388	90.968819	12.240940
-297.305858	90.819988	12.254603
-297.646445	90.667063	12.268642
-297.996147	90.510046	12.283056
-298.354966	90.348935	12.297846
-298.722901	90.183731	12.313012
-299.099952	90.014433	12.328553
-299.486119	89.841043	12.344471
-299.881402	89.663559	12.360764
-300.285802	89.481982	12.377433
-300.699317	89.296312	12.394477
-301.121949	89.106548	12.411898
-301.553697	88.912692	12.429694
-301.994561	88.714742	12.447866
-302.444542	88.512699	12.466414
-302.648385	88.421173	12.474816
-302.861345	88.325553	12.483594
-303.083421	88.225840	12.492747
-303.314614	88.122034	12.502277
-303.554922	88.014134	12.512182
-303.804347	87.902142	12.522463
-304.062888	87.786056	12.533120
-304.330544	87.665877	12.544152
-304.607318	87.541604	12.555561
-304.893207	87.413239	12.567345
-305.188212	87.280780	12.579504
-305.492334	87.144229	12.592040
-305.805572	87.003584	12.604951
-306.127926	86.858846	12.618238
-306.459396	86.710014	12.631901
-306.799982	86.557090	12.645940
-307.149685	86.400072	12.660354
-307.508503	86.238961	12.675144
-307.876438	86.073757	12.690310
-308.253489	85.904459	12.705852
-308.639656	85.731069	12.721769
-309.034940	85.553585	12.738062
-309.439339	85.372008	12.754731
-309.852855	85.186338	12.771776
-310.275487	84.996575	12.789196
-310.707235	84.802718	12.806992
-311.148099	84.604768	12.825164
-311.598079	84.402725	12.843712
-311.801923	84.311199	12.852114
-312.014883	84.215579	12.860892
-312.236959	84.115866	12.870046
-312.468151	84.012060	12.879575
-312.708460	83.904160	12.889480
-312.957884	83.792168	12.899761
-313.216425	83.676082	12.910418
-313.484082	83.555903	12.921451
-313.760855	83.431631	12.932859
-314.046744	83.303265	12.944643
-314.341750	83.170807	12.956803
-314.645871	83.034255	12.969338
-314.959109	82.893610	12.982249
-315.281463	82.748872	12.995537
-315.612933	82.600040	13.009199
-315.953520	82.447116	13.023238
-316.303222	82.290098	13.037652
-316.662041	82.128987	13.052442
-317.029976	81.963783	13.067608
-317.407027	81.794485	13.083150
-317.793194	81.621095	13.099067
-318.188477	81.443611	13.115360
-318.592876	81.262034	13.132029
-319.006392	81.076364	13.149074
-319.429024	80.886601	13.166494
-319.860772	80.692744	13.184290
-320.301636	80.494794	13.202462
-320.751617	80.292751	13.221010
-320.955460	80.201225	13.229412
-321.168420	80.105605	13.238190
-321.390496	80.005892	13.247344
-321.621689	79.902086	13.256873
-321.861997	79.794186	13.266779
-322.111422	79.682194	13.277059
-322.369962	79.566108	13.287716
-322.637619	79.445929	13.298749
-322.914392	79.321657	13.310157
-323.200282	79.193291	13.321941
-323.495287	79.060833	13.334101
-323.799409	78.924281	13.346636
-324.112647	78.783636	13.359548
-324.435001	78.638898	13.372835
-324.766471	78.490066	13.386498
-325.107057	78.337142	13.400536
-325.456759	78.180124	13.414950
-325.815578	78.019013	13.429741
