-48.379438	230.654592	43.480913
-48.375722	230.565497	43.484901
-48.378577	230.471719	43.494794
-48.388003	230.373258	43.510596
-48.404000	230.270117	43.532306
-48.426568	230.162297	43.559926
-48.455707	230.049798	43.593456
-48.491418	229.932623	43.632899
-48.533699	229.810773	43.678254
-48.582552	229.684249	43.729523
-48.637977	229.553054	43.786707
-48.699972	229.417187	43.849808
-48.768540	229.276651	43.918825
-48.843679	229.131446	43.993760
-48.925389	228.981576	44.074615
-49.013672	228.827040	44.161389
-49.108526	228.667840	44.254085
-49.209952	228.503978	44.352703
-49.317950	228.335455	44.457245
-49.432520	228.162273	44.567710
-49.553663	227.984433	44.684102
-49.681377	227.801936	44.806419
-49.815664	227.614784	44.934664
-49.956523	227.422978	45.068837
-50.103955	227.226520	45.208940
-50.257959	227.025411	45.354973
-50.418536	226.819653	45.506938
-50.585686	226.609247	45.664835
-50.759409	226.394194	45.828666
-50.939704	226.174496	45.998432
-51.126573	225.950155	46.174132
-51.320016	225.721171	46.355770
-51.520031	225.487547	46.543345
-51.726620	225.249283	46.736858
-51.939783	225.006382	46.936311
-52.159519	224.758844	47.141704
-52.385830	224.506671	47.353039
-52.618714	224.249865	47.570317
-52.858173	223.988427	47.793538
-53.104206	223.722358	48.022703
-53.356813	223.451660	48.257814
-53.615995	223.176335	48.498871
-53.881752	222.896383	48.745875
-54.154084	222.611807	48.998828
-54.432992	222.322608	49.257730
-54.718474	222.028787	49.522582
-55.010532	221.730346	49.793385
-55.142095	221.596834	49.915310
-55.280234	221.458703	50.043186
-55.424948	221.315955	50.177016
-55.576239	221.168590	50.316799
-55.734106	221.016609	50.462536
-55.898549	220.860013	50.614228
-56.069568	220.698802	50.771873
-56.247163	220.532977	50.935474
-56.431335	220.362539	51.105030
-56.622084	220.187487	51.280542
-56.819409	220.007824	51.462010
-57.023311	219.823550	51.649435
-57.233790	219.634664	51.842817
-57.450846	219.441169	52.042156
-57.674478	219.243064	52.247453
-57.904688	219.040351	52.458708
-58.141475	218.833029	52.675922
-58.384840	218.621100	52.899095
-58.634782	218.404565	53.128228
-58.891301	218.183423	53.363320
-59.154398	217.957676	53.604373
-59.424073	217.727324	53.851386
-59.700326	217.492368	54.104361
-59.983157	217.252809	54.363296
-60.272566	217.008647	54.628194
-60.568554	216.759884	54.899054
-60.871120	216.506518	55.175876
-61.180264	216.248553	55.458662
-61.320899	216.131596	55.587281
-61.468112	216.010040	55.721865
-61.621905	215.883885	55.862412
-61.782276	215.753130	56.008922
-61.949226	215.617777	56.161397
-62.122755	215.477825	56.319837
-62.302863	215.333276	56.484240
-62.489549	215.184128	56.654608
-62.682816	215.030383	56.830942
-62.882661	214.872041	57.013240
-63.089085	214.709102	57.201503
-63.302089	214.541567	57.395731
-63.521672	214.369435	57.595925
-63.747835	214.192708	57.802085
-63.980577	214.011385	58.014210
-64.219898	213.825466	58.232301
-64.465799	213.634953	58.456359
-64.718280	213.439844	58.686383
-64.977341	213.240142	58.922373
-65.242981	213.035845	59.164330
-65.515201	212.826955	59.412254
-65.794001	212.613471	59.666144
-66.079381	212.395395	59.926002
-66.371341	212.172725	60.191828
-66.669882	211.945463	60.463620
-66.975002	211.713609	60.741381
-67.286703	211.477163	61.025109
-67.604984	211.236125	61.314805
-67.749321	211.126991	61.446170
-67.900239	211.013267	61.583503
-68.057737	210.894951	61.726804
-68.221815	210.772045	61.876073
-68.392474	210.644548	62.031311
-68.569714	210.512460	62.192518
-68.753534	210.375782	62.359693
-68.943935	210.234514	62.532837
-69.140917	210.088656	62.711949
-69.344479	209.938208	62.897031
-69.554622	209.783170	63.088081
-69.771346	209.623543	63.285100
-69.994651	209.459326	63.488089
-70.224536	209.290520	63.697046
-70.461003	209.117124	63.911973
-70.704050	208.939140	64.132868
-70.953678	208.756566	64.359733
-71.209888	208.569404	64.592568
-71.472678	208.377653	64.831372
-71.742049	208.181314	65.076146
-72.018002	207.980387	65.326889
-72.300536	207.774871	65.583602
-72.589650	207.564767	65.846284
-72.885346	207.350075	66.114937
-73.187624	207.130796	66.389559
-73.496482	206.906929	66.670152
-73.811922	206.678474	66.956714
-74.133943	206.445433	67.249247
-74.279866	206.339909	67.381803
-74.432371	206.229797	67.520330
-74.591456	206.115099	67.664827
-74.757123	205.995814	67.815294
-74.929372	205.871942	67.971731
-75.108202	205.743483	68.134139
-75.293614	205.610438	68.302517
-75.485607	205.472805	68.476866
-75.684182	205.330587	68.657185
-75.889338	205.183781	68.843474
-76.101076	205.032389	69.035735
-76.319395	204.876411	69.233965
-76.544296	204.715846	69.438166
-76.775779	204.550695	69.648338
-77.013843	204.380958	69.864481
-77.258489	204.206635	70.086594
-77.509716	204.027725	70.314678
-77.767526	203.844230	70.548732
-78.031917	203.656148	70.788757
-78.302889	203.463481	71.034754
-78.580444	203.266228	71.286721
-78.864580	203.064389	71.544658
-79.155298	202.857965	71.808567
-79.452598	202.646954	72.078447
-79.756480	202.431359	72.354297
-80.066944	202.211178	72.636119
-80.383989	201.986411	72.923912
-80.707616	201.757059	73.217675
-80.854237	201.653186	73.350764
-81.007439	201.544727	73.489825
-81.167224	201.431683	73.634856
-81.333590	201.314054	73.785858
-81.506538	201.191839	73.942832
-81.686068	201.065040	74.105777
-81.872180	200.933656	74.274693
-82.064875	200.797686	74.449580
-82.264151	200.657132	74.630438
-82.470009	200.511992	74.817268
-82.682449	200.362268	75.010068
-82.901471	200.207958	75.208840
-83.127075	200.049064	75.413584
-83.359261	199.885585	75.624298
-83.598029	199.717521	75.840984
-83.843379	199.544872	76.063641
-84.095311	199.367638	76.292269
-84.353826	199.185820	76.526869
-84.618922	198.999417	76.767440
-84.890600	198.808429	77.013982
-85.168861	198.612857	77.266496
-85.453703	198.412699	77.524981
-85.745128	198.207958	77.789438
-86.043135	197.998632	78.059866
-86.347724	197.784721	78.336265
-86.658895	197.566226	78.618636
-86.976648	197.343146	78.906978
-87.300983	197.115482	79.201291
-87.447915	197.012361	79.334622
-87.601429	196.904655	79.473924
-87.761525	196.792365	79.619198
-87.928203	196.675490	79.770443
-88.101464	196.554032	79.927659
-88.281306	196.427989	80.090847
-88.467731	196.297361	80.260007
-88.660738	196.162149	80.435138
-88.860327	196.022353	80.616240
-89.066499	195.877973	80.803315
-89.279252	195.729008	80.996360
-89.498588	195.575460	81.195377
-89.724506	195.417327	81.400366
-89.957006	195.254609	81.611326
-90.196089	195.087308	81.828258
-90.441753	194.915422	82.051162
-90.694000	194.738953	82.280037
-90.952829	194.557899	82.514883
-91.218241	194.372261	82.755701
-91.490234	194.182039	83.002491
-91.768810	193.987232	83.255253
-92.053968	193.787842	83.513986
-92.345709	193.583868	83.778690
-92.644031	193.375309	84.049366
-92.948936	193.162167	84.326014
-93.260423	192.944440	84.608634
-93.578493	192.722129	84.897225
-93.903145	192.495235	85.191787
-94.050216	192.392456	85.325228
-94.203870	192.285093	85.464640
-94.364106	192.173146	85.610024
-94.530925	192.056615	85.761380
-94.704326	191.935500	85.918707
-94.884309	191.809801	86.082006
-95.070874	191.679518	86.251277
-95.264022	191.544651	86.426519
-95.463752	191.405200	86.607733
-95.670064	191.261166	86.794918
-95.882958	191.112547	86.988076
-96.102435	190.959344	87.187205
-96.328494	190.801558	87.392305
-96.561136	190.639188	87.603377
-96.800360	190.472234	87.820421
-97.046166	190.300695	88.043437
-97.298554	190.124573	88.272425
-97.557525	189.943868	88.507384
-97.823078	189.758578	88.748314
-98.095214	189.568704	88.995217
-98.373931	189.374247	89.248091
-98.659231	189.175206	89.506937
-98.951114	188.971580	89.771755
-99.249579	188.763371	90.042544
-99.554626	188.550579	90.319305
-99.866255	188.333202	90.602038
-100.184467	188.111242	90.890742
-100.509261	187.884697	91.185418
-100.656396	187.782074	91.318909
-100.810113	187.674867	91.458372
-100.970412	187.563076	91.603806
-101.137294	187.446701	91.755212
-101.310758	187.325743	91.912590
-101.490804	187.200201	92.075940
-101.677433	187.070074	92.245261
-101.870644	186.935365	92.420554
-102.070438	186.796071	92.601819
-102.276814	186.652194	92.789055
-102.489772	186.503733	92.982264
-102.709313	186.350688	93.181444
-102.935436	186.193059	93.386596
-103.168141	186.030846	93.597719
-103.407428	185.864050	93.814814
-103.653298	185.692670	94.037881
-103.905751	185.516707	94.266920
-104.164786	185.336159	94.501930
-104.430403	185.151028	94.742913
-104.702602	184.961313	94.989867
-104.981384	184.767014	95.242792
-105.266748	184.568132	95.501690
-105.558695	184.364666	95.766559
-105.857224	184.156616	96.037400
-106.162335	183.943983	96.314213
-106.474029	183.726765	96.596997
-106.792305	183.504964	96.885754
-107.117163	183.278580	97.180482
-107.264326	183.176027	97.313996
-107.418072	183.068891	97.453481
-107.578400	182.957171	97.598939
-107.745310	182.840868	97.750368
-107.918803	182.719980	97.907769
-108.098878	182.594509	98.071142
-108.285536	182.464455	98.240486
-108.478776	182.329816	98.415803
-108.678598	182.190594	98.597091
-108.885003	182.046788	98.784350
-109.097990	181.898399	98.977582
-109.317559	181.745426	99.176785
-109.543711	181.587869	99.381960
-109.776445	181.425728	99.593107
-110.015762	181.259004	99.810226
-110.261661	181.087696	100.033316
-110.514142	180.911804	100.262379
-110.773206	180.731329	100.497413
-111.038852	180.546270	100.738418
-111.311080	180.356627	100.985396
-111.589891	180.162401	101.238345
-111.875284	179.963591	101.497266
-112.167260	179.760197	101.762159
-112.465818	179.552220	102.033024
-112.770958	179.339659	102.309860
-113.082681	179.122514	102.592668
-113.400986	178.900786	102.881448
-113.725874	178.674474	103.176200
-113.873050	178.571954	103.309725
-114.026808	178.464850	103.449221
-114.187149	178.353162	103.594689
-114.354073	178.236891	103.746129
-114.527578	178.116036	103.903540
-114.707667	177.990598	104.066924
-114.894337	177.860575	104.236279
-115.087590	177.725970	104.411606
-115.287425	177.586780	104.592904
-115.493843	177.443007	104.780175
-115.706843	177.294650	104.973417
-115.926426	177.141710	105.172631
-116.152590	176.984185	105.377817
-116.385338	176.822078	105.588975
-116.624667	176.655386	105.806104
-116.870579	176.484111	106.029205
-117.123074	176.308252	106.258278
-117.382151	176.127810	106.493323
-117.647810	175.942784	106.734339
-117.920052	175.753174	106.981328
-118.198876	175.558981	107.234288
-118.484282	175.360203	107.493220
-118.776271	175.156843	107.758123
-119.074842	174.948898	108.028999
-119.379995	174.736370	108.305846
-119.691731	174.519259	108.588665
-120.010050	174.297563	108.877456
-120.334951	174.071284	109.172218
-120.482133	173.968779	109.305748
-120.635897	173.861690	109.445249
-120.796244	173.750017	109.590722
-120.963173	173.633761	109.742166
-121.136685	173.512920	109.899583
-121.316779	173.387497	110.062971
-121.503455	173.257489	110.232331
-121.696714	173.122898	110.407663
-121.896555	172.983724	110.588966
-122.102979	172.839965	110.776242
-122.315985	172.691623	110.969489
-122.535573	172.538698	111.168708
-122.761744	172.381189	111.373898
-122.994497	172.219096	111.585061
-123.233833	172.052419	111.802195
-123.479751	171.881159	112.025301
-123.732251	171.705315	112.254379
-123.991334	171.524888	112.489429
-124.256999	171.339877	112.730450
-124.529247	171.150282	112.977444
-124.808077	170.956103	113.230409
-125.093489	170.757341	113.489345
-125.385484	170.553996	113.754254
-125.684061	170.346066	114.025134
-125.989221	170.133553	114.301987
-126.300963	169.916457	114.584811
-126.619287	169.694776	114.873606
-126.944194	169.468513	115.168374
-127.091379	169.366014	115.301905
-127.245146	169.258931	115.441409
-127.405495	169.147265	115.586884
-127.572427	169.031016	115.738331
-127.745942	168.910182	115.895749
-127.926038	168.784765	116.059140
-128.112717	168.654765	116.228502
-128.305979	168.520180	116.403836
-128.505823	168.381013	116.585142
-128.712249	168.237261	116.772419
-128.925258	168.088926	116.965669
-129.144849	167.936007	117.164890
-129.371022	167.778505	117.370083
-129.603778	167.616418	117.581248
-129.843117	167.449749	117.798384
-130.089037	167.278495	118.021492
-130.341541	167.102658	118.250573
-130.600626	166.922238	118.485625
-130.866294	166.737233	118.726648
-131.138544	166.547646	118.973644
-131.417377	166.353474	119.226611
-131.702792	166.154719	119.485550
-131.994789	165.951380	119.750461
-132.293369	165.743457	120.021344
-132.598532	165.530951	120.298198
-132.910276	165.313862	120.581024
-133.228603	165.092188	120.869822
-133.553513	164.865931	121.164592
-133.700699	164.763436	121.298125
-133.854467	164.656356	121.437629
-134.014818	164.544693	121.583105
-134.181751	164.428447	121.734553
-134.355267	164.307616	121.891973
-134.535365	164.182202	122.055364
-134.722045	164.052205	122.224727
-134.915308	163.917624	122.400062
-135.115153	163.778459	122.581369
-135.321580	163.634710	122.768648
-135.534590	163.486378	122.961898
-135.754183	163.333463	123.161120
-135.980357	163.175963	123.366314
-136.213114	163.013880	123.577480
-136.452454	162.847214	123.794618
-136.698376	162.675963	124.017727
-136.950880	162.500130	124.246808
-137.209967	162.319712	124.481861
-137.475636	162.134711	124.722886
-137.747888	161.945126	124.969883
-138.026722	161.750958	125.222851
-138.312138	161.552206	125.481791
-138.604137	161.348870	125.746703
-138.902718	161.140951	126.017587
-139.207881	160.928448	126.294442
-139.519627	160.711361	126.577269
-139.837956	160.489691	126.866069
-140.162866	160.263437	127.160839
-140.310053	160.160943	127.294372
-140.463822	160.053865	127.433877
-140.624173	159.942203	127.579354
-140.791107	159.825958	127.730802
-140.964623	159.705129	127.888222
-141.144721	159.579716	128.051614
-141.331402	159.449720	128.220978
-141.524666	159.315141	128.396313
-141.724511	159.175977	128.577621
-141.930939	159.032230	128.764900
-142.143950	158.883899	128.958151
-142.363543	158.730985	129.157373
-142.589718	158.573487	129.362568
-142.822476	158.411406	129.573734
-143.061816	158.244740	129.790872
-143.307738	158.073492	130.013982
-143.560243	157.897659	130.243063
-143.819330	157.717243	130.478117
-144.085000	157.532243	130.719142
-144.357252	157.342660	130.966139
-144.636087	157.148493	131.219108
-144.921504	156.949742	131.478049
-145.213503	156.746408	131.742961
-145.512085	156.538490	132.013845
-145.817249	156.325989	132.290701
-146.128995	156.108903	132.573529
-146.447324	155.887235	132.862328
-146.772235	155.660982	133.157100
-146.919422	155.558488	133.290633
-147.073191	155.451411	133.430138
-147.233543	155.339750	133.575615
-147.400477	155.223506	133.727063
-147.573993	155.102677	133.884484
-147.754092	154.977266	134.047876
-147.940773	154.847270	134.217240
-148.134037	154.712691	134.392575
-148.333883	154.573528	134.573883
-148.540311	154.429782	134.761162
-148.753322	154.281452	134.954413
-148.972915	154.128538	135.153636
-149.199090	153.971041	135.358831
-149.431848	153.808960	135.569997
-149.671189	153.642295	135.787136
-149.917111	153.471047	136.010246
-150.169617	153.295215	136.239327
-150.428704	153.114800	136.474381
-150.694374	152.929801	136.715407
-150.966626	152.740218	136.962404
-151.245461	152.546052	137.215373
-151.530878	152.347302	137.474314
-151.822878	152.143968	137.739226
-152.121460	151.936051	138.010111
-152.426624	151.723550	138.286967
-152.738371	151.506466	138.569795
-153.056700	151.284797	138.858595
-153.381612	151.058546	139.153366
-153.528799	150.956052	139.286899
-153.682568	150.848975	139.426404
-153.842919	150.737315	139.571881
-154.009854	150.621070	139.723330
-154.183370	150.500242	139.880750
-154.363469	150.374831	140.044143
-154.550150	150.244836	140.213507
-154.743414	150.110257	140.388842
-154.943260	149.971094	140.570150
-155.149688	149.827348	140.757429
-155.362699	149.679018	140.950681
-155.582292	149.526105	141.149904
-155.808468	149.368608	141.355098
-156.041226	149.206528	141.566265
-156.280567	149.039863	141.783403
-156.526490	148.868615	142.006514
-156.778995	148.692784	142.235596
-157.038082	148.512369	142.470649
-157.303753	148.327370	142.711675
-157.576005	148.137788	142.958672
-157.854840	147.943621	143.211641
-158.140257	147.744872	143.470582
-158.432257	147.541538	143.735495
-158.730839	147.333622	144.006379
-159.036003	147.121121	144.283236
-159.347750	146.904037	144.566064
-159.666080	146.682369	144.854864
-159.990991	146.456117	145.149635
-160.138178	146.353624	145.283169
-160.291947	146.246547	145.422674
-160.452299	146.134887	145.568151
-160.619233	146.018643	145.719599
-160.792750	145.897815	145.877020
-160.972849	145.772403	146.040412
-161.159530	145.642408	146.209776
-161.352794	145.507830	146.385112
-161.552640	145.368667	146.566420
-161.759068	145.224921	146.753699
-161.972079	145.076592	146.946950
-162.191673	144.923679	147.146173
-162.417848	144.766182	147.351368
-162.650606	144.604101	147.562535
-162.889947	144.437437	147.779673
-163.135870	144.266189	148.002783
-163.388375	144.090358	148.231865
-163.647463	143.909943	148.466919
-163.913133	143.724944	148.707945
-164.185386	143.535362	148.954942
-164.464220	143.341196	149.207911
-164.749638	143.142447	149.466852
-165.041638	142.939113	149.731765
-165.340220	142.731197	150.002650
-165.645384	142.518696	150.279506
-165.957131	142.301612	150.562334
-166.275460	142.079944	150.851134
-166.600372	141.853693	151.145906
-166.747559	141.751200	151.279439
-166.901328	141.644123	151.418944
-167.061680	141.532462	151.564421
-167.228614	141.416218	151.715870
-167.402131	141.295391	151.873290
-167.582230	141.169979	152.036683
-167.768911	141.039984	152.206047
-167.962175	140.905406	152.381383
-168.162021	140.766243	152.562690
-168.368450	140.622498	152.749970
-168.581461	140.474168	152.943221
-168.801054	140.321255	153.142444
-169.027230	140.163758	153.347639
-169.259988	140.001678	153.558806
-169.499328	139.835014	153.775944
-169.745251	139.663766	153.999054
-169.997757	139.487935	154.228136
-170.256844	139.307520	154.463190
-170.522515	139.122521	154.704216
-170.794767	138.932939	154.951213
-171.073602	138.738773	155.204182
-171.359019	138.540023	155.463123
-171.651019	138.336690	155.728036
-171.949601	138.128774	155.998921
-172.254766	137.916273	156.275777
-172.566513	137.699189	156.558605
-172.884842	137.477522	156.847405
-173.209754	137.251270	157.142177
-173.356941	137.148777	157.275710
-173.510710	137.041700	157.415215
-173.671062	136.930040	157.560692
-173.837996	136.813796	157.712141
-174.011513	136.692968	157.869561
-174.191612	136.567557	158.032954
-174.378293	136.437562	158.202318
-174.571557	136.302983	158.377654
-174.771403	136.163821	158.558961
-174.977831	136.020075	158.746241
-175.190842	135.871746	158.939492
-175.410436	135.718832	159.138715
-175.636611	135.561336	159.343910
-175.869370	135.399255	159.555077
-176.108710	135.232591	159.772215
-176.354633	135.061344	159.995325
-176.607138	134.885512	160.224407
-176.866226	134.705097	160.459461
-177.131896	134.520099	160.700487
-177.404149	134.330517	160.947484
-177.682984	134.136351	161.200453
-177.968401	133.937601	161.459394
-178.260401	133.734268	161.724307
-178.558983	133.526352	161.995192
-178.864148	133.313851	162.272048
-179.175895	133.096767	162.554876
-179.494224	132.875100	162.843676
-179.819136	132.648848	163.138448
-179.966323	132.546355	163.271981
-180.120092	132.439278	163.411487
-180.280444	132.327618	163.556963
-180.447378	132.211374	163.708412
-180.620895	132.090546	163.865833
-180.800994	131.965135	164.029225
-180.987675	131.835140	164.198589
-181.180939	131.700561	164.373925
-181.380785	131.561399	164.555233
-181.587213	131.417653	164.742512
-181.800224	131.269324	164.935763
-182.019818	131.116411	165.134987
-182.245993	130.958914	165.340181
-182.478752	130.796834	165.551348
-182.718092	130.630170	165.768487
-182.964015	130.458922	165.991597
-183.216521	130.283091	166.220679
-183.475608	130.102676	166.455733
-183.741278	129.917677	166.696758
-184.013531	129.728095	166.943756
-184.292366	129.533929	167.196725
-184.577783	129.335180	167.455666
-184.869783	129.131847	167.720579
-185.168365	128.923930	167.991463
-185.473530	128.711430	168.268320
-185.785277	128.494346	168.551148
-186.103606	128.272678	168.839948
-186.428518	128.046427	169.134719
-186.575705	127.943934	169.268253
-186.729474	127.836857	169.407758
-186.889826	127.725196	169.553235
-187.056760	127.608952	169.704684
-187.230277	127.488125	169.862104
-187.410376	127.362713	170.025496
-187.597057	127.232719	170.194861
-187.790321	127.098140	170.370196
-187.990167	126.958978	170.551504
-188.196596	126.815232	170.738784
-188.409607	126.666902	170.932035
-188.629200	126.513989	171.131258
-188.855376	126.356493	171.336453
-189.088134	126.194412	171.547620
-189.327474	126.027748	171.764758
-189.573397	125.856501	171.987868
-189.825903	125.680669	172.216950
-190.084990	125.500254	172.452004
-190.350661	125.315256	172.693030
-190.622913	125.125674	172.940027
-190.901748	124.931508	173.192996
-191.187166	124.732758	173.451937
-191.479165	124.529425	173.716850
-191.777747	124.321509	173.987735
-192.082912	124.109008	174.264591
-192.394659	123.891924	174.547419
-192.712988	123.670257	174.836219
-193.037900	123.444005	175.130991
-193.185087	123.341512	175.264524
-193.338857	123.234436	175.404029
-193.499208	123.122775	175.549506
-193.666142	123.006531	175.700955
-193.839659	122.885703	175.858376
-194.019758	122.760292	176.021768
-194.206439	122.630297	176.191132
-194.399703	122.495719	176.366468
-194.599549	122.356556	176.547776
-194.805978	122.212811	176.735055
-195.018989	122.064481	176.928306
-195.238582	121.911568	177.127529
-195.464758	121.754071	177.332724
-195.697516	121.591991	177.543891
-195.936857	121.425327	177.761029
-196.182780	121.254079	177.984140
-196.435285	121.078248	178.213222
-196.694373	120.897833	178.448276
-196.960043	120.712834	178.689301
-197.232295	120.523252	178.936299
-197.511130	120.329087	179.189268
-197.796548	120.130337	179.448209
-198.088548	119.927004	179.713122
-198.387130	119.719087	179.984006
-198.692294	119.506587	180.260863
-199.004041	119.289503	180.543691
-199.322371	119.067835	180.832491
-199.647282	118.841584	181.127262
-199.794469	118.739091	181.260796
-199.948239	118.632014	181.400301
-200.108590	118.520354	181.545778
-200.275525	118.404110	181.697227
-200.449041	118.283282	181.854647
-200.629140	118.157871	182.018039
-200.815822	118.027876	182.187404
-201.009085	117.893297	182.362739
-201.208931	117.754135	182.544047
-201.415360	117.610389	182.731327
-201.628371	117.462060	182.924578
-201.847964	117.309147	183.123801
-202.074140	117.151650	183.328996
-202.306898	116.989570	183.540163
-202.546239	116.822906	183.757301
-202.792162	116.651658	183.980411
-203.044667	116.475827	184.209493
-203.303755	116.295412	184.444547
-203.569425	116.110413	184.685573
-203.841678	115.920831	184.932570
-204.120513	115.726665	185.185539
-204.405930	115.527916	185.444480
-204.697930	115.324583	185.709393
-204.996512	115.116666	185.980278
-205.301677	114.904166	186.257134
-205.613424	114.687082	186.539962
-205.931753	114.465414	186.828762
-206.256665	114.239163	187.123534
-206.403852	114.136670	187.257067
-206.557621	114.029593	187.396572
-206.717973	113.917933	187.542049
-206.884907	113.801689	187.693498
-207.058423	113.680861	187.850919
-207.238522	113.555450	188.014311
-207.425204	113.425455	188.183675
-207.618468	113.290876	188.359011
-207.818314	113.151714	188.540319
-208.024742	113.007968	188.727598
-208.237753	112.859639	188.920849
-208.457347	112.706725	189.120072
-208.683522	112.549229	189.325267
-208.916281	112.387148	189.536434
-209.155621	112.220484	189.753572
-209.401544	112.049237	189.976683
-209.654049	111.873405	190.205765
-209.913137	111.692991	190.440819
-210.178807	111.507992	190.681844
-210.451060	111.318410	190.928842
-210.729895	111.124244	191.181811
-211.015312	110.925495	191.440752
-211.307312	110.722162	191.705665
-211.605894	110.514245	191.976549
-211.911059	110.301745	192.253406
-212.222806	110.084661	192.536234
-212.541135	109.862993	192.825034
-212.866047	109.636742	193.119805
-213.013234	109.534249	193.253339
-213.167003	109.427172	193.392844
-213.327355	109.315511	193.538321
-213.494289	109.199267	193.689770
-213.667806	109.078440	193.847190
-213.847905	108.953028	194.010582
-214.034586	108.823033	194.179947
-214.227850	108.688455	194.355282
-214.427696	108.549293	194.536590
-214.634124	108.405547	194.723870
-214.847135	108.257217	194.917121
-215.066729	108.104304	195.116344
-215.292905	107.946807	195.321539
-215.525663	107.784727	195.532706
-215.765003	107.618063	195.749844
-216.010926	107.446815	195.972954
-216.263432	107.270984	196.202036
-216.522519	107.090569	196.437090
-216.788190	106.905571	196.678116
-217.060442	106.715989	196.925113
-217.339277	106.521823	197.178082
-217.624695	106.323073	197.437023
-217.916694	106.119740	197.701936
-218.215276	105.911824	197.972821
-218.520441	105.699323	198.249677
-218.832188	105.482239	198.532505
-219.150517	105.260572	198.821305
-219.475429	105.034321	199.116077
-219.622616	104.931827	199.249610
-219.776385	104.824751	199.389115
-219.936737	104.713090	199.534592
-220.103671	104.596846	199.686041
-220.277188	104.476018	199.843462
-220.457287	104.350607	200.006854
-220.643968	104.220612	200.176218
-220.837232	104.086034	200.351554
-221.037078	103.946871	200.532862
-221.243507	103.803126	200.720141
-221.456518	103.654796	200.913392
-221.676111	103.501883	201.112616
-221.902287	103.344386	201.317810
-222.135045	103.182306	201.528977
-222.374386	103.015642	201.746116
-222.620309	102.844394	201.969226
-222.872814	102.668563	202.198308
-223.131902	102.488148	202.433362
-223.397572	102.303150	202.674387
-223.669824	102.113567	202.921385
-223.948659	101.919402	203.174354
-224.234077	101.720652	203.433295
-224.526077	101.517319	203.698208
-224.824659	101.309402	203.969092
-225.129823	101.096902	204.245949
-225.441570	100.879818	204.528777
-225.759900	100.658151	204.817577
-226.084811	100.431899	205.112349
-226.231998	100.329406	205.245882
-226.385768	100.222329	205.385387
-226.546119	100.110669	205.530864
-226.713054	99.994425	205.682313
-226.886570	99.873597	205.839733
-227.066669	99.748186	206.003126
-227.253351	99.618191	206.172490
-227.446614	99.483612	206.347826
-227.646460	99.344450	206.529133
-227.852889	99.200704	206.716413
-228.065900	99.052375	206.909664
-228.285493	98.899462	207.108887
-228.511669	98.741965	207.314082
-228.744427	98.579885	207.525249
-228.983768	98.413221	207.742387
-229.229691	98.241973	207.965497
-229.482196	98.066142	208.194579
-229.741284	97.885727	208.429633
-230.006954	97.700728	208.670659
-230.279207	97.511146	208.917656
-230.558042	97.316980	209.170625
-230.843459	97.118231	209.429566
-231.135459	96.914898	209.694479
-231.434041	96.706981	209.965364
-231.739206	96.494481	210.242220
-232.050953	96.277397	210.525048
-232.369282	96.055729	210.813848
-232.694194	95.829478	211.108620
-232.841381	95.726985	211.242153
-232.995150	95.619908	211.381659
-233.155502	95.508248	211.527135
-233.322436	95.392004	211.678584
-233.495952	95.271176	211.836005
-233.676051	95.145765	211.999397
-233.862733	95.015770	212.168761
-234.055997	94.881191	212.344097
-234.255843	94.742029	212.525405
-234.462271	94.598283	212.712684
-234.675282	94.449954	212.905936
-234.894876	94.297041	213.105159
-235.121051	94.139544	213.310353
-235.353810	93.977463	213.521520
-235.593150	93.810799	213.738659
-235.839073	93.639552	213.961769
-236.091578	93.463721	214.190851
-236.350666	93.283306	214.425905
-236.616336	93.098307	214.666930
-236.888589	92.908725	214.913928
-237.167424	92.714559	215.166897
-237.452841	92.515810	215.425838
-237.744841	92.312477	215.690751
-238.043423	92.104560	215.961635
-238.348588	91.892060	216.238492
-238.660335	91.674976	216.521320
-238.978664	91.453308	216.810120
-239.303576	91.227057	217.104892
-239.450763	91.124564	217.238425
-239.604532	91.017487	217.377930
-239.764884	90.905827	217.523407
-239.931818	90.789582	217.674856
-240.105335	90.668755	217.832276
-240.285434	90.543344	217.995669
-240.472115	90.413349	218.165033
-240.665379	90.278770	218.340369
-240.865225	90.139608	218.521676
-241.071654	89.995862	218.708956
-241.284664	89.847532	218.902207
-241.504258	89.694619	219.101430
-241.730434	89.537123	219.306625
-241.963192	89.375042	219.517792
-242.202532	89.208378	219.734930
-242.448455	89.037131	219.958040
-242.700961	88.861299	220.187122
-242.960048	88.680884	220.422176
-243.225719	88.495886	220.663202
-243.497971	88.306304	220.910199
-243.776806	88.112138	221.163168
-244.062224	87.913389	221.422109
-244.354223	87.710055	221.687022
-244.652805	87.502139	221.957907
-244.957970	87.289638	222.234763
-245.269717	87.072554	222.517591
-245.588046	86.850887	222.806391
-245.912958	86.624636	223.101163
-246.060145	86.522143	223.234696
-246.213914	86.415066	223.374202
-246.374266	86.303405	223.519679
-246.541200	86.187161	223.671127
-246.714717	86.066334	223.828548
-246.894816	85.940922	223.991940
-247.081497	85.810927	224.161304
-247.274761	85.676349	224.336640
-247.474607	85.537187	224.517948
-247.681036	85.393441	224.705227
-247.894047	85.245111	224.898479
-248.113640	85.092198	225.097702
-248.339816	84.934701	225.302896
-248.572574	84.772621	225.514063
-248.811915	84.605957	225.731202
-249.057838	84.434709	225.954312
-249.310343	84.258878	226.183394
-249.569431	84.078463	226.418448
-249.835101	83.893465	226.659473
-250.107353	83.703883	226.906471
-250.386188	83.509717	227.159440
-250.671606	83.310967	227.418381
-250.963606	83.107634	227.683294
-251.262188	82.899718	227.954178
-251.567352	82.687217	228.231035
-251.879099	82.470133	228.513863
-252.197429	82.248466	228.802663
-252.522340	82.022214	229.097435
-252.669527	81.919721	229.230968
-252.823297	81.812645	229.370473
-252.983648	81.700984	229.515950
-253.150583	81.584740	229.667399
-253.324099	81.463912	229.824819
-253.504198	81.338501	229.988212
-253.690880	81.208506	230.157576
-253.884143	81.073928	230.332912
-254.083989	80.934765	230.514219
-254.290418	80.791020	230.701499
-254.503429	80.642690	230.894750
-254.723022	80.489777	231.093973
-254.949198	80.332280	231.299168
