-29.863412	219.146977	3.829875
-29.851786	219.055118	3.798376
-29.849151	218.959034	3.768022
-29.855509	218.858727	3.738803
-29.870861	218.754197	3.710710
-29.895211	218.645448	3.683735
-29.928559	218.532479	3.657868
-29.970907	218.415293	3.633102
-30.022257	218.293891	3.609427
-30.082611	218.168276	3.586834
-30.151970	218.038447	3.565315
-30.230337	217.904408	3.544861
-30.317713	217.766159	3.525463
-30.414100	217.623702	3.507114
-30.519500	217.477039	3.489803
-30.633914	217.326172	3.473524
-30.757344	217.171101	3.458266
-30.889791	217.011829	3.444023
-31.031258	216.848356	3.430785
-31.181746	216.680685	3.418544
-31.341257	216.508818	3.407293
-31.509792	216.332755	3.397022
-31.687353	216.152499	3.387725
-31.873941	215.968050	3.379393
-32.069558	215.779412	3.372018
-32.274206	215.586584	3.365592
-32.487886	215.389569	3.360109
-32.710600	215.188368	3.355560
-32.942349	214.982983	3.351937
-33.183135	214.773416	3.349234
-33.432958	214.559668	3.347444
-33.691822	214.341740	3.346558
-33.959726	214.119635	3.346570
-34.236673	213.893353	3.347474
-34.522664	213.662897	3.349262
-34.817700	213.428269	3.351927
-35.121782	213.189469	3.355463
-35.434913	212.946499	3.359864
-35.757093	212.699361	3.365123
-36.088323	212.448057	3.371233
-36.428606	212.192588	3.378189
-36.777942	211.932955	3.385985
-37.136333	211.669162	3.394614
-37.503779	211.401208	3.404071
-37.880283	211.129096	3.414350
-38.265845	210.852827	3.425446
-38.660467	210.572403	3.437353
-39.064150	210.287826	3.450065
-39.247310	210.159699	3.456061
-39.439533	210.027421	3.462855
-39.640818	209.890993	3.470446
-39.851168	209.750415	3.478829
-40.070582	209.605689	3.488004
-40.299061	209.456814	3.497968
-40.536605	209.303792	3.508719
-40.783215	209.146624	3.520255
-41.038891	208.985309	3.532573
-41.303634	208.819849	3.545671
-41.577444	208.650245	3.559548
-41.860323	208.476497	3.574202
-42.152269	208.298606	3.589629
-42.453285	208.116573	3.605829
-42.763370	207.930398	3.622800
-43.082525	207.740083	3.640538
-43.410751	207.545627	3.659043
-43.748047	207.347033	3.678313
-44.094415	207.144299	3.698345
-44.449855	206.937428	3.719139
-44.814367	206.726420	3.740691
-45.187953	206.511276	3.763001
-45.570611	206.291996	3.786066
-45.962344	206.068582	3.809885
-46.363150	205.841033	3.834456
-46.773032	205.609351	3.859778
-47.191989	205.373537	3.885849
-47.620022	205.133590	3.912667
-47.814958	205.024740	3.924960
-48.018972	204.911758	3.937997
-48.232062	204.794646	3.951780
-48.454229	204.673404	3.966305
-48.685473	204.548033	3.981574
-48.925794	204.418532	3.997585
-49.175193	204.284903	4.014338
-49.433670	204.147144	4.031832
-49.701225	204.005258	4.050066
-49.977857	203.859243	4.069040
-50.263568	203.709101	4.088753
-50.558358	203.554831	4.109205
-50.862227	203.396435	4.130394
-51.175174	203.233912	4.152321
-51.497201	203.067263	4.174985
-51.828307	202.896488	4.198384
-52.168492	202.721587	4.222519
-52.517758	202.542562	4.247389
-52.876103	202.359411	4.272994
-53.243528	202.172136	4.299332
-53.620034	201.980736	4.326403
-54.005621	201.785213	4.354207
-54.400288	201.585567	4.382743
-54.804037	201.381797	4.412011
-55.216866	201.173905	4.442010
-55.638777	200.961890	4.472740
-56.069770	200.745753	4.504199
-56.509844	200.525494	4.536388
-56.709451	200.425779	4.551017
-56.918140	200.321942	4.566375
-57.135911	200.213985	4.582461
-57.362764	200.101906	4.599276
-57.598700	199.985707	4.616819
-57.843718	199.865388	4.635090
-58.097819	199.740947	4.654089
-58.361002	199.612387	4.673816
-58.633268	199.479707	4.694270
-58.914617	199.342906	4.715451
-59.205048	199.201986	4.737359
-59.504563	199.056946	4.759993
-59.813161	198.907787	4.783355
-60.130842	198.754508	4.807442
-60.457606	198.597110	4.832256
-60.793453	198.435594	4.857796
-61.138384	198.269958	4.884062
-61.492399	198.100204	4.911054
-61.855496	197.926331	4.938771
-62.227678	197.748340	4.967213
-62.608944	197.566231	4.996380
-62.999293	197.380003	5.026272
-63.398726	197.189658	5.056889
-63.807243	196.995195	5.088231
-64.224844	196.796615	5.120297
-64.651530	196.593917	5.153087
-65.087300	196.387102	5.186601
-65.532154	196.176170	5.220839
-65.733744	196.080669	5.236365
-65.944418	195.981051	5.252615
-66.164177	195.877316	5.269589
-66.393020	195.769464	5.287286
-66.630949	195.657496	5.305706
-66.877961	195.541412	5.324850
-67.134059	195.421211	5.344717
-67.399241	195.296893	5.365308
-67.673508	195.168460	5.386622
-67.956859	195.035910	5.408658
-68.249296	194.899244	5.431418
-68.550817	194.758462	5.454901
-68.861424	194.613563	5.479107
-69.181115	194.464549	5.504035
-69.509891	194.311419	5.529687
-69.847753	194.154173	5.556061
-70.194699	193.992812	5.583158
-70.550731	193.827335	5.610977
-70.915847	193.657742	5.639519
-71.290049	193.484034	5.668784
-71.673336	193.306210	5.698771
-72.065709	193.124271	5.729480
-72.467166	192.938217	5.760912
-72.877709	192.748048	5.793066
-73.297338	192.553763	5.825942
-73.726052	192.355363	5.859540
-74.163851	192.152849	5.893860
-74.610736	191.946219	5.928903
-74.813199	191.852643	5.944783
-75.024748	191.754952	5.961385
-75.245382	191.653147	5.978710
-75.475102	191.547226	5.996756
-75.713907	191.437191	6.015524
-75.961798	191.323041	6.035014
-76.218775	191.204777	6.055225
-76.484837	191.082398	6.076159
-76.759985	190.955905	6.097814
-77.044219	190.825297	6.120191
-77.337539	190.690574	6.143290
-77.639944	190.551737	6.167110
-77.951435	190.408786	6.191653
-78.272011	190.261720	6.216917
-78.601674	190.110540	6.242902
-78.940422	189.955246	6.269609
-79.288256	189.795837	6.297038
-79.645176	189.632314	6.325189
-80.011182	189.464677	6.354061
-80.386273	189.292926	6.383654
-80.770451	189.117060	6.413969
-81.163714	188.937081	6.445006
-81.566064	188.752987	6.476764
-81.977499	188.564779	6.509243
-82.398020	188.372458	6.542444
-82.827627	188.176022	6.576367
-83.266321	187.975473	6.611011
-83.714100	187.770809	6.646376
-83.916954	187.678109	6.662399
-84.128895	187.581295	6.679143
-84.349921	187.480368	6.696609
-84.580034	187.375326	6.714796
-84.819233	187.266171	6.733704
-85.067518	187.152902	6.753334
-85.324888	187.035519	6.773685
-85.591345	186.914022	6.794757
-85.866888	186.788412	6.816551
-86.151517	186.658688	6.839066
-86.445233	186.524850	6.862302
-86.748034	186.386899	6.886260
-87.059921	186.244833	6.910938
-87.380895	186.098655	6.936338
-87.710954	185.948362	6.962460
-88.050100	185.793956	6.989302
-88.398332	185.635437	7.016866
-88.755650	185.472803	7.045151
-89.122055	185.306056	7.074158
-89.497545	185.135196	7.103885
-89.882122	184.960222	7.134334
-90.275784	184.781135	7.165504
-90.678533	184.597934	7.197395
-91.090368	184.410619	7.230007
-91.511290	184.219191	7.263341
-91.941297	184.023650	7.297395
-92.380391	183.823995	7.332171
-92.828571	183.620227	7.367668
-93.031603	183.527925	7.383750
-93.243720	183.431510	7.400552
-93.464924	183.330981	7.418076
-93.695215	183.226339	7.436321
-93.934591	183.117584	7.455286
-94.183054	183.004715	7.474974
-94.440603	182.887733	7.495382
-94.707238	182.766637	7.516511
-94.982959	182.641428	7.538362
-95.267767	182.512106	7.560933
-95.561661	182.378670	7.584226
-95.864641	182.241121	7.608240
-96.176708	182.099459	7.632975
-96.497861	181.953684	7.658431
-96.828100	181.803795	7.684608
-97.167425	181.649793	7.711507
-97.515837	181.491677	7.739126
-97.873335	181.329448	7.767467
-98.239920	181.163106	7.796529
-98.615590	180.992651	7.826311
-99.000347	180.818082	7.856815
-99.394190	180.639400	7.888040
-99.797120	180.456605	7.919986
-100.209136	180.269697	7.952654
-100.630238	180.078675	7.986042
-101.060427	179.883541	8.020151
-101.499702	179.684292	8.054982
-101.948063	179.480931	8.090534
-102.151175	179.388810	8.106639
-102.363373	179.292576	8.123466
-102.584657	179.192229	8.141013
-102.815028	179.087768	8.159282
-103.054485	178.979195	8.178272
-103.303028	178.866508	8.197983
-103.560658	178.749708	8.218415
-103.827374	178.628794	8.239568
-104.103176	178.503768	8.261442
-104.388065	178.374628	8.284037
-104.682040	178.241376	8.307353
-104.985102	178.104010	8.331391
-105.297250	177.962530	8.356149
-105.618484	177.816938	8.381629
-105.948804	177.667233	8.407829
-106.288211	177.513414	8.434751
-106.636705	177.355482	8.462393
-106.994284	177.193437	8.490757
-107.360950	177.027279	8.519842
-107.736703	176.857008	8.549648
-108.121542	176.682624	8.580175
-108.515467	176.504126	8.611423
-108.918478	176.321516	8.643392
-109.330576	176.134792	8.676082
-109.751761	175.943955	8.709494
-110.182031	175.749005	8.743626
-110.621388	175.549942	8.778479
-111.069832	175.346766	8.814054
-111.272980	175.254727	8.830169
-111.485214	175.158575	8.847006
-111.706535	175.058310	8.864563
-111.936943	174.953932	8.882842
-112.176436	174.845441	8.901842
-112.425016	174.732837	8.921563
-112.682683	174.616120	8.942005
-112.949436	174.495289	8.963168
-113.225275	174.370346	8.985052
-113.510201	174.241289	9.007657
-113.804213	174.108119	9.030983
-114.107311	173.970836	9.055030
-114.419496	173.829441	9.079799
-114.740767	173.683932	9.105288
-115.071125	173.534309	9.131498
-115.410569	173.380574	9.158430
-115.759099	173.222726	9.186082
-116.116716	173.060765	9.214456
-116.483419	172.894690	9.243550
-116.859209	172.724503	9.273366
-117.244085	172.550202	9.303902
-117.638047	172.371788	9.335160
-118.041096	172.189262	9.367139
-118.453231	172.002622	9.399839
-118.874453	171.811869	9.433260
-119.304761	171.617003	9.467402
-119.744155	171.418024	9.502265
-120.192636	171.214932	9.537849
-120.395801	171.122931	9.553968
-120.608052	171.026816	9.570809
-120.829389	170.926589	9.588371
-121.059813	170.822248	9.606654
-121.299324	170.713795	9.625658
-121.547920	170.601228	9.645383
-121.805604	170.484548	9.665830
-122.072373	170.363756	9.686997
-122.348229	170.238850	9.708885
-122.633172	170.109831	9.731494
-122.927200	169.976699	9.754825
-123.230316	169.839454	9.778876
-123.542517	169.698096	9.803648
-123.863805	169.552625	9.829142
-124.194180	169.403041	9.855356
-124.533641	169.249343	9.882292
-124.882188	169.091533	9.909948
-125.239822	168.929610	9.938326
-125.606542	168.763573	9.967425
-125.982348	168.593424	9.997245
-126.367241	168.419161	10.027785
-126.761220	168.240786	10.059047
-127.164286	168.058297	10.091030
-127.576438	167.871696	10.123734
-127.997677	167.680981	10.157159
-128.428002	167.486153	10.191305
-128.867413	167.287212	10.226172
-129.315911	167.084159	10.261760
-129.519083	166.992174	10.277882
-129.731342	166.896077	10.294725
-129.952687	166.795867	10.312288
-130.183119	166.691543	10.330573
-130.422637	166.583107	10.349579
-130.671241	166.470557	10.369306
-130.928932	166.353895	10.389754
-131.195709	166.233119	10.410923
-131.471573	166.108230	10.432813
-131.756523	165.979229	10.455424
-132.050559	165.846114	10.478756
-132.353682	165.708886	10.502809
-132.665891	165.567545	10.527583
-132.987187	165.422091	10.553078
-133.317569	165.272524	10.579295
-133.657038	165.118844	10.606232
-134.005593	164.961051	10.633890
-134.363234	164.799145	10.662270
-134.729962	164.633126	10.691370
-135.105776	164.462994	10.721192
-135.490677	164.288749	10.751734
-135.884664	164.110391	10.782998
-136.287737	163.927920	10.814983
-136.699897	163.741335	10.847688
-137.121143	163.550638	10.881115
-137.551476	163.355828	10.915263
-137.990895	163.156904	10.950131
-138.439401	162.953868	10.985721
-138.642577	162.861891	11.001844
-138.854839	162.765802	11.018687
-139.076187	162.665599	11.036252
-139.306622	162.561283	11.054537
-139.546144	162.452855	11.073544
-139.794752	162.340313	11.093272
-140.052446	162.223658	11.113720
-140.319226	162.102890	11.134890
-140.595094	161.978009	11.156781
-140.880047	161.849016	11.179393
-141.174087	161.715909	11.202725
-141.477213	161.578689	11.226779
-141.789426	161.437356	11.251554
-142.110725	161.291910	11.277050
-142.441111	161.142351	11.303267
-142.780583	160.988678	11.330205
-143.129141	160.830893	11.357865
-143.486786	160.668995	11.386245
-143.853518	160.502984	11.415346
-144.229335	160.332860	11.445168
-144.614240	160.158622	11.475711
-145.008230	159.980272	11.506976
-145.411307	159.797809	11.538961
-145.823470	159.611232	11.571668
-146.244720	159.420543	11.605095
-146.675057	159.225741	11.639244
-147.114479	159.026825	11.674113
-147.562988	158.823797	11.709704
-147.766166	158.731824	11.725827
-147.978429	158.635738	11.742670
-148.199779	158.535538	11.760235
-148.430216	158.431226	11.778521
-148.669739	158.322801	11.797528
-148.918348	158.210263	11.817256
-149.176044	158.093612	11.837705
-149.442827	157.972847	11.858875
-149.718695	157.847970	11.880766
-150.003650	157.718980	11.903378
-150.297692	157.585876	11.926712
-150.600820	157.448660	11.950766
-150.913034	157.307331	11.975541
-151.234335	157.161888	12.001037
-151.564722	157.012333	12.027255
-151.904196	156.858664	12.054193
-152.252756	156.700883	12.081853
-152.610402	156.538988	12.110233
-152.977135	156.372980	12.139335
-153.352955	156.202860	12.169157
-153.737860	156.028626	12.199701
-154.131852	155.850279	12.230966
-154.534931	155.667820	12.262951
-154.947096	155.481247	12.295658
-155.368348	155.290561	12.329086
-155.798685	155.095762	12.363235
-156.238110	154.896850	12.398104
-156.686620	154.693826	12.433695
-156.889798	154.601854	12.449818
-157.102063	154.505770	12.466662
-157.323414	154.405572	12.484227
-157.553851	154.301262	12.502513
-157.793375	154.192838	12.521520
-158.041985	154.080301	12.541248
-158.299681	153.963652	12.561698
-158.566464	153.842889	12.582868
-158.842334	153.718014	12.604759
-159.127290	153.589025	12.627371
-159.421332	153.455923	12.650705
-159.724460	153.318708	12.674759
-160.036676	153.177381	12.699535
-160.357977	153.031940	12.725031
-160.688365	152.882386	12.751248
-161.027839	152.728719	12.778187
-161.376400	152.570939	12.805847
-161.734047	152.409046	12.834227
-162.100781	152.243040	12.863329
-162.476601	152.072921	12.893152
-162.861508	151.898689	12.923695
-163.255500	151.720344	12.954960
-163.658580	151.537886	12.986946
-164.070746	151.351315	13.019653
-164.491998	151.160631	13.053081
-164.922336	150.965834	13.087230
-165.361761	150.766923	13.122100
-165.810273	150.563900	13.157691
-166.013451	150.471929	13.173814
-166.225716	150.375846	13.190658
-166.447067	150.275649	13.208223
-166.677505	150.171339	13.226509
-166.917029	150.062916	13.245516
-167.165639	149.950380	13.265244
-167.423336	149.833732	13.285694
-167.690119	149.712970	13.306864
-167.965989	149.588095	13.328755
-168.250945	149.459107	13.351368
-168.544988	149.326006	13.374701
-168.848117	149.188792	13.398755
-169.160332	149.047465	13.423531
-169.481634	148.902025	13.449027
-169.812022	148.752471	13.475245
-170.151497	148.598805	13.502184
-170.500058	148.441026	13.529843
-170.857706	148.279134	13.558224
-171.224440	148.113129	13.587326
-171.600260	147.943010	13.617148
-171.985167	147.768779	13.647692
-172.379160	147.590435	13.678957
-172.782240	147.407978	13.710943
-173.194406	147.221407	13.743650
-173.615658	147.030724	13.777078
-174.045997	146.835927	13.811227
-174.485423	146.637018	13.846097
-174.933934	146.433995	13.881688
-175.137113	146.342025	13.897811
-175.349378	146.245942	13.914655
-175.570729	146.145745	13.932220
-175.801167	146.041436	13.950507
-176.040691	145.933013	13.969514
-176.289302	145.820478	13.989242
-176.546999	145.703829	14.009691
-176.813782	145.583068	14.030861
-177.089652	145.458193	14.052753
-177.374608	145.329205	14.075365
-177.668651	145.196105	14.098699
-177.971780	145.058891	14.122753
-178.283996	144.917564	14.147529
-178.605298	144.772125	14.173025
-178.935686	144.622572	14.199243
-179.275161	144.468906	14.226181
-179.623722	144.311127	14.253841
-179.981370	144.149235	14.282222
-180.348104	143.983230	14.311324
-180.723925	143.813113	14.341146
-181.108832	143.638882	14.371690
-181.502825	143.460538	14.402955
-181.905905	143.278081	14.434941
-182.318071	143.091511	14.467648
-182.739324	142.900828	14.501076
-183.169663	142.706031	14.535225
-183.609088	142.507122	14.570095
-184.057600	142.304100	14.605686
-184.260779	142.212130	14.621809
-184.473044	142.116047	14.638653
-184.694395	142.015850	14.656219
-184.924833	141.911541	14.674505
-185.164357	141.803119	14.693512
-185.412968	141.690583	14.713240
-185.670665	141.573935	14.733689
-185.937449	141.453174	14.754860
-186.213319	141.328299	14.776751
-186.498275	141.199312	14.799363
-186.792318	141.066211	14.822697
-187.095447	140.928998	14.846751
-187.407663	140.787671	14.871527
-187.728965	140.642232	14.897023
-188.059353	140.492679	14.923241
-188.398828	140.339013	14.950180
-188.747389	140.181235	14.977839
-189.105037	140.019343	15.006220
-189.471771	139.853338	15.035322
-189.847592	139.683220	15.065145
-190.232499	139.508990	15.095688
-190.626493	139.330646	15.126953
-191.029572	139.148189	15.158939
-191.441739	138.961619	15.191646
-191.862991	138.770936	15.225074
-192.293331	138.576140	15.259223
-192.732756	138.377231	15.294094
-193.181268	138.174209	15.329685
-193.384447	138.082239	15.345808
-193.596712	137.986156	15.362652
-193.818063	137.885960	15.380217
-194.048501	137.781651	15.398503
-194.288025	137.673228	15.417510
-194.536636	137.560693	15.437238
-194.794333	137.444045	15.457688
-195.061117	137.323283	15.478858
-195.336987	137.198409	15.500749
-195.621943	137.069422	15.523362
-195.915986	136.936321	15.546695
-196.219115	136.799108	15.570750
-196.531331	136.657781	15.595525
-196.852633	136.512342	15.621022
-197.183021	136.362789	15.647239
-197.522496	136.209124	15.674178
-197.871058	136.051345	15.701838
-198.228706	135.889453	15.730218
-198.595440	135.723449	15.759320
-198.971260	135.553331	15.789143
-199.356168	135.379100	15.819687
-199.750161	135.200757	15.850952
-200.153241	135.018300	15.882938
-200.565407	134.831730	15.915645
-200.986660	134.641047	15.949073
-201.416999	134.446251	15.983222
-201.856425	134.247342	16.018092
-202.304937	134.044320	16.053683
-202.508115	133.952350	16.069806
-202.720381	133.856267	16.086650
-202.941732	133.756071	16.104215
-203.172170	133.651762	16.122502
-203.411694	133.543340	16.141509
-203.660305	133.430804	16.161237
-203.918002	133.314156	16.181686
-204.184786	133.193395	16.202857
-204.460656	133.068520	16.224748
-204.745612	132.939533	16.247360
-205.039655	132.806433	16.270694
-205.342784	132.669219	16.294748
-205.655000	132.527893	16.319524
-205.976302	132.382453	16.345020
-206.306690	132.232901	16.371238
-206.646165	132.079235	16.398177
-206.994727	131.921457	16.425836
-207.352375	131.759565	16.454217
-207.719109	131.593560	16.483319
-208.094929	131.423443	16.513142
-208.479837	131.249212	16.543686
-208.873830	131.070868	16.574950
-209.276910	130.888412	16.606936
-209.689076	130.701842	16.639643
-210.110329	130.511159	16.673071
-210.540668	130.316363	16.707221
-210.980094	130.117454	16.742091
-211.428606	129.914433	16.777682
-211.631785	129.822462	16.793805
-211.844050	129.726379	16.810649
-212.065401	129.626183	16.828214
-212.295839	129.521874	16.846500
-212.535363	129.413452	16.865507
-212.783974	129.300916	16.885236
-213.041671	129.184268	16.905685
-213.308455	129.063507	16.926855
-213.584325	128.938633	16.948747
-213.869281	128.809645	16.971359
-214.163324	128.676545	16.994692
-214.466453	128.539331	17.018747
-214.778669	128.398005	17.043522
-215.099971	128.252565	17.069019
-215.430360	128.103013	17.095237
-215.769835	127.949347	17.122175
-216.118396	127.791569	17.149835
-216.476044	127.629677	17.178216
-216.842778	127.463673	17.207317
-217.218599	127.293555	17.237140
-217.603506	127.119324	17.267684
-217.997499	126.940981	17.298949
-218.400579	126.758524	17.330935
-218.812746	126.571954	17.363642
-219.233998	126.381271	17.397070
-219.664338	126.186476	17.431219
-220.103763	125.987567	17.466089
-220.552275	125.784545	17.501680
-220.755454	125.692575	17.517803
-220.967719	125.596492	17.534648
-221.189070	125.496296	17.552213
-221.419508	125.391986	17.570499
-221.659033	125.283564	17.589506
-221.907643	125.171029	17.609234
-222.165341	125.054381	17.629683
-222.432124	124.933619	17.650854
-222.707994	124.808745	17.672745
-222.992951	124.679758	17.695358
-223.286993	124.546657	17.718691
-223.590123	124.409444	17.742745
-223.902338	124.268117	17.767521
-224.223640	124.122678	17.793018
-224.554029	123.973126	17.819235
-224.893504	123.819460	17.846174
-225.242065	123.661681	17.873834
-225.599713	123.499790	17.902214
-225.966447	123.333785	17.931316
-226.342268	123.163668	17.961139
-226.727175	122.989437	17.991683
-227.121169	122.811093	18.022948
-227.524249	122.628637	18.054934
-227.936415	122.442067	18.087641
-228.357668	122.251384	18.121069
-228.788007	122.056588	18.155218
-229.227433	121.857679	18.190088
-229.675945	121.654658	18.225679
-229.879123	121.562688	18.241802
-230.091388	121.466604	18.258646
-230.312740	121.366408	18.276211
-230.543178	121.262099	18.294497
-230.782702	121.153677	18.313505
-231.031313	121.041142	18.333233
-231.289010	120.924493	18.353682
-231.555794	120.803732	18.374852
-231.831664	120.678858	18.396744
-232.116620	120.549870	18.419356
-232.410663	120.416770	18.442690
-232.713792	120.279557	18.466744
-233.026008	120.138230	18.491520
-233.347310	119.992791	18.517016
-233.677698	119.843238	18.543234
-234.017173	119.689573	18.570172
-234.365735	119.531794	18.597832
-234.723383	119.369903	18.626213
-235.090117	119.203898	18.655315
-235.465938	119.033780	18.685138
-235.850845	118.859550	18.715681
-236.244838	118.681206	18.746946
-236.647918	118.498749	18.778932
-237.060084	118.312180	18.811639
-237.481337	118.121497	18.845067
-237.911676	117.926701	18.879216
-238.351102	117.727792	18.914087
-238.799614	117.524770	18.949678
-239.002793	117.432800	18.965801
-239.215058	117.336717	18.982645
-239.436409	117.236521	19.000210
-239.666847	117.132212	19.018496
-239.906371	117.023790	19.037503
-240.154982	116.911254	19.057231
-240.412679	116.794606	19.077681
-240.679463	116.673845	19.098851
-240.955333	116.548970	19.120742
-241.240289	116.419983	19.143355
-241.534332	116.286883	19.166688
-241.837462	116.149669	19.190743
-242.149677	116.008343	19.215518
-242.470979	115.862903	19.241015
-242.801368	115.713351	19.267232
-243.140843	115.559685	19.294171
-243.489404	115.401907	19.321831
-243.847052	115.240015	19.350212
-244.213786	115.074011	19.379313
-244.589607	114.903893	19.409136
-244.974514	114.729662	19.439680
-245.368508	114.551319	19.470945
-245.771588	114.368862	19.502931
-246.183754	114.182292	19.535638
-246.605007	113.991610	19.569066
-247.035346	113.796814	19.603215
-247.474772	113.597905	19.638085
-247.923284	113.394883	19.673676
-248.126462	113.302913	19.689799
-248.338727	113.206830	19.706643
-248.560079	113.106634	19.724209
-248.790517	113.002325	19.742495
-249.030041	112.893902	19.761502
-249.278652	112.781367	19.781230
-249.536349	112.664719	19.801679
-249.803132	112.543958	19.822850
-250.079002	112.419083	19.844741
-250.363959	112.290096	19.867353
-250.658002	112.156996	19.890687
-250.961131	112.019782	19.914741
-251.273347	111.878456	19.939517
-251.594649	111.733016	19.965013
-251.925037	111.583464	19.991231
-252.264512	111.429798	20.018170
-252.613074	111.272020	20.045829
-252.970722	111.110128	20.074210
-253.337456	110.944124	20.103312
-253.713276	110.774006	20.133135
-254.098184	110.599775	20.163679
-254.492177	110.421432	20.194944
-254.895257	110.238975	20.226930
-255.307423	110.052405	20.259637
-255.728676	109.861722	20.293065
-256.159015	109.666927	20.327214
-256.598441	109.468018	20.362084
-257.046953	109.264996	20.397675
-257.250132	109.173026	20.413798
-257.462397	109.076943	20.430642
-257.683748	108.976747	20.448207
-257.914186	108.872437	20.466493
-258.153710	108.764015	20.485501
-258.402321	108.651480	20.505229
-258.660018	108.534832	20.525678
-258.926802	108.414070	20.546848
-259.202672	108.289196	20.568740
-259.487628	108.160209	20.591352
-259.781671	108.027108	20.614686
-260.084800	107.889895	20.638740
-260.397016	107.748568	20.663516
-260.718318	107.603129	20.689012
-261.048707	107.453577	20.715230
-261.388182	107.299911	20.742168
-261.736743	107.142132	20.769828
-262.094391	106.980241	20.798209
-262.461125	106.814236	20.827311
-262.836946	106.644119	20.857133
-263.221853	106.469888	20.887677
-263.615847	106.291544	20.918942
-264.018926	106.109088	20.950928
-264.431093	105.922518	20.983635
-264.852346	105.731835	21.017063
-265.282685	105.537039	21.051212
-265.722110	105.338131	21.086083
-266.170623	105.135109	21.121674
-266.373801	105.043139	21.137797
-266.586066	104.947055	21.154641
-266.807418	104.846859	21.172206
-267.037856	104.742550	21.190492
-267.277380	104.634128	21.209499
-267.525991	104.521593	21.229227
-267.783688	104.404944	21.249677
-268.050471	104.284183	21.270847
-268.326341	104.159309	21.292738
-268.611298	104.030321	21.315351
-268.905341	103.897221	21.338684
-269.208470	103.760008	21.362739
-269.520686	103.618681	21.387514
-269.841988	103.473242	21.413011
-270.172376	103.323689	21.439228
-270.511851	103.170024	21.466167
-270.860413	103.012245	21.493827
-271.218060	102.850354	21.522208
-271.584795	102.684349	21.551309
-271.960615	102.514231	21.581132
-272.345523	102.340001	21.611676
-272.739516	102.161657	21.642941
-273.142596	101.979200	21.674927
-273.554762	101.792631	21.707634
-273.976015	101.601948	21.741062
-274.406354	101.407152	21.775211
-274.845780	101.208243	21.810081
-275.294292	101.005221	21.845672
-275.497471	100.913251	21.861795
-275.709736	100.817168	21.878639
-275.931087	100.716972	21.896204
-276.161525	100.612663	21.914491
-276.401049	100.504241	21.933498
-276.649660	100.391705	21.953226
-276.907357	100.275057	21.973675
-277.174141	100.154296	21.994846
-277.450011	100.029422	22.016737
-277.734967	99.900434	22.039349
-278.029010	99.767334	22.062683
-278.332139	99.630120	22.086737
-278.644355	99.488794	22.111513
-278.965657	99.343355	22.137009
-279.296046	99.193802	22.163227
-279.635521	99.040137	22.190166
-279.984082	98.882358	22.217825
-280.341730	98.720466	22.246206
-280.708464	98.554462	22.275308
-281.084285	98.384344	22.305131
-281.469192	98.210114	22.335675
-281.863185	98.031770	22.366940
-282.266265	97.849313	22.398926
-282.678432	97.662744	22.431633
-283.099685	97.472061	22.465061
-283.530024	97.277265	22.499210
-283.969449	97.078356	22.534080
-284.417961	96.875334	22.569671
-284.621140	96.783364	22.585794
-284.833405	96.687281	22.602638
-285.054757	96.587085	22.620203
-285.285195	96.482776	22.638489
-285.524719	96.374354	22.657496
-285.773330	96.261818	22.677225
-286.031027	96.145170	22.697674
-286.297810	96.024409	22.718844
-286.573680	95.899534	22.740736
-286.858637	95.770547	22.763348
-287.152680	95.637447	22.786681
-287.455809	95.500233	22.810736
-287.768025	95.358907	22.835511
-288.089327	95.213467	22.861008
-288.419715	95.063915	22.887226
-288.759190	94.910249	22.914164
-289.107752	94.752471	22.941824
-289.465399	94.590579	22.970205
-289.832134	94.424575	22.999307
-290.207954	94.254457	23.029129
-290.592861	94.080226	23.059673
-290.986855	93.901883	23.090938
-291.389935	93.719426	23.122924
-291.802101	93.532856	23.155631
-292.223354	93.342174	23.189059
-292.653693	93.147378	23.223208
-293.093119	92.948469	23.258078
-293.541631	92.745447	23.293670
-293.744810	92.653477	23.309793
-293.957075	92.557394	23.326637
-294.178426	92.457198	23.344202
-294.408864	92.352889	23.362488
-294.648388	92.244466	23.381495
-294.896999	92.131931	23.401223
-295.154696	92.015283	23.421673
-295.421480	91.894522	23.442843
-295.697350	91.769647	23.464734
-295.982306	91.640660	23.487347
-296.276349	91.507559	23.510680
-296.579478	91.370346	23.534735
-296.891694	91.229020	23.559510
-297.212996	91.083580	23.585007
-297.543385	90.934028	23.611224
-297.882860	90.780362	23.638163
-298.231421	90.622584	23.665823
-298.589069	90.460692	23.694203
-298.955803	90.294688	23.723305
-299.331624	90.124570	23.753128
-299.716531	89.950339	23.783672
-300.110524	89.771996	23.814937
-300.513604	89.589539	23.846923
-300.925771	89.402969	23.879630
-301.347024	89.212286	23.913058
-301.777363	89.017491	23.947207
-302.216788	88.818582	23.982077
-302.665300	88.615560	24.017668
-302.868479	88.523590	24.033791
-303.080744	88.427507	24.050635
-303.302096	88.327311	24.068200
-303.532533	88.223001	24.086487
-303.772058	88.114579	24.105494
-304.020668	88.002044	24.125222
-304.278366	87.885396	24.145671
-304.545149	87.764634	24.166842
-304.821019	87.639760	24.188733
-305.105976	87.510773	24.211345
-305.400019	87.377672	24.234679
-305.703148	87.240459	24.258733
-306.015364	87.099132	24.283509
-306.336666	86.953693	24.309005
-306.667054	86.804141	24.335223
-307.006529	86.650475	24.362162
-307.355091	86.492696	24.389821
-307.712738	86.330805	24.418202
-308.079473	86.164800	24.447304
-308.455293	85.994683	24.477127
-308.840200	85.820452	24.507671
-309.234194	85.642108	24.538935
-309.637274	85.459652	24.570921
-310.049440	85.273082	24.603628
-310.470693	85.082399	24.637056
-310.901032	84.887603	24.671206
-311.340458	84.688695	24.706076
-311.788970	84.485673	24.741667
-311.992149	84.393703	24.757790
-312.204414	84.297619	24.774634
-312.425765	84.197423	24.792199
-312.656203	84.093114	24.810485
-312.895727	83.984692	24.829492
-313.144338	83.872157	24.849221
-313.402035	83.755508	24.869670
-313.668819	83.634747	24.890840
-313.944689	83.509873	24.912732
-314.229645	83.380885	24.935344
-314.523688	83.247785	24.958677
-314.826817	83.110572	24.982732
