-30.777005	238.716113	39.404758
-30.824454	238.611402	39.404378
-30.877346	238.502007	39.410957
-30.935687	238.387929	39.424491
-30.999483	238.269168	39.444976
-31.068739	238.145727	39.472410
-31.143461	238.017606	39.506788
-31.223655	237.884807	39.548107
-31.309326	237.747331	39.596363
-31.400480	237.605180	39.651553
-31.497122	237.458356	39.713674
-31.599258	237.306858	39.782723
-31.706894	237.150690	39.858694
-31.820034	236.989852	39.941586
-31.938685	236.824345	40.031395
-32.062851	236.654172	40.128117
-32.192539	236.479332	40.231749
-32.327753	236.299829	40.342288
-32.468500	236.115662	40.459730
-32.614783	235.926834	40.584072
-32.766609	235.733346	40.715311
-32.923982	235.535200	40.853443
-33.086909	235.332395	40.998465
-33.255393	235.124935	41.150375
-33.429441	234.912821	41.309168
-33.609056	234.696053	41.474842
-33.794245	234.474633	41.647393
-33.985012	234.248563	41.826819
-34.181362	234.017844	42.013116
-34.383300	233.782478	42.206282
-34.590831	233.542465	42.406313
-34.803960	233.297807	42.613206
-35.022690	233.048506	42.826959
-35.247029	232.794563	43.047568
-35.476978	232.535979	43.275031
-35.712545	232.272757	43.509345
-35.953732	232.004896	43.750507
-36.200544	231.732399	43.998514
-36.452987	231.455267	44.253364
-36.711063	231.173502	44.515054
-36.974779	230.887105	44.783581
-37.244137	230.596076	45.058943
-37.519143	230.300419	45.341137
-37.644040	230.166787	45.469758
-37.774590	230.028528	45.605207
-37.910796	229.885643	45.747483
-38.052659	229.738131	45.896586
-38.200180	229.585994	46.052514
-38.353362	229.429233	46.215267
-38.512207	229.267847	46.384842
-38.676715	229.101839	46.561240
-38.846890	228.931207	46.744459
-39.022733	228.755954	46.934498
-39.204245	228.576079	47.131355
-39.391428	228.391583	47.335031
-39.584284	228.202468	47.545524
-39.782815	228.008732	47.762833
-39.987023	227.810378	47.986957
-40.196908	227.607406	48.217895
-40.412474	227.399817	48.455646
-40.633720	227.187610	48.700209
-40.860650	226.970787	48.951583
-41.093265	226.749349	49.209768
-41.331566	226.523295	49.474763
-41.575554	226.292628	49.746565
-41.825232	226.057346	50.025176
-42.080602	225.817452	50.310593
-42.341664	225.572946	50.602816
-42.608420	225.323828	50.901845
-42.880871	225.070098	51.207677
-43.159020	224.811759	51.520313
-43.285518	224.694575	51.662673
-43.417715	224.572781	51.811834
-43.555612	224.446378	51.967798
-43.699210	224.315367	52.130563
-43.848509	224.179747	52.300129
-44.003510	224.039518	52.476496
-44.164213	223.894682	52.659664
-44.330620	223.745239	52.849632
-44.502730	223.591188	53.046401
-44.680545	223.432530	53.249968
-44.864065	223.269265	53.460335
-45.053291	223.101394	53.677501
-45.248223	222.928917	53.901466
-45.448862	222.751834	54.132229
-45.655209	222.570146	54.369790
-45.867264	222.383852	54.614149
-46.085027	222.192954	54.865305
-46.308500	221.997451	55.123258
-46.537683	221.797343	55.388009
-46.772576	221.592632	55.659555
-47.013181	221.383317	55.937898
-47.259497	221.169399	56.223037
-47.511526	220.950877	56.514972
-47.769267	220.727753	56.813702
-48.032722	220.500026	57.119227
-48.301890	220.267697	57.431547
-48.576774	220.030767	57.750662
-48.857372	219.789234	58.076571
-48.984592	219.679869	58.224403
-49.117527	219.565902	58.379029
-49.256178	219.447334	58.540449
-49.400546	219.324165	58.708663
-49.550631	219.196395	58.883670
-49.706432	219.064025	59.065471
-49.867950	218.927055	59.254066
-50.035186	218.785484	59.449454
-50.208139	218.639313	59.651635
-50.386810	218.488543	59.860609
-50.571199	218.333172	60.076377
-50.761306	218.173202	60.298937
-50.957131	218.008632	60.528291
-51.158675	217.839462	60.764437
-51.365938	217.665694	61.007376
-51.578920	217.487326	61.257107
-51.797622	217.304359	61.513631
-52.022043	217.116793	61.776947
-52.252184	216.924628	62.047056
-52.488045	216.727865	62.323957
-52.729626	216.526504	62.607650
-52.976927	216.320544	62.898135
-53.229949	216.109986	63.195412
-53.488692	215.894830	63.499481
-53.753156	215.675076	63.810342
-54.023342	215.450724	64.127995
-54.299248	215.221774	64.452439
-54.580877	214.988228	64.783675
-54.708482	214.882474	64.933784
-54.841810	214.772122	65.090686
-54.980859	214.657174	65.254378
-55.125631	214.537628	65.424862
-55.276125	214.413485	65.602138
-55.432341	214.284745	65.786204
-55.594280	214.151409	65.977063
-55.761941	214.013475	66.174712
-55.935325	213.870945	66.379152
-56.114431	213.723817	66.590384
-56.299261	213.572094	66.808407
-56.489813	213.415773	67.033221
-56.686088	213.254856	67.264826
-56.888086	213.089342	67.503223
-57.095808	212.919232	67.748410
-57.309252	212.744526	68.000388
-57.528420	212.565223	68.259158
-57.753311	212.381325	68.524718
-57.983926	212.192830	68.797069
-58.220264	211.999738	69.076211
-58.462326	211.802051	69.362145
-58.710112	211.599768	69.654869
-58.963622	211.392889	69.954383
-59.222855	211.181414	70.260689
-59.487813	210.965343	70.573785
-59.758494	210.744677	70.893673
-60.034900	210.519415	71.220351
-60.317029	210.289557	71.553819
-60.444843	210.185454	71.704903
-60.578382	210.076756	71.862777
-60.717645	209.963462	72.027441
-60.862632	209.845573	72.198897
-61.013343	209.723088	72.377143
-61.169780	209.596008	72.562179
-61.331940	209.464333	72.754007
-61.499825	209.328062	72.952625
-61.673435	209.187196	73.158033
-61.852769	209.041735	73.370232
-62.037828	208.891679	73.589222
-62.228612	208.737027	73.815003
-62.425120	208.577781	74.047574
-62.627353	208.413939	74.286935
-62.835311	208.245502	74.533088
-63.048994	208.072470	74.786030
-63.268401	207.894843	75.045764
-63.493534	207.712621	75.312288
-63.724391	207.525803	75.585602
-63.960973	207.334391	75.865707
-64.203280	207.138384	76.152602
-64.451313	206.937783	76.446288
-64.705070	206.732586	76.746765
-64.964552	206.522794	77.054032
-65.229760	206.308408	77.368090
-65.500692	206.089427	77.688938
-65.777350	205.865851	78.016576
-66.059733	205.637681	78.351005
-66.187657	205.534330	78.502511
-66.321306	205.426384	78.660808
-66.460680	205.313844	78.825895
-66.605780	205.196709	78.997772
-66.756605	205.074980	79.176440
-66.913155	204.948656	79.361899
-67.075430	204.817737	79.554148
-67.243431	204.682224	79.753187
-67.417158	204.542116	79.959017
-67.596609	204.397414	80.171637
-67.781786	204.248117	80.391048
-67.972688	204.094225	80.617249
-68.169316	203.935739	80.850241
-68.371669	203.772659	81.090023
-68.579748	203.604984	81.336596
-68.793552	203.432715	81.589959
-69.013081	203.255851	81.850112
-69.238336	203.074393	82.117056
-69.469316	202.888340	82.390790
-69.706022	202.697693	82.671315
-69.948454	202.502451	82.958630
-70.196611	202.302615	83.252736
-70.450493	202.098185	83.553632
-70.710101	201.889160	83.861319
-70.975434	201.675541	84.175796
-71.246493	201.457328	84.497063
-71.523278	201.234520	84.825121
-71.805788	201.007118	85.159970
-71.933768	200.904109	85.311661
-72.067474	200.796506	85.470143
-72.206905	200.684309	85.635415
-72.352062	200.567517	85.807478
-72.502944	200.446131	85.986331
-72.659552	200.320151	86.171975
-72.821886	200.189576	86.364409
-72.989945	200.054407	86.563633
-73.163730	199.914644	86.769648
-73.343241	199.770287	86.982453
-73.528477	199.621336	87.202049
-73.719439	199.467790	87.428435
-73.916127	199.309650	87.661612
-74.118540	199.146916	87.901579
-74.326679	198.979588	88.148336
-74.540544	198.807665	88.401884
-74.760134	198.631149	88.662222
-74.985450	198.450038	88.929351
-75.216492	198.264333	89.203270
-75.453260	198.074034	89.483980
-75.695753	197.879140	89.771480
-75.943972	197.679653	90.065770
-76.197916	197.475571	90.366851
-76.457587	197.266895	90.674723
-76.722983	197.053625	90.989384
-76.994105	196.835761	91.310836
-77.270952	196.613303	91.639079
-77.553526	196.386251	91.974112
-77.681534	196.283397	92.125885
-77.815267	196.175950	92.284449
-77.954727	196.063908	92.449803
-78.099912	195.947272	92.621948
-78.250823	195.826042	92.800883
-78.407460	195.700219	92.986608
-78.569822	195.569800	93.179124
-78.737911	195.434788	93.378430
-78.911725	195.295182	93.584527
-79.091264	195.150982	93.797414
-79.276530	195.002187	94.017092
-79.467521	194.848799	94.243559
-79.664239	194.690816	94.476818
-79.866682	194.528240	94.716867
-80.074850	194.361069	94.963706
-80.288745	194.189304	95.217336
-80.508365	194.012946	95.477756
-80.733711	193.831993	95.744966
-80.964783	193.646446	96.018967
-81.201581	193.456305	96.299759
-81.444105	193.261570	96.587340
-81.692354	193.062241	96.881713
-81.946329	192.858318	97.182875
-82.206030	192.649801	97.490829
-82.471457	192.436689	97.805572
-82.742610	192.218984	98.127106
-83.019488	191.996685	98.455430
-83.302092	191.769792	98.790545
-83.430114	191.667009	98.942355
-83.563861	191.559632	99.100955
-83.703335	191.447661	99.266345
-83.848534	191.331096	99.438526
-83.999459	191.209938	99.617498
-84.156110	191.084185	99.803259
-84.318486	190.953838	99.995811
-84.486589	190.818897	100.195154
-84.660417	190.679362	100.401287
-84.839971	190.535233	100.614211
-85.025251	190.386510	100.833924
-85.216256	190.233193	101.060429
-85.412988	190.075282	101.293723
-85.615445	189.912777	101.533809
-85.823629	189.745678	101.780684
-86.037538	189.573985	102.034350
-86.257173	189.397698	102.294807
-86.482533	189.216817	102.562054
-86.713620	189.031342	102.836091
-86.950432	188.841273	103.116919
-87.192971	188.646610	103.404537
-87.441235	188.447353	103.698946
-87.695225	188.243502	104.000145
-87.954941	188.035057	104.308134
-88.220382	187.822018	104.622914
-88.491550	187.604385	104.944485
-88.768443	187.382158	105.272845
-89.051062	187.155338	105.607997
-89.179090	187.052587	105.759822
-89.312845	186.945242	105.918439
-89.452324	186.833304	106.083845
-89.597530	186.716771	106.256042
-89.748462	186.595644	106.435030
-89.905119	186.469924	106.620808
-90.067503	186.339609	106.813376
-90.235612	186.204701	107.012735
-90.409447	186.065198	107.218884
-90.589008	185.921102	107.431824
-90.774295	185.772411	107.651554
-90.965307	185.619127	107.878074
-91.162046	185.461248	108.111385
-91.364510	185.298776	108.351487
-91.572700	185.131710	108.598379
-91.786616	184.960049	108.852061
-92.006258	184.783795	109.112534
-92.231626	184.602947	109.379797
-92.462720	184.417504	109.653850
-92.699539	184.227468	109.934694
-92.942084	184.032838	110.222329
-93.190356	183.833614	110.516754
-93.444353	183.629796	110.817969
-93.704076	183.421384	111.125975
-93.969524	183.208378	111.440771
-94.240699	182.990778	111.762358
-94.517599	182.768584	112.090735
-94.800226	182.541796	112.425902
-94.928257	182.439060	112.577735
-95.062014	182.331730	112.736359
-95.201498	182.219806	112.901772
-95.346707	182.103288	113.073977
-95.497642	181.982176	113.252971
-95.654302	181.856470	113.438757
-95.816689	181.726170	113.631332
-95.984801	181.591276	113.830698
-96.158640	181.451788	114.036855
-96.338204	181.307707	114.249802
-96.523494	181.159031	114.469539
-96.714510	181.005761	114.696067
-96.911252	180.847898	114.929385
-97.113719	180.685440	115.169494
-97.321913	180.518389	115.416393
-97.535832	180.346743	115.670082
-97.755477	180.170504	115.930562
-97.980848	179.989670	116.197833
-98.211945	179.804243	116.471893
-98.448768	179.614222	116.752745
-98.691317	179.419607	117.040386
-98.939591	179.220397	117.334819
-99.193592	179.016594	117.636041
-99.453318	178.808197	117.944054
-99.718770	178.595206	118.258858
-99.989948	178.377621	118.580452
-100.266852	178.155442	118.908836
-100.549482	177.928669	119.244011
-100.677515	177.825939	119.395847
-100.811273	177.718616	119.554473
-100.950758	177.606699	119.719891
-101.095969	177.490188	119.892098
-101.246905	177.369082	120.071096
-101.403567	177.243383	120.256884
-101.565956	177.113090	120.449463
-101.734070	176.978203	120.648833
-101.907909	176.838722	120.854992
-102.087475	176.694647	121.067942
-102.272767	176.545978	121.287683
-102.463784	176.392715	121.514214
-102.660528	176.234858	121.747536
-102.862997	176.072407	121.987647
-103.071192	175.905363	122.234550
-103.285113	175.733724	122.488243
-103.504760	175.557491	122.748726
-103.730132	175.376665	123.015999
-103.961231	175.191244	123.290064
-104.198055	175.001230	123.570918
-104.440605	174.806621	123.858563
-104.688882	174.607419	124.152998
-104.942884	174.403622	124.454224
-105.202611	174.195232	124.762241
-105.468065	173.982248	125.077047
-105.739245	173.764669	125.398645
-106.016150	173.542497	125.727032
-106.298781	173.315731	126.062210
-106.426815	173.213005	126.214048
-106.560575	173.105684	126.372676
-106.700060	172.993770	126.538094
-106.845271	172.877262	126.710303
-106.996209	172.756160	126.889303
-107.152872	172.630464	127.075093
-107.315260	172.500174	127.267673
-107.483375	172.365290	127.467044
-107.657216	172.225812	127.673205
-107.836782	172.081740	127.886157
-108.022075	171.933074	128.105899
-108.213093	171.779814	128.332431
-108.409837	171.621960	128.565754
-108.612307	171.459513	128.805867
-108.820503	171.292471	129.052771
-109.034424	171.120835	129.306465
-109.254072	170.944606	129.566950
-109.479445	170.763782	129.834225
-109.710544	170.578365	130.108291
-109.947370	170.388353	130.389147
-110.189921	170.193748	130.676793
-110.438197	169.994549	130.971230
-110.692200	169.790755	131.272457
-110.951929	169.582368	131.580475
-111.217383	169.369387	131.895283
-111.488564	169.151812	132.216882
-111.765470	168.929643	132.545271
-112.048102	168.702880	132.880451
-112.176136	168.600155	133.032289
-112.309896	168.492836	133.190918
-112.449382	168.380923	133.356337
-112.594593	168.264416	133.528547
-112.745531	168.143315	133.707547
-112.902194	168.017621	133.893337
-113.064583	167.887332	134.085918
-113.232698	167.752449	134.285289
-113.406539	167.612973	134.491451
-113.586106	167.468902	134.704404
-113.771399	167.320238	134.924146
-113.962417	167.166979	135.150679
-114.159162	167.009127	135.384003
-114.361632	166.846681	135.624117
-114.569828	166.679640	135.871021
-114.783750	166.508006	136.124716
-115.003398	166.331778	136.385202
-115.228772	166.150956	136.652477
-115.459871	165.965540	136.926544
-115.696697	165.775530	137.207400
-115.939248	165.580926	137.495047
-116.187526	165.381728	137.789485
-116.441529	165.177936	138.090713
-116.701258	164.969550	138.398731
-116.966712	164.756571	138.713540
-117.237893	164.538997	139.035140
-117.514800	164.316829	139.363529
-117.797432	164.090068	139.698710
-117.925466	163.987343	139.850548
-118.059226	163.880025	140.009177
-118.198712	163.768113	140.174597
-118.343924	163.651607	140.346807
-118.494862	163.530506	140.525807
-118.651525	163.404812	140.711598
-118.813915	163.274524	140.904179
-118.982030	163.139642	141.103551
-119.155871	163.000166	141.309713
-119.335438	162.856097	141.522665
-119.520731	162.707433	141.742408
-119.711749	162.554175	141.968942
-119.908494	162.396323	142.202266
-120.110964	162.233878	142.442380
-120.319161	162.066838	142.689285
-120.533083	161.895204	142.942980
-120.752731	161.718977	143.203466
-120.978105	161.538155	143.470742
-121.209205	161.352740	143.744808
-121.446030	161.162731	144.025665
-121.688582	160.968127	144.313313
-121.936859	160.768930	144.607750
-122.190863	160.565139	144.908979
-122.450592	160.356754	145.216997
-122.716047	160.143775	145.531807
-122.987228	159.926201	145.853406
-123.264134	159.704034	146.181796
-123.546767	159.477273	146.516977
-123.674801	159.374549	146.668815
-123.808561	159.267231	146.827445
-123.948047	159.155319	146.992864
-124.093259	159.038814	147.165074
-124.244197	158.917714	147.344075
-124.400860	158.792020	147.529866
-124.563250	158.661732	147.722447
-124.731365	158.526851	147.921819
-124.905206	158.387375	148.127981
-125.084773	158.243305	148.340934
-125.270066	158.094642	148.560677
-125.461085	157.941384	148.787211
-125.657830	157.783533	149.020535
-125.860300	157.621087	149.260649
-126.068497	157.454048	149.507554
-126.282419	157.282415	149.761249
-126.502067	157.106188	150.021735
-126.727441	156.925366	150.289011
-126.958541	156.739951	150.563078
-127.195367	156.549942	150.843935
-127.437918	156.355339	151.131583
-127.686196	156.156142	151.426021
-127.940199	155.952351	151.727249
-128.199928	155.743966	152.035268
-128.465383	155.530988	152.350077
-128.736564	155.313415	152.671677
-129.013471	155.091248	153.000067
-129.296104	154.864488	153.335248
-129.424138	154.761764	153.487086
-129.557898	154.654446	153.645716
-129.697384	154.542534	153.811135
-129.842596	154.426028	153.983345
-129.993534	154.304928	154.162346
-130.150197	154.179235	154.348137
-130.312587	154.048947	154.540718
-130.480702	153.914066	154.740090
-130.654543	153.774590	154.946253
-130.834110	153.630521	155.159205
-131.019403	153.481857	155.378949
-131.210422	153.328600	155.605482
-131.407167	153.170749	155.838806
-131.609638	153.008303	156.078921
-131.817834	152.841264	156.325826
-132.031756	152.669631	156.579521
-132.251404	152.493404	156.840007
-132.476778	152.312583	157.107283
-132.707878	152.127168	157.381350
-132.944704	151.937159	157.662207
-133.187256	151.742556	157.949855
-133.435533	151.543359	158.244293
-133.689537	151.339568	158.545521
-133.949266	151.131184	158.853540
-134.214721	150.918205	159.168350
-134.485902	150.700632	159.489949
-134.762809	150.478466	159.818340
-135.045442	150.251705	160.153520
-135.173476	150.148981	160.305359
-135.307236	150.041664	160.463988
-135.446722	149.929752	160.629408
-135.591934	149.813246	160.801618
-135.742872	149.692147	160.980619
-135.899535	149.566453	161.166410
-136.061925	149.436165	161.358991
-136.230040	149.301284	161.558363
-136.403881	149.161808	161.764526
-136.583448	149.017739	161.977478
-136.768741	148.869076	162.197222
-136.959760	148.715818	162.423755
-137.156505	148.557967	162.657079
-137.358976	148.395522	162.897194
-137.567172	148.228483	163.144099
-137.781094	148.056850	163.397794
-138.000743	147.880623	163.658280
-138.226117	147.699802	163.925556
-138.457216	147.514387	164.199623
-138.694042	147.324378	164.480480
-138.936594	147.129775	164.768128
-139.184871	146.930578	165.062566
-139.438875	146.726788	165.363795
-139.698604	146.518403	165.671814
-139.964059	146.305424	165.986623
-140.235240	146.087852	166.308223
-140.512147	145.865685	166.636613
-140.794780	145.638925	166.971794
-140.922814	145.536201	167.123633
-141.056574	145.428883	167.282262
-141.196060	145.316972	167.447682
-141.341272	145.200466	167.619892
-141.492210	145.079366	167.798892
-141.648874	144.953673	167.984683
-141.811263	144.823385	168.177265
-141.979379	144.688504	168.376637
-142.153220	144.549028	168.582799
-142.332787	144.404959	168.795752
-142.518080	144.256296	169.015495
-142.709099	144.103038	169.242029
-142.905843	143.945187	169.475353
-143.108314	143.782742	169.715467
-143.316510	143.615703	169.962372
-143.530433	143.444070	170.216068
-143.750081	143.267843	170.476554
-143.975455	143.087022	170.743830
-144.206555	142.901607	171.017897
-144.443381	142.711598	171.298754
-144.685932	142.516995	171.586402
-144.934210	142.317799	171.880840
-145.188213	142.114008	172.182068
-145.447943	141.905623	172.490087
-145.713398	141.692645	172.804897
-145.984579	141.475072	173.126496
-146.261486	141.252906	173.454887
-146.544118	141.026145	173.790067
-146.672153	140.923421	173.941906
-146.805913	140.816104	174.100536
-146.945399	140.704192	174.265955
-147.090611	140.587686	174.438165
-147.241549	140.466587	174.617166
-147.398212	140.340893	174.802957
-147.560602	140.210606	174.995539
-147.728717	140.075724	175.194911
-147.902558	139.936249	175.401073
-148.082125	139.792179	175.614026
-148.267418	139.643516	175.833769
-148.458437	139.490259	176.060303
-148.655182	139.332408	176.293627
-148.857653	139.169962	176.533741
-149.065849	139.002923	176.780646
-149.279771	138.831290	177.034342
-149.499420	138.655063	177.294828
-149.724794	138.474242	177.562104
-149.955894	138.288827	177.836171
-150.192719	138.098819	178.117028
-150.435271	137.904216	178.404676
-150.683549	137.705019	178.699114
-150.937552	137.501228	179.000342
-151.197281	137.292844	179.308361
-151.462736	137.079865	179.623171
-151.733917	136.862293	179.944770
-152.010824	136.640126	180.273161
-152.293457	136.413366	180.608341
-152.421491	136.310642	180.760180
-152.555251	136.203324	180.918809
-152.694737	136.091413	181.084229
-152.839949	135.974907	181.256439
-152.990887	135.853807	181.435440
-153.147551	135.728114	181.621231
-153.309940	135.597826	181.813813
-153.478056	135.462945	182.013184
-153.651897	135.323469	182.219347
-153.831464	135.179400	182.432300
-154.016757	135.030737	182.652043
-154.207776	134.877479	182.878577
-154.404521	134.719628	183.111901
-154.606991	134.557183	183.352015
-154.815188	134.390144	183.598920
-155.029110	134.218511	183.852616
-155.248758	134.042284	184.113102
-155.474132	133.861463	184.380378
-155.705232	133.676048	184.654445
-155.942058	133.486039	184.935302
-156.184610	133.291437	185.222950
-156.432887	133.092240	185.517388
-156.686891	132.888449	185.818616
-156.946620	132.680065	186.126635
-157.212075	132.467086	186.441445
-157.483256	132.249514	186.763044
-157.760163	132.027347	187.091435
-158.042796	131.800587	187.426615
-158.170830	131.697863	187.578454
-158.304590	131.590545	187.737083
-158.444076	131.478633	187.902503
-158.589288	131.362128	188.074713
-158.740226	131.241028	188.253714
-158.896889	131.115335	188.439505
-159.059279	130.985047	188.632087
-159.227394	130.850166	188.831458
-159.401236	130.710690	189.037621
-159.580803	130.566621	189.250574
-159.766096	130.417958	189.470317
-159.957115	130.264700	189.696851
-160.153859	130.106849	189.930175
-160.356330	129.944404	190.170289
-160.564526	129.777365	190.417194
-160.778449	129.605732	190.670890
-160.998097	129.429505	190.931376
-161.223471	129.248684	191.198652
-161.454571	129.063269	191.472719
-161.691397	128.873260	191.753576
-161.933948	128.678658	192.041224
-162.182226	128.479461	192.335662
-162.436229	128.275670	192.636890
-162.695959	128.067285	192.944909
-162.961414	127.854307	193.259719
-163.232595	127.636734	193.581318
-163.509502	127.414568	193.909709
-163.792134	127.187808	194.244889
-163.920169	127.085084	194.396728
-164.053929	126.977766	194.555358
-164.193415	126.865854	194.720777
-164.338627	126.749349	194.892987
-164.489564	126.628249	195.071988
-164.646228	126.502555	195.257779
-164.808618	126.372268	195.450361
-164.976733	126.237387	195.649732
-165.150574	126.097911	195.855895
-165.330141	125.953842	196.068848
-165.515434	125.805178	196.288591
-165.706453	125.651921	196.515125
-165.903198	125.494070	196.748449
-166.105669	125.331625	196.988563
-166.313865	125.164586	197.235468
-166.527787	124.992953	197.489164
-166.747436	124.816726	197.749650
-166.972810	124.635905	198.016926
-167.203910	124.450490	198.290993
-167.440735	124.260481	198.571850
-167.683287	124.065878	198.859498
-167.931565	123.866682	199.153936
-168.185568	123.662891	199.455164
-168.445297	123.454506	199.763183
-168.710752	123.241528	200.077993
-168.981933	123.023955	200.399592
-169.258840	122.801789	200.727983
-169.541473	122.575028	201.063163
-169.669507	122.472305	201.215002
-169.803267	122.364987	201.373632
-169.942753	122.253075	201.539051
-170.087965	122.136570	201.711261
-170.238903	122.015470	201.890262
-170.395567	121.889776	202.076053
-170.557956	121.759489	202.268635
-170.726072	121.624607	202.468007
-170.899913	121.485132	202.674169
-171.079480	121.341063	202.887122
-171.264773	121.192399	203.106865
-171.455792	121.039142	203.333399
-171.652537	120.881291	203.566723
-171.855007	120.718846	203.806837
-172.063204	120.551807	204.053742
-172.277126	120.380174	204.307438
-172.496774	120.203947	204.567924
-172.722148	120.023126	204.835200
-172.953248	119.837711	205.109267
-173.190074	119.647702	205.390124
-173.432626	119.453099	205.677772
-173.680903	119.253903	205.972210
-173.934907	119.050112	206.273438
-174.194636	118.841727	206.581457
-174.460091	118.628749	206.896267
-174.731272	118.411176	207.217866
-175.008179	118.189010	207.546257
-175.290812	117.962249	207.881437
-175.418846	117.859526	208.033276
-175.552606	117.752208	208.191906
-175.692092	117.640296	208.357325
-175.837304	117.523791	208.529536
-175.988242	117.402691	208.708536
-176.144906	117.276997	208.894327
-176.307295	117.146710	209.086909
-176.475410	117.011828	209.286281
-176.649252	116.872353	209.492443
-176.828819	116.728284	209.705396
-177.014112	116.579620	209.925139
-177.205131	116.426363	210.151673
-177.401875	116.268512	210.384997
-177.604346	116.106067	210.625111
-177.812542	115.939028	210.872016
-178.026465	115.767395	211.125712
-178.246113	115.591168	211.386198
-178.471487	115.410347	211.653474
-178.702587	115.224932	211.927541
-178.939413	115.034923	212.208398
-179.181964	114.840320	212.496046
-179.430242	114.641124	212.790484
-179.684245	114.437333	213.091712
-179.943975	114.228948	213.399731
-180.209430	114.015970	213.714541
-180.480611	113.798397	214.036141
-180.757518	113.576231	214.364531
-181.040150	113.349470	214.699712
-181.168185	113.246747	214.851550
-181.301945	113.139429	215.010180
-181.441431	113.027517	215.175599
-181.586643	112.911011	215.347810
-181.737581	112.789912	215.526810
-181.894244	112.664218	215.712601
-182.056634	112.533931	215.905183
-182.224749	112.399049	216.104555
-182.398590	112.259574	216.310717
-182.578157	112.115505	216.523670
-182.763450	111.966841	216.743413
-182.954469	111.813584	216.969947
-183.151214	111.655733	217.203271
-183.353685	111.493288	217.443385
-183.561881	111.326249	217.690290
-183.775803	111.154616	217.943986
-183.995452	110.978389	218.204472
-184.220826	110.797568	218.471748
-184.451926	110.612153	218.745815
-184.688751	110.422144	219.026672
-184.931303	110.227541	219.314320
-185.179581	110.028345	219.608758
-185.433584	109.824554	219.909986
-185.693313	109.616169	220.218005
-185.958768	109.403191	220.532815
-186.229949	109.185618	220.854415
-186.506856	108.963452	221.182805
-186.789489	108.736691	221.517986
-186.917523	108.633968	221.669824
-187.051284	108.526650	221.828454
-187.190770	108.414738	221.993873
-187.335981	108.298232	222.166084
-187.486919	108.177133	222.345084
-187.643583	108.051439	222.530875
-187.805972	107.921152	222.723457
-187.974088	107.786270	222.922829
-188.147929	107.646795	223.128991
-188.327496	107.502726	223.341944
-188.512789	107.354062	223.561687
-188.703808	107.200805	223.788221
-188.900553	107.042954	224.021545
-189.103023	106.880509	224.261659
-189.311220	106.713470	224.508565
-189.525142	106.541837	224.762260
-189.744790	106.365610	225.022746
-189.970164	106.184789	225.290022
-190.201264	105.999374	225.564089
-190.438090	105.809365	225.844946
-190.680642	105.614762	226.132594
-190.928919	105.415566	226.427032
-191.182923	105.211775	226.728260
-191.442652	105.003390	227.036279
-191.708107	104.790412	227.351089
-191.979288	104.572839	227.672689
-192.256195	104.350673	228.001079
-192.538828	104.123912	228.336260
-192.666862	104.021189	228.488098
-192.800622	103.913871	228.646728
-192.940108	103.801959	228.812147
-193.085320	103.685453	228.984358
-193.236258	103.564354	229.163358
-193.392922	103.438660	229.349149
-193.555311	103.308373	229.541731
-193.723426	103.173491	229.741103
-193.897268	103.034016	229.947265
-194.076835	102.889947	230.160218
-194.262128	102.741283	230.379961
-194.453147	102.588026	230.606495
-194.649891	102.430175	230.839819
-194.852362	102.267730	231.079934
-195.060558	102.100691	231.326839
-195.274481	101.929058	231.580534
-195.494129	101.752831	231.841020
-195.719503	101.572010	232.108296
-195.950603	101.386595	232.382363
-196.187429	101.196586	232.663220
-196.429980	101.001983	232.950868
-196.678258	100.802787	233.245306
-196.932261	100.598996	233.546534
-197.191991	100.390611	233.854553
-197.457446	100.177633	234.169363
-197.728627	99.960060	234.490963
-198.005534	99.737894	234.819353
-198.288166	99.511133	235.154534
-198.416201	99.408409	235.306373
-198.549961	99.301092	235.465002
-198.689447	99.189180	235.630422
-198.834659	99.072674	235.802632
-198.985597	98.951575	235.981632
-199.142260	98.825881	236.167423
-199.304650	98.695594	236.360005
-199.472765	98.560712	236.559377
-199.646606	98.421237	236.765539
-199.826174	98.277168	236.978492
-200.011467	98.128504	237.198235
-200.202485	97.975247	237.424769
-200.399230	97.817396	237.658093
-200.601701	97.654951	237.898208
-200.809897	97.487912	238.145113
-201.023819	97.316279	238.398808
-201.243468	97.140052	238.659294
-201.468842	96.959231	238.926570
-201.699942	96.773816	239.200637
-201.936767	96.583807	239.481494
-202.179319	96.389204	239.769142
-202.427597	96.190007	240.063580
-202.681600	95.986217	240.364809
-202.941329	95.777832	240.672827
-203.206785	95.564854	240.987637
-203.477966	95.347281	241.309237
-203.754872	95.125115	241.637627
-204.037505	94.898354	241.972808
-204.165539	94.795630	242.124647
-204.299300	94.688313	242.283276
-204.438786	94.576401	242.448696
-204.583998	94.459895	242.620906
-204.734935	94.338796	242.799906
-204.891599	94.213102	242.985697
-205.053989	94.082815	243.178279
-205.222104	93.947933	243.377651
-205.395945	93.808458	243.583813
-205.575512	93.664389	243.796766
-205.760805	93.515725	244.016509
-205.951824	93.362468	244.243043
-206.148569	93.204617	244.476367
-206.351039	93.042172	244.716482
-206.559236	92.875133	244.963387
-206.773158	92.703500	245.217082
-206.992806	92.527273	245.477568
-207.218180	92.346452	245.744844
-207.449280	92.161037	246.018911
-207.686106	91.971028	246.299768
-207.928658	91.776425	246.587416
-208.176935	91.577228	246.881854
-208.430939	91.373438	247.183083
-208.690668	91.165053	247.491102
-208.956123	90.952075	247.805911
-209.227304	90.734502	248.127511
-209.504211	90.512336	248.455901
-209.786844	90.285575	248.791082
-209.914878	90.182851	248.942921
-210.048638	90.075534	249.101550
-210.188124	89.963622	249.266970
-210.333336	89.847116	249.439180
-210.484274	89.726017	249.618180
-210.640938	89.600323	249.803971
-210.803327	89.470036	249.996553
-210.971443	89.335154	250.195925
-211.145284	89.195679	250.402087
-211.324851	89.051609	250.615040
-211.510144	88.902946	250.834783
-211.701163	88.749689	251.061317
-211.897908	88.591838	251.294641
-212.100378	88.429393	251.534756
-212.308575	88.262354	251.781661
-212.522497	88.090721	252.035356
-212.742145	87.914494	252.295842
