18.079399	228.584662	43.127479
18.127368	228.522867	43.157742
18.178790	228.456572	43.196237
18.233671	228.385776	43.242961
18.292012	228.310484	43.297913
18.353819	228.230698	43.361089
18.419096	228.146423	43.432487
18.487851	228.057661	43.512106
18.560093	227.964412	43.599943
18.635831	227.866673	43.695997
18.715072	227.764443	43.800267
18.797821	227.657719	43.912749
18.884086	227.546501	44.033443
18.973872	227.430789	44.162346
19.067184	227.310581	44.299456
19.164028	227.185879	44.444771
19.264408	227.056683	44.598290
19.368332	226.922994	44.760010
19.475803	226.784812	44.929929
19.586827	226.642137	45.108045
19.701411	226.494971	45.294356
19.819557	226.343314	45.488861
19.941273	226.187167	45.691557
20.066563	226.026530	45.902442
20.195432	225.861403	46.121515
20.327886	225.691788	46.348774
20.463929	225.517685	46.584216
20.603566	225.339095	46.827841
20.746802	225.156018	47.079646
20.893642	224.968454	47.339629
21.044091	224.776405	47.607788
21.198154	224.579871	47.884123
21.355835	224.378853	48.168630
21.517138	224.173351	48.461309
21.682069	223.963366	48.762158
21.850632	223.748899	49.071174
22.022831	223.529950	49.388357
22.198671	223.306519	49.713705
22.378156	223.078608	50.047216
22.561291	222.846217	50.388888
22.748079	222.609346	50.738721
22.938525	222.367997	51.096712
23.132633	222.122169	51.462860
23.330406	221.871864	51.837164
23.420178	221.758323	52.007603
23.513621	221.640305	52.186195
23.610738	221.517811	52.372940
23.711530	221.390840	52.567838
23.815998	221.259394	52.770887
23.924146	221.123473	52.982087
24.035973	220.983076	53.201437
24.151483	220.838204	53.428937
24.270676	220.688858	53.664586
24.393555	220.535037	53.908383
24.520120	220.376742	54.160329
24.650374	220.213974	54.420422
24.784319	220.046731	54.688662
24.921955	219.875016	54.965047
25.063284	219.698828	55.249579
25.208308	219.518167	55.542256
25.357029	219.333033	55.843077
25.509448	219.143428	56.152042
25.665566	218.949350	56.469151
25.825386	218.750801	56.794403
25.988908	218.547781	57.127797
26.156133	218.340290	57.469333
26.327065	218.128328	57.819010
26.501703	217.911896	58.176829
26.680049	217.690994	58.542787
26.862105	217.465622	58.916886
27.047872	217.235780	59.299125
27.237352	217.001469	59.689502
27.323211	216.895351	59.866610
27.412784	216.784764	60.051856
27.506072	216.669708	60.245241
27.603075	216.550184	60.446763
27.703795	216.426191	60.656423
27.808231	216.297730	60.874221
27.916385	216.164801	61.100156
28.028257	216.027404	61.334229
28.143847	215.885538	61.576438
28.263156	215.739206	61.826784
28.386184	215.588405	62.085267
28.512933	215.433137	62.351887
28.643402	215.273401	62.626642
28.777592	215.109199	62.909534
28.915505	214.940529	63.200562
29.057139	214.767392	63.499725
29.202496	214.589788	63.807024
29.351577	214.407717	64.122459
29.504381	214.221180	64.446028
29.660910	214.030177	64.777733
29.821164	213.834707	65.117573
29.985143	213.634771	65.465548
30.152848	213.430369	65.821657
30.324279	213.221500	66.185900
30.499437	213.008166	66.558278
30.678323	212.790367	66.938790
30.860936	212.568102	67.327436
31.047278	212.341371	67.724216
31.131686	212.238700	67.904033
31.219823	212.131564	68.091983
31.311688	212.019963	68.288067
31.407284	211.903896	68.492284
31.506609	211.783365	68.704635
31.609664	211.658368	68.925119
31.716448	211.528907	69.153737
31.826964	211.394981	69.390488
31.941209	211.256590	69.635372
32.059185	211.113734	69.888390
32.180892	210.966414	70.149540
32.306330	210.814629	70.418824
32.435499	210.658379	70.696240
32.568400	210.497665	70.981790
32.705032	210.332487	71.275472
32.845396	210.162844	71.577287
32.989492	209.988737	71.887235
33.137320	209.810165	72.205316
33.288881	209.627130	72.531529
33.444174	209.439630	72.865876
33.603199	209.247666	73.208354
33.765958	209.051239	73.558965
33.932450	208.850347	73.917709
34.102674	208.644991	74.284585
34.276633	208.435172	74.659594
34.454325	208.220889	75.042735
34.635751	208.002142	75.434008
34.820910	207.778931	75.833413
34.904784	207.677838	76.014370
34.992392	207.572282	76.203459
35.083734	207.462261	76.400681
35.178810	207.347778	76.606034
35.277621	207.228831	76.819520
35.380166	207.105420	77.041137
35.486446	206.977546	77.270887
35.596461	206.845209	77.508769
35.710210	206.708409	77.754783
35.827694	206.567145	78.008929
35.948913	206.421417	78.271207
36.073867	206.271227	78.541617
36.202555	206.116573	78.820159
36.334979	205.957456	79.106833
36.471138	205.793876	79.401639
36.611032	205.625833	79.704577
36.754662	205.453327	80.015647
36.902027	205.276357	80.334849
37.053127	205.094924	80.662183
37.207962	204.909029	80.997648
37.366534	204.718670	81.341246
37.528840	204.523849	81.692975
37.694883	204.324564	82.052836
37.864661	204.120817	82.420829
38.038175	203.912606	82.796954
38.215425	203.699933	83.181210
38.396411	203.482797	83.573598
38.581133	203.261198	83.974118
38.664811	203.160823	84.155565
38.752225	203.055986	84.345144
38.843375	202.946686	84.542854
38.938261	202.832924	84.748697
39.036883	202.714698	84.962671
39.139242	202.592010	85.184776
39.245337	202.464859	85.415013
39.355168	202.333246	85.653383
39.468735	202.197169	85.899883
39.586039	202.056630	86.154516
39.707079	201.911629	86.417280
39.831855	201.762165	86.688176
39.960368	201.608238	86.967203
40.092617	201.449848	87.254363
40.228602	201.286996	87.549653
40.368324	201.119682	87.853076
40.511783	200.947904	88.164630
40.658978	200.771665	88.484316
40.809909	200.590962	88.812134
40.964577	200.405797	89.148083
41.122982	200.216170	89.492164
41.285123	200.022080	89.844377
41.451001	199.823528	90.204721
41.620616	199.620513	90.573197
41.793967	199.413035	90.949804
41.971055	199.201096	91.334543
42.151880	198.984693	91.727414
42.336441	198.763829	92.128416
42.420048	198.663781	92.310076
42.507391	198.559271	92.499868
42.598471	198.450298	92.697791
42.693288	198.336863	92.903846
42.791842	198.218966	93.118033
42.894133	198.096606	93.340351
43.000160	197.969784	93.570801
43.109925	197.838499	93.809382
43.223426	197.702752	94.056095
43.340664	197.562543	94.310940
43.461639	197.417871	94.573916
43.586351	197.268738	94.845024
43.714799	197.115141	95.124263
43.846985	196.957083	95.411634
43.982908	196.794562	95.707137
44.122567	196.627578	96.010771
44.265964	196.456133	96.322537
44.413097	196.280225	96.642435
44.563968	196.099854	96.970464
44.718575	195.915022	97.306624
44.876919	195.725727	97.650917
45.039001	195.531970	98.003340
45.204819	195.333750	98.363896
45.374375	195.131069	98.732583
45.547667	194.923925	99.109401
45.724696	194.712318	99.494352
45.905463	194.496250	99.887433
46.089966	194.275719	100.288647
46.173547	194.175820	100.470400
46.260865	194.071458	100.660286
46.351920	193.962635	100.858302
46.446712	193.849348	101.064451
46.545241	193.731600	101.278731
46.647508	193.609390	101.501142
46.753511	193.482717	101.731685
46.863251	193.351582	101.970360
46.976729	193.215985	102.217166
47.093943	193.075925	102.472104
47.214895	192.931404	102.735174
47.339584	192.782420	103.006375
47.468010	192.628974	103.285707
47.600173	192.471065	103.573172
47.736073	192.308695	103.868767
47.875710	192.141862	104.172495
48.019084	191.970567	104.484354
48.166196	191.794810	104.804344
48.317044	191.614591	105.132466
48.471630	191.429909	105.468720
48.629953	191.240766	105.813105
48.792013	191.047160	106.165622
48.957810	190.849092	106.526271
49.127344	190.646562	106.895051
49.300616	190.439569	107.271962
49.477624	190.228115	107.657006
49.658370	190.012198	108.050180
49.842853	189.791819	108.451487
49.926425	189.691987	108.633282
50.013734	189.587693	108.823208
50.104780	189.478937	109.021266
50.199563	189.365718	109.227456
50.298084	189.248038	109.441777
50.400341	189.125895	109.664230
50.506336	188.999290	109.894814
50.616068	188.868223	110.133530
50.729537	188.732694	110.380377
50.846743	188.592703	110.635356
50.967687	188.448249	110.898467
51.092368	188.299334	111.169709
51.220785	188.145956	111.449083
51.352940	187.988116	111.736589
51.488833	187.825814	112.032226
51.628462	187.659050	112.335994
51.771829	187.487823	112.647894
51.918933	187.312135	112.967926
52.069774	187.131984	113.296089
52.224352	186.947371	113.632384
52.382667	186.758296	113.976811
52.544720	186.564759	114.329369
52.710510	186.366760	114.690059
52.880037	186.164299	115.058880
53.053301	185.957375	115.435833
53.230302	185.745990	115.820917
53.411041	185.530142	116.214133
53.595517	185.309832	116.615481
53.679085	185.210031	116.797294
53.766391	185.105767	116.987238
53.857434	184.997042	117.185315
53.952214	184.883854	117.391523
54.050732	184.766205	117.605862
54.152986	184.644093	117.828333
54.258978	184.517519	118.058936
54.368707	184.386483	118.297670
54.482174	184.250985	118.544536
54.599377	184.111024	118.799533
54.720318	183.966602	119.062662
54.844996	183.817717	119.333923
54.973411	183.664370	119.613315
55.105563	183.506562	119.900838
55.241453	183.344291	120.196494
55.381080	183.177558	120.500281
55.524444	183.006362	120.812199
55.671545	182.830705	121.132249
55.822383	182.650586	121.460431
55.976959	182.466004	121.796744
56.135272	182.276960	122.141189
56.297322	182.083454	122.493765
56.463110	181.885487	122.854473
56.632634	181.683056	123.223313
56.805896	181.476164	123.600284
56.982895	181.264810	123.985387
57.163631	181.048994	124.378621
57.348105	180.828715	124.779987
57.431672	180.728928	124.961808
57.518977	180.624679	125.151761
57.610019	180.515967	125.349845
57.704798	180.402793	125.556061
57.803315	180.285158	125.770409
57.905568	180.163060	125.992888
58.011559	180.036500	126.223499
58.121288	179.905478	126.462241
58.234753	179.769994	126.709115
58.351956	179.630048	126.964121
58.472895	179.485639	127.227258
58.597572	179.336769	127.498527
58.725987	179.183436	127.777927
58.858138	179.025642	128.065459
58.994027	178.863385	128.361122
59.133653	178.696666	128.664917
59.277016	178.525485	128.976844
59.424117	178.349842	129.296902
59.574954	178.169736	129.625092
59.729529	177.985169	129.961413
59.887841	177.796140	130.305866
60.049891	177.602648	130.658451
60.215677	177.404694	131.019167
60.385201	177.202279	131.388015
60.558462	176.995401	131.764994
60.735460	176.784061	132.150105
60.916196	176.568259	132.543347
61.100669	176.347994	132.944721
61.184236	176.248213	133.126546
61.271540	176.143970	133.316503
61.362582	176.035265	133.514591
61.457361	175.922098	133.720810
61.555877	175.804469	133.935162
61.658131	175.682377	134.157645
61.764121	175.555824	134.388259
61.873849	175.424808	134.627005
61.987314	175.289330	134.873883
62.104517	175.149391	135.128892
62.225456	175.004989	135.392032
62.350133	174.856125	135.663305
62.478547	174.702798	135.942709
62.610698	174.545010	136.230244
62.746587	174.382760	136.525911
62.886213	174.216047	136.829710
63.029576	174.044873	137.141640
63.176676	173.869236	137.461702
63.327513	173.689137	137.789896
63.482088	173.504576	138.126221
63.640400	173.315554	138.470677
63.802449	173.122068	138.823265
63.968235	172.924121	139.183985
64.137759	172.721712	139.552837
64.311020	172.514841	139.929820
64.488018	172.303507	140.314934
64.668753	172.087711	140.708180
64.853226	171.867454	141.109558
64.936793	171.767676	141.291385
65.024097	171.663436	141.481343
65.115139	171.554733	141.679432
65.209918	171.441569	141.885654
65.308434	171.323943	142.100006
65.410687	171.201854	142.322491
65.516678	171.075304	142.553107
65.626406	170.944291	142.791855
65.739871	170.808816	143.038734
65.857073	170.668879	143.293745
65.978013	170.524480	143.556887
66.102689	170.375619	143.828161
66.231103	170.222296	144.107567
66.363255	170.064510	144.395104
66.499143	169.902263	144.690772
66.638769	169.735553	144.994573
66.782132	169.564382	145.306505
66.929232	169.388748	145.626568
67.080069	169.208652	145.954763
67.234644	169.024094	146.291090
67.392956	168.835074	146.635548
67.555005	168.641592	146.988138
67.720791	168.443648	147.348859
67.890315	168.241242	147.717712
68.063576	168.034373	148.094697
68.240574	167.823043	148.479813
68.421309	167.607250	148.873061
68.605782	167.386995	149.274440
68.689349	167.287219	149.456268
68.776653	167.182980	149.646226
68.867695	167.074279	149.844317
68.962474	166.961116	150.050539
69.060990	166.843491	150.264892
69.163243	166.721404	150.487378
69.269234	166.594854	150.717994
69.378962	166.463843	150.956743
69.492427	166.328370	151.203623
69.609629	166.188434	151.458634
69.730568	166.044036	151.721777
69.855245	165.895176	151.993052
69.983659	165.741855	152.272458
70.115810	165.584071	152.559996
70.251699	165.421824	152.855666
70.391325	165.255116	153.159467
70.534688	165.083946	153.471399
70.681788	164.908314	153.791464
70.832625	164.728219	154.119659
70.987200	164.543663	154.455987
71.145512	164.354644	154.800446
71.307561	164.161163	155.153036
71.473347	163.963220	155.513759
71.642871	163.760815	155.882612
71.816132	163.553948	156.259598
71.993130	163.342619	156.644715
72.173865	163.126828	157.037963
72.358338	162.906574	157.439343
72.441905	162.806798	157.621171
72.529209	162.702560	157.811130
72.620251	162.593860	158.009221
72.715030	162.480697	158.215443
72.813546	162.363073	158.429797
72.915799	162.240986	158.652283
73.021790	162.114438	158.882900
73.131517	161.983427	159.121648
73.244982	161.847954	159.368529
73.362185	161.708019	159.623540
73.483124	161.563622	159.886684
73.607801	161.414763	160.157959
73.736215	161.261441	160.437366
73.868366	161.103658	160.724904
74.004255	160.941413	161.020574
74.143881	160.774705	161.324375
74.287243	160.603535	161.636308
74.434344	160.427904	161.956372
74.585181	160.247810	162.284569
74.739756	160.063254	162.620896
74.898068	159.874236	162.965356
75.060117	159.680755	163.317947
75.225903	159.482813	163.678669
75.395427	159.280409	164.047523
75.568688	159.073542	164.424509
75.745686	158.862214	164.809626
75.926421	158.646423	165.202875
76.110894	158.426170	165.604255
76.194461	158.326394	165.786083
76.281765	158.222157	165.976042
76.372807	158.113457	166.174133
76.467586	158.000294	166.380356
76.566102	157.882670	166.594710
76.668355	157.760584	166.817196
76.774346	157.634036	167.047813
76.884074	157.503025	167.286562
76.997539	157.367552	167.533442
77.114741	157.227618	167.788454
77.235680	157.083221	168.051598
77.360357	156.934362	168.322873
77.488771	156.781041	168.602280
77.620923	156.623258	168.889818
77.756811	156.461013	169.185488
77.896437	156.294305	169.489289
78.039800	156.123136	169.801223
78.186900	155.947505	170.121287
78.337737	155.767411	170.449484
78.492312	155.582855	170.785811
78.650624	155.393837	171.130271
78.812673	155.200358	171.482862
78.978459	155.002416	171.843585
79.147983	154.800011	172.212439
79.321244	154.593145	172.589425
79.498242	154.381817	172.974542
79.678977	154.166027	173.367791
79.863450	153.945774	173.769172
79.947017	153.845998	173.951000
80.034322	153.741761	174.140959
80.125363	153.633061	174.339050
80.220142	153.519899	174.545272
80.318658	153.402275	174.759627
80.420912	153.280189	174.982112
80.526902	153.153640	175.212730
80.636630	153.022630	175.451478
80.750095	152.887157	175.698359
80.867297	152.747223	175.953371
80.988237	152.602826	176.216515
81.112914	152.453967	176.487790
81.241328	152.300647	176.767197
81.373479	152.142864	177.054735
81.509367	151.980618	177.350405
81.648993	151.813911	177.654207
81.792356	151.642742	177.966140
81.939456	151.467111	178.286205
82.090294	151.287017	178.614401
82.244868	151.102462	178.950729
82.403180	150.913444	179.295189
82.565230	150.719964	179.647780
82.731016	150.522022	180.008502
82.900540	150.319618	180.377357
83.073800	150.112752	180.754343
83.250799	149.901424	181.139460
83.431534	149.685634	181.532709
83.616006	149.465381	181.934090
83.699574	149.365606	182.115918
83.786878	149.261368	182.305877
83.877920	149.152668	182.503968
83.972699	149.039506	182.710191
84.071215	148.921882	182.924545
84.173468	148.799796	183.147031
84.279459	148.673248	183.377648
84.389186	148.542238	183.616397
84.502652	148.406765	183.863277
84.619854	148.266831	184.118290
84.740793	148.122434	184.381433
84.865470	147.973575	184.652708
84.993884	147.820255	184.932115
85.126035	147.662472	185.219654
85.261924	147.500227	185.515324
85.401550	147.333520	185.819125
85.544913	147.162350	186.131059
85.692013	146.986719	186.451124
85.842850	146.806626	186.779320
85.997425	146.622070	187.115648
86.155737	146.433053	187.460107
86.317786	146.239573	187.812699
86.483572	146.041631	188.173421
86.653096	145.839227	188.542276
86.826357	145.632361	188.919262
87.003355	145.421033	189.304379
87.184090	145.205243	189.697628
87.368563	144.984991	190.099009
87.452130	144.885215	190.280837
87.539435	144.780977	190.470796
87.630476	144.672277	190.668887
87.725255	144.559116	190.875110
87.823771	144.441492	191.089464
87.926025	144.319405	191.311950
88.032015	144.192857	191.542567
88.141743	144.061847	191.781316
88.255208	143.926375	192.028197
88.372410	143.786440	192.283209
88.493350	143.642044	192.546352
88.618027	143.493185	192.817628
88.746441	143.339864	193.097035
88.878592	143.182081	193.384573
89.014481	143.019836	193.680243
89.154106	142.853129	193.984045
89.297469	142.681960	194.295978
89.444569	142.506329	194.616043
89.595407	142.326235	194.944239
89.749982	142.141680	195.280567
89.908294	141.952662	195.625027
90.070343	141.759182	195.977618
90.236129	141.561241	196.338341
90.405653	141.358837	196.707195
90.578914	141.151971	197.084181
90.755912	140.940643	197.469299
90.936647	140.724853	197.862548
91.121120	140.504600	198.263928
91.204687	140.404825	198.445756
91.291991	140.300587	198.635716
91.383033	140.191887	198.833807
91.477812	140.078725	199.040029
91.576328	139.961101	199.254383
91.678581	139.839015	199.476869
91.784572	139.712467	199.707487
91.894300	139.581457	199.946235
92.007765	139.445984	200.193116
92.124967	139.306050	200.448128
92.245907	139.161653	200.711272
92.370583	139.012795	200.982547
92.498997	138.859474	201.261954
92.631149	138.701691	201.549493
92.767037	138.539446	201.845163
92.906663	138.372739	202.148964
93.050026	138.201570	202.460897
93.197126	138.025939	202.780962
93.347964	137.845845	203.109159
93.502538	137.661290	203.445487
93.660850	137.472272	203.789946
93.822899	137.278793	204.142538
93.988686	137.080851	204.503260
94.158209	136.878447	204.872115
94.331470	136.671581	205.249101
94.508468	136.460253	205.634218
94.689204	136.244463	206.027467
94.873676	136.024210	206.428848
94.957243	135.924435	206.610676
95.044548	135.820197	206.800635
95.135590	135.711497	206.998726
95.230368	135.598336	207.204949
95.328885	135.480712	207.419303
95.431138	135.358625	207.641789
95.537128	135.232077	207.872406
95.646856	135.101067	208.111155
95.760321	134.965595	208.358036
95.877524	134.825660	208.613048
95.998463	134.681264	208.876191
96.123140	134.532405	209.147467
96.251554	134.379084	209.426874
96.383705	134.221301	209.714412
96.519594	134.059056	210.010082
96.659220	133.892349	210.313884
96.802583	133.721180	210.625817
96.949683	133.545549	210.945882
97.100520	133.365455	211.274078
97.255095	133.180900	211.610406
97.413407	132.991882	211.954866
97.575456	132.798403	212.307457
97.741242	132.600461	212.668180
97.910766	132.398057	213.037034
98.084027	132.191191	213.414020
98.261025	131.979863	213.799138
98.441760	131.764073	214.192387
98.626233	131.543821	214.593768
98.709800	131.444045	214.775595
98.797105	131.339807	214.965555
98.888146	131.231108	215.163646
98.982925	131.117946	215.369869
99.081441	131.000322	215.584223
99.183695	130.878236	215.806708
99.289685	130.751688	216.037326
99.399413	130.620677	216.276075
99.512878	130.485205	216.522955
99.630080	130.345270	216.777967
99.751020	130.200874	217.041111
99.875697	130.052015	217.312386
100.004111	129.898694	217.591793
100.136262	129.740912	217.879332
100.272151	129.578667	218.175002
100.411776	129.411960	218.478804
100.555139	129.240790	218.790737
100.702239	129.065159	219.110802
100.853077	128.885066	219.438998
101.007652	128.700510	219.775326
101.165964	128.511493	220.119786
101.328013	128.318013	220.472377
101.493799	128.120071	220.833100
101.663323	127.917667	221.201954
101.836584	127.710802	221.578940
102.013582	127.499473	221.964058
102.194317	127.283683	222.357307
102.378790	127.063431	222.758687
102.462357	126.963655	222.940515
102.549661	126.859418	223.130475
102.640703	126.750718	223.328566
102.735482	126.637556	223.534788
102.833998	126.519932	223.749142
102.936251	126.397846	223.971628
103.042242	126.271298	224.202246
103.151970	126.140288	224.440995
103.265435	126.004815	224.687875
103.382637	125.864881	224.942887
103.503577	125.720484	225.206031
103.628253	125.571626	225.477306
103.756667	125.418305	225.756713
103.888819	125.260522	226.044252
104.024707	125.098277	226.339922
104.164333	124.931570	226.643723
104.307696	124.760401	226.955657
104.454796	124.584770	227.275721
104.605634	124.404676	227.603918
104.760208	124.220121	227.940246
104.918520	124.031103	228.284705
105.080569	123.837623	228.637297
105.246356	123.639682	228.998019
105.415879	123.437278	229.366874
105.589140	123.230412	229.743860
105.766138	123.019084	230.128977
105.946874	122.803294	230.522226
106.131346	122.583041	230.923607
106.214913	122.483266	231.105435
106.302218	122.379028	231.295394
106.393260	122.270328	231.493485
106.488038	122.157167	231.699708
106.586555	122.039543	231.914062
106.688808	121.917456	232.136548
106.794799	121.790908	232.367165
106.904526	121.659898	232.605914
107.017991	121.524426	232.852795
107.135194	121.384491	233.107807
107.256133	121.240095	233.370951
107.380810	121.091236	233.642226
107.509224	120.937915	233.921633
107.641375	120.780132	234.209171
107.777264	120.617887	234.504841
107.916890	120.451180	234.808643
108.060253	120.280011	235.120576
108.207353	120.104380	235.440641
108.358190	119.924287	235.768838
108.512765	119.739731	236.105166
108.671077	119.550714	236.449625
108.833126	119.357234	236.802216
108.998912	119.159292	237.162939
109.168436	118.956888	237.531793
109.341697	118.750022	237.908779
109.518695	118.538694	238.293897
109.699430	118.322904	238.687146
109.883903	118.102652	239.088527
109.967470	118.002876	239.270355
110.054775	117.898639	239.460314
110.145816	117.789939	239.658405
110.240595	117.676777	239.864628
110.339111	117.559153	240.078982
110.441365	117.437067	240.301468
110.547355	117.310519	240.532085
110.657083	117.179508	240.770834
110.770548	117.044036	241.017715
110.887750	116.904102	241.272727
111.008690	116.759705	241.535870
111.133367	116.610846	241.807146
111.261781	116.457526	242.086553
111.393932	116.299743	242.374091
111.529821	116.137498	242.669761
111.669446	115.970791	242.973563
111.812809	115.799622	243.285496
111.959909	115.623990	243.605561
112.110747	115.443897	243.933757
112.265322	115.259341	244.270085
112.423634	115.070324	244.614545
112.585683	114.876844	244.967136
112.751469	114.678903	245.327859
112.920993	114.476499	245.696713
113.094254	114.269633	246.073699
113.271252	114.058305	246.458817
113.451987	113.842514	246.852066
113.636460	113.622262	247.253447
113.720027	113.522487	247.435274
113.807331	113.418249	247.625234
113.898373	113.309549	247.823325
113.993152	113.196387	248.029547
114.091668	113.078763	248.243902
114.193921	112.956677	248.466387
114.299912	112.830129	248.697005
114.409640	112.699119	248.935754
114.523105	112.563646	249.182634
114.640307	112.423712	249.437646
114.761247	112.279315	249.700790
114.885923	112.130457	249.972065
115.014337	111.977136	250.251472
115.146489	111.819353	250.539011
115.282377	111.657108	250.834681
115.422003	111.490401	251.138483
115.565366	111.319232	251.450416
115.712466	111.143601	251.770481
115.863304	110.963507	252.098677
116.017878	110.778952	252.435005
116.176190	110.589934	252.779465
116.338239	110.396455	253.132056
116.504026	110.198513	253.492779
116.673549	109.996109	253.861633
116.846810	109.789243	254.238619
117.023808	109.577915	254.623736
117.204544	109.362125	255.016986
117.389016	109.141873	255.418366
117.472584	109.042097	255.600194
117.559888	108.937859	255.790154
117.650930	108.829160	255.988245
117.745708	108.715998	256.194467
117.844225	108.598374	256.408821
117.946478	108.476288	256.631307
118.052469	108.349740	256.861925
118.162196	108.218729	257.100673
118.275661	108.083257	257.347554
118.392864	107.943322	257.602566
118.513803	107.798926	257.865710
118.638480	107.650067	258.136985
118.766894	107.496746	258.416392
118.899045	107.338964	258.703931
119.034934	107.176719	258.999601
119.174560	107.010012	259.303402
119.317923	106.838842	259.615336
119.465023	106.663211	259.935400
119.615860	106.483118	260.263597
119.770435	106.298562	260.599925
119.928747	106.109545	260.944384
120.090796	105.916065	261.296976
120.256582	105.718123	261.657698
120.426106	105.515719	262.026553
120.599367	105.308854	262.403539
120.776365	105.097525	262.788656
120.957100	104.881735	263.181905
121.141573	104.661483	263.583286
121.225140	104.561707	263.765114
121.312445	104.457470	263.955073
121.403486	104.348770	264.153164
121.498265	104.235608	264.359387
121.596781	104.117984	264.573741
121.699035	103.995898	264.796227
121.805025	103.869350	265.026844
121.914753	103.738340	265.265593
122.028218	103.602867	265.512474
122.145420	103.462933	265.767486
122.266360	103.318536	266.030630
122.391037	103.169678	266.301905
122.519451	103.016357	266.581312
122.651602	102.858574	266.868850
122.787491	102.696329	267.164520
122.927116	102.529622	267.468322
123.070479	102.358453	267.780255
123.217580	102.182822	268.100320
123.368417	102.002728	268.428517
123.522992	101.818173	268.764845
123.681304	101.629155	269.109304
123.843353	101.435675	269.461895
124.009139	101.237734	269.822618
124.178663	101.035330	270.191472
124.351924	100.828464	270.568458
124.528922	100.617136	270.953576
124.709657	100.401346	271.346825
124.894130	100.181093	271.748206
124.977697	100.081318	271.930034
125.065001	99.977080	272.119993
125.156043	99.868380	272.318084
125.250822	99.755219	272.524307
125.349338	99.637595	272.738661
125.451591	99.515509	272.961147
125.557582	99.388960	273.191764
125.667310	99.257950	273.430513
125.780775	99.122478	273.677393
125.897977	98.982543	273.932406
126.018917	98.838147	274.195549
126.143593	98.689288	274.466825
126.272008	98.535967	274.746232
126.404159	98.378184	275.033770
126.540047	98.215939	275.329440
126.679673	98.049232	275.633242
126.823036	97.878063	275.945175
126.970136	97.702432	276.265240
127.120974	97.522339	276.593436
127.275548	97.337783	276.929764
127.433860	97.148766	277.274224
127.595909	96.955286	277.626815
127.761696	96.757344	277.987538
127.931219	96.554940	278.356392
128.104480	96.348074	278.733378
128.281478	96.136746	279.118496
128.462214	95.920956	279.511745
128.646686	95.700704	279.913126
128.730254	95.600928	280.094953
128.817558	95.496691	280.284913
128.908600	95.387991	280.483004
129.003379	95.274829	280.689226
129.101895	95.157205	280.903581
129.204148	95.035119	281.126066
129.310139	94.908571	281.356684
129.419866	94.777560	281.595433
129.533332	94.642088	281.842313
129.650534	94.502154	282.097325
129.771473	94.357757	282.360469
129.896150	94.208898	282.631744
130.024564	94.055578	282.911151
130.156715	93.897795	283.198690
130.292604	93.735550	283.494360
130.432230	93.568843	283.798161
130.575593	93.397674	284.110095
130.722693	93.222042	284.430160
130.873530	93.041949	284.758356
131.028105	92.857394	285.094684
131.186417	92.668376	285.439144
131.348466	92.474896	285.791735
131.514253	92.276955	286.152458
131.683776	92.074551	286.521312
131.857037	91.867685	286.898298
132.034035	91.656357	287.283415
132.214771	91.440567	287.676665
132.399243	91.220314	288.078045
132.482810	91.120539	288.259873
132.570115	91.016301	288.449833
132.661156	90.907601	288.647924
132.755935	90.794439	288.854146
132.854451	90.676815	289.068500
132.956705	90.554729	289.290986
133.062695	90.428181	289.521603
133.172423	90.297171	289.760352
133.285888	90.161699	290.007233
133.403091	90.021764	290.262245
133.524030	89.877367	290.525389
133.648707	89.728509	290.796664
133.777121	89.575188	291.076071
133.909272	89.417405	291.363610
134.045161	89.255160	291.659280
134.184786	89.088453	291.963081
134.328149	88.917284	292.275014
134.475250	88.741653	292.595079
134.626087	88.561559	292.923276
134.780662	88.377004	293.259604
134.938974	88.187986	293.604063
135.101023	87.994507	293.956655
135.266809	87.796565	294.317377
135.436333	87.594161	294.686232
135.609594	87.387295	295.063218
135.786592	87.175967	295.448335
135.967327	86.960177	295.841584
136.151800	86.739925	296.242965
136.235367	86.640149	296.424793
136.322671	86.535911	296.614752
136.413713	86.427212	296.812843
136.508492	86.314050	297.019066
136.607008	86.196426	297.233420
136.709261	86.074340	297.455906
136.815252	85.947792	297.686523
136.924980	85.816781	297.925272
137.038445	85.681309	298.172153
137.155647	85.541374	298.427165
137.276587	85.396978	298.690309
137.401264	85.248119	298.961584
137.529678	85.094798	299.240991
137.661829	84.937016	299.528529
137.797717	84.774771	299.824199
137.937343	84.608064	300.128001
