-21.160048	248.193915	-3.416032
-21.227391	248.124814	-3.416571
-21.303498	248.051109	-3.418520
-21.388371	247.972801	-3.421876
-21.482010	247.889890	-3.426635
-21.584417	247.802378	-3.432792
-21.695592	247.710265	-3.440343
-21.815536	247.613550	-3.449286
-21.944250	247.512236	-3.459615
-22.081735	247.406321	-3.471326
-22.227992	247.295807	-3.484417
-22.383022	247.180694	-3.498882
-22.546825	247.060983	-3.514720
-22.719403	246.936675	-3.531925
-22.900755	246.807769	-3.550494
-23.090884	246.674266	-3.570424
-23.289790	246.536166	-3.591711
-23.497473	246.393472	-3.614351
-23.713934	246.246181	-3.638342
-23.939175	246.094296	-3.663680
-24.173196	245.937817	-3.690362
-24.415997	245.776744	-3.718384
-24.667580	245.611078	-3.747743
-24.927945	245.440820	-3.778437
-25.197093	245.265969	-3.810462
-25.475025	245.086526	-3.843815
-25.761741	244.902492	-3.878493
-26.057242	244.713868	-3.914495
-26.361528	244.520653	-3.951816
-26.674602	244.322849	-3.990454
-26.996462	244.120456	-4.030407
-27.327109	243.913474	-4.071672
-27.666546	243.701904	-4.114246
-28.014771	243.485747	-4.158127
-28.371786	243.265003	-4.203313
-28.737591	243.039672	-4.249801
-29.112187	242.809755	-4.297589
-29.495574	242.575253	-4.346675
-29.887753	242.336166	-4.397057
-30.288725	242.092494	-4.448732
-30.698490	241.844239	-4.501698
-31.117049	241.591400	-4.555954
-31.307414	241.476731	-4.580697
-31.506574	241.357480	-4.606725
-31.714529	241.233646	-4.634040
-31.931278	241.105230	-4.662640
-32.156823	240.972232	-4.692524
-32.391163	240.834653	-4.723692
-32.634299	240.692492	-4.756142
-32.886232	240.545750	-4.789874
-33.146960	240.394428	-4.824888
-33.416485	240.238524	-4.861182
-33.694806	240.078040	-4.898755
-33.981925	239.912976	-4.937608
-34.277840	239.743332	-4.977739
-34.582553	239.569108	-5.019147
-34.896064	239.390304	-5.061832
-35.218372	239.206922	-5.105793
-35.549479	239.018960	-5.151030
-35.889384	238.826420	-5.197542
-36.238087	238.629301	-5.245328
-36.595589	238.427604	-5.294387
-36.961890	238.221328	-5.344720
-37.336990	238.010475	-5.396324
-37.720889	237.795044	-5.449201
-38.113588	237.575036	-5.503349
-38.515087	237.350451	-5.558767
-38.925385	237.121289	-5.615455
-39.344484	236.887551	-5.673413
-39.772383	236.649236	-5.732640
-39.966381	236.541335	-5.759514
-40.169180	236.428858	-5.787657
-40.380779	236.311805	-5.817068
-40.601179	236.190176	-5.847746
-40.830380	236.063972	-5.879692
-41.068382	235.933192	-5.912905
-41.315185	235.797837	-5.947386
-41.570789	235.657906	-5.983133
-41.835195	235.513400	-6.020147
-42.108402	235.364319	-6.058428
-42.390410	235.210663	-6.097975
-42.681220	235.052432	-6.138788
-42.980832	234.889626	-6.180867
-43.289245	234.722246	-6.224212
-43.606461	234.550291	-6.268822
-43.932478	234.373761	-6.314698
-44.267296	234.192657	-6.361839
-44.610918	234.006979	-6.410245
-44.963341	233.816727	-6.459915
-45.324566	233.621900	-6.510850
-45.694594	233.422500	-6.563050
-46.073424	233.218526	-6.616514
-46.461056	233.009978	-6.671242
-46.857491	232.796857	-6.727234
-47.262729	232.579162	-6.784490
-47.676769	232.356894	-6.843009
-48.099613	232.130053	-6.902792
-48.531259	231.898638	-6.963838
-48.726843	231.793846	-6.991507
-48.931230	231.684482	-7.020439
-49.144420	231.570544	-7.050634
-49.366413	231.452034	-7.082092
-49.597209	231.328950	-7.114813
-49.836809	231.201294	-7.148796
-50.085211	231.069066	-7.184043
-50.342417	230.932264	-7.220552
-50.608426	230.790890	-7.258324
-50.883238	230.644944	-7.297358
-51.166854	230.494424	-7.337655
-51.459273	230.339333	-7.379214
-51.760495	230.179669	-7.422036
-52.070520	230.015433	-7.466120
-52.389350	229.846624	-7.511466
-52.716982	229.673243	-7.558074
-53.053418	229.495290	-7.605945
-53.398658	229.312765	-7.655078
-53.752701	229.125667	-7.705473
-54.115548	228.933998	-7.757129
-54.487199	228.737756	-7.810048
-54.867653	228.536943	-7.864229
-55.256911	228.331558	-7.919671
-55.654972	228.121600	-7.976376
-56.061838	227.907071	-8.034342
-56.477507	227.687971	-8.093569
-56.901980	227.464298	-8.154059
-57.335257	227.236054	-8.215810
-57.531550	227.132680	-8.243789
-57.736647	227.024733	-8.273029
-57.950547	226.912215	-8.303531
-58.173252	226.795126	-8.335294
-58.404760	226.673465	-8.368319
-58.645073	226.547233	-8.402605
-58.894190	226.416429	-8.438153
-59.152110	226.281054	-8.474962
-59.418835	226.141107	-8.513033
-59.694364	225.996589	-8.552364
-59.978696	225.847500	-8.592958
-60.271833	225.693839	-8.634812
-60.573774	225.535607	-8.677928
-60.884519	225.372804	-8.722305
-61.204069	225.205429	-8.767944
-61.532422	225.033483	-8.814843
-61.869580	224.856966	-8.863004
-62.215541	224.675878	-8.912427
-62.570307	224.490219	-8.963110
-62.933877	224.299988	-9.015055
-63.306252	224.105187	-9.068260
-63.687430	223.905814	-9.122727
-64.077413	223.701870	-9.178455
-64.476200	223.493355	-9.235444
-64.883792	223.280269	-9.293695
-65.300187	223.062612	-9.353206
-65.725387	222.840385	-9.413979
-66.159392	222.613586	-9.476012
-66.356004	222.510855	-9.504116
-66.561421	222.403553	-9.533480
-66.775643	222.291680	-9.564106
-66.998668	222.175236	-9.595993
-67.230498	222.054221	-9.629140
-67.471133	221.928636	-9.663549
-67.720571	221.798480	-9.699219
-67.978815	221.663752	-9.736149
-68.245862	221.524454	-9.774341
-68.521714	221.380585	-9.813794
-68.806370	221.232146	-9.854508
-69.099831	221.079135	-9.896482
-69.402096	220.921554	-9.939718
-69.713166	220.759401	-9.984214
-70.033040	220.592679	-10.029972
-70.361719	220.421385	-10.076990
-70.699201	220.245520	-10.125270
-71.045489	220.065085	-10.174810
-71.400581	219.880079	-10.225612
-71.764477	219.690503	-10.277674
-72.137178	219.496355	-10.330997
-72.518683	219.297637	-10.385581
-72.908993	219.094349	-10.441426
-73.308107	218.886489	-10.498532
-73.716026	218.674059	-10.556899
-74.132749	218.457058	-10.616526
-74.558277	218.235487	-10.677415
-74.992609	218.009345	-10.739564
-75.189366	217.906906	-10.767719
-75.394929	217.799897	-10.797135
-75.609295	217.688316	-10.827812
-75.832466	217.572166	-10.859749
-76.064442	217.451444	-10.892948
-76.305222	217.326152	-10.927407
-76.554807	217.196290	-10.963127
-76.813197	217.061856	-11.000108
-77.080390	216.922853	-11.038350
-77.356389	216.779278	-11.077853
-77.641192	216.631133	-11.118616
-77.934799	216.478418	-11.160641
-78.237212	216.321132	-11.203926
-78.548428	216.159275	-11.248472
-78.868449	215.992848	-11.294279
-79.197275	215.821851	-11.341347
-79.534906	215.646282	-11.389676
-79.881341	215.466144	-11.439265
-80.236580	215.281434	-11.490116
-80.600624	215.092155	-11.542227
-80.973473	214.898304	-11.595599
-81.355126	214.699883	-11.650232
-81.745584	214.496892	-11.706126
-82.144846	214.289330	-11.763280
-82.552913	214.077198	-11.821696
-82.969785	213.860495	-11.881372
-83.395461	213.639222	-11.942309
-83.829942	213.413378	-12.004507
-84.026765	213.311071	-12.032683
-84.232394	213.204194	-12.062120
-84.446826	213.092747	-12.092818
-84.670064	212.976729	-12.124777
-84.902105	212.856141	-12.157997
-85.142952	212.730982	-12.192477
-85.392603	212.601253	-12.228219
-85.651059	212.466953	-12.265221
-85.918319	212.328083	-12.303484
-86.194384	212.184642	-12.343007
-86.479254	212.036631	-12.383792
-86.772928	211.884049	-12.425837
-87.075407	211.726897	-12.469144
-87.386690	211.565175	-12.513711
-87.706778	211.398882	-12.559538
-88.035671	211.228019	-12.606627
-88.373368	211.052585	-12.654977
-88.719870	210.872581	-12.704587
-89.075177	210.688006	-12.755458
-89.439288	210.498861	-12.807590
-89.812204	210.305145	-12.860983
-90.193924	210.106859	-12.915636
-90.584449	209.904003	-12.971550
-90.983779	209.696576	-13.028726
-91.391913	209.484579	-13.087161
-91.808852	209.268011	-13.146858
-92.234596	209.046873	-13.207816
-92.669144	208.821165	-13.270034
-92.865998	208.718918	-13.298220
-93.071656	208.612102	-13.327666
-93.286119	208.500714	-13.358373
-93.509386	208.384757	-13.390341
-93.741458	208.264229	-13.423569
-93.982335	208.139131	-13.458059
-94.232016	208.009462	-13.493809
-94.490502	207.875223	-13.530820
-94.757792	207.736413	-13.569092
-95.033888	207.593033	-13.608625
-95.318787	207.445083	-13.649418
-95.612492	207.292562	-13.691473
-95.915001	207.135471	-13.734788
-96.226315	206.973809	-13.779364
-96.546433	206.807577	-13.825200
-96.875356	206.636775	-13.872298
-97.213084	206.461402	-13.920656
-97.559617	206.281459	-13.970275
-97.914954	206.096945	-14.021155
-98.279095	205.907861	-14.073296
-98.652042	205.714207	-14.126697
-99.033793	205.515982	-14.181360
-99.424348	205.313187	-14.237283
-99.823709	205.105821	-14.294467
-100.231874	204.893886	-14.352911
-100.648843	204.677379	-14.412617
-101.074618	204.456303	-14.473583
-101.509196	204.230655	-14.535810
-101.706064	204.128436	-14.564000
-101.911735	204.021647	-14.593450
-102.126212	203.910287	-14.624161
-102.349493	203.794357	-14.656132
-102.581578	203.673857	-14.689365
-102.822469	203.548786	-14.723858
-103.072164	203.419144	-14.759612
-103.330663	203.284933	-14.796627
-103.597968	203.146151	-14.834903
-103.874077	203.002798	-14.874440
-104.158990	202.854875	-14.915237
-104.452709	202.702382	-14.957295
-104.755231	202.545319	-15.000614
-105.066559	202.383685	-15.045194
-105.386691	202.217480	-15.091034
-105.715628	202.046706	-15.138135
-106.053370	201.871360	-15.186498
-106.399916	201.691445	-15.236120
-106.755267	201.506959	-15.287004
-107.119423	201.317903	-15.339149
-107.492383	201.124276	-15.392554
-107.874148	200.926079	-15.447220
-108.264717	200.723312	-15.503147
-108.664092	200.515974	-15.560335
-109.072270	200.304066	-15.618783
-109.489254	200.087588	-15.678492
-109.915042	199.866539	-15.739463
-110.349635	199.640920	-15.801693
-110.546508	199.538713	-15.829884
-110.752186	199.431936	-15.859336
-110.966669	199.320589	-15.890049
-111.189956	199.204671	-15.922022
-111.422048	199.084183	-15.955256
-111.662945	198.959125	-15.989751
-111.912646	198.829496	-16.025507
-112.171152	198.695297	-16.062524
-112.438462	198.556527	-16.100801
-112.714577	198.413187	-16.140339
-112.999497	198.265277	-16.181138
-113.293222	198.112796	-16.223198
-113.595751	197.955745	-16.266519
-113.907085	197.794124	-16.311100
-114.227224	197.627932	-16.356942
-114.556167	197.457170	-16.404045
-114.893915	197.281837	-16.452409
-115.240467	197.101934	-16.502033
-115.595824	196.917461	-16.552919
-115.959986	196.728418	-16.605065
-116.332953	196.534804	-16.658472
-116.714724	196.336619	-16.713139
-117.105300	196.133865	-16.769068
-117.504681	195.926540	-16.826257
-117.912866	195.714644	-16.884707
-118.329856	195.498178	-16.944418
-118.755650	195.277142	-17.005390
-119.190249	195.051536	-17.067623
-119.387126	194.949335	-17.095814
-119.592806	194.842563	-17.125267
-119.807292	194.731222	-17.155980
-120.030582	194.615310	-17.187954
-120.262676	194.494827	-17.221189
-120.503576	194.369774	-17.255685
-120.753280	194.240151	-17.291441
-121.011789	194.105958	-17.328459
-121.279102	193.967194	-17.366737
-121.555220	193.823860	-17.406276
-121.840143	193.675955	-17.447075
-122.133870	193.523480	-17.489136
-122.436402	193.366435	-17.532457
-122.747739	193.204819	-17.577039
-123.067881	193.038633	-17.622882
-123.396827	192.867876	-17.669986
-123.734577	192.692550	-17.718350
-124.081133	192.512652	-17.767976
-124.436493	192.328185	-17.818862
-124.800658	192.139147	-17.871008
-125.173627	191.945539	-17.924416
-125.555401	191.747360	-17.979085
-125.945980	191.544611	-18.035014
-126.345363	191.337292	-18.092204
-126.753552	191.125402	-18.150655
-127.170544	190.908942	-18.210366
-127.596342	190.687912	-18.271339
-128.030944	190.462311	-18.333572
-128.227821	190.360113	-18.361764
-128.433503	190.253344	-18.391217
-128.647990	190.142005	-18.421930
-128.871281	190.026095	-18.453905
-129.103377	189.905615	-18.487140
-129.344278	189.780565	-18.521636
-129.593983	189.650945	-18.557393
-129.852493	189.516754	-18.594411
-130.119808	189.377992	-18.632689
-130.395927	189.234661	-18.672228
-130.680852	189.086759	-18.713028
-130.974580	188.934286	-18.755089
-131.277114	188.777244	-18.798411
-131.588452	188.615630	-18.842993
-131.908594	188.449447	-18.888836
-132.237542	188.278693	-18.935940
-132.575294	188.103369	-18.984305
-132.921851	187.923474	-19.033930
-133.277212	187.739010	-19.084817
-133.641378	187.549974	-19.136964
-134.014349	187.356369	-19.190372
-134.396124	187.158193	-19.245041
-134.786704	186.955446	-19.300970
-135.186089	186.748130	-19.358161
-135.594278	186.536243	-19.416612
-136.011273	186.319785	-19.476324
-136.437071	186.098757	-19.537297
-136.871675	185.873159	-19.599530
-137.068553	185.770962	-19.627722
-137.274235	185.664194	-19.657175
-137.488723	185.552856	-19.687889
-137.712014	185.436948	-19.719864
-137.944111	185.316469	-19.753099
-138.185012	185.191420	-19.787595
-138.434718	185.061801	-19.823352
-138.693229	184.927611	-19.860370
-138.960544	184.788851	-19.898648
-139.236664	184.645521	-19.938188
-139.521589	184.497620	-19.978988
-139.815318	184.345148	-20.021049
-140.117852	184.188107	-20.064370
-140.429191	184.026495	-20.108953
-140.749334	183.860313	-20.154796
-141.078282	183.689560	-20.201900
-141.416035	183.514237	-20.250265
-141.762592	183.334344	-20.299891
-142.117954	183.149880	-20.350778
-142.482121	182.960846	-20.402925
-142.855092	182.767241	-20.456333
-143.236868	182.569067	-20.511002
-143.627449	182.366322	-20.566932
-144.026834	182.159006	-20.624122
-144.435024	181.947120	-20.682573
-144.852019	181.730664	-20.742286
-145.277818	181.509637	-20.803258
-145.712422	181.284040	-20.865492
-145.909300	181.181844	-20.893684
-146.114983	181.075077	-20.923137
-146.329471	180.963739	-20.953851
-146.552763	180.847831	-20.985826
-146.784860	180.727353	-21.019061
-147.025761	180.602305	-21.053557
-147.275468	180.472686	-21.089314
-147.533979	180.338497	-21.126332
-147.801294	180.199737	-21.164611
-148.077414	180.056407	-21.204150
-148.362339	179.908507	-21.244950
-148.656069	179.756036	-21.287011
-148.958603	179.598995	-21.330333
-149.269942	179.437384	-21.374916
-149.590086	179.271202	-21.420759
-149.919034	179.100450	-21.467863
-150.256787	178.925127	-21.516228
-150.603344	178.745234	-21.565854
-150.958707	178.560771	-21.616741
-151.322873	178.371738	-21.668888
-151.695845	178.178134	-21.722296
-152.077621	177.979960	-21.776965
-152.468202	177.777215	-21.832895
-152.867588	177.569900	-21.890086
-153.275778	177.358015	-21.948537
-153.692773	177.141559	-22.008249
-154.118573	176.920533	-22.069222
-154.553177	176.694937	-22.131456
-154.750055	176.592740	-22.159648
-154.955738	176.485973	-22.189101
-155.170226	176.374636	-22.219815
-155.393518	176.258728	-22.251790
-155.625615	176.138251	-22.285025
-155.866517	176.013202	-22.319521
-156.116223	175.883584	-22.355278
-156.374734	175.749395	-22.392296
-156.642050	175.610635	-22.430575
-156.918171	175.467306	-22.470114
-157.203096	175.319405	-22.510914
-157.496825	175.166935	-22.552975
-157.799360	175.009894	-22.596297
-158.110699	174.848283	-22.640880
-158.430842	174.682102	-22.686723
-158.759791	174.511350	-22.733827
-159.097544	174.336028	-22.782192
-159.444101	174.156135	-22.831818
-159.799464	173.971672	-22.882705
-160.163631	173.782639	-22.934852
-160.536603	173.589035	-22.988260
-160.918379	173.390861	-23.042929
-161.308960	173.188117	-23.098859
-161.708346	172.980802	-23.156050
-162.116536	172.768917	-23.214501
-162.533531	172.552462	-23.274213
-162.959331	172.331436	-23.335186
-163.393936	172.105840	-23.397420
-163.590814	172.003643	-23.425612
-163.796497	171.896876	-23.455065
-164.010985	171.785539	-23.485779
-164.234277	171.669632	-23.517754
-164.466374	171.549154	-23.550989
-164.707276	171.424106	-23.585486
-164.956982	171.294487	-23.621243
-165.215493	171.160299	-23.658261
-165.482809	171.021539	-23.696539
-165.758930	170.878210	-23.736079
-166.043855	170.730310	-23.776879
-166.337584	170.577839	-23.818940
-166.640119	170.420799	-23.862262
-166.951458	170.259188	-23.906844
-167.271602	170.093006	-23.952688
-167.600550	169.922255	-23.999792
-167.938303	169.746932	-24.048157
-168.284861	169.567040	-24.097783
-168.640223	169.382577	-24.148670
-169.004391	169.193544	-24.200817
-169.377362	168.999940	-24.254225
-169.759139	168.801767	-24.308894
-170.149720	168.599022	-24.364824
-170.549106	168.391708	-24.422015
-170.957296	168.179823	-24.480466
-171.374291	167.963367	-24.540178
-171.800091	167.742342	-24.601151
-172.234696	167.516746	-24.663385
-172.431574	167.414549	-24.691577
-172.637257	167.307783	-24.721030
-172.851745	167.196446	-24.751744
-173.075037	167.080538	-24.783719
-173.307134	166.960060	-24.816954
-173.548036	166.835012	-24.851451
-173.797742	166.705394	-24.887208
-174.056254	166.571205	-24.924225
-174.323569	166.432446	-24.962504
-174.599690	166.289116	-25.002044
-174.884615	166.141216	-25.042844
-175.178345	165.988746	-25.084905
-175.480879	165.831706	-25.128227
-175.792218	165.670095	-25.172809
-176.112362	165.503913	-25.218653
-176.441310	165.333161	-25.265757
-176.779064	165.157839	-25.314122
-177.125621	164.977947	-25.363748
-177.480984	164.793484	-25.414634
-177.845151	164.604451	-25.466782
-178.218123	164.410848	-25.520190
-178.599899	164.212674	-25.574859
-178.990480	164.009930	-25.630789
-179.389866	163.802615	-25.687979
-179.798057	163.590730	-25.746431
-180.215052	163.374275	-25.806143
-180.640852	163.153249	-25.867116
-181.075456	162.927653	-25.929350
-181.272335	162.825457	-25.957542
-181.478018	162.718690	-25.986995
-181.692506	162.607353	-26.017709
-181.915798	162.491446	-26.049684
-182.147895	162.370968	-26.082919
-182.388797	162.245920	-26.117415
-182.638503	162.116302	-26.153172
-182.897014	161.982113	-26.190190
-183.164330	161.843354	-26.228469
-183.440451	161.700024	-26.268008
-183.725376	161.552124	-26.308809
-184.019106	161.399654	-26.350870
-184.321640	161.242613	-26.394192
-184.632979	161.081002	-26.438774
-184.953123	160.914821	-26.484618
-185.282071	160.744069	-26.531722
-185.619825	160.568747	-26.580087
-185.966382	160.388855	-26.629713
-186.321745	160.204392	-26.680599
-186.685912	160.015359	-26.732747
-187.058884	159.821756	-26.786155
-187.440660	159.623582	-26.840824
-187.831241	159.420838	-26.896754
-188.230627	159.213523	-26.953944
-188.638818	159.001638	-27.012396
-189.055813	158.785183	-27.072108
-189.481613	158.564157	-27.133081
-189.916217	158.338561	-27.195315
-190.113096	158.236365	-27.223507
-190.318779	158.129599	-27.252960
-190.533267	158.018262	-27.283674
-190.756559	157.902354	-27.315649
-190.988656	157.781876	-27.348884
-191.229558	157.656828	-27.383380
-191.479264	157.527210	-27.419137
-191.737776	157.393021	-27.456155
-192.005091	157.254262	-27.494434
-192.281212	157.110932	-27.533973
-192.566137	156.963033	-27.574774
-192.859867	156.810562	-27.616835
-193.162401	156.653522	-27.660157
-193.473740	156.491911	-27.704739
-193.793884	156.325729	-27.750583
-194.122833	156.154978	-27.797687
-194.460586	155.979656	-27.846052
-194.807144	155.799763	-27.895678
-195.162506	155.615301	-27.946564
-195.526673	155.426268	-27.998712
-195.899645	155.232664	-28.052120
-196.281422	155.034490	-28.106789
-196.672003	154.831746	-28.162719
-197.071389	154.624432	-28.219909
-197.479579	154.412547	-28.278361
-197.896574	154.196092	-28.338073
-198.322374	153.975066	-28.399046
-198.756979	153.749470	-28.461280
-198.953857	153.647274	-28.489472
-199.159540	153.540507	-28.518925
-199.374028	153.429170	-28.549639
-199.597320	153.313263	-28.581614
-199.829417	153.192785	-28.614849
-200.070319	153.067737	-28.649345
-200.320026	152.938118	-28.685102
-200.578537	152.803930	-28.722120
-200.845853	152.665170	-28.760399
-201.121973	152.521841	-28.799938
-201.406898	152.373941	-28.840739
-201.700628	152.221471	-28.882800
-202.003162	152.064430	-28.926122
-202.314502	151.902819	-28.970704
-202.634645	151.736638	-29.016548
-202.963594	151.565886	-29.063652
-203.301347	151.390564	-29.112017
-203.647905	151.210672	-29.161643
-204.003267	151.026209	-29.212529
-204.367434	150.837176	-29.264677
-204.740406	150.643573	-29.318085
-205.122183	150.445399	-29.372754
-205.512764	150.242655	-29.428684
-205.912150	150.035340	-29.485874
-206.320340	149.823455	-29.544326
-206.737335	149.607000	-29.604038
-207.163135	149.385975	-29.665011
-207.597740	149.160379	-29.727245
-207.794618	149.058182	-29.755437
-208.000301	148.951416	-29.784890
-208.214789	148.840079	-29.815604
-208.438082	148.724171	-29.847579
-208.670179	148.603694	-29.880814
-208.911080	148.478646	-29.915310
-209.160787	148.349027	-29.951067
-209.419298	148.214838	-29.988085
-209.686614	148.076079	-30.026364
-209.962734	147.932750	-30.065903
-210.247659	147.784850	-30.106704
-210.541389	147.632380	-30.148765
-210.843924	147.475339	-30.192087
-211.155263	147.313728	-30.236669
-211.475407	147.147547	-30.282513
-211.804355	146.976795	-30.329617
-212.142108	146.801473	-30.377982
-212.488666	146.621581	-30.427608
-212.844029	146.437118	-30.478494
-213.208196	146.248085	-30.530642
-213.581168	146.054481	-30.584050
-213.962944	145.856308	-30.638719
-214.353525	145.653563	-30.694649
-214.752911	145.446249	-30.751839
-215.161102	145.234364	-30.810291
-215.578097	145.017909	-30.870003
-216.003897	144.796883	-30.930976
-216.438501	144.571287	-30.993210
-216.635380	144.469091	-31.021402
-216.841063	144.362324	-31.050855
-217.055550	144.250987	-31.081569
-217.278843	144.135080	-31.113544
-217.510940	144.014602	-31.146779
-217.751842	143.889554	-31.181275
-218.001548	143.759936	-31.217032
-218.260059	143.625747	-31.254050
-218.527375	143.486988	-31.292329
-218.803496	143.343658	-31.331868
-219.088421	143.195758	-31.372669
-219.382151	143.043288	-31.414730
-219.684685	142.886248	-31.458052
-219.996024	142.724637	-31.502634
-220.316168	142.558455	-31.548478
-220.645116	142.387704	-31.595582
-220.982870	142.212382	-31.643947
-221.329427	142.032489	-31.693573
-221.684790	141.848027	-31.744459
-222.048957	141.658994	-31.796607
-222.421929	141.465390	-31.850015
-222.803705	141.267216	-31.904684
-223.194287	141.064472	-31.960614
-223.593672	140.857158	-32.017804
-224.001863	140.645273	-32.076256
-224.418858	140.428818	-32.135968
-224.844658	140.207792	-32.196941
-225.279263	139.982196	-32.259175
-225.476141	139.880000	-32.287367
-225.681824	139.773233	-32.316820
-225.896312	139.661896	-32.347534
-226.119604	139.545989	-32.379509
-226.351701	139.425511	-32.412744
-226.592603	139.300463	-32.447240
-226.842310	139.170844	-32.482997
-227.100821	139.036656	-32.520015
-227.368136	138.897897	-32.558294
-227.644257	138.754567	-32.597833
-227.929182	138.606667	-32.638634
-228.222912	138.454197	-32.680695
-228.525446	138.297156	-32.724017
-228.836785	138.135545	-32.768599
-229.156929	137.969364	-32.814443
-229.485878	137.798612	-32.861547
-229.823631	137.623290	-32.909912
-230.170189	137.443398	-32.959538
-230.525551	137.258935	-33.010424
-230.889718	137.069902	-33.062572
-231.262690	136.876299	-33.115980
-231.644467	136.678125	-33.170649
-232.035048	136.475381	-33.226579
-232.434434	136.268066	-33.283769
-232.842624	136.056182	-33.342221
-233.259619	135.839726	-33.401933
-233.685419	135.618701	-33.462906
-234.120024	135.393105	-33.525140
-234.316902	135.290909	-33.553332
-234.522585	135.184142	-33.582785
-234.737073	135.072805	-33.613499
-234.960366	134.956897	-33.645474
-235.192463	134.836420	-33.678709
-235.433364	134.711372	-33.713205
-235.683071	134.581753	-33.748962
-235.941582	134.447564	-33.785980
-236.208898	134.308805	-33.824259
-236.485018	134.165476	-33.863798
-236.769943	134.017576	-33.904599
-237.063673	133.865106	-33.946660
-237.366208	133.708065	-33.989982
-237.677547	133.546454	-34.034564
-237.997691	133.380273	-34.080408
-238.326639	133.209521	-34.127512
-238.664392	133.034199	-34.175877
-239.010950	132.854307	-34.225503
-239.366313	132.669844	-34.276389
-239.730480	132.480811	-34.328537
-240.103452	132.287208	-34.381945
-240.485228	132.089034	-34.436614
-240.875809	131.886290	-34.492544
-241.275195	131.678975	-34.549734
-241.683386	131.467090	-34.608186
-242.100381	131.250635	-34.667898
-242.526181	131.029609	-34.728871
-242.960785	130.804014	-34.791105
-243.157664	130.701817	-34.819297
-243.363347	130.595051	-34.848750
-243.577834	130.483714	-34.879464
-243.801127	130.367806	-34.911439
-244.033224	130.247329	-34.944674
-244.274126	130.122280	-34.979170
-244.523832	129.992662	-35.014928
-244.782343	129.858473	-35.051945
-245.049659	129.719714	-35.090224
-245.325780	129.576385	-35.129763
-245.610705	129.428485	-35.170564
-245.904435	129.276014	-35.212625
-246.206969	129.118974	-35.255947
-246.518308	128.957363	-35.300529
-246.838452	128.791182	-35.346373
-247.167400	128.620430	-35.393477
-247.505154	128.445108	-35.441842
-247.851711	128.265216	-35.491468
-248.207074	128.080753	-35.542354
-248.571241	127.891720	-35.594502
-248.944213	127.698116	-35.647910
-249.325989	127.499943	-35.702579
-249.716571	127.297198	-35.758509
-250.115956	127.089884	-35.815699
-250.524147	126.877999	-35.874151
-250.941142	126.661544	-35.933863
-251.366942	126.440518	-35.994836
-251.801547	126.214922	-36.057070
-251.998425	126.112726	-36.085262
-252.204108	126.005959	-36.114715
-252.418596	125.894622	-36.145429
-252.641888	125.778715	-36.177404
-252.873985	125.658237	-36.210639
-253.114887	125.533189	-36.245135
-253.364594	125.403571	-36.280893
-253.623105	125.269382	-36.317910
-253.890420	125.130623	-36.356189
-254.166541	124.987293	-36.395728
-254.451466	124.839393	-36.436529
-254.745196	124.686923	-36.478590
-255.047730	124.529883	-36.521912
-255.359069	124.368272	-36.566494
-255.679213	124.202090	-36.612338
-256.008162	124.031339	-36.659442
-256.345915	123.856017	-36.707807
-256.692473	123.676124	-36.757433
-257.047835	123.491662	-36.808319
-257.412002	123.302629	-36.860467
-257.784974	123.109025	-36.913875
-258.166751	122.910851	-36.968544
-258.557332	122.708107	-37.024474
-258.956718	122.500793	-37.081664
-259.364908	122.288908	-37.140116
-259.781903	122.072453	-37.199828
-260.207703	121.851427	-37.260801
-260.642308	121.625831	-37.323035
-260.839186	121.523635	-37.351227
-261.044869	121.416868	-37.380680
-261.259357	121.305531	-37.411394
-261.482650	121.189624	-37.443369
-261.714747	121.069146	-37.476604
-261.955648	120.944098	-37.511100
-262.205355	120.814479	-37.546858
-262.463866	120.680291	-37.583875
-262.731182	120.541532	-37.622154
-263.007302	120.398202	-37.661693
-263.292227	120.250302	-37.702494
-263.585957	120.097832	-37.744555
-263.888492	119.940791	-37.787877
-264.199831	119.779180	-37.832459
-264.519975	119.612999	-37.878303
-264.848923	119.442247	-37.925407
-265.186676	119.266925	-37.973772
-265.533234	119.087033	-38.023398
-265.888597	118.902570	-38.074284
-266.252764	118.713537	-38.126432
-266.625736	118.519934	-38.179840
-267.007512	118.321760	-38.234509
-267.398093	118.119016	-38.290439
-267.797479	117.911701	-38.347629
-268.205670	117.699817	-38.406081
-268.622665	117.483361	-38.465793
-269.048465	117.262336	-38.526766
-269.483069	117.036740	-38.589000
-269.679948	116.934543	-38.617192
-269.885631	116.827777	-38.646645
-270.100118	116.716440	-38.677359
-270.323411	116.600532	-38.709334
-270.555508	116.480055	-38.742569
-270.796410	116.355007	-38.777065
-271.046116	116.225388	-38.812823
-271.304627	116.091199	-38.849840
-271.571943	115.952440	-38.888119
-271.848064	115.809111	-38.927659
-272.132989	115.661211	-38.968459
-272.426719	115.508741	-39.010520
-272.729253	115.351700	-39.053842
-273.040592	115.190089	-39.098424
-273.360736	115.023908	-39.144268
-273.689684	114.853156	-39.191372
-274.027438	114.677834	-39.239737
-274.373995	114.497942	-39.289363
-274.729358	114.313479	-39.340249
-275.093525	114.124446	-39.392397
-275.466497	113.930843	-39.445805
-275.848273	113.732669	-39.500474
-276.238855	113.529925	-39.556404
-276.638240	113.322610	-39.613594
-277.046431	113.110725	-39.672046
-277.463426	112.894270	-39.731758
-277.889226	112.673244	-39.792731
-278.323831	112.447649	-39.854965
-278.520709	112.345452	-39.883157
-278.726392	112.238686	-39.912610
-278.940880	112.127349	-39.943324
-279.164172	112.011441	-39.975299
-279.396269	111.890964	-40.008534
-279.637171	111.765915	-40.043031
-279.886878	111.636297	-40.078788
-280.145389	111.502108	-40.115805
-280.412704	111.363349	-40.154084
-280.688825	111.220020	-40.193624
-280.973750	111.072120	-40.234424
-281.267480	110.919649	-40.276485
-281.570014	110.762609	-40.319807
-281.881353	110.600998	-40.364389
-282.201497	110.434817	-40.410233
-282.530446	110.264065	-40.457337
-282.868199	110.088743	-40.505702
-283.214757	109.908851	-40.555328
-283.570119	109.724388	-40.606214
-283.934286	109.535355	-40.658362
-284.307258	109.341751	-40.711770
-284.689035	109.143578	-40.766439
-285.079616	108.940833	-40.822369
-285.479002	108.733519	-40.879560
-285.887192	108.521634	-40.938011
-286.304187	108.305179	-40.997723
-286.729987	108.084153	-41.058696
-287.164592	107.858557	-41.120930
-287.361470	107.756361	-41.149122
-287.567153	107.649594	-41.178575
-287.781641	107.538257	-41.209289
-288.004934	107.422350	-41.241264
-288.237031	107.301872	-41.274499
-288.477932	107.176824	-41.308996
-288.727639	107.047206	-41.344753
-288.986150	106.913017	-41.381770
-289.253466	106.774258	-41.420049
-289.529586	106.630928	-41.459589
-289.814511	106.483028	-41.500389
-290.108241	106.330558	-41.542450
-290.410776	106.173518	-41.585772
-290.722115	106.011907	-41.630354
-291.042259	105.845725	-41.676198
-291.371207	105.674974	-41.723302
-291.708960	105.499652	-41.771667
-292.055518	105.319759	-41.821293
-292.410881	105.135297	-41.872179
-292.775048	104.946264	-41.924327
-293.148020	104.752660	-41.977735
-293.529796	104.554486	-42.032404
-293.920377	104.351742	-42.088334
-294.319763	104.144428	-42.145525
-294.727954	103.932543	-42.203976
-295.144949	103.716088	-42.263688
-295.570749	103.495062	-42.324661
-296.005353	103.269466	-42.386895
-296.202232	103.167270	-42.415087
-296.407915	103.060503	-42.444540
-296.622402	102.949166	-42.475254
-296.845695	102.833259	-42.507229
-297.077792	102.712781	-42.540464
-297.318694	102.587733	-42.574961
-297.568400	102.458114	-42.610718
-297.826911	102.323926	-42.647735
-298.094227	102.185167	-42.686014
-298.370348	102.041837	-42.725554
-298.655273	101.893937	-42.766354
-298.949003	101.741467	-42.808415
-299.251537	101.584426	-42.851737
-299.562876	101.422815	-42.896319
-299.883020	101.256634	-42.942163
-300.211968	101.085882	-42.989267
-300.549722	100.910560	-43.037632
-300.896279	100.730668	-43.087258
