47.236448	248.568726	-23.706717
47.257133	248.498852	-23.720024
47.285629	248.424120	-23.737252
47.321938	248.344531	-23.758402
47.366059	248.260086	-23.783475
47.417992	248.170786	-23.812470
47.477739	248.076631	-23.845388
47.545298	247.977622	-23.882231
47.620671	247.873760	-23.922998
47.703857	247.765047	-23.967690
47.794857	247.651482	-24.016309
47.893671	247.533067	-24.068853
48.000300	247.409803	-24.125325
48.114742	247.281690	-24.185724
48.236999	247.148729	-24.250052
48.367071	247.010922	-24.318308
48.504959	246.868268	-24.390494
48.650661	246.720769	-24.466609
48.804179	246.568426	-24.546655
48.965513	246.411239	-24.630632
49.134663	246.249209	-24.718541
49.311630	246.082338	-24.810382
49.496413	245.910626	-24.906155
49.689012	245.734073	-25.005862
49.889429	245.552682	-25.109503
50.097663	245.366452	-25.217078
50.313714	245.175384	-25.328589
50.537584	244.979480	-25.444035
50.769271	244.778740	-25.563417
51.008777	244.573165	-25.686736
51.256101	244.362755	-25.813991
51.511244	244.147513	-25.945185
51.774206	243.927438	-26.080317
52.044987	243.702532	-26.219388
52.323588	243.472794	-26.362398
52.610009	243.238228	-26.509348
52.904249	242.998832	-26.660239
53.206311	242.754608	-26.815070
53.516193	242.505557	-26.973844
53.833896	242.251679	-27.136559
54.159420	241.992976	-27.303216
54.492765	241.729449	-27.473817
54.833933	241.461098	-27.648361
55.182922	241.187924	-27.826849
55.539734	240.909928	-28.009282
55.904369	240.627111	-28.195659
56.068435	240.500408	-28.279496
56.240324	240.368885	-28.367279
56.420037	240.232543	-28.459007
56.607573	240.091382	-28.554682
56.802932	239.945402	-28.654303
57.006115	239.794604	-28.757871
57.217122	239.638988	-28.865385
57.435952	239.478554	-28.976847
57.662607	239.313304	-29.092256
57.897085	239.143237	-29.211612
58.139388	238.968354	-29.334916
58.389516	238.788654	-29.462168
58.647468	238.604140	-29.593368
58.913245	238.414810	-29.728517
59.186846	238.220666	-29.867614
59.468273	238.021707	-30.010660
59.757524	237.817935	-30.157654
60.054601	237.609349	-30.308598
60.359503	237.395950	-30.463491
60.672231	237.177738	-30.622334
60.992785	236.954714	-30.785126
61.321164	236.726878	-30.951869
61.657369	236.494230	-31.122561
62.001401	236.256772	-31.297204
62.353258	236.014503	-31.475798
62.712942	235.767423	-31.658342
63.080453	235.515534	-31.844837
63.455791	235.258835	-32.035284
63.626131	235.142579	-32.121705
63.804298	235.021514	-32.212078
63.990292	234.895640	-32.306403
64.184113	234.764957	-32.404679
64.385761	234.629467	-32.506907
64.595236	234.489168	-32.613087
64.812539	234.344061	-32.723219
65.037669	234.194146	-32.837302
65.270627	234.039424	-32.955338
65.511412	233.879894	-33.077326
65.760024	233.715557	-33.203266
66.016464	233.546413	-33.333158
66.280732	233.372462	-33.467003
66.552827	233.193705	-33.604800
66.832751	233.010140	-33.746549
67.120502	232.821770	-33.892251
67.416081	232.628593	-34.041906
67.719488	232.430611	-34.195514
68.030724	232.227823	-34.353075
68.349787	232.020229	-34.514588
68.676679	231.807829	-34.680055
69.011399	231.590625	-34.849474
69.353948	231.368615	-35.022847
69.704325	231.141801	-35.200173
70.062531	230.910182	-35.381453
70.428565	230.673758	-35.566686
70.802428	230.432530	-35.755872
71.184119	230.186498	-35.949012
71.357115	230.075096	-36.036546
71.537939	229.958890	-36.128034
71.726592	229.837881	-36.223476
71.923074	229.712067	-36.322871
72.127385	229.581450	-36.426220
72.339525	229.446030	-36.533523
72.559494	229.305806	-36.644780
72.787292	229.160779	-36.759990
73.022919	229.010948	-36.879155
73.266376	228.856315	-37.002274
73.517661	228.696878	-37.129347
73.776776	228.532638	-37.260373
74.043720	228.363596	-37.395354
74.318493	228.189751	-37.534289
74.601096	228.011102	-37.677179
74.891528	227.827652	-37.824022
75.189790	227.639398	-37.974820
75.495880	227.446343	-38.129572
75.809801	227.248485	-38.288278
76.131550	227.045824	-38.450938
76.461130	226.838361	-38.617553
76.798539	226.626097	-38.788123
77.143777	226.409030	-38.962647
77.496845	226.187161	-39.141125
77.857743	225.960490	-39.323558
78.226471	225.729018	-39.509945
78.603028	225.492743	-39.700287
78.987415	225.251668	-39.894584
79.161573	225.142490	-39.982614
79.343560	225.028510	-40.074599
79.533377	224.909730	-40.170538
79.731025	224.786147	-40.270433
79.936502	224.657764	-40.374282
80.149809	224.524579	-40.482085
80.370945	224.386593	-40.593844
80.599912	224.243805	-40.709557
80.836709	224.096217	-40.829225
81.081336	223.943827	-40.952848
81.333792	223.786636	-41.080425
81.594079	223.624644	-41.211958
81.862196	223.457850	-41.347445
82.138142	223.286256	-41.486887
82.421919	223.109861	-41.630284
82.713526	222.928665	-41.777636
83.012963	222.742668	-41.928942
83.320230	222.551870	-42.084204
83.635327	222.356271	-42.243420
83.958255	222.155872	-42.406592
84.289012	221.950672	-42.573718
84.627600	221.740671	-42.744799
84.974018	221.525869	-42.919835
85.328266	221.306267	-43.098827
85.690344	221.081864	-43.281773
86.060252	220.852661	-43.468674
86.437991	220.618657	-43.659530
86.823560	220.379853	-43.854342
86.998235	220.271688	-43.942597
87.180741	220.158724	-44.034808
87.371077	220.040959	-44.130973
87.569243	219.918393	-44.231094
87.775240	219.791027	-44.335169
87.989067	219.658861	-44.443200
88.210724	219.521895	-44.555186
88.440212	219.380128	-44.671127
88.677530	219.233561	-44.791023
88.922678	219.082194	-44.914874
89.175657	218.926026	-45.042680
89.436466	218.765059	-45.174442
89.705105	218.599291	-45.310158
89.981575	218.428723	-45.449830
90.265876	218.253354	-45.593457
90.558006	218.073186	-45.741039
90.857967	217.888217	-45.892576
91.165759	217.698449	-46.048068
91.481381	217.503880	-46.207516
91.804833	217.304511	-46.370918
92.136116	217.100342	-46.538276
92.475229	216.891373	-46.709589
92.822173	216.677604	-46.884858
93.176947	216.459035	-47.064081
93.539552	216.235666	-47.247260
93.909987	216.007497	-47.434394
94.288253	215.774529	-47.625483
94.674349	215.536760	-47.820527
94.849257	215.429056	-47.908885
95.031996	215.316553	-48.001198
95.222565	215.199250	-48.097467
95.420965	215.077147	-48.197691
95.627195	214.950244	-48.301870
95.841256	214.818541	-48.410004
96.063147	214.682039	-48.522094
96.292869	214.540736	-48.638139
96.530421	214.394634	-48.758139
96.775804	214.243732	-48.882094
97.029017	214.088030	-49.010005
97.290061	213.927528	-49.141871
97.558936	213.762227	-49.277692
97.835641	213.592125	-49.417468
98.120177	213.417224	-49.561200
98.412543	213.237523	-49.708887
98.712740	213.053022	-49.860529
99.020767	212.863722	-50.016127
99.336625	212.669621	-50.175680
99.660314	212.470721	-50.339188
99.991833	212.267022	-50.506651
100.331183	212.058522	-50.678070
100.678363	211.845223	-50.853444
101.033374	211.627124	-51.032774
101.396216	211.404225	-51.216058
101.766888	211.176527	-51.403298
102.145390	210.944029	-51.594493
102.531724	210.706731	-51.789644
102.706737	210.599237	-51.878049
102.889581	210.486944	-51.970410
103.080255	210.369851	-52.066725
103.278760	210.247958	-52.166996
103.485096	210.121265	-52.271223
103.699262	209.989773	-52.379405
103.921259	209.853481	-52.491542
104.151086	209.712390	-52.607634
104.388745	209.566499	-52.727682
104.634233	209.415808	-52.851685
104.887553	209.260318	-52.979643
105.148703	209.100028	-53.111557
105.417684	208.934938	-53.247426
105.694495	208.765049	-53.387250
105.979137	208.590360	-53.531030
106.271610	208.410871	-53.678765
106.571913	208.226583	-53.830455
106.880047	208.037496	-53.986101
107.196012	207.843608	-54.145702
107.519807	207.644921	-54.309259
107.851433	207.441435	-54.476770
108.190889	207.233149	-54.648237
108.538177	207.020063	-54.823660
108.893295	206.802178	-55.003037
109.256243	206.579493	-55.186371
109.627023	206.352009	-55.373659
110.005632	206.119725	-55.564903
110.392073	205.882641	-55.760102
110.567134	205.775243	-55.848529
110.750025	205.663044	-55.940911
110.940747	205.546047	-56.037248
111.139300	205.424249	-56.137541
111.345683	205.297652	-56.241789
111.559897	205.166256	-56.349992
111.781942	205.030060	-56.462151
112.011817	204.889064	-56.578265
112.249523	204.743269	-56.698335
112.495060	204.592675	-56.822360
112.748428	204.437280	-56.950340
113.009626	204.277087	-57.082276
113.278655	204.112093	-57.218166
113.555514	203.942301	-57.358013
113.840204	203.767708	-57.501814
114.132725	203.588316	-57.649571
114.433077	203.404125	-57.801284
114.741259	203.215134	-57.956951
115.057272	203.021343	-58.116575
115.381115	202.822753	-58.280153
115.712790	202.619364	-58.447687
116.052295	202.411175	-58.619176
116.399630	202.198186	-58.794620
116.754797	201.980398	-58.974020
117.117794	201.757811	-59.157376
117.488622	201.530424	-59.344686
117.867280	201.298237	-59.535952
118.253769	201.061251	-59.731174
118.428851	200.953895	-59.819610
118.611764	200.841740	-59.912002
118.802508	200.724786	-60.008349
119.001082	200.603032	-60.108652
119.207487	200.476479	-60.212910
119.421723	200.345126	-60.321123
119.643789	200.208973	-60.433292
119.873687	200.068021	-60.549416
120.111414	199.922270	-60.669496
120.356973	199.771719	-60.793531
120.610362	199.616368	-60.921521
120.871582	199.456218	-61.053467
121.140633	199.291269	-61.189368
121.417514	199.121520	-61.329224
121.702226	198.946972	-61.473036
121.994769	198.767624	-61.620803
122.295142	198.583476	-61.772525
122.603346	198.394529	-61.928203
122.919381	198.200783	-62.087836
123.243247	198.002237	-62.251425
123.574943	197.798891	-62.418968
123.914470	197.590746	-62.590468
124.261827	197.377802	-62.765922
124.617016	197.160058	-62.945332
124.980035	196.937515	-63.128698
125.350885	196.710172	-63.316019
125.729565	196.478029	-63.507295
126.116076	196.241088	-63.702526
126.291168	196.133752	-63.790967
126.474091	196.021617	-63.883364
126.664844	195.904682	-63.979716
126.863428	195.782948	-64.080023
127.069843	195.656414	-64.184285
127.284089	195.525081	-64.292503
127.506165	195.388948	-64.404677
127.736072	195.248016	-64.520805
127.973810	195.102285	-64.640889
128.219378	194.951754	-64.764929
128.472777	194.796423	-64.892924
128.734007	194.636293	-65.024874
129.003068	194.471363	-65.160779
129.279959	194.301634	-65.300640
129.564681	194.127106	-65.444457
129.857233	193.947778	-65.592228
130.157617	193.763650	-65.743955
130.465831	193.574723	-65.899638
130.781876	193.380997	-66.059276
131.105751	193.182471	-66.222869
131.437457	192.979146	-66.390417
131.776994	192.771021	-66.561921
132.124362	192.558097	-66.737381
132.479560	192.340373	-66.916795
132.842589	192.117850	-67.100165
133.213449	191.890527	-67.287491
133.592139	191.658405	-67.478771
133.978661	191.421483	-67.674008
134.153757	191.314156	-67.762451
134.336684	191.202030	-67.854849
134.527442	191.085104	-67.951203
134.726031	190.963379	-68.051512
134.932450	190.836854	-68.155777
135.146700	190.705530	-68.263997
135.368781	190.569407	-68.376173
135.598692	190.428483	-68.492303
135.836434	190.282761	-68.612390
136.082007	190.132239	-68.736431
136.335411	189.976917	-68.864428
136.596645	189.816796	-68.996380
136.865710	189.651876	-69.132288
137.142606	189.482156	-69.272151
137.427332	189.307637	-69.415969
137.719889	189.128318	-69.563743
138.020277	188.944199	-69.715472
138.328496	188.755281	-69.871157
138.644545	188.561564	-70.030797
138.968425	188.363047	-70.194392
139.300136	188.159731	-70.361943
139.639677	187.951615	-70.533449
139.987050	187.738700	-70.708910
140.342252	187.520986	-70.888327
140.705286	187.298472	-71.071699
141.076150	187.071158	-71.259027
141.454845	186.839045	-71.450309
141.841371	186.602132	-71.645548
142.016470	186.494810	-71.733992
142.199399	186.382688	-71.826391
142.390159	186.265766	-71.922746
142.588749	186.144045	-72.023056
142.795171	186.017524	-72.127322
143.009423	185.886204	-72.235543
143.231505	185.750085	-72.347719
143.461419	185.609166	-72.463851
143.699163	185.463447	-72.583938
143.944738	185.312929	-72.707981
144.198144	185.157612	-72.835979
144.459380	184.997495	-72.967932
144.728447	184.832579	-73.103841
145.005345	184.662863	-73.243705
145.290073	184.488348	-73.387524
145.582632	184.309033	-73.535299
145.883022	184.124919	-73.687029
146.191243	183.936005	-73.842714
146.507294	183.742292	-74.002355
146.831176	183.543779	-74.165951
147.162889	183.340467	-74.333503
147.502433	183.132356	-74.505010
147.849807	182.919445	-74.680472
148.205012	182.701734	-74.859890
148.568048	182.479224	-75.043263
148.938914	182.251915	-75.230592
149.317611	182.019806	-75.421876
149.704139	181.782898	-75.617115
149.879238	181.675577	-75.705559
150.062168	181.563456	-75.797959
150.252929	181.446537	-75.894315
150.451521	181.324817	-75.994625
150.657943	181.198299	-76.098891
150.872196	181.066981	-76.207113
151.094280	180.930863	-76.319290
151.324194	180.789946	-76.435422
151.561939	180.644229	-76.555509
151.807515	180.493713	-76.679552
152.060922	180.338398	-76.807551
152.322159	180.178283	-76.939504
152.591227	180.013368	-77.075413
152.868126	179.843654	-77.215278
153.152855	179.669141	-77.359098
153.445415	179.489828	-77.506873
153.745806	179.305716	-77.658603
154.054028	179.116804	-77.814289
154.370080	178.923093	-77.973931
154.693963	178.724582	-78.137527
155.025677	178.521272	-78.305079
155.365221	178.313162	-78.476587
155.712596	178.100253	-78.652050
156.067802	177.882545	-78.831468
156.430839	177.660037	-79.014841
156.801706	177.432729	-79.202170
157.180404	177.200622	-79.393455
157.566933	176.963716	-79.588694
157.742033	176.856396	-79.677139
157.924963	176.744276	-79.769539
158.115724	176.627357	-79.865895
158.314316	176.505639	-79.966206
158.520739	176.379121	-80.070472
158.734992	176.247804	-80.178694
158.957076	176.111687	-80.290871
159.186991	175.970771	-80.407003
159.424737	175.825055	-80.527091
159.670313	175.674540	-80.651134
159.923720	175.519225	-80.779132
160.184958	175.359111	-80.911086
160.454026	175.194197	-81.046995
160.730925	175.024484	-81.186860
161.015655	174.849972	-81.330680
161.308216	174.670660	-81.478456
161.608607	174.486548	-81.630186
161.916829	174.297637	-81.785872
162.232882	174.103927	-81.945514
162.556765	173.905417	-82.109111
162.888479	173.702108	-82.276663
163.228024	173.493999	-82.448171
163.575400	173.281091	-82.623634
163.930606	173.063383	-82.803052
164.293643	172.840876	-82.986426
164.664511	172.613569	-83.173755
165.043209	172.381463	-83.365040
165.429739	172.144558	-83.560280
165.604839	172.037238	-83.648724
165.787769	171.925119	-83.741125
165.978531	171.808200	-83.837480
166.177123	171.686482	-83.937791
166.383546	171.559965	-84.042058
166.597799	171.428648	-84.150279
166.819884	171.292532	-84.262456
167.049799	171.151616	-84.378589
167.287544	171.005900	-84.498677
167.533121	170.855386	-84.622720
167.786528	170.700071	-84.750719
168.047766	170.539958	-84.882672
168.316835	170.375044	-85.018582
168.593734	170.205332	-85.158447
168.878464	170.030820	-85.302267
169.171025	169.851508	-85.450042
169.471416	169.667397	-85.601773
169.779638	169.478486	-85.757459
170.095691	169.284776	-85.917101
170.419575	169.086267	-86.080698
170.751289	168.882958	-86.248250
171.090834	168.674850	-86.419758
171.438210	168.461942	-86.595221
171.793417	168.244235	-86.774640
172.156454	168.021728	-86.958013
172.527322	167.794422	-87.145343
172.906020	167.562316	-87.336627
173.292550	167.325411	-87.531867
173.467650	167.218091	-87.620312
173.650581	167.105972	-87.712712
173.841342	166.989054	-87.809068
174.039934	166.867336	-87.909379
174.246357	166.740819	-88.013646
174.460611	166.609502	-88.121867
174.682695	166.473386	-88.234044
174.912611	166.332470	-88.350177
175.150356	166.186755	-88.470265
175.395933	166.036240	-88.594308
175.649340	165.880926	-88.722307
175.910578	165.720813	-88.854261
176.179647	165.555900	-88.990170
176.456546	165.386187	-89.130035
176.741276	165.211675	-89.273855
177.033837	165.032364	-89.421631
177.334229	164.848253	-89.573361
177.642451	164.659343	-89.729048
177.958504	164.465633	-89.888689
178.282388	164.267124	-90.052286
178.614102	164.063815	-90.219839
178.953647	163.855707	-90.391347
179.301023	163.642799	-90.566810
179.656230	163.425092	-90.746228
180.019267	163.202585	-90.929602
180.390135	162.975279	-91.116932
180.768834	162.743174	-91.308216
181.155363	162.506269	-91.503456
181.330464	162.398949	-91.591901
181.513394	162.286831	-91.684301
181.704156	162.169912	-91.780657
181.902748	162.048195	-91.880968
182.109171	161.921677	-91.985235
182.323425	161.790361	-92.093456
182.545509	161.654245	-92.205633
182.775425	161.513329	-92.321766
183.013170	161.367614	-92.441854
183.258747	161.217099	-92.565897
183.512154	161.061785	-92.693896
183.773392	160.901672	-92.825850
184.042461	160.736759	-92.961759
184.319361	160.567046	-93.101624
184.604091	160.392535	-93.245444
184.896652	160.213223	-93.393220
185.197043	160.029112	-93.544951
185.505266	159.840202	-93.700637
185.821319	159.646493	-93.860279
186.145202	159.447983	-94.023876
186.476917	159.244675	-94.191428
186.816462	159.036567	-94.362936
187.163838	158.823659	-94.538399
187.519045	158.605952	-94.717818
187.882082	158.383445	-94.901192
188.252950	158.156139	-95.088521
188.631649	157.924034	-95.279806
189.018178	157.687129	-95.475046
189.193278	157.579810	-95.563491
189.376209	157.467691	-95.655891
189.566971	157.350773	-95.752247
189.765563	157.229055	-95.852558
189.971986	157.102538	-95.956824
190.186240	156.971221	-96.065046
190.408324	156.835105	-96.177223
190.638240	156.694190	-96.293356
190.875985	156.548474	-96.413443
191.121562	156.397960	-96.537487
191.374969	156.242646	-96.665485
191.636207	156.082533	-96.797440
191.905276	155.917620	-96.933349
192.182176	155.747907	-97.073214
192.466906	155.573396	-97.217034
192.759467	155.394084	-97.364809
193.059858	155.209973	-97.516540
193.368081	155.021063	-97.672227
193.684134	154.827354	-97.831868
194.008018	154.628844	-97.995465
194.339732	154.425536	-98.163018
194.679277	154.217428	-98.334526
195.026653	154.004520	-98.509989
195.381860	153.786813	-98.689407
195.744897	153.564307	-98.872781
196.115765	153.337001	-99.060111
196.494464	153.104895	-99.251395
196.880994	152.867991	-99.446636
197.056094	152.760671	-99.535080
197.239025	152.648552	-99.627481
197.429786	152.531634	-99.723836
197.628379	152.409916	-99.824147
197.834802	152.283399	-99.928414
198.049055	152.152083	-100.036636
198.271140	152.015967	-100.148813
198.501055	151.875051	-100.264945
198.738801	151.729336	-100.385033
198.984377	151.578822	-100.509077
199.237785	151.423508	-100.637075
199.499023	151.263394	-100.769029
199.768092	151.098481	-100.904939
200.044991	150.928769	-101.044804
200.329721	150.754257	-101.188624
200.622282	150.574946	-101.336399
200.922674	150.390835	-101.488130
201.230896	150.201925	-101.643817
201.546949	150.008215	-101.803458
201.870833	149.809706	-101.967055
202.202548	149.606398	-102.134608
202.542093	149.398289	-102.306116
202.889469	149.185382	-102.481579
203.244675	148.967675	-102.660997
203.607713	148.745169	-102.844371
203.978581	148.517863	-103.031701
204.357280	148.285757	-103.222985
204.743809	148.048852	-103.418225
204.918909	147.941533	-103.506670
205.101840	147.829414	-103.599071
205.292602	147.712496	-103.695426
205.491194	147.590778	-103.795737
205.697617	147.464261	-103.900004
205.911871	147.332945	-104.008225
206.133955	147.196829	-104.120403
206.363871	147.055913	-104.236535
206.601616	146.910198	-104.356623
206.847193	146.759683	-104.480666
207.100600	146.604370	-104.608665
207.361838	146.444256	-104.740619
207.630907	146.279343	-104.876529
207.907807	146.109631	-105.016393
208.192537	145.935119	-105.160214
208.485098	145.755808	-105.307989
208.785489	145.571697	-105.459720
209.093712	145.382787	-105.615406
209.409765	145.189077	-105.775048
209.733649	144.990568	-105.938645
210.065363	144.787260	-106.106198
210.404908	144.579152	-106.277705
210.752284	144.366244	-106.453169
211.107491	144.148537	-106.632587
211.470528	143.926031	-106.815961
211.841396	143.698725	-107.003290
212.220095	143.466619	-107.194575
212.606625	143.229714	-107.389815
212.781725	143.122395	-107.478260
212.964656	143.010276	-107.570660
213.155417	142.893358	-107.667016
213.354010	142.771641	-107.767327
213.560433	142.645123	-107.871594
213.774687	142.513807	-107.979815
213.996771	142.377691	-108.091993
214.226686	142.236775	-108.208125
214.464432	142.091060	-108.328213
214.710009	141.940546	-108.452256
214.963416	141.785232	-108.580255
215.224654	141.625118	-108.712209
215.493723	141.460205	-108.848118
215.770622	141.290493	-108.987983
216.055353	141.115981	-109.131803
216.347914	140.936670	-109.279579
216.648305	140.752559	-109.431310
216.956528	140.563649	-109.586996
217.272581	140.369939	-109.746638
217.596464	140.171430	-109.910235
217.928179	139.968122	-110.077788
218.267724	139.760014	-110.249295
218.615100	139.547106	-110.424759
218.970307	139.329399	-110.604177
219.333344	139.106893	-110.787551
219.704212	138.879587	-110.974880
220.082911	138.647481	-111.166165
220.469441	138.410577	-111.361405
220.644541	138.303257	-111.449850
220.827472	138.191139	-111.542250
221.018233	138.074220	-111.638606
221.216826	137.952503	-111.738917
221.423249	137.825986	-111.843184
221.637502	137.694669	-111.951405
221.859587	137.558553	-112.063582
222.089502	137.417637	-112.179715
222.327248	137.271922	-112.299803
222.572824	137.121408	-112.423846
222.826232	136.966094	-112.551845
223.087470	136.805980	-112.683799
223.356539	136.641068	-112.819708
223.633438	136.471355	-112.959573
223.918168	136.296844	-113.103393
224.210729	136.117532	-113.251169
224.511121	135.933422	-113.402900
224.819343	135.744511	-113.558586
225.135396	135.550802	-113.718228
225.459280	135.352293	-113.881825
225.790995	135.148984	-114.049377
226.130540	134.940876	-114.220885
226.477916	134.727968	-114.396348
226.833122	134.510261	-114.575767
227.196160	134.287755	-114.759141
227.567028	134.060449	-114.946470
227.945727	133.828344	-115.137755
228.332256	133.591439	-115.332995
228.507356	133.484120	-115.421440
228.690287	133.372001	-115.513840
228.881049	133.255083	-115.610196
229.079641	133.133365	-115.710507
229.286064	133.006848	-115.814773
229.500318	132.875531	-115.922995
229.722403	132.739415	-116.035172
229.952318	132.598500	-116.151305
230.190064	132.452785	-116.271393
230.435640	132.302270	-116.395436
230.689048	132.146956	-116.523435
230.950286	131.986843	-116.655389
231.219354	131.821930	-116.791298
231.496254	131.652218	-116.931163
231.780984	131.477706	-117.074983
232.073545	131.298394	-117.222759
232.373937	131.114284	-117.374490
232.682159	130.925374	-117.530176
232.998212	130.731664	-117.689818
233.322096	130.533155	-117.853415
233.653810	130.329846	-118.020967
233.993356	130.121738	-118.192475
234.340732	129.908831	-118.367938
234.695938	129.691124	-118.547357
235.058976	129.468617	-118.730731
235.429844	129.241311	-118.918060
235.808543	129.009206	-119.109345
236.195072	128.772301	-119.304585
236.370172	128.664982	-119.393030
236.553103	128.552863	-119.485430
236.743865	128.435945	-119.581786
236.942457	128.314227	-119.682097
237.148880	128.187710	-119.786363
237.363134	128.056393	-119.894585
237.585218	127.920277	-120.006762
237.815133	127.779362	-120.122895
238.052879	127.633647	-120.242983
238.298456	127.483132	-120.367026
238.551863	127.327818	-120.495025
238.813101	127.167705	-120.626979
239.082170	127.002792	-120.762888
239.359070	126.833080	-120.902753
239.643800	126.658568	-121.046573
239.936361	126.479257	-121.194349
240.236752	126.295146	-121.346080
240.544975	126.106236	-121.501766
240.861028	125.912526	-121.661408
241.184912	125.714017	-121.825005
241.516626	125.510708	-121.992557
241.856171	125.302600	-122.164065
242.203547	125.089693	-122.339528
242.558754	124.871986	-122.518947
242.921791	124.649480	-122.702321
243.292659	124.422174	-122.889650
243.671358	124.190068	-123.080935
244.057888	123.953163	-123.276175
244.232988	123.845844	-123.364620
244.415919	123.733725	-123.457020
244.606680	123.616807	-123.553376
244.805273	123.495089	-123.653687
245.011696	123.368572	-123.757953
245.225950	123.237256	-123.866175
245.448034	123.101140	-123.978352
245.677949	122.960224	-124.094485
245.915695	122.814509	-124.214573
246.161272	122.663995	-124.338616
246.414679	122.508681	-124.466615
246.675917	122.348567	-124.598569
246.944986	122.183654	-124.734478
247.221885	122.013942	-124.874343
247.506616	121.839430	-125.018163
247.799177	121.660119	-125.165939
248.099568	121.476008	-125.317670
248.407791	121.287098	-125.473356
248.723844	121.093388	-125.632998
249.047727	120.894879	-125.796595
249.379442	120.691571	-125.964147
249.718987	120.483463	-126.135655
250.066363	120.270555	-126.311118
250.421570	120.052848	-126.490537
250.784607	119.830342	-126.673911
251.155475	119.603036	-126.861240
251.534174	119.370931	-127.052525
251.920704	119.134026	-127.247765
252.095804	119.026706	-127.336210
252.278735	118.914588	-127.428610
252.469496	118.797669	-127.524966
252.668089	118.675952	-127.625277
252.874512	118.549435	-127.729543
253.088765	118.418118	-127.837765
253.310850	118.282002	-127.949942
253.540765	118.141086	-128.066075
253.778511	117.995371	-128.186163
254.024088	117.844857	-128.310206
254.277495	117.689543	-128.438205
254.538733	117.529430	-128.570159
254.807802	117.364517	-128.706068
255.084701	117.194804	-128.845933
255.369431	117.020293	-128.989753
255.661992	116.840981	-129.137529
255.962384	116.656871	-129.289260
256.270606	116.467960	-129.444946
256.586659	116.274251	-129.604588
256.910543	116.075742	-129.768185
257.242258	115.872433	-129.935737
257.581803	115.664325	-130.107245
257.929179	115.451417	-130.282708
258.284386	115.233711	-130.462127
258.647423	115.011204	-130.645501
259.018291	114.783898	-130.832830
259.396990	114.551793	-131.024115
259.783519	114.314888	-131.219355
259.958620	114.207569	-131.307800
260.141550	114.095450	-131.400200
260.332312	113.978532	-131.496556
260.530904	113.856814	-131.596867
260.737327	113.730297	-131.701133
260.951581	113.598980	-131.809355
261.173666	113.462864	-131.921532
261.403581	113.321949	-132.037665
261.641327	113.176234	-132.157753
261.886903	113.025719	-132.281796
262.140311	112.870405	-132.409795
262.401549	112.710292	-132.541749
262.670617	112.545379	-132.677658
262.947517	112.375667	-132.817523
263.232247	112.201155	-132.961343
263.524808	112.021844	-133.109119
263.825200	111.837733	-133.260850
264.133422	111.648823	-133.416536
264.449475	111.455113	-133.576178
264.773359	111.256604	-133.739775
265.105073	111.053295	-133.907327
265.444619	110.845187	-134.078835
265.791995	110.632280	-134.254298
266.147201	110.414573	-134.433717
266.510239	110.192066	-134.617091
266.881107	109.964760	-134.804420
267.259806	109.732655	-134.995705
267.646335	109.495750	-135.190945
267.821435	109.388431	-135.279390
268.004366	109.276312	-135.371790
268.195128	109.159394	-135.468146
268.393720	109.037676	-135.568457
268.600143	108.911159	-135.672723
268.814397	108.779843	-135.780945
269.036481	108.643726	-135.893122
269.266397	108.502811	-136.009255
269.504142	108.357096	-136.129343
269.749719	108.206581	-136.253386
270.003126	108.051267	-136.381385
270.264364	107.891154	-136.513339
270.533433	107.726241	-136.649248
270.810333	107.556529	-136.789113
271.095063	107.382017	-136.932933
271.387624	107.202706	-137.080709
271.688016	107.018595	-137.232440
271.996238	106.829685	-137.388126
272.312291	106.635975	-137.547768
272.636175	106.437466	-137.711365
272.967889	106.234158	-137.878917
273.307434	106.026050	-138.050425
273.654810	105.813142	-138.225888
274.010017	105.595435	-138.405307
274.373054	105.372929	-138.588681
274.743923	105.145623	-138.776010
275.122621	104.913517	-138.967295
275.509151	104.676613	-139.162535
275.684251	104.569293	-139.250980
275.867182	104.457174	-139.343380
276.057944	104.340256	-139.439736
276.256536	104.218539	-139.540047
276.462959	104.092021	-139.644313
276.677213	103.960705	-139.752535
276.899297	103.824589	-139.864712
277.129212	103.683673	-139.980845
277.366958	103.537958	-140.100933
277.612535	103.387444	-140.224976
277.865942	103.232130	-140.352975
278.127180	103.072016	-140.484929
278.396249	102.907104	-140.620838
278.673149	102.737391	-140.760703
278.957879	102.562879	-140.904523
279.250440	102.383568	-141.052299
279.550831	102.199457	-141.204030
279.859054	102.010547	-141.359716
280.175107	101.816838	-141.519358
280.498991	101.618328	-141.682955
280.830705	101.415020	-141.850507
281.170250	101.206912	-142.022015
281.517626	100.994004	-142.197478
281.872833	100.776297	-142.376897
282.235870	100.553791	-142.560271
282.606738	100.326485	-142.747600
282.985437	100.094380	-142.938885
283.371967	99.857475	-143.134125
283.547067	99.750156	-143.222570
283.729998	99.638037	-143.314970
283.920759	99.521119	-143.411326
284.119352	99.399401	-143.511637
284.325775	99.272884	-143.615903
284.540028	99.141567	-143.724125
284.762113	99.005451	-143.836302
284.992028	98.864535	-143.952435
285.229774	98.718820	-144.072522
285.475351	98.568306	-144.196566
285.728758	98.412992	-144.324564
285.989996	98.252879	-144.456519
286.259065	98.087966	-144.592428
286.535964	97.918253	-144.732293
286.820694	97.743742	-144.876113
287.113255	97.564430	-145.023889
287.413647	97.380320	-145.175619
287.721869	97.191409	-145.331306
288.037922	96.997700	-145.490947
288.361806	96.799191	-145.654545
288.693521	96.595882	-145.822097
289.033066	96.387774	-145.993605
289.380442	96.174867	-146.169068
289.735649	95.957160	-146.348487
290.098686	95.734653	-146.531861
290.469554	95.507347	-146.719190
290.848253	95.275242	-146.910475
291.234782	95.038337	-147.105715
291.409883	94.931018	-147.194160
291.592814	94.818899	-147.286560
291.783575	94.701981	-147.382916
291.982167	94.580263	-147.483227
292.188590	94.453746	-147.587493
292.402844	94.322429	-147.695715
292.624929	94.186313	-147.807892
292.854844	94.045398	-147.924025
293.092590	93.899683	-148.044112
293.338166	93.749168	-148.168156
293.591574	93.593854	-148.296154
293.852812	93.433741	-148.428108
294.121881	93.268828	-148.564018
294.398780	93.099116	-148.703883
