-42.513999	201.493864	-31.795944
-42.506110	201.399235	-31.842442
-42.505518	201.300497	-31.894406
-42.512218	201.197652	-31.951842
-42.526207	201.090701	-32.014757
-42.547482	200.979646	-32.083155
-42.576038	200.864488	-32.157045
-42.611872	200.745228	-32.236431
-42.654979	200.621868	-32.321320
-42.705357	200.494410	-32.411718
-42.763001	200.362854	-32.507631
-42.827907	200.227203	-32.609064
-42.900073	200.087457	-32.716025
-42.979493	199.943619	-32.828518
-43.066165	199.795689	-32.946550
-43.160084	199.643669	-33.070127
-43.261248	199.487560	-33.199254
-43.369652	199.327365	-33.333937
-43.485293	199.163084	-33.474183
-43.608166	198.994719	-33.619996
-43.738270	198.822271	-33.771384
-43.875599	198.645742	-33.928350
-44.020151	198.465133	-34.090902
-44.171921	198.280445	-34.259044
-44.330907	198.091681	-34.432782
-44.497105	197.898842	-34.612122
-44.670512	197.701928	-34.797069
-44.851123	197.500942	-34.987629
-45.038937	197.295885	-35.183807
-45.233949	197.086758	-35.385608
-45.436155	196.873564	-35.593037
-45.645554	196.656302	-35.806101
-45.862141	196.434976	-36.024803
-46.085914	196.209586	-36.249149
-46.316869	195.980134	-36.479145
-46.555003	195.746620	-36.714795
-46.800313	195.509048	-36.956105
-47.052796	195.267418	-37.203078
-47.312450	195.021732	-37.455721
-47.579270	194.771991	-37.714037
-47.853254	194.518196	-37.978032
-48.134399	194.260350	-38.247711
-48.422703	193.998454	-38.523077
-48.718162	193.732509	-38.804136
-49.020774	193.462516	-39.090893
-49.157515	193.341545	-39.219996
-49.301406	193.216528	-39.354802
-49.452444	193.087466	-39.495314
-49.610628	192.954361	-39.641534
-49.775958	192.817213	-39.793463
-49.948432	192.676023	-39.951104
-50.128049	192.530790	-40.114458
-50.314808	192.381517	-40.283527
-50.508708	192.228203	-40.458313
-50.709747	192.070849	-40.638818
-50.917924	191.909457	-40.825044
-51.133239	191.744026	-41.016993
-51.355691	191.574557	-41.214666
-51.585278	191.401051	-41.418065
-51.821998	191.223508	-41.627192
-52.065852	191.041930	-41.842049
-52.316838	190.856317	-42.062638
-52.574956	190.666670	-42.288961
-52.840203	190.472989	-42.521018
-53.112579	190.275275	-42.758812
-53.392084	190.073529	-43.002345
-53.678715	189.867751	-43.251618
-53.972473	189.657942	-43.506633
-54.273356	189.444103	-43.767391
-54.581363	189.226234	-44.033895
-54.896494	189.004336	-44.306145
-55.218747	188.778411	-44.584144
-55.548121	188.548457	-44.867893
-55.698072	188.444190	-44.996901
-55.855143	188.335896	-45.131662
-56.019333	188.223577	-45.272176
-56.190644	188.107231	-45.418443
-56.369073	187.986860	-45.570465
-56.554621	187.862463	-45.728242
-56.747288	187.734042	-45.891775
-56.947072	187.601596	-46.061063
-57.153975	187.465125	-46.236109
-57.367994	187.324631	-46.416913
-57.589131	187.180113	-46.603475
-57.817384	187.031571	-46.795796
-58.052753	186.879007	-46.993877
-58.295239	186.722420	-47.197718
-58.544840	186.561810	-47.407320
-58.801556	186.397178	-47.622684
-59.065387	186.228525	-47.843810
-59.336332	186.055850	-48.070699
-59.614392	185.879153	-48.303352
-59.899565	185.698436	-48.541768
-60.191853	185.513699	-48.785949
-60.491253	185.324941	-49.035896
-60.797767	185.132163	-49.291609
-61.111393	184.935366	-49.553088
-61.432131	184.734550	-49.820334
-61.759982	184.529714	-50.093348
-62.094944	184.320860	-50.372131
-62.437018	184.107988	-50.656682
-62.592170	184.011617	-50.785680
-62.754434	183.911229	-50.920447
-62.923809	183.806823	-51.060984
-63.100294	183.698400	-51.207292
-63.283890	183.585959	-51.359370
-63.474597	183.469501	-51.517219
-63.672414	183.349025	-51.680839
-63.877342	183.224533	-51.850230
-64.089379	183.096024	-52.025393
-64.308527	182.963499	-52.206327
-64.534785	182.826957	-52.393033
-64.768153	182.686398	-52.585511
-65.008630	182.541823	-52.783762
-65.256218	182.393232	-52.987786
-65.510914	182.240626	-53.197582
-65.772720	182.084003	-53.413152
-66.041636	181.923365	-53.634495
-66.317661	181.758711	-53.861612
-66.600794	181.590042	-54.094502
-66.891037	181.417358	-54.333167
-67.188389	181.240658	-54.577606
-67.492850	181.059944	-54.827819
-67.804419	180.875215	-55.083808
-68.123097	180.686471	-55.345571
-68.448883	180.493713	-55.613109
-68.781778	180.296941	-55.886423
-69.121781	180.096154	-56.165512
-69.468892	179.891354	-56.450378
-69.626192	179.798625	-56.579444
-69.790600	179.701882	-56.714287
-69.962116	179.601125	-56.854905
-70.140740	179.496355	-57.001301
-70.326472	179.387571	-57.153472
-70.519312	179.274773	-57.311420
-70.719259	179.157963	-57.475145
-70.926315	179.037138	-57.644647
-71.140479	178.912301	-57.819925
-71.361750	178.783450	-58.000980
-71.590129	178.650586	-58.187812
-71.825616	178.513708	-58.380422
-72.068210	178.372818	-58.578808
-72.317912	178.227915	-58.782972
-72.574722	178.078999	-58.992913
-72.838640	177.926070	-59.208632
-73.109665	177.769128	-59.430128
-73.387797	177.608173	-59.657402
-73.673037	177.443206	-59.890454
-73.965385	177.274226	-60.129283
-74.264840	177.101234	-60.373890
-74.571402	176.924229	-60.624276
-74.885071	176.743212	-60.880439
-75.205848	176.558183	-61.142381
-75.533733	176.369141	-61.410100
-75.868724	176.176087	-61.683599
-76.210823	175.979021	-61.962875
-76.560029	175.777943	-62.247930
-76.718241	175.686878	-62.377067
-76.883559	175.591801	-62.511983
-77.055985	175.492713	-62.652677
-77.235518	175.389612	-62.799150
-77.422158	175.282500	-62.951401
-77.615905	175.171376	-63.109432
-77.816760	175.056240	-63.273241
-78.024721	174.937092	-63.442829
-78.239790	174.813933	-63.618196
-78.461965	174.686762	-63.799341
-78.691248	174.555579	-63.986266
-78.927638	174.420385	-64.178970
-79.171135	174.281179	-64.377452
-79.421738	174.137962	-64.581714
-79.679449	173.990733	-64.791755
-79.944267	173.839492	-65.007575
-80.216192	173.684240	-65.229174
-80.495224	173.524977	-65.456552
-80.781363	173.361702	-65.689710
-81.074609	173.194416	-65.928646
-81.374962	173.023118	-66.173362
-81.682422	172.847810	-66.423858
-81.996989	172.668489	-66.680132
-82.318662	172.485158	-66.942186
-82.647443	172.297816	-67.210020
-82.983331	172.106462	-67.483633
-83.326325	171.911097	-67.763025
-83.676427	171.711721	-68.048197
-83.835032	171.621415	-68.177383
-84.000744	171.527097	-68.312349
-84.173563	171.428768	-68.453095
-84.353489	171.326429	-68.599620
-84.540522	171.220078	-68.751924
-84.734662	171.109716	-68.910009
-84.935908	170.995343	-69.073872
-85.144262	170.876960	-69.243516
-85.359722	170.754565	-69.418939
-85.582289	170.628159	-69.600142
-85.811963	170.497743	-69.787125
-86.048744	170.363315	-69.979887
-86.292632	170.224877	-70.178429
-86.543627	170.082428	-70.382751
-86.801728	169.935968	-70.592852
-87.066937	169.785497	-70.808733
-87.339252	169.631015	-71.030394
-87.618674	169.472522	-71.257835
-87.905203	169.310019	-71.491056
-88.198839	169.143504	-71.730056
-88.499581	168.972979	-71.974836
-88.807431	168.798443	-72.225396
-89.122387	168.619897	-72.481736
-89.444450	168.437339	-72.743856
-89.773620	168.250771	-73.011756
-90.109897	168.060193	-73.285435
-90.453281	167.865603	-73.564895
-90.803771	167.667003	-73.850134
-90.962548	167.577041	-73.979350
-91.128432	167.483069	-74.114346
-91.301423	167.385086	-74.255122
-91.481521	167.283093	-74.401677
-91.668725	167.177089	-74.554013
-91.863037	167.067074	-74.712128
-92.064455	166.953049	-74.876024
-92.272980	166.835013	-75.045700
-92.488611	166.712966	-75.221155
-92.711350	166.586909	-75.402391
-92.941195	166.456841	-75.589406
-93.178147	166.322763	-75.782202
-93.422206	166.184674	-75.980777
-93.673372	166.042574	-76.185133
-93.931645	165.896464	-76.395268
-94.197024	165.746344	-76.611184
-94.469510	165.592212	-76.832879
-94.749103	165.434070	-77.060355
-95.035803	165.271918	-77.293610
-95.329610	165.105755	-77.532646
-95.630523	164.935582	-77.777462
-95.938544	164.761398	-78.028057
-96.253671	164.583203	-78.284433
-96.575905	164.400998	-78.546589
-96.905245	164.214783	-78.814525
-97.241693	164.024557	-79.088241
-97.585247	163.830320	-79.367737
-97.935908	163.632073	-79.653013
-98.094761	163.542269	-79.782245
-98.260720	163.448454	-79.917258
-98.433787	163.350629	-80.058050
-98.613960	163.248793	-80.204622
-98.801240	163.142946	-80.356975
-98.995627	163.033090	-80.515108
-99.197121	162.919222	-80.679020
-99.405721	162.801345	-80.848713
-99.621428	162.679456	-81.024186
-99.844242	162.553558	-81.205439
-100.074163	162.423649	-81.392472
-100.311191	162.289729	-81.585285
-100.555325	162.151799	-81.783879
-100.806566	162.009859	-81.988252
-101.064914	161.863908	-82.198406
-101.330369	161.713947	-82.414340
-101.602931	161.559975	-82.636053
-101.882599	161.401993	-82.863547
-102.169375	161.240000	-83.096822
-102.463257	161.073998	-83.335876
-102.764245	160.903984	-83.580710
-103.072341	160.729960	-83.831325
-103.387543	160.551926	-84.087719
-103.709853	160.369882	-84.349894
-104.039269	160.183827	-84.617849
-104.375792	159.993761	-84.891584
-104.719421	159.799686	-85.171100
-105.070158	159.601600	-85.456395
-105.229044	159.511867	-85.585636
-105.395037	159.418123	-85.720656
-105.568137	159.320369	-85.861457
-105.748343	159.218605	-86.008039
-105.935657	159.112831	-86.160400
-106.130077	159.003046	-86.318541
-106.331604	158.889250	-86.482463
-106.540238	158.771445	-86.652165
-106.755979	158.649629	-86.827647
-106.978826	158.523802	-87.008909
-107.208780	158.393965	-87.195951
-107.445841	158.260118	-87.388773
-107.690009	158.122261	-87.587376
-107.941284	157.980393	-87.791759
-108.199665	157.834514	-88.001922
-108.465154	157.684626	-88.217865
-108.737749	157.530727	-88.439588
-109.017451	157.372817	-88.667091
-109.304259	157.210898	-88.900375
-109.598175	157.044968	-89.139439
-109.899197	156.875027	-89.384283
-110.207326	156.701076	-89.634907
-110.522562	156.523115	-89.891311
-110.844905	156.341144	-90.153496
-111.174354	156.155162	-90.421460
-111.510910	155.965170	-90.695205
-111.854573	155.771167	-90.974730
-112.205343	155.573154	-91.260035
-112.364244	155.483454	-91.389280
-112.530252	155.389743	-91.524305
-112.703367	155.292022	-91.665111
-112.883588	155.190290	-91.811696
-113.070917	155.084548	-91.964062
-113.265352	154.974796	-92.122208
-113.466894	154.861034	-92.286134
-113.675542	154.743261	-92.455840
-113.891298	154.621477	-92.631327
-114.114160	154.495684	-92.812593
-114.344129	154.365880	-92.999640
-114.581205	154.232066	-93.192467
-114.825388	154.094241	-93.391074
-115.076678	153.952406	-93.595462
-115.335074	153.806561	-93.805629
-115.600577	153.656705	-94.021577
-115.873187	153.502840	-94.243305
-116.152904	153.344963	-94.470813
-116.439727	153.183077	-94.704102
-116.733658	153.017180	-94.943170
-117.034695	152.847273	-95.188019
-117.342839	152.673355	-95.438648
-117.658089	152.495427	-95.695057
-117.980447	152.313489	-95.957246
-118.309911	152.127540	-96.225215
-118.646482	151.937581	-96.498965
-118.990160	151.743612	-96.778495
-119.340945	151.545633	-97.063805
-119.499853	151.455947	-97.193052
-119.665867	151.362251	-97.328079
-119.838989	151.264545	-97.468887
-120.019217	151.162828	-97.615475
-120.206552	151.057101	-97.767843
-120.400993	150.947364	-97.925991
-120.602542	150.833616	-98.089919
-120.811197	150.715858	-98.259628
-121.026959	150.594090	-98.435116
-121.249828	150.468312	-98.616385
-121.479804	150.338523	-98.803434
-121.716887	150.204723	-98.996264
-121.961076	150.066914	-99.194873
-122.212372	149.925094	-99.399263
-122.470775	149.779264	-99.609433
-122.736285	149.629423	-99.825383
-123.008901	149.475573	-100.047113
-123.288625	149.317711	-100.274623
-123.575455	149.155840	-100.507914
-123.869392	148.989958	-100.746985
-124.170436	148.820066	-100.991836
-124.478586	148.646164	-101.242467
-124.793844	148.468251	-101.498879
-125.116208	148.286328	-101.761070
-125.445679	148.100395	-102.029042
-125.782257	147.910451	-102.302794
-126.125941	147.716497	-102.582326
-126.476733	147.518533	-102.867639
-126.635644	147.428854	-102.996887
-126.801661	147.335164	-103.131915
-126.974785	147.237465	-103.272724
-127.155016	147.135755	-103.419313
-127.342354	147.030035	-103.571682
-127.536799	146.920304	-103.729831
-127.738350	146.806564	-103.893760
-127.947009	146.688812	-104.063470
-128.162774	146.567051	-104.238960
-128.385646	146.441279	-104.420230
-128.615624	146.311497	-104.607280
-128.852710	146.177705	-104.800110
-129.096902	146.039902	-104.998721
-129.348201	145.898089	-105.203112
-129.606607	145.752266	-105.413283
-129.872120	145.602432	-105.629234
-130.144739	145.448588	-105.850965
-130.424466	145.290734	-106.078477
-130.711299	145.128870	-106.311769
-131.005239	144.962995	-106.550841
-131.306286	144.793109	-106.795693
-131.614439	144.619214	-107.046325
-131.929700	144.441308	-107.302738
-132.252067	144.259392	-107.564930
-132.581541	144.073466	-107.832903
-132.918122	143.883529	-108.106656
-133.261809	143.689582	-108.386190
-133.612604	143.491624	-108.671503
-133.771516	143.401949	-108.800752
-133.937534	143.308262	-108.935781
-134.110660	143.210566	-109.076590
-134.290892	143.108859	-109.223180
-134.478232	143.003142	-109.375549
-134.672678	142.893415	-109.533699
-134.874230	142.779677	-109.697629
-135.082890	142.661929	-109.867339
-135.298656	142.540171	-110.042829
-135.521530	142.414402	-110.224100
-135.751510	142.284623	-110.411150
-135.988596	142.150834	-110.603981
-136.232790	142.013035	-110.802592
-136.484091	141.871225	-111.006984
-136.742498	141.725404	-111.217155
-137.008012	141.575574	-111.433107
-137.280633	141.421733	-111.654839
-137.560360	141.263882	-111.882351
-137.847195	141.102021	-112.115643
-138.141136	140.936149	-112.354716
-138.442184	140.766267	-112.599569
-138.750339	140.592375	-112.850202
-139.065601	140.414472	-113.106615
-139.387970	140.232559	-113.368808
-139.717445	140.046636	-113.636781
-140.054027	139.856702	-113.910535
-140.397716	139.662758	-114.190069
-140.748512	139.464804	-114.475383
-140.907424	139.375130	-114.604632
-141.073444	139.281445	-114.739661
-141.246570	139.183750	-114.880471
-141.426803	139.082044	-115.027060
-141.614143	138.976329	-115.179430
-141.808589	138.866603	-115.337580
-142.010143	138.752867	-115.501510
-142.218803	138.635120	-115.671221
-142.434570	138.513363	-115.846711
-142.657444	138.387596	-116.027982
-142.887424	138.257818	-116.215033
-143.124512	138.124031	-116.407864
-143.368706	137.986233	-116.606476
-143.620007	137.844424	-116.810867
-143.878415	137.698605	-117.021039
-144.143930	137.548776	-117.236991
-144.416551	137.394937	-117.458723
-144.696279	137.237087	-117.686235
-144.983114	137.075227	-117.919528
-145.277056	136.909357	-118.158601
-145.578105	136.739476	-118.403454
-145.886260	136.565586	-118.654087
-146.201523	136.387684	-118.910500
-146.523892	136.205773	-119.172694
-146.853368	136.019851	-119.440668
-147.189951	135.829919	-119.714422
-147.533640	135.635976	-119.993956
-147.884436	135.438024	-120.279270
-148.043349	135.348350	-120.408519
-148.209369	135.254666	-120.543549
-148.382495	135.156971	-120.684358
-148.562729	135.055267	-120.830948
-148.750069	134.949552	-120.983318
-148.944516	134.839826	-121.141468
-149.146069	134.726091	-121.305398
-149.354730	134.608345	-121.475109
-149.570497	134.486589	-121.650599
-149.793371	134.360822	-121.831870
-150.023352	134.231045	-122.018921
-150.260440	134.097258	-122.211753
-150.504634	133.959461	-122.410364
-150.755936	133.817653	-122.614756
-151.014344	133.671835	-122.824928
-151.279859	133.522006	-123.040880
-151.552480	133.368168	-123.262612
-151.832209	133.210319	-123.490125
-152.119044	133.048459	-123.723417
-152.412986	132.882590	-123.962490
-152.714035	132.712710	-124.207343
-153.022191	132.538819	-124.457977
-153.337454	132.360919	-124.714390
-153.659823	132.179008	-124.976584
-153.989299	131.993087	-125.244558
-154.325882	131.803155	-125.518312
-154.669572	131.609214	-125.797846
-155.020369	131.411262	-126.083161
-155.179282	131.321588	-126.212410
-155.345302	131.227904	-126.347439
-155.518428	131.130210	-126.488249
-155.698661	131.028506	-126.634838
-155.886002	130.922791	-126.787208
-156.080449	130.813066	-126.945358
-156.282002	130.699331	-127.109289
-156.490663	130.581585	-127.278999
-156.706430	130.459829	-127.454490
-156.929305	130.334063	-127.635761
-157.159286	130.204286	-127.822812
-157.396374	130.070500	-128.015644
-157.640568	129.932702	-128.214255
-157.891870	129.790895	-128.418647
-158.150278	129.645077	-128.628819
-158.415793	129.495249	-128.844771
-158.688415	129.341411	-129.066503
-158.968143	129.183562	-129.294016
-159.254979	129.021703	-129.527309
-159.548921	128.855834	-129.766382
-159.849970	128.685954	-130.011235
-160.158126	128.512064	-130.261868
-160.473389	128.334164	-130.518282
-160.795758	128.152253	-130.780476
-161.125235	127.966332	-131.048449
-161.461818	127.776401	-131.322204
-161.805508	127.582460	-131.601738
-162.156305	127.384508	-131.887053
-162.315218	127.294835	-132.016302
-162.481237	127.201151	-132.151331
-162.654364	127.103457	-132.292141
-162.834597	127.001753	-132.438730
-163.021938	126.896038	-132.591100
-163.216385	126.786313	-132.749251
-163.417939	126.672578	-132.913181
-163.626599	126.554833	-133.082892
-163.842367	126.433077	-133.258382
-164.065241	126.307311	-133.439653
-164.295222	126.177534	-133.626705
-164.532310	126.043747	-133.819536
-164.776505	125.905950	-134.018148
-165.027806	125.764143	-134.222539
-165.286214	125.618325	-134.432711
-165.551730	125.468498	-134.648663
-165.824351	125.314659	-134.870396
-166.104080	125.156811	-135.097908
-166.390916	124.994952	-135.331201
-166.684858	124.829083	-135.570274
-166.985907	124.659203	-135.815127
-167.294063	124.485313	-136.065761
-167.609326	124.307413	-136.322174
-167.931696	124.125503	-136.584368
-168.261172	123.939582	-136.852342
-168.597755	123.749651	-137.126096
-168.941445	123.555710	-137.405631
-169.292242	123.357758	-137.690945
-169.451155	123.268085	-137.820194
-169.617175	123.174401	-137.955224
-169.790301	123.076707	-138.096033
-169.970535	122.975003	-138.242623
-170.157875	122.869289	-138.394993
-170.352322	122.759564	-138.553143
-170.553876	122.645829	-138.717074
-170.762537	122.528083	-138.886784
-170.978304	122.406327	-139.062275
-171.201179	122.280561	-139.243546
-171.431160	122.150785	-139.430597
-171.668248	122.016998	-139.623429
-171.912442	121.879201	-139.822040
-172.163744	121.737394	-140.026432
-172.422152	121.591577	-140.236604
-172.687667	121.441749	-140.452556
-172.960289	121.287910	-140.674289
-173.240018	121.130062	-140.901801
-173.526854	120.968203	-141.135094
-173.820796	120.802334	-141.374167
-174.121845	120.632455	-141.619020
-174.430001	120.458565	-141.869654
-174.745264	120.280665	-142.126067
-175.067633	120.098754	-142.388261
-175.397110	119.912834	-142.656235
-175.733693	119.722903	-142.929989
-176.077383	119.528961	-143.209524
-176.428180	119.331010	-143.494838
-176.587093	119.241337	-143.624088
-176.753113	119.147653	-143.759117
-176.926239	119.049959	-143.899927
-177.106473	118.948255	-144.046516
-177.293813	118.842541	-144.198886
-177.488260	118.732816	-144.357037
-177.689814	118.619081	-144.520967
-177.898475	118.501335	-144.690678
-178.114242	118.379580	-144.866168
-178.337117	118.253814	-145.047439
-178.567098	118.124037	-145.234491
-178.804186	117.990251	-145.427322
-179.048380	117.852454	-145.625934
-179.299682	117.710646	-145.830325
-179.558090	117.564829	-146.040497
-179.823605	117.415001	-146.256450
-180.096227	117.261163	-146.478182
-180.375956	117.103314	-146.705695
-180.662792	116.941456	-146.938987
-180.956734	116.775586	-147.178060
-181.257783	116.605707	-147.422914
-181.565939	116.431817	-147.673547
-181.881202	116.253917	-147.929961
-182.203572	116.072007	-148.192154
-182.533048	115.886086	-148.460128
-182.869631	115.696155	-148.733883
-183.213321	115.502214	-149.013417
-183.564118	115.304263	-149.298732
-183.723031	115.214589	-149.427981
-183.889051	115.120906	-149.563010
-184.062178	115.023212	-149.703820
-184.242411	114.921508	-149.850410
-184.429752	114.815793	-150.002780
-184.624199	114.706069	-150.160930
-184.825753	114.592334	-150.324860
-185.034413	114.474588	-150.494571
-185.250181	114.352832	-150.670062
-185.473055	114.227066	-150.851333
-185.703036	114.097290	-151.038384
-185.940124	113.963504	-151.231215
-186.184319	113.825707	-151.429827
-186.435620	113.683899	-151.634219
-186.694029	113.538082	-151.844391
-186.959544	113.388254	-152.060343
-187.232166	113.234416	-152.282075
-187.511895	113.076567	-152.509588
-187.798730	112.914709	-152.742881
-188.092673	112.748839	-152.981954
-188.393722	112.578960	-153.226807
-188.701878	112.405070	-153.477440
-189.017141	112.227170	-153.733854
-189.339510	112.045260	-153.996048
-189.668987	111.859339	-154.264022
-190.005570	111.669408	-154.537776
-190.349260	111.475467	-154.817310
-190.700057	111.277516	-155.102625
-190.858970	111.187842	-155.231874
-191.024990	111.094159	-155.366904
-191.198116	110.996465	-155.507713
-191.378350	110.894761	-155.654303
-191.565690	110.789046	-155.806673
-191.760137	110.679322	-155.964823
-191.961691	110.565587	-156.128754
-192.170352	110.447841	-156.298464
-192.386119	110.326086	-156.473955
-192.608994	110.200320	-156.655226
-192.838975	110.070543	-156.842277
-193.076063	109.936757	-157.035109
-193.320257	109.798960	-157.233720
-193.571559	109.657153	-157.438112
-193.829967	109.511335	-157.648284
-194.095482	109.361507	-157.864236
-194.368104	109.207669	-158.085969
-194.647833	109.049821	-158.313481
-194.934669	108.887962	-158.546774
-195.228611	108.722093	-158.785847
-195.529660	108.552213	-159.030700
-195.837816	108.378324	-159.281334
-196.153079	108.200424	-159.537747
-196.475449	108.018513	-159.799941
-196.804925	107.832593	-160.067915
-197.141508	107.642662	-160.341669
-197.485198	107.448720	-160.621204
-197.835995	107.250769	-160.906518
-197.994908	107.161096	-161.035768
-198.160928	107.067412	-161.170797
-198.334055	106.969718	-161.311607
-198.514288	106.868014	-161.458197
-198.701629	106.762300	-161.610567
-198.896076	106.652575	-161.768717
-199.097630	106.538840	-161.932647
-199.306290	106.421095	-162.102358
-199.522058	106.299339	-162.277849
-199.744932	106.173573	-162.459120
-199.974913	106.043797	-162.646171
-200.212001	105.910010	-162.839002
-200.456196	105.772213	-163.037614
-200.707497	105.630406	-163.242006
-200.965906	105.484588	-163.452178
-201.231421	105.334760	-163.668130
-201.504043	105.180922	-163.889862
-201.783772	105.023074	-164.117375
-202.070607	104.861215	-164.350668
-202.364550	104.695346	-164.589741
-202.665599	104.525467	-164.834594
-202.973755	104.351577	-165.085227
-203.289018	104.173677	-165.341641
-203.611387	103.991767	-165.603835
-203.940864	103.805846	-165.871809
-204.277447	103.615915	-166.145563
-204.621137	103.421974	-166.425097
-204.971934	103.224022	-166.710412
-205.130847	103.134349	-166.839661
-205.296867	103.040666	-166.974691
-205.469993	102.942972	-167.115500
-205.650227	102.841268	-167.262090
-205.837567	102.735553	-167.414460
-206.032014	102.625828	-167.572610
-206.233568	102.512093	-167.736541
-206.442229	102.394348	-167.906251
-206.657996	102.272592	-168.081742
-206.880871	102.146826	-168.263013
-207.110852	102.017050	-168.450064
-207.347940	101.883263	-168.642896
-207.592134	101.745466	-168.841507
-207.843436	101.603659	-169.045899
-208.101844	101.457842	-169.256071
-208.367360	101.308014	-169.472023
-208.639982	101.154176	-169.693756
-208.919710	100.996327	-169.921268
-209.206546	100.834468	-170.154561
-209.500488	100.668599	-170.393634
-209.801537	100.498720	-170.638487
-210.109693	100.324830	-170.889121
-210.424956	100.146930	-171.145534
-210.747326	99.965020	-171.407728
-211.076802	99.779099	-171.675702
-211.413386	99.589168	-171.949456
-211.757076	99.395227	-172.228991
-212.107872	99.197276	-172.514305
-212.266786	99.107602	-172.643555
-212.432805	99.013919	-172.778584
-212.605932	98.916225	-172.919394
-212.786165	98.814521	-173.065983
-212.973506	98.708806	-173.218353
-213.167953	98.599082	-173.376504
-213.369507	98.485347	-173.540434
-213.578167	98.367601	-173.710145
-213.793935	98.245846	-173.885635
-214.016809	98.120080	-174.066906
-214.246790	97.990303	-174.253958
-214.483878	97.856517	-174.446789
-214.728073	97.718720	-174.645401
-214.979375	97.576913	-174.849792
-215.237783	97.431095	-175.059964
-215.503298	97.281267	-175.275917
-215.775920	97.127429	-175.497649
-216.055649	96.969581	-175.725162
-216.342484	96.807722	-175.958455
-216.636427	96.641853	-176.197528
-216.937476	96.471973	-176.442381
-217.245632	96.298084	-176.693014
-217.560895	96.120184	-176.949428
-217.883264	95.938273	-177.211622
-218.212741	95.752353	-177.479596
-218.549324	95.562422	-177.753350
-218.893014	95.368481	-178.032884
-219.243811	95.170529	-178.318199
-219.402724	95.080856	-178.447448
-219.568744	94.987172	-178.582477
-219.741871	94.889478	-178.723287
-219.922104	94.787774	-178.869877
-220.109444	94.682060	-179.022247
-220.303891	94.572335	-179.180397
-220.505445	94.458600	-179.344327
-220.714106	94.340855	-179.514038
-220.929874	94.219099	-179.689529
-221.152748	94.093333	-179.870800
-221.382729	93.963557	-180.057851
-221.619817	93.829770	-180.250682
-221.864012	93.691973	-180.449294
-222.115313	93.550166	-180.653686
-222.373722	93.404348	-180.863858
-222.639237	93.254521	-181.079810
-222.911859	93.100682	-181.301543
-223.191587	92.942834	-181.529055
-223.478423	92.780975	-181.762348
-223.772365	92.615106	-182.001421
-224.073415	92.445227	-182.246274
-224.381571	92.271337	-182.496908
-224.696833	92.093437	-182.753321
-225.019203	91.911527	-183.015515
-225.348680	91.725606	-183.283489
-225.685263	91.535675	-183.557243
-226.028953	91.341734	-183.836778
-226.379750	91.143782	-184.122092
-226.538663	91.054109	-184.251341
-226.704683	90.960426	-184.386371
-226.877809	90.862732	-184.527180
-227.058043	90.761028	-184.673770
-227.245383	90.655313	-184.826140
-227.439830	90.545588	-184.984290
-227.641384	90.431853	-185.148221
-227.850045	90.314108	-185.317931
-228.065812	90.192352	-185.493422
-228.288686	90.066586	-185.674693
-228.518668	89.936810	-185.861745
-228.755756	89.803023	-186.054576
-228.999950	89.665227	-186.253188
-229.251252	89.523419	-186.457579
-229.509660	89.377602	-186.667751
-229.775175	89.227774	-186.883704
-230.047797	89.073936	-187.105436
-230.327526	88.916087	-187.332949
-230.614362	88.754229	-187.566241
-230.908304	88.588359	-187.805314
-231.209353	88.418480	-188.050168
-231.517509	88.244590	-188.300801
-231.832772	88.066690	-188.557215
-232.155142	87.884780	-188.819408
-232.484618	87.698860	-189.087382
-232.821201	87.508929	-189.361137
-233.164891	87.314987	-189.640671
-233.515688	87.117036	-189.925986
-233.674601	87.027363	-190.055235
-233.840621	86.933679	-190.190264
-234.013748	86.835985	-190.331074
-234.193981	86.734281	-190.477664
-234.381322	86.628567	-190.630034
-234.575769	86.518842	-190.788184
-234.777323	86.405107	-190.952114
-234.985983	86.287361	-191.121825
-235.201751	86.165606	-191.297316
-235.424625	86.039840	-191.478587
-235.654606	85.910063	-191.665638
-235.891694	85.776277	-191.858469
-236.135889	85.638480	-192.057081
-236.387190	85.496673	-192.261473
-236.645599	85.350855	-192.471645
-236.911114	85.201027	-192.687597
-237.183736	85.047189	-192.909329
-237.463465	84.889341	-193.136842
-237.750300	84.727482	-193.370135
-238.044243	84.561613	-193.609208
-238.345292	84.391734	-193.854061
-238.653448	84.217844	-194.104694
-238.968711	84.039944	-194.361108
-239.291080	83.858034	-194.623302
-239.620557	83.672113	-194.891276
-239.957140	83.482182	-195.165030
-240.300830	83.288241	-195.444565
-240.651627	83.090289	-195.729879
-240.810540	83.000616	-195.859128
-240.976560	82.906932	-195.994158
-241.149686	82.809239	-196.134967
-241.329920	82.707534	-196.281557
-241.517260	82.601820	-196.433927
-241.711707	82.492095	-196.592077
-241.913261	82.378360	-196.756008
-242.121922	82.260615	-196.925718
-242.337689	82.138859	-197.101209
-242.560564	82.013093	-197.282480
-242.790545	81.883317	-197.469531
-243.027633	81.749530	-197.662363
-243.271827	81.611733	-197.860974
-243.523129	81.469926	-198.065366
-243.781537	81.324109	-198.275538
-244.047053	81.174281	-198.491490
-244.319674	81.020443	-198.713223
-244.599403	80.862594	-198.940735
-244.886239	80.700735	-199.174028
-245.180181	80.534866	-199.413101
-245.481230	80.364987	-199.657954
-245.789386	80.191097	-199.908588
-246.104649	80.013197	-200.165002
-246.427019	79.831287	-200.427195
-246.756495	79.645366	-200.695169
-247.093079	79.455435	-200.968924
-247.436769	79.261494	-201.248458
-247.787565	79.063543	-201.533773
-247.946478	78.973869	-201.663022
-248.112498	78.880186	-201.798051
-248.285625	78.782492	-201.938861
-248.465858	78.680788	-202.085451
-248.653199	78.575073	-202.237821
-248.847646	78.465349	-202.395971
-249.049200	78.351614	-202.559901
-249.257860	78.233868	-202.729612
-249.473628	78.112113	-202.905103
-249.696502	77.986347	-203.086374
-249.926483	77.856570	-203.273425
-250.163571	77.722784	-203.466256
-250.407766	77.584987	-203.664868
-250.659068	77.443180	-203.869260
-250.917476	77.297362	-204.079432
-251.182991	77.147534	-204.295384
-251.455613	76.993696	-204.517116
-251.735342	76.835848	-204.744629
-252.022177	76.673989	-204.977922
-252.316120	76.508120	-205.216995
-252.617169	76.338240	-205.461848
-252.925325	76.164351	-205.712481
-253.240588	75.986451	-205.968895
-253.562957	75.804540	-206.231089
-253.892434	75.618620	-206.499063
-254.229017	75.428689	-206.772817
-254.572707	75.234748	-207.052351
-254.923504	75.036796	-207.337666
-255.082417	74.947123	-207.466915
-255.248437	74.853439	-207.601945
-255.421564	74.755745	-207.742754
-255.601797	74.654041	-207.889344
-255.789137	74.548327	-208.041714
-255.983584	74.438602	-208.199864
-256.185138	74.324867	-208.363795
-256.393799	74.207122	-208.533505
-256.609567	74.085366	-208.708996
-256.832441	73.959600	-208.890267
-257.062422	73.829824	-209.077318
-257.299510	73.696037	-209.270150
-257.543705	73.558240	-209.468761
-257.795006	73.416433	-209.673153
-258.053415	73.270615	-209.883325
-258.318930	73.120788	-210.099277
-258.591552	72.966949	-210.321010
-258.871280	72.809101	-210.548522
-259.158116	72.647242	-210.781815
-259.452058	72.481373	-211.020888
-259.753108	72.311494	-211.265741
-260.061264	72.137604	-211.516375
-260.376526	71.959704	-211.772788
-260.698896	71.777794	-212.034982
-261.028372	71.591873	-212.302956
-261.364956	71.401942	-212.576710
-261.708646	71.208001	-212.856245
-262.059443	71.010049	-213.141559
-262.218356	70.920376	-213.270809
-262.384376	70.826693	-213.405838
-262.557502	70.728999	-213.546648
-262.737736	70.627295	-213.693237
-262.925076	70.521580	-213.845607
-263.119523	70.411855	-214.003758
-263.321077	70.298120	-214.167688
-263.529738	70.180375	-214.337399
-263.745505	70.058619	-214.512890
-263.968379	69.932853	-214.694161
-264.198361	69.803077	-214.881212
-264.435449	69.669290	-215.074043
-264.679643	69.531494	-215.272655
-264.930945	69.389686	-215.477047
-265.189353	69.243869	-215.687219
