-32.654780	232.980704	-13.785115
-32.658472	232.888997	-13.769598
-32.670400	232.792808	-13.757554
-32.690569	232.692139	-13.748979
-32.718979	232.586992	-13.743871
-32.755632	232.477367	-13.742225
-32.800533	232.363267	-13.744040
-32.853681	232.244692	-13.749310
-32.915080	232.121645	-13.758033
-32.984731	231.994125	-13.770206
-33.062638	231.862136	-13.785825
-33.148801	231.725678	-13.804887
-33.243224	231.584753	-13.827388
-33.345907	231.439362	-13.853325
-33.456855	231.289507	-13.882696
-33.576067	231.135189	-13.915496
-33.703548	230.976409	-13.951723
-33.839298	230.813170	-13.991373
-33.983320	230.645472	-14.034443
-34.135617	230.473316	-14.080930
-34.296189	230.296706	-14.130831
-34.465039	230.115640	-14.184143
-34.642169	229.930123	-14.240863
-34.827582	229.740153	-14.300987
-35.021278	229.545734	-14.364513
-35.223261	229.346867	-14.431437
-35.433532	229.143552	-14.501758
-35.652093	228.935792	-14.575471
-35.878946	228.723588	-14.652574
-36.114093	228.506941	-14.733064
-36.357536	228.285853	-14.816939
-36.609277	228.060326	-14.904195
-36.869318	227.830360	-14.994831
-37.137660	227.595957	-15.088842
-37.414305	227.357119	-15.186227
-37.699256	227.113848	-15.286984
-37.992514	226.866144	-15.391108
-38.294080	226.614009	-15.498599
-38.603958	226.357445	-15.609453
-38.922148	226.096452	-15.723669
-39.248652	225.831034	-15.841243
-39.583471	225.561190	-15.962174
-39.926609	225.286923	-16.086458
-40.278066	225.008234	-16.214095
-40.637844	224.725125	-16.345081
-41.005944	224.437596	-16.479415
-41.382369	224.145650	-16.617094
-41.552489	224.014612	-16.679448
-41.730936	223.879158	-16.745144
-41.917710	223.739290	-16.814182
-42.112813	223.595007	-16.886560
-42.316244	223.446311	-16.962279
-42.528005	223.293203	-17.041336
-42.748096	223.135683	-17.123731
-42.976517	222.973751	-17.209463
-43.213271	222.807409	-17.298531
-43.458356	222.636656	-17.390935
-43.711775	222.461495	-17.486674
-43.973527	222.281924	-17.585746
-44.243614	222.097946	-17.688151
-44.522035	221.909561	-17.793889
-44.808793	221.716769	-17.902958
-45.103886	221.519571	-18.015358
-45.407317	221.317967	-18.131088
-45.719085	221.111959	-18.250147
-46.039191	220.901548	-18.372534
-46.367637	220.686733	-18.498249
-46.704422	220.467515	-18.627291
-47.049547	220.243896	-18.759660
-47.403013	220.015875	-18.895354
-47.764820	219.783454	-19.034374
-48.134970	219.546634	-19.176717
-48.513462	219.305414	-19.322385
-48.900297	219.059795	-19.471375
-49.295477	218.809779	-19.623688
-49.475299	218.696405	-19.693043
-49.663467	218.578634	-19.765720
-49.859979	218.456467	-19.841718
-50.064837	218.329903	-19.921038
-50.278040	218.198944	-20.003678
-50.499589	218.063589	-20.089639
-50.729485	217.923840	-20.178919
-50.967727	217.779695	-20.271520
-51.214315	217.631155	-20.367441
-51.469251	217.478222	-20.466681
-51.732533	217.320894	-20.569240
-52.004163	217.159173	-20.675119
-52.284141	216.993059	-20.784316
-52.572467	216.822551	-20.896831
-52.869141	216.647651	-21.012665
-53.174164	216.468358	-21.131817
-53.487535	216.284674	-21.254287
-53.809255	216.096597	-21.380075
-54.139325	215.904129	-21.509180
-54.477744	215.707270	-21.641602
-54.824513	215.506021	-21.777341
-55.179631	215.300380	-21.916397
-55.543100	215.090350	-22.058770
-55.914920	214.875930	-22.204459
-56.295090	214.657120	-22.353464
-56.683612	214.433921	-22.505785
-57.080484	214.206333	-22.661422
-57.485708	213.974357	-22.820374
-57.669476	213.869330	-22.892476
-57.861596	213.759916	-22.967894
-58.062068	213.646113	-23.046626
-58.270892	213.527923	-23.128674
-58.488069	213.405345	-23.214037
-58.713597	213.278380	-23.302715
-58.947478	213.147027	-23.394708
-59.189711	213.011287	-23.490016
-59.440297	212.871160	-23.588639
-59.699235	212.726646	-23.690576
-59.966527	212.577745	-23.795828
-60.242171	212.424457	-23.904395
-60.526168	212.266783	-24.016276
-60.818518	212.104723	-24.131471
-61.119222	211.938276	-24.249981
-61.428278	211.767443	-24.371806
-61.745689	211.592224	-24.496944
-62.071452	211.412620	-24.625397
-62.405569	211.228629	-24.757163
-62.748040	211.040253	-24.892244
-63.098865	210.847492	-25.030639
-63.458044	210.650346	-25.172347
-63.825577	210.448815	-25.317370
-64.201463	210.242898	-25.465706
-64.585704	210.032597	-25.617356
-64.978300	209.817911	-25.772320
-65.379250	209.598841	-25.930597
-65.788554	209.375387	-26.092188
-65.974027	209.274208	-26.165418
-66.167855	209.168646	-26.241962
-66.370037	209.058700	-26.321819
-66.580575	208.944369	-26.404990
-66.799467	208.825655	-26.491474
-67.026714	208.702557	-26.581272
-67.262315	208.575075	-26.674382
-67.506272	208.443210	-26.770807
-67.758584	208.306960	-26.870544
-68.019251	208.166328	-26.973595
-68.288272	208.021311	-27.079959
-68.565649	207.871911	-27.189636
-68.851381	207.718128	-27.302627
-69.145468	207.559962	-27.418931
-69.447911	207.397412	-27.538548
-69.758709	207.230479	-27.661478
-70.077862	207.059163	-27.787721
-70.405370	206.883464	-27.917277
-70.741234	206.703382	-28.050147
-71.085453	206.518917	-28.186329
-71.438028	206.330069	-28.325825
-71.798958	206.136838	-28.468634
-72.168244	205.939225	-28.614755
-72.545886	205.737229	-28.764190
-72.931883	205.530851	-28.916938
-73.326236	205.320090	-29.072998
-73.728944	205.104946	-29.232372
-74.140009	204.885420	-29.395059
-74.326242	204.786000	-29.468766
-74.520830	204.682197	-29.545787
-74.723775	204.574012	-29.626121
-74.935075	204.461444	-29.709767
-75.154732	204.344495	-29.796727
-75.382744	204.223163	-29.886999
-75.619112	204.097449	-29.980585
-75.863837	203.967353	-30.077483
-76.116917	203.832875	-30.177694
-76.378353	203.694015	-30.281217
-76.648145	203.550773	-30.388054
-76.926294	203.403149	-30.498204
-77.212798	203.251144	-30.611666
-77.507659	203.094756	-30.728441
-77.810875	202.933986	-30.848529
-78.122448	202.768835	-30.971930
-78.442377	202.599302	-31.098644
-78.770662	202.425387	-31.228671
-79.107303	202.247090	-31.362010
-79.452300	202.064411	-31.498662
-79.805654	201.877351	-31.638627
-80.167364	201.685910	-31.781905
-80.537430	201.490086	-31.928495
-80.915852	201.289881	-32.078399
-81.302630	201.085295	-32.231615
-81.697765	200.876327	-32.388144
-82.101257	200.662977	-32.547985
-82.513104	200.445246	-32.711140
-82.699680	200.346625	-32.785053
-82.894613	200.243623	-32.862280
-83.097902	200.136239	-32.942819
-83.309547	200.024474	-33.026671
-83.529549	199.908328	-33.113836
-83.757907	199.787800	-33.204313
-83.994622	199.662891	-33.298103
-84.239693	199.533600	-33.395206
-84.493120	199.399929	-33.495622
-84.754904	199.261876	-33.599350
-85.025044	199.119441	-33.706392
-85.303541	198.972626	-33.816745
-85.590394	198.821429	-33.930412
-85.885604	198.665851	-34.047392
-86.189170	198.505891	-34.167684
-86.501093	198.341551	-34.291288
-86.821372	198.172829	-34.418206
-87.150007	197.999726	-34.548436
-87.486999	197.822242	-34.681979
-87.832348	197.640377	-34.818835
-88.186053	197.454131	-34.959004
-88.548115	197.263503	-35.102485
-88.918533	197.068495	-35.249279
-89.297308	196.869105	-35.399385
-89.684439	196.665334	-35.552805
-90.079927	196.457182	-35.709537
-90.483772	196.244650	-35.869582
-90.895973	196.027736	-36.032939
-91.082705	195.929478	-36.106943
-91.277794	195.826840	-36.184259
-91.481239	195.719820	-36.264888
-91.693042	195.608420	-36.348829
-91.913200	195.492639	-36.436084
-92.141716	195.372476	-36.526651
-92.378588	195.247933	-36.620531
-92.623816	195.119008	-36.717723
-92.877401	194.985703	-36.818228
-93.139343	194.848017	-36.922046
-93.409642	194.705950	-37.029177
-93.688297	194.559501	-37.139620
-93.975308	194.408672	-37.253376
-94.270677	194.253462	-37.370445
-94.574402	194.093871	-37.490826
-94.886483	193.929900	-37.614520
-95.206922	193.761547	-37.741527
-95.535717	193.588813	-37.871847
-95.872868	193.411698	-38.005479
-96.218377	193.230203	-38.142424
-96.572241	193.044327	-38.282682
-96.934463	192.854069	-38.426252
-97.305041	192.659431	-38.573135
-97.683976	192.460412	-38.723331
-98.071268	192.257013	-38.876840
-98.466916	192.049232	-39.033661
-98.870921	191.837070	-39.193795
-99.283283	191.620528	-39.357241
-99.470086	191.522436	-39.431284
-99.665246	191.419963	-39.508640
-99.868763	191.313109	-39.589308
-100.080637	191.201874	-39.673290
-100.300867	191.086258	-39.760583
-100.529454	190.966262	-39.851190
-100.766398	190.841885	-39.945109
-101.011698	190.713127	-40.042341
-101.265355	190.579988	-40.142886
-101.527369	190.442468	-40.246743
-101.797740	190.300568	-40.353913
-102.076467	190.154287	-40.464396
-102.363551	190.003625	-40.578191
-102.658992	189.848582	-40.695299
-102.962789	189.689159	-40.815720
-103.274943	189.525354	-40.939454
-103.595454	189.357169	-41.066500
-103.924321	189.184603	-41.196859
-104.261546	189.007657	-41.330530
-104.607127	188.826329	-41.467515
-104.961064	188.640621	-41.607812
-105.323359	188.450532	-41.751422
-105.694010	188.256062	-41.898344
-106.073018	188.057212	-42.048579
-106.460382	187.853981	-42.202127
-106.856104	187.646369	-42.358988
-107.260182	187.434376	-42.519161
-107.672617	187.218002	-42.682647
-107.859453	187.119985	-42.756708
-108.054645	187.017587	-42.834081
-108.258195	186.910809	-42.914767
-108.470101	186.799649	-42.998765
-108.690364	186.684109	-43.086076
-108.918983	186.564188	-43.176700
-109.155960	186.439886	-43.270637
-109.401293	186.311204	-43.367886
-109.654983	186.178141	-43.468448
-109.917030	186.040697	-43.572323
-110.187433	185.898873	-43.679511
-110.466193	185.752667	-43.790011
-110.753310	185.602081	-43.903824
-111.048784	185.447114	-44.020949
-111.352614	185.287767	-44.141388
-111.664801	185.124039	-44.265139
-111.985345	184.955930	-44.392202
-112.314246	184.783440	-44.522579
-112.651503	184.606570	-44.656268
-112.997117	184.425319	-44.793270
-113.351088	184.239687	-44.933584
-113.713416	184.049675	-45.077212
-114.084100	183.855282	-45.224152
-114.463141	183.656508	-45.374404
-114.850539	183.453353	-45.527970
-115.246294	183.245818	-45.684848
-115.650405	183.033902	-45.845039
-116.062874	182.817605	-46.008542
-116.249724	182.719622	-46.082610
-116.444932	182.617258	-46.159991
-116.648496	182.510514	-46.240685
-116.860417	182.399389	-46.324691
-117.080695	182.283883	-46.412010
-117.309330	182.163996	-46.502642
-117.546321	182.039729	-46.596586
-117.791669	181.911081	-46.693843
-118.045374	181.778052	-46.794413
-118.307436	181.640643	-46.898296
-118.577854	181.498853	-47.005491
-118.856629	181.352682	-47.115999
-119.143761	181.202130	-47.229820
-119.439250	181.047198	-47.346953
-119.743095	180.887885	-47.467399
-120.055297	180.724192	-47.591158
-120.375856	180.556118	-47.718229
-120.704772	180.383663	-47.848614
-121.042045	180.206827	-47.982310
-121.387674	180.025611	-48.119320
-121.741660	179.840014	-48.259642
-122.104003	179.650036	-48.403277
-122.474702	179.455678	-48.550225
-122.853759	179.256939	-48.700486
-123.241172	179.053819	-48.854059
-123.636942	178.846319	-49.010945
-124.041068	178.634438	-49.171143
-124.453552	178.418176	-49.334655
-124.640409	178.320208	-49.408726
-124.835624	178.217860	-49.486111
-125.039195	178.111131	-49.566808
-125.251123	178.000021	-49.650817
-125.471407	177.884531	-49.738140
-125.700049	177.764660	-49.828775
-125.937047	177.640408	-49.922723
-126.182402	177.511776	-50.019984
-126.436114	177.378763	-50.120557
-126.698182	177.241369	-50.224443
-126.968607	177.099595	-50.331642
-127.247389	176.953440	-50.442153
-127.534528	176.802904	-50.555977
-127.830024	176.647988	-50.673114
-128.133876	176.488690	-50.793564
-128.446085	176.325013	-50.917326
-128.766651	176.156954	-51.044401
-129.095574	175.984515	-51.174788
-129.432853	175.807695	-51.308489
-129.778489	175.626495	-51.445502
-130.132482	175.440914	-51.585828
-130.494832	175.250952	-51.729466
-130.865538	175.056609	-51.876418
-131.244602	174.857886	-52.026681
-131.632022	174.654782	-52.180258
-132.027799	174.447298	-52.337147
-132.431932	174.235433	-52.497350
-132.844423	174.019187	-52.660864
-133.031283	173.921226	-52.734938
-133.226501	173.818885	-52.812323
-133.430075	173.712163	-52.893022
-133.642006	173.601060	-52.977033
-133.862293	173.485577	-53.064357
-134.090938	173.365713	-53.154994
-134.327939	173.241469	-53.248944
-134.573297	173.112844	-53.346206
-134.827012	172.979838	-53.446781
-135.089084	172.842451	-53.550668
-135.359512	172.700684	-53.657868
-135.638297	172.554536	-53.768381
-135.925439	172.404007	-53.882207
-136.220938	172.249098	-53.999345
-136.524793	172.089808	-54.119797
-136.837006	171.926137	-54.243560
-137.157575	171.758086	-54.370637
-137.486500	171.585654	-54.501026
-137.823783	171.408842	-54.634728
-138.169422	171.227648	-54.771743
-138.523418	171.042074	-54.912070
-138.885771	170.852120	-55.055710
-139.256481	170.657784	-55.202663
-139.635547	170.459068	-55.352929
-140.022971	170.255972	-55.506507
-140.418751	170.048495	-55.663398
-140.822887	169.836637	-55.823601
-141.235381	169.620398	-55.987118
-141.422243	169.522441	-56.061192
-141.617462	169.420103	-56.138578
-141.821037	169.313384	-56.219277
-142.032970	169.202285	-56.303289
-142.253259	169.086805	-56.390614
-142.481905	168.966944	-56.481252
-142.718908	168.842703	-56.575202
-142.964267	168.714081	-56.672465
-143.217983	168.581078	-56.773040
-143.480056	168.443695	-56.876928
-143.750486	168.301931	-56.984129
-144.029273	168.155786	-57.094643
-144.316416	168.005261	-57.208469
-144.611916	167.850355	-57.325609
-144.915773	167.691068	-57.446060
-145.227987	167.527401	-57.569825
-145.548557	167.359353	-57.696902
-145.877484	167.186924	-57.827292
-146.214768	167.010115	-57.960995
-146.560409	166.828925	-58.098010
-146.914407	166.643354	-58.238338
-147.276761	166.453403	-58.381979
-147.647472	166.259071	-58.528932
-148.026540	166.060358	-58.679199
-148.413965	165.857265	-58.832778
-148.809746	165.649791	-58.989669
-149.213885	165.437936	-59.149873
-149.626380	165.221701	-59.313391
-149.813242	165.123745	-59.387465
-150.008462	165.021408	-59.464852
-150.212038	164.914691	-59.545551
-150.423971	164.803593	-59.629564
-150.644261	164.688115	-59.716889
-150.872907	164.568255	-59.807526
-151.109911	164.444016	-59.901477
-151.355271	164.315395	-59.998740
-151.608988	164.182394	-60.099316
-151.871061	164.045012	-60.203204
-152.141492	163.903249	-60.310406
-152.420279	163.757106	-60.420920
-152.707423	163.606582	-60.534746
-153.002924	163.451678	-60.651886
-153.306781	163.292393	-60.772338
-153.618996	163.128727	-60.896103
-153.939567	162.960680	-61.023180
-154.268495	162.788253	-61.153571
-154.605779	162.611445	-61.287273
-154.951421	162.430257	-61.424289
-155.305419	162.244688	-61.564618
-155.667774	162.054738	-61.708259
-156.038486	161.860407	-61.855212
-156.417554	161.661696	-62.005479
-156.804980	161.458604	-62.159058
-157.200762	161.251132	-62.315950
-157.604901	161.039279	-62.476155
-158.017396	160.823045	-62.639672
-158.204259	160.725090	-62.713746
-158.399479	160.622754	-62.791134
-158.603056	160.516037	-62.871833
-158.814989	160.404940	-62.955846
-159.035279	160.289462	-63.043171
-159.263926	160.169604	-63.133809
-159.500930	160.045364	-63.227759
-159.746290	159.916745	-63.325023
-160.000007	159.783744	-63.425599
-160.262081	159.646363	-63.529487
-160.532512	159.504601	-63.636689
-160.811299	159.358458	-63.747203
-161.098444	159.207935	-63.861030
-161.393945	159.053031	-63.978169
-161.697803	158.893747	-64.098622
-162.010017	158.730082	-64.222387
-162.330589	158.562036	-64.349464
-162.659517	158.389609	-64.479855
-162.996802	158.212802	-64.613558
-163.342444	158.031614	-64.750574
-163.696442	157.846046	-64.890902
-164.058798	157.656097	-65.034543
-164.429510	157.461767	-65.181497
-164.808578	157.263056	-65.331764
-165.196004	157.059965	-65.485343
-165.591787	156.852494	-65.642235
-165.995926	156.640641	-65.802440
-166.408422	156.424408	-65.965958
-166.595285	156.326453	-66.040032
-166.790505	156.224117	-66.117419
-166.994081	156.117401	-66.198119
-167.206015	156.006304	-66.282132
-167.426305	155.890827	-66.369457
-167.654952	155.770969	-66.460095
-167.891956	155.646730	-66.554045
-168.137316	155.518110	-66.651309
-168.391034	155.385110	-66.751885
-168.653108	155.247729	-66.855774
-168.923539	155.105968	-66.962975
-169.202326	154.959825	-67.073489
-169.489471	154.809302	-67.187316
-169.784972	154.654399	-67.304456
-170.088830	154.495115	-67.424908
-170.401045	154.331450	-67.548673
-170.721616	154.163404	-67.675751
-171.050545	153.990978	-67.806141
-171.387830	153.814171	-67.939845
-171.733472	153.632984	-68.076861
-172.087470	153.447416	-68.217189
-172.449826	153.257467	-68.360830
-172.820538	153.063137	-68.507784
-173.199607	152.864427	-68.658051
-173.587033	152.661336	-68.811631
-173.982815	152.453865	-68.968523
-174.386955	152.242013	-69.128728
-174.799451	152.025780	-69.292245
-174.986314	151.927825	-69.366320
-175.181534	151.825490	-69.443707
-175.385111	151.718773	-69.524407
-175.597044	151.607677	-69.608419
-175.817334	151.492199	-69.695744
-176.045982	151.372341	-69.786382
-176.282985	151.248103	-69.880333
-176.528346	151.119483	-69.977596
-176.782063	150.986483	-70.078173
-177.044138	150.849102	-70.182061
-177.314568	150.707341	-70.289263
-177.593356	150.561199	-70.399777
-177.880501	150.410676	-70.513604
-178.176002	150.255773	-70.630744
-178.479860	150.096489	-70.751196
-178.792075	149.932824	-70.874961
-179.112647	149.764779	-71.002039
-179.441575	149.592353	-71.132429
-179.778860	149.415546	-71.266133
-180.124502	149.234358	-71.403148
-180.478501	149.048790	-71.543477
-180.840856	148.858842	-71.687118
-181.211569	148.664512	-71.834072
-181.590638	148.465802	-71.984339
-181.978063	148.262712	-72.137919
-182.373846	148.055240	-72.294811
-182.777985	147.843388	-72.455016
-183.190482	147.627155	-72.618533
-183.377345	147.529201	-72.692608
-183.572565	147.426865	-72.769995
-183.776142	147.320149	-72.850695
-183.988075	147.209053	-72.934707
-184.208365	147.093575	-73.022033
-184.437013	146.973717	-73.112671
-184.674016	146.849479	-73.206621
-184.919377	146.720859	-73.303885
-185.173094	146.587859	-73.404461
-185.435169	146.450479	-73.508350
-185.705600	146.308717	-73.615551
-185.984387	146.162575	-73.726065
-186.271532	146.012053	-73.839892
-186.567033	145.857149	-73.957032
-186.870891	145.697865	-74.077484
-187.183106	145.534201	-74.201250
-187.503678	145.366155	-74.328327
-187.832606	145.193729	-74.458718
-188.169891	145.016923	-74.592421
-188.515533	144.835736	-74.729437
-188.869532	144.650168	-74.869766
-189.231888	144.460219	-75.013407
-189.602600	144.265890	-75.160361
-189.981669	144.067180	-75.310628
-190.369095	143.864089	-75.464207
-190.764878	143.656618	-75.621099
-191.169017	143.444766	-75.781304
-191.581513	143.228533	-75.944822
-191.768377	143.130578	-76.018896
-191.963597	143.028243	-76.096283
-192.167173	142.921527	-76.176983
-192.379107	142.810430	-76.260996
-192.599397	142.694953	-76.348321
-192.828044	142.575095	-76.438959
-193.065048	142.450857	-76.532910
-193.310409	142.322237	-76.630173
-193.564126	142.189237	-76.730749
-193.826200	142.051857	-76.834638
-194.096631	141.910095	-76.941840
-194.375419	141.763953	-77.052354
-194.662564	141.613431	-77.166181
-194.958065	141.458527	-77.283321
-195.261923	141.299243	-77.403773
-195.574138	141.135579	-77.527538
-195.894710	140.967534	-77.654616
-196.223638	140.795108	-77.785006
-196.560923	140.618301	-77.918710
-196.906565	140.437114	-78.055726
-197.260564	140.251546	-78.196054
-197.622920	140.061597	-78.339696
-197.993632	139.867268	-78.486650
-198.372701	139.668558	-78.636916
-198.760127	139.465467	-78.790496
-199.155910	139.257996	-78.947388
-199.560049	139.046144	-79.107593
-199.972545	138.829912	-79.271111
-200.159409	138.731957	-79.345185
-200.354629	138.629622	-79.422572
-200.558205	138.522906	-79.503272
-200.770139	138.411809	-79.587285
-200.990429	138.296332	-79.674610
-201.219076	138.176474	-79.765248
-201.456080	138.052235	-79.859199
-201.701441	137.923616	-79.956462
-201.955158	137.790616	-80.057038
-202.217233	137.653235	-80.160927
-202.487664	137.511474	-80.268129
-202.766451	137.365332	-80.378643
-203.053596	137.214809	-80.492470
-203.349097	137.059906	-80.609609
-203.652955	136.900622	-80.730062
-203.965170	136.736957	-80.853827
-204.285742	136.568912	-80.980905
-204.614670	136.396486	-81.111295
-204.951956	136.219680	-81.244998
-205.297598	136.038492	-81.382014
-205.651596	135.852924	-81.522343
-206.013952	135.662976	-81.665984
-206.384664	135.468647	-81.812938
-206.763733	135.269937	-81.963205
-207.151159	135.066846	-82.116785
-207.546942	134.859375	-82.273677
-207.951081	134.647523	-82.433882
-208.363578	134.431290	-82.597399
-208.550441	134.333336	-82.671474
-208.745661	134.231000	-82.748861
-208.949238	134.124284	-82.829561
-209.161171	134.013188	-82.913573
-209.381461	133.897710	-83.000899
-209.610109	133.777853	-83.091537
-209.847112	133.653614	-83.185487
-210.092473	133.524995	-83.282751
-210.346191	133.391995	-83.383327
-210.608265	133.254614	-83.487216
-210.878696	133.112853	-83.594417
-211.157484	132.966711	-83.704932
-211.444628	132.816188	-83.818759
-211.740129	132.661285	-83.935898
-212.043988	132.502001	-84.056351
-212.356202	132.338336	-84.180116
-212.676774	132.170291	-84.307194
-213.005703	131.997865	-84.437584
-213.342988	131.821059	-84.571287
-213.688630	131.639871	-84.708303
-214.042629	131.454303	-84.848632
-214.404984	131.264355	-84.992273
-214.775696	131.070026	-85.139227
-215.154766	130.871316	-85.289494
-215.542191	130.668225	-85.443074
-215.937974	130.460754	-85.599966
-216.342114	130.248902	-85.760171
-216.754610	130.032669	-85.923688
-216.941473	129.934715	-85.997763
-217.136693	129.832379	-86.075150
-217.340270	129.725663	-86.155850
-217.552203	129.614567	-86.239862
-217.772494	129.499089	-86.327188
-218.001141	129.379232	-86.417826
-218.238145	129.254993	-86.511776
-218.483505	129.126374	-86.609040
-218.737223	128.993374	-86.709616
-218.999297	128.855993	-86.813505
-219.269728	128.714232	-86.920706
-219.548516	128.568090	-87.031221
-219.835660	128.417567	-87.145047
-220.131162	128.262664	-87.262187
-220.435020	128.103380	-87.382640
-220.747235	127.939715	-87.506405
-221.067806	127.771670	-87.633482
-221.396735	127.599244	-87.763873
-221.734020	127.422438	-87.897576
-222.079662	127.241250	-88.034592
-222.433661	127.055682	-88.174921
-222.796016	126.865734	-88.318562
-223.166729	126.671405	-88.465516
-223.545798	126.472695	-88.615783
-223.933224	126.269604	-88.769362
-224.329006	126.062133	-88.926255
-224.733146	125.850281	-89.086460
-225.145642	125.634048	-89.249977
-225.332505	125.536094	-89.324052
-225.527725	125.433758	-89.401439
-225.731302	125.327042	-89.482139
-225.943236	125.215946	-89.566151
-226.163526	125.100469	-89.653476
-226.392173	124.980611	-89.744114
-226.629177	124.856372	-89.838065
-226.874538	124.727753	-89.935329
-227.128255	124.594753	-90.035905
-227.390329	124.457372	-90.139794
-227.660760	124.315611	-90.246995
-227.939548	124.169469	-90.357509
-228.226693	124.018946	-90.471336
-228.522194	123.864043	-90.588476
-228.826052	123.704759	-90.708928
-229.138267	123.541094	-90.832693
-229.458839	123.373049	-90.959771
-229.787767	123.200623	-91.090162
-230.125052	123.023817	-91.223865
-230.470694	122.842629	-91.360881
-230.824693	122.657061	-91.501210
-231.187049	122.467113	-91.644851
-231.557761	122.272784	-91.791805
-231.936830	122.074074	-91.942072
-232.324256	121.870983	-92.095651
-232.720039	121.663512	-92.252544
-233.124178	121.451660	-92.412748
-233.536674	121.235427	-92.576266
-233.723538	121.137473	-92.650340
-233.918758	121.035137	-92.727728
-234.122334	120.928422	-92.808427
-234.334268	120.817325	-92.892440
-234.554558	120.701848	-92.979765
-234.783205	120.581990	-93.070403
-235.020209	120.457751	-93.164354
-235.265570	120.329132	-93.261617
-235.519287	120.196132	-93.362194
-235.781362	120.058751	-93.466082
-236.051793	119.916990	-93.573284
-236.330580	119.770848	-93.683798
-236.617725	119.620325	-93.797625
-236.913226	119.465422	-93.914765
-237.217084	119.306138	-94.035217
-237.529299	119.142474	-94.158982
-237.849871	118.974428	-94.286060
-238.178799	118.802002	-94.416451
-238.516085	118.625196	-94.550154
-238.861727	118.444009	-94.687170
-239.215725	118.258441	-94.827498
-239.578081	118.068492	-94.971140
-239.948793	117.874163	-95.118094
-240.327863	117.675453	-95.268361
-240.715288	117.472362	-95.421940
-241.111071	117.264891	-95.578832
-241.515211	117.053039	-95.739037
-241.927707	116.836807	-95.902555
-242.114570	116.738852	-95.976629
-242.309790	116.636517	-96.054016
-242.513367	116.529801	-96.134716
-242.725300	116.418704	-96.218729
-242.945591	116.303227	-96.306054
-243.174238	116.183369	-96.396692
-243.411242	116.059130	-96.490643
-243.656602	115.930511	-96.587906
-243.910320	115.797511	-96.688482
-244.172394	115.660130	-96.792371
-244.442825	115.518369	-96.899573
-244.721613	115.372227	-97.010087
-245.008757	115.221704	-97.123914
-245.304259	115.066801	-97.241054
-245.608117	114.907517	-97.361506
-245.920332	114.743853	-97.485271
-246.240903	114.575807	-97.612349
-246.569832	114.403381	-97.742740
-246.907117	114.226575	-97.876443
-247.252759	114.045388	-98.013459
-247.606758	113.859820	-98.153787
-247.969113	113.669871	-98.297429
-248.339826	113.475542	-98.444383
-248.718895	113.276832	-98.594650
-249.106321	113.073741	-98.748229
-249.502103	112.866270	-98.905121
-249.906243	112.654418	-99.065326
-250.318739	112.438186	-99.228844
-250.505602	112.340231	-99.302918
-250.700822	112.237896	-99.380305
-250.904399	112.131180	-99.461005
-251.116333	112.020083	-99.545018
-251.336623	111.904606	-99.632343
-251.565270	111.784748	-99.722981
-251.802274	111.660509	-99.816932
-252.047635	111.531890	-99.914195
-252.301352	111.398890	-100.014771
-252.563426	111.261509	-100.118660
-252.833857	111.119748	-100.225862
-253.112645	110.973606	-100.336376
-253.399790	110.823084	-100.450203
-253.695291	110.668180	-100.567343
-253.999149	110.508896	-100.687795
-254.311364	110.345232	-100.811560
-254.631936	110.177187	-100.938638
-254.960864	110.004761	-101.069028
-255.298149	109.827954	-101.202732
-255.643791	109.646767	-101.339748
-255.997790	109.461199	-101.480076
-256.360146	109.271250	-101.623718
-256.730858	109.076921	-101.770672
-257.109927	108.878211	-101.920938
-257.497353	108.675120	-102.074518
-257.893136	108.467649	-102.231410
-258.297275	108.255797	-102.391615
-258.709771	108.039565	-102.555133
-258.896635	107.941610	-102.629207
-259.091855	107.839275	-102.706594
-259.295431	107.732559	-102.787294
-259.507365	107.621462	-102.871307
-259.727655	107.505985	-102.958632
-259.956302	107.386127	-103.049270
-260.193306	107.261888	-103.143221
-260.438667	107.133269	-103.240484
-260.692384	107.000269	-103.341060
-260.954459	106.862889	-103.444949
-261.224890	106.721127	-103.552151
-261.503677	106.574985	-103.662665
-261.790822	106.424463	-103.776492
-262.086323	106.269559	-103.893632
-262.390181	106.110276	-104.014084
-262.702396	105.946611	-104.137849
-263.022968	105.778566	-104.264927
-263.351896	105.606140	-104.395317
-263.689182	105.429333	-104.529021
-264.034824	105.248146	-104.666036
-264.388822	105.062578	-104.806365
-264.751178	104.872629	-104.950006
-265.121890	104.678300	-105.096961
-265.500960	104.479590	-105.247227
-265.888385	104.276500	-105.400807
-266.284168	104.069028	-105.557699
-266.688308	103.857176	-105.717904
-267.100804	103.640944	-105.881422
-267.287667	103.542989	-105.955496
-267.482887	103.440654	-106.032883
-267.686464	103.333938	-106.113583
-267.898397	103.222841	-106.197596
-268.118688	103.107364	-106.284921
-268.347335	102.987506	-106.375559
-268.584339	102.863268	-106.469510
-268.829699	102.734648	-106.566773
-269.083417	102.601648	-106.667349
-269.345491	102.464268	-106.771238
-269.615922	102.322506	-106.878439
-269.894710	102.176364	-106.988954
-270.181854	102.025842	-107.102781
-270.477356	101.870939	-107.219920
-270.781214	101.711655	-107.340373
-271.093429	101.547990	-107.464138
-271.414000	101.379945	-107.591216
-271.742929	101.207519	-107.721606
-272.080214	101.030712	-107.855309
-272.425856	100.849525	-107.992325
-272.779855	100.663957	-108.132654
-273.142210	100.474008	-108.276295
-273.512923	100.279679	-108.423249
-273.891992	100.080969	-108.573516
-274.279418	99.877879	-108.727096
-274.675200	99.670407	-108.883988
-275.079340	99.458556	-109.044193
-275.491836	99.242323	-109.207710
-275.678699	99.144368	-109.281785
-275.873919	99.042033	-109.359172
-276.077496	98.935317	-109.439872
-276.289430	98.824220	-109.523884
-276.509720	98.708743	-109.611210
-276.738367	98.588885	-109.701848
-276.975371	98.464647	-109.795798
-277.220732	98.336027	-109.893062
-277.474449	98.203027	-109.993638
-277.736523	98.065647	-110.097527
-278.006954	97.923886	-110.204728
-278.285742	97.777744	-110.315243
-278.572887	97.627221	-110.429070
-278.868388	97.472318	-110.546209
-279.172246	97.313034	-110.666662
-279.484461	97.149369	-110.790427
-279.805033	96.981324	-110.917505
-280.133961	96.808898	-111.047895
-280.471246	96.632091	-111.181598
-280.816888	96.450904	-111.318614
-281.170887	96.265336	-111.458943
-281.533243	96.075388	-111.602584
-281.903955	95.881058	-111.749538
-282.283024	95.682348	-111.899805
-282.670450	95.479258	-112.053385
-283.066233	95.271787	-112.210277
-283.470372	95.059935	-112.370482
-283.882868	94.843702	-112.533999
-284.069732	94.745748	-112.608074
-284.264952	94.643412	-112.685461
-284.468528	94.536696	-112.766161
-284.680462	94.425600	-112.850173
-284.900752	94.310122	-112.937499
-285.129399	94.190264	-113.028137
-285.366403	94.066026	-113.122087
-285.611764	93.937406	-113.219351
-285.865481	93.804407	-113.319927
-286.127556	93.667026	-113.423816
-286.397987	93.525265	-113.531017
-286.676774	93.379123	-113.641531
-286.963919	93.228600	-113.755358
-287.259420	93.073697	-113.872498
-287.563278	92.914413	-113.992951
-287.875493	92.750748	-114.116716
-288.196065	92.582703	-114.243793
-288.524993	92.410277	-114.374184
-288.862279	92.233470	-114.507887
-289.207921	92.052283	-114.644903
-289.561920	91.866715	-114.785232
-289.924275	91.676767	-114.928873
-290.294987	91.482437	-115.075827
-290.674057	91.283728	-115.226094
-291.061482	91.080637	-115.379673
-291.457265	90.873166	-115.536566
-291.861405	90.661314	-115.696771
-292.273901	90.445081	-115.860288
-292.460764	90.347127	-115.934363
-292.655984	90.244791	-116.011750
-292.859561	90.138075	-116.092450
-293.071494	90.026979	-116.176462
-293.291785	89.911501	-116.263787
-293.520432	89.791643	-116.354425
-293.757436	89.667405	-116.448376
-294.002796	89.538786	-116.545640
-294.256514	89.405786	-116.646216
-294.518588	89.268405	-116.750105
-294.789019	89.126644	-116.857306
-295.067807	88.980502	-116.967820
-295.354951	88.829979	-117.081647
