48.772709	209.619286	-46.287891
48.779841	209.526834	-46.325930
48.793500	209.430024	-46.370168
48.813683	209.328858	-46.420606
48.840389	209.223336	-46.477248
48.873617	209.113460	-46.540095
48.913364	208.999231	-46.609151
48.959630	208.880651	-46.684418
49.012412	208.757720	-46.765899
49.071709	208.630441	-46.853596
49.137519	208.498814	-46.947512
49.209842	208.362841	-47.047649
49.288674	208.222523	-47.154011
49.374015	208.077861	-47.266599
49.465863	207.928857	-47.385417
49.564216	207.775512	-47.510466
49.669073	207.617827	-47.641750
49.780432	207.455803	-47.779270
49.898292	207.289443	-47.923030
50.022652	207.118747	-48.073032
50.153509	206.943716	-48.229278
50.290862	206.764352	-48.391771
50.434710	206.580657	-48.560514
50.585050	206.392631	-48.735508
50.741883	206.200275	-48.916757
50.905206	206.003592	-49.104263
51.075017	205.802583	-49.298027
51.251316	205.597248	-49.498054
51.434101	205.387589	-49.704344
51.623370	205.173608	-49.916901
51.819122	204.955306	-50.135726
52.021356	204.732684	-50.360823
52.230070	204.505743	-50.592193
52.445263	204.274485	-50.829838
52.666934	204.038911	-51.073762
52.895081	203.799023	-51.323966
53.129703	203.554822	-51.580453
53.370799	203.306309	-51.843225
53.618367	203.053485	-52.112284
53.872406	202.796353	-52.387632
54.132915	202.534912	-52.669272
54.399893	202.269165	-52.957206
54.673338	201.999114	-53.251435
54.953250	201.724758	-53.551963
55.080358	201.601077	-53.688148
55.213930	201.473093	-53.830634
55.353967	201.340809	-53.979423
55.500467	201.204224	-54.134514
55.653430	201.063339	-54.295910
55.812856	200.918155	-54.463610
55.978743	200.768673	-54.637617
56.151093	200.614892	-54.817930
56.329903	200.456814	-55.004551
56.515174	200.294439	-55.197480
56.706905	200.127769	-55.396719
56.905096	199.956802	-55.602268
57.109746	199.781541	-55.814129
57.320855	199.601986	-56.032302
57.538422	199.418136	-56.256787
57.762447	199.229994	-56.487587
57.992929	199.037559	-56.724702
58.229868	198.840833	-56.968133
58.473264	198.639815	-57.217880
58.723116	198.434507	-57.473944
58.979423	198.224909	-57.736327
59.242186	198.011021	-58.005029
59.511403	197.792845	-58.280051
59.787075	197.570381	-58.561394
60.069201	197.343629	-58.849058
60.357780	197.112590	-59.143045
60.652813	196.877266	-59.443356
60.954298	196.637655	-59.749990
61.091396	196.529071	-59.889323
61.234945	196.416201	-60.034981
61.384947	196.299048	-60.186966
61.541401	196.177610	-60.345276
61.704306	196.051888	-60.509912
61.873663	195.921883	-60.680875
62.049472	195.787595	-60.858166
62.231732	195.649024	-61.041784
62.420443	195.506170	-61.231729
62.615605	195.359034	-61.428003
62.817218	195.207616	-61.630605
63.025282	195.051916	-61.839537
63.239797	194.891935	-62.054797
63.460761	194.727672	-62.276387
63.688176	194.559128	-62.504307
63.922042	194.386304	-62.738557
64.162357	194.209200	-62.979138
64.409122	194.027815	-63.226050
64.662337	193.842151	-63.479293
64.922001	193.652207	-63.738867
65.188115	193.457984	-64.004773
65.460678	193.259483	-64.277012
65.739691	193.056702	-64.555583
66.025152	192.849644	-64.840488
66.317062	192.638307	-65.131725
66.615422	192.422693	-65.429296
66.920230	192.202801	-65.733201
67.231486	191.978632	-66.043440
67.372628	191.877144	-66.184079
67.520217	191.771380	-66.331052
67.674256	191.661339	-66.484361
67.834742	191.547021	-66.644004
68.001677	191.428427	-66.809982
68.175060	191.305557	-66.982296
68.354892	191.178411	-67.160945
68.541171	191.046989	-67.345929
68.733898	190.911292	-67.537249
68.933074	190.771318	-67.734905
69.138697	190.627070	-67.938896
69.350769	190.478545	-68.149224
69.569288	190.325746	-68.365888
69.794255	190.168672	-68.588888
70.025670	190.007322	-68.818225
70.263533	189.841698	-69.053898
70.507843	189.671799	-69.295908
70.758601	189.497625	-69.544255
71.015807	189.319177	-69.798939
71.279460	189.136455	-70.059960
71.549561	188.949458	-70.327318
71.826109	188.758188	-70.601013
72.109105	188.562643	-70.881046
72.398548	188.362825	-71.167417
72.694439	188.158733	-71.460125
72.996777	187.950368	-71.759171
73.305562	187.737729	-72.064556
73.620795	187.520817	-72.376278
73.763640	187.422598	-72.517516
73.912932	187.320106	-72.665093
74.068672	187.213340	-72.819007
74.230859	187.102302	-72.979261
74.399493	186.986991	-73.145852
74.574574	186.867407	-73.318783
74.756103	186.743551	-73.498052
74.944078	186.615421	-73.683659
75.138501	186.483020	-73.875605
75.339371	186.346345	-74.073890
75.546688	186.205398	-74.278514
75.760452	186.060179	-74.489477
75.980663	185.910688	-74.706779
76.207322	185.756924	-74.930419
76.440427	185.598888	-75.160399
76.679980	185.436580	-75.396718
76.925979	185.270000	-75.639376
77.178426	185.099147	-75.888373
77.437319	184.924023	-76.143710
77.702660	184.744627	-76.405385
77.974447	184.560959	-76.673400
78.252682	184.373019	-76.947755
78.537363	184.180808	-77.228449
78.828492	183.984325	-77.515483
79.126067	183.783570	-77.808856
79.430090	183.578544	-78.108568
79.740559	183.369246	-78.414621
80.057475	183.155677	-78.727013
80.201055	183.058952	-78.868537
80.351082	182.957955	-79.016400
80.507556	182.852687	-79.170603
80.670477	182.743147	-79.331146
80.839844	182.629336	-79.498029
81.015659	182.511255	-79.671252
81.197921	182.388902	-79.850815
81.386629	182.262277	-80.036718
81.581784	182.131382	-80.228961
81.783386	181.996216	-80.427543
81.991435	181.856778	-80.632466
82.205931	181.713070	-80.843729
82.426874	181.565091	-81.061332
82.654264	181.412840	-81.285274
82.888101	181.256319	-81.515557
83.128384	181.095527	-81.752181
83.375114	180.930464	-81.995144
83.628292	180.761130	-82.244447
83.887916	180.587525	-82.500091
84.153987	180.409650	-82.762075
84.426505	180.227504	-83.030399
84.705469	180.041087	-83.305063
84.990881	179.850399	-83.586068
85.282739	179.655441	-83.873413
85.581045	179.456212	-84.167098
85.885797	179.252712	-84.467124
86.196996	179.044942	-84.773490
86.514642	178.832902	-85.086196
86.658543	178.736857	-85.227857
86.808891	178.636541	-85.375858
86.965686	178.531955	-85.530200
87.128928	178.423099	-85.690882
87.298617	178.309972	-85.857904
87.474752	178.192575	-86.031267
87.657334	178.070907	-86.210971
87.846364	177.944969	-86.397015
88.041840	177.814760	-86.589399
88.243763	177.680281	-86.788124
88.452133	177.541532	-86.993189
88.666949	177.398512	-87.204595
88.888213	177.251222	-87.422342
89.115923	177.099662	-87.646429
89.350080	176.943831	-87.876856
89.590684	176.783730	-88.113624
89.837735	176.619358	-88.356733
90.091233	176.450717	-88.606182
90.351177	176.277805	-88.861972
90.617569	176.100622	-89.124102
90.890407	175.919170	-89.392573
91.169692	175.733447	-89.667385
91.455424	175.543454	-89.948537
91.747603	175.349191	-90.236030
92.046229	175.150658	-90.529863
92.351301	174.947854	-90.830038
92.662820	174.740781	-91.136552
92.980786	174.529437	-91.449408
93.124829	174.433702	-91.591134
93.275319	174.333697	-91.739201
93.432256	174.229421	-91.893609
93.595640	174.120876	-92.054358
93.765470	174.008060	-92.221447
93.941747	173.890975	-92.394877
94.124471	173.769619	-92.574648
94.313642	173.643993	-92.760759
94.509260	173.514097	-92.953212
94.711324	173.379931	-93.152004
94.919836	173.241495	-93.357138
95.134794	173.098789	-93.568612
95.356199	172.951813	-93.786427
95.584051	172.800567	-94.010583
95.818350	172.645051	-94.241079
96.059096	172.485264	-94.477916
96.306289	172.321208	-94.721094
96.559928	172.152881	-94.970612
96.820014	171.980285	-95.226472
97.086547	171.803418	-95.488672
97.359527	171.622282	-95.757213
97.638954	171.436876	-96.032094
97.924828	171.247199	-96.313316
98.217148	171.053253	-96.600880
98.515916	170.855036	-96.894783
98.821130	170.652550	-97.195028
99.132791	170.445793	-97.501613
99.450899	170.234767	-97.814539
99.595005	170.139173	-97.956297
99.745557	170.039309	-98.104396
99.902557	169.935175	-98.258836
100.066003	169.826771	-98.419616
100.235897	169.714098	-98.586737
100.412237	169.597154	-98.760199
100.595024	169.475940	-98.940002
100.784258	169.350457	-99.126145
100.979938	169.220703	-99.318629
101.182066	169.086680	-99.517454
101.390640	168.948386	-99.722620
101.605661	168.805823	-99.934127
101.827129	168.658990	-100.151974
102.055044	168.507887	-100.376162
102.289406	168.352514	-100.606691
102.530215	168.192871	-100.843561
102.777470	168.028958	-101.086772
103.031173	167.860775	-101.336323
103.291322	167.688322	-101.592216
103.557918	167.511599	-101.854449
103.830961	167.330607	-102.123023
104.110451	167.145344	-102.397937
104.396388	166.955812	-102.679193
104.688771	166.762010	-102.966789
104.987602	166.563938	-103.260726
105.292879	166.361596	-103.561004
105.604603	166.154984	-103.867623
105.922774	165.944102	-104.180583
106.066908	165.848572	-104.322356
106.217489	165.748773	-104.470469
106.374516	165.644703	-104.624924
106.537990	165.536364	-104.785719
106.707912	165.423755	-104.952855
106.884280	165.306876	-105.126332
107.067095	165.185727	-105.306150
107.256357	165.060308	-105.492308
107.452065	164.930619	-105.684808
107.654221	164.796661	-105.883648
107.862823	164.658433	-106.088829
108.077873	164.515934	-106.300351
108.299369	164.369166	-106.518214
108.527312	164.218128	-106.742418
108.761702	164.062820	-106.972962
109.002539	163.903243	-107.209847
109.249822	163.739395	-107.453074
109.503553	163.571278	-107.702641
109.763730	163.398890	-107.958548
110.030354	163.222233	-108.220797
110.303425	163.041306	-108.489387
110.582943	162.856109	-108.764317
110.868908	162.666643	-109.045588
111.161320	162.472906	-109.333200
111.460179	162.274900	-109.627153
111.765484	162.072624	-109.927447
112.077236	161.866078	-110.234081
112.395435	161.655262	-110.547057
112.539582	161.559761	-110.688836
112.690175	161.459991	-110.836957
112.847215	161.355951	-110.991419
113.010702	161.247641	-111.152221
113.180636	161.135061	-111.319364
113.357016	161.018212	-111.492848
113.539844	160.897092	-111.672673
113.729118	160.771703	-111.858839
113.924839	160.642044	-112.051346
114.127008	160.508115	-112.250193
114.335623	160.369916	-112.455381
114.550684	160.227448	-112.666911
114.772193	160.080709	-112.884781
115.000149	159.929701	-113.108991
115.234551	159.774423	-113.339543
115.475401	159.614875	-113.576436
115.722697	159.451057	-113.819669
115.976440	159.282970	-114.069243
116.236630	159.110612	-114.325159
116.503267	158.933985	-114.587415
116.776350	158.753088	-114.856011
117.055881	158.567921	-115.130949
117.341858	158.378484	-115.412228
117.634283	158.184778	-115.699847
117.933154	157.986801	-115.993807
118.238472	157.784555	-116.294108
118.550237	157.578039	-116.600750
118.868448	157.367253	-116.913733
119.012600	157.271766	-117.055516
119.163199	157.172009	-117.203640
119.320245	157.067982	-117.358105
119.483737	156.959686	-117.518911
119.653677	156.847120	-117.686057
119.830063	156.730284	-117.859545
120.012896	156.609178	-118.039373
120.202176	156.483802	-118.225542
120.397903	156.354156	-118.418052
120.600077	156.220241	-118.616903
120.808697	156.082055	-118.822095
121.023765	155.939600	-119.033627
121.245279	155.792875	-119.251501
121.473240	155.641881	-119.475715
121.707649	155.486616	-119.706270
121.948504	155.327082	-119.943166
122.195805	155.163278	-120.186403
122.449554	154.995204	-120.435981
122.709750	154.822860	-120.691899
122.976392	154.646246	-120.954159
123.249481	154.465363	-121.222759
123.529018	154.280210	-121.497700
123.815001	154.090786	-121.778982
124.107431	153.897094	-122.066605
124.406308	153.699131	-122.360569
124.711631	153.496898	-122.660873
125.023402	153.290396	-122.967519
125.341619	153.079624	-123.280505
125.485774	152.984143	-123.422290
125.636375	152.884392	-123.570415
125.793423	152.780371	-123.724881
125.956918	152.672081	-123.885689
126.126860	152.559521	-124.052837
126.303249	152.442691	-124.226326
126.486085	152.321591	-124.406156
126.675367	152.196221	-124.592326
126.871096	152.066582	-124.784838
127.073273	151.932673	-124.983690
127.281896	151.794494	-125.188884
127.496966	151.652045	-125.400418
127.718483	151.505326	-125.618293
127.946447	151.354337	-125.842509
128.180857	151.199079	-126.073065
128.421715	151.039551	-126.309963
128.669019	150.875753	-126.553201
128.922770	150.707685	-126.802781
129.182969	150.535348	-127.058701
129.449614	150.358740	-127.320962
129.722705	150.177863	-127.589564
130.002244	149.992716	-127.864506
130.288230	149.803299	-128.145790
130.580662	149.609612	-128.433415
130.879542	149.411656	-128.727380
131.184868	149.209430	-129.027686
131.496641	149.002933	-129.334333
131.814861	148.792168	-129.647321
131.959017	148.696689	-129.789106
132.109619	148.596941	-129.937233
132.266668	148.492924	-130.091700
132.430164	148.384636	-130.252508
132.600108	148.272079	-130.419657
132.776497	148.155251	-130.593146
132.959334	148.034154	-130.772977
133.148618	147.908788	-130.959148
133.344348	147.779151	-131.151661
133.546526	147.645244	-131.350514
133.755150	147.507068	-131.555708
133.970221	147.364622	-131.767243
134.191739	147.217906	-131.985118
134.419704	147.066920	-132.209335
134.654116	146.911665	-132.439892
134.894975	146.752140	-132.676791
135.142280	146.588344	-132.920030
135.396033	146.420280	-133.169610
135.656232	146.247945	-133.425531
135.922878	146.071340	-133.687793
136.195971	145.890466	-133.956395
136.475511	145.705322	-134.231339
136.761498	145.515908	-134.512623
137.053931	145.322224	-134.800248
137.352812	145.124270	-135.094214
137.658139	144.922047	-135.394521
137.969914	144.715553	-135.701169
138.288135	144.504790	-136.014158
138.432291	144.409314	-136.155944
138.582894	144.309567	-136.304070
138.739944	144.205550	-136.458538
138.903440	144.097264	-136.619346
139.073384	143.984708	-136.786495
139.249774	143.867882	-136.959985
139.432612	143.746786	-137.139816
139.621896	143.621421	-137.325988
139.817627	143.491785	-137.518501
140.019805	143.357880	-137.717354
140.228429	143.219705	-137.922548
140.443501	143.077260	-138.134084
140.665020	142.930546	-138.351960
140.892985	142.779561	-138.576177
141.127397	142.624307	-138.806734
141.368257	142.464783	-139.043633
141.615563	142.300989	-139.286873
141.869316	142.132926	-139.536453
142.129515	141.960592	-139.792374
142.396162	141.783989	-140.054636
142.669256	141.603116	-140.323239
142.948796	141.417973	-140.598183
143.234783	141.228560	-140.879468
143.527217	141.034878	-141.167094
143.826099	140.836925	-141.461060
144.131426	140.634703	-141.761367
144.443201	140.428211	-142.068015
144.761423	140.217449	-142.381004
144.905579	140.121973	-142.522790
145.056182	140.022227	-142.670917
145.213232	139.918211	-142.825385
145.376729	139.809925	-142.986193
145.546673	139.697370	-143.153343
145.723064	139.580544	-143.326833
145.905901	139.459449	-143.506664
146.095186	139.334084	-143.692836
146.290917	139.204450	-143.885348
146.493095	139.070545	-144.084202
146.701720	138.932371	-144.289397
146.916792	138.789926	-144.500932
147.138311	138.643212	-144.718808
147.366277	138.492229	-144.943025
147.600689	138.336975	-145.173583
147.841548	138.177451	-145.410482
148.088855	138.013658	-145.653722
148.342608	137.845595	-145.903302
148.602808	137.673262	-146.159224
148.869455	137.496660	-146.421486
149.142549	137.315787	-146.690089
149.422089	137.130645	-146.965033
149.708077	136.941233	-147.246318
150.000511	136.747551	-147.533944
150.299392	136.549599	-147.827911
150.604721	136.347378	-148.128218
150.916496	136.140886	-148.434866
151.234718	135.930125	-148.747856
151.378874	135.834649	-148.889641
151.529477	135.734903	-149.037768
151.686527	135.630887	-149.192236
151.850024	135.522602	-149.353045
152.019968	135.410047	-149.520194
152.196359	135.293222	-149.693684
152.379197	135.172127	-149.873515
152.568481	135.046762	-150.059687
152.764213	134.917128	-150.252200
152.966391	134.783223	-150.451054
153.175016	134.645049	-150.656249
153.390088	134.502605	-150.867784
153.611607	134.355891	-151.085660
153.839573	134.204908	-151.309877
154.073985	134.049655	-151.540436
154.314845	133.890131	-151.777334
154.562151	133.726338	-152.020574
154.815904	133.558276	-152.270155
155.076105	133.385943	-152.526076
155.342752	133.209341	-152.788339
155.615845	133.028468	-153.056942
155.895386	132.843326	-153.331886
156.181374	132.653914	-153.613171
156.473808	132.460233	-153.900797
156.772690	132.262281	-154.194763
157.078018	132.060060	-154.495071
157.389793	131.853569	-154.801719
157.708015	131.642808	-155.114709
157.852172	131.547332	-155.256495
158.002775	131.447587	-155.404622
158.159825	131.343571	-155.559089
158.323322	131.235286	-155.719898
158.493266	131.122731	-155.887047
158.669657	131.005906	-156.060538
158.852495	130.884811	-156.240369
159.041779	130.759446	-156.426541
159.237511	130.629812	-156.619054
159.439689	130.495908	-156.817907
159.648314	130.357734	-157.023102
159.863386	130.215290	-157.234638
160.084905	130.068576	-157.452514
160.312871	129.917593	-157.676731
160.547284	129.762339	-157.907289
160.788143	129.602816	-158.144188
161.035450	129.439024	-158.387428
161.289203	129.270961	-158.637009
161.549403	129.098628	-158.892930
161.816050	128.922026	-159.155193
162.089144	128.741154	-159.423796
162.368685	128.556012	-159.698740
162.654673	128.366600	-159.980025
162.947107	128.172919	-160.267651
163.245989	127.974968	-160.561617
163.551317	127.772747	-160.861925
163.863092	127.566256	-161.168573
164.181314	127.355495	-161.481563
164.325471	127.260019	-161.623349
164.476074	127.160273	-161.771476
164.633124	127.056258	-161.925943
164.796621	126.947973	-162.086752
164.966565	126.835417	-162.253901
165.142956	126.718593	-162.427392
165.325794	126.597498	-162.607223
165.515078	126.472133	-162.793395
165.710810	126.342499	-162.985908
165.912988	126.208595	-163.184762
166.121613	126.070421	-163.389956
166.336685	125.927977	-163.601492
166.558204	125.781264	-163.819368
166.786170	125.630280	-164.043585
167.020583	125.475027	-164.274144
167.261443	125.315504	-164.511043
167.508749	125.151711	-164.754282
167.762502	124.983649	-165.003863
168.022703	124.811316	-165.259785
168.289350	124.634714	-165.522047
168.562444	124.453842	-165.790650
168.841984	124.268700	-166.065594
169.127972	124.079288	-166.346879
169.420407	123.885607	-166.634505
169.719288	123.687656	-166.928472
170.024616	123.485435	-167.228780
170.336392	123.278944	-167.535428
170.654614	123.068183	-167.848417
170.798770	122.972707	-167.990203
170.949374	122.872962	-168.138330
171.106424	122.768946	-168.292798
171.269921	122.660661	-168.453607
171.439865	122.548106	-168.620756
171.616256	122.431281	-168.794246
171.799093	122.310186	-168.974078
171.988378	122.184822	-169.160250
172.184109	122.055187	-169.352763
172.386288	121.921283	-169.551616
172.594913	121.783109	-169.756811
172.809985	121.640666	-169.968347
173.031504	121.493952	-170.186223
173.259470	121.342969	-170.410440
173.493883	121.187716	-170.640998
173.734742	121.028193	-170.877897
173.982049	120.864400	-171.121137
174.235802	120.696337	-171.370718
174.496002	120.524005	-171.626639
174.762649	120.347403	-171.888902
175.035743	120.166531	-172.157505
175.315284	119.981389	-172.432449
175.601272	119.791977	-172.713734
175.893706	119.598296	-173.001360
176.192588	119.400345	-173.295327
176.497916	119.198124	-173.595634
176.809691	118.991633	-173.902283
177.127914	118.780872	-174.215272
177.272070	118.685396	-174.357058
177.422673	118.585651	-174.505185
177.579724	118.481635	-174.659653
177.743221	118.373350	-174.820461
177.913165	118.260795	-174.987611
178.089556	118.143970	-175.161101
178.272393	118.022875	-175.340932
178.461678	117.897511	-175.527104
178.657409	117.767876	-175.719617
178.859588	117.633972	-175.918471
179.068213	117.495798	-176.123666
179.283285	117.353355	-176.335201
179.504804	117.206641	-176.553078
179.732770	117.055658	-176.777295
179.967183	116.900405	-177.007853
180.208042	116.740882	-177.244752
180.455349	116.577089	-177.487992
180.709102	116.409026	-177.737573
180.969302	116.236694	-177.993494
181.235949	116.060092	-178.255757
181.509043	115.879220	-178.524360
181.788584	115.694078	-178.799304
182.074572	115.504666	-179.080589
182.367006	115.310985	-179.368215
182.665888	115.113034	-179.662182
182.971216	114.910813	-179.962489
183.282991	114.704322	-180.269138
183.601214	114.493561	-180.582127
183.745370	114.398085	-180.723913
183.895973	114.298340	-180.872040
184.053024	114.194324	-181.026508
184.216521	114.086039	-181.187316
184.386465	113.973484	-181.354466
184.562856	113.856659	-181.527956
184.745693	113.735565	-181.707787
184.934978	113.610200	-181.893959
185.130709	113.480566	-182.086472
185.332888	113.346662	-182.285326
185.541513	113.208488	-182.490521
185.756585	113.066044	-182.702056
185.978104	112.919331	-182.919933
186.206070	112.768347	-183.144150
186.440483	112.613094	-183.374708
186.681342	112.453571	-183.611607
186.928649	112.289778	-183.854847
187.182402	112.121716	-184.104428
187.442602	111.949383	-184.360349
187.709249	111.772781	-184.622611
187.982343	111.591909	-184.891215
188.261884	111.406767	-185.166159
188.547872	111.217356	-185.447444
188.840306	111.023674	-185.735070
189.139188	110.825723	-186.029037
189.444516	110.623502	-186.329344
189.756291	110.417011	-186.635993
190.074514	110.206251	-186.948982
190.218670	110.110775	-187.090768
190.369273	110.011029	-187.238895
190.526324	109.907014	-187.393363
190.689821	109.798729	-187.554171
190.859765	109.686174	-187.721321
191.036156	109.569349	-187.894811
191.218993	109.448254	-188.074642
191.408278	109.322890	-188.260814
191.604009	109.193255	-188.453327
191.806188	109.059351	-188.652181
192.014813	108.921177	-188.857376
192.229885	108.778734	-189.068911
192.451404	108.632020	-189.286788
192.679370	108.481037	-189.511005
192.913783	108.325784	-189.741563
193.154642	108.166261	-189.978462
193.401949	108.002468	-190.221702
193.655702	107.834405	-190.471282
193.915902	107.662073	-190.727204
194.182549	107.485471	-190.989466
194.455643	107.304599	-191.258070
194.735184	107.119457	-191.533014
195.021172	106.930045	-191.814299
195.313607	106.736364	-192.101925
195.612488	106.538413	-192.395892
195.917816	106.336192	-192.696199
196.229592	106.129701	-193.002848
196.547814	105.918940	-193.315837
196.691970	105.823464	-193.457623
196.842573	105.723719	-193.605750
196.999624	105.619703	-193.760218
197.163121	105.511418	-193.921026
197.333065	105.398863	-194.088176
197.509456	105.282038	-194.261666
197.692293	105.160944	-194.441497
197.881578	105.035579	-194.627669
198.077309	104.905945	-194.820182
198.279488	104.772041	-195.019036
198.488113	104.633867	-195.224231
198.703185	104.491423	-195.435766
198.924704	104.344710	-195.653643
199.152670	104.193726	-195.877860
199.387083	104.038473	-196.108418
199.627942	103.878950	-196.345317
199.875249	103.715157	-196.588557
200.129002	103.547095	-196.838137
200.389202	103.374762	-197.094059
200.655849	103.198160	-197.356321
200.928943	103.017288	-197.624925
201.208484	102.832146	-197.899869
201.494472	102.642735	-198.181154
201.786907	102.449053	-198.468780
202.085788	102.251102	-198.762746
202.391116	102.048881	-199.063054
202.702892	101.842390	-199.369703
203.021114	101.631630	-199.682692
203.165270	101.536154	-199.824478
203.315874	101.436408	-199.972605
203.472924	101.332393	-200.127073
203.636421	101.224108	-200.287881
203.806365	101.111553	-200.455031
203.982756	100.994728	-200.628521
204.165593	100.873633	-200.808352
204.354878	100.748269	-200.994524
204.550610	100.618634	-201.187037
204.752788	100.484730	-201.385891
204.961413	100.346556	-201.591086
205.176485	100.204113	-201.802621
205.398004	100.057399	-202.020498
205.625970	99.906416	-202.244715
205.860383	99.751163	-202.475273
206.101242	99.591640	-202.712172
206.348549	99.427847	-202.955412
206.602302	99.259784	-203.204992
206.862502	99.087452	-203.460914
207.129150	98.910850	-203.723176
207.402244	98.729978	-203.991780
207.681784	98.544836	-204.266724
207.967772	98.355424	-204.548009
208.260207	98.161743	-204.835635
208.559088	97.963792	-205.129601
208.864416	97.761571	-205.429909
209.176192	97.555080	-205.736558
209.494414	97.344319	-206.049547
209.638570	97.248844	-206.191333
209.789174	97.149098	-206.339460
209.946224	97.045082	-206.493928
210.109721	96.936797	-206.654736
210.279665	96.824242	-206.821886
210.456056	96.707417	-206.995376
210.638894	96.586323	-207.175207
210.828178	96.460958	-207.361379
211.023910	96.331324	-207.553892
211.226088	96.197420	-207.752746
211.434713	96.059246	-207.957941
211.649785	95.916802	-208.169476
211.871304	95.770089	-208.387352
212.099270	95.619105	-208.611570
212.333683	95.463852	-208.842128
212.574542	95.304329	-209.079027
212.821849	95.140536	-209.322267
213.075602	94.972474	-209.571847
213.335803	94.800142	-209.827769
213.602450	94.623539	-210.090031
213.875544	94.442667	-210.358635
214.155084	94.257526	-210.633579
214.441072	94.068114	-210.914864
214.733507	93.874433	-211.202490
215.032388	93.676481	-211.496456
215.337717	93.474260	-211.796764
215.649492	93.267770	-212.103413
215.967714	93.057009	-212.416402
216.111870	92.961533	-212.558188
216.262474	92.861787	-212.706315
216.419524	92.757772	-212.860782
216.583021	92.649487	-213.021591
216.752965	92.536932	-213.188741
216.929356	92.420107	-213.362231
217.112194	92.299012	-213.542062
217.301478	92.173648	-213.728234
217.497210	92.044013	-213.920747
217.699388	91.910109	-214.119601
217.908013	91.771935	-214.324796
218.123085	91.629492	-214.536331
218.344604	91.482778	-214.754207
218.572570	91.331795	-214.978425
218.806983	91.176542	-215.208983
219.047843	91.017019	-215.445882
219.295149	90.853226	-215.689122
219.548902	90.685164	-215.938702
219.809103	90.512831	-216.194624
220.075750	90.336229	-216.456886
220.348844	90.155357	-216.725490
220.628385	89.970215	-217.000434
220.914372	89.780804	-217.281719
221.206807	89.587122	-217.569345
221.505688	89.389171	-217.863311
221.811017	89.186950	-218.163619
222.122792	88.980459	-218.470267
222.441014	88.769698	-218.783257
222.585170	88.674223	-218.925043
222.735774	88.574477	-219.073170
222.892824	88.470462	-219.227637
223.056321	88.362176	-219.388446
223.226265	88.249621	-219.555596
223.402656	88.132796	-219.729086
223.585494	88.011702	-219.908917
223.774778	87.886337	-220.095089
223.970510	87.756703	-220.287602
224.172688	87.622799	-220.486456
224.381313	87.484625	-220.691651
224.596386	87.342181	-220.903186
224.817904	87.195468	-221.121062
225.045870	87.044484	-221.345280
225.280283	86.889231	-221.575838
225.521143	86.729708	-221.812737
225.768449	86.565916	-222.055977
226.022202	86.397853	-222.305557
226.282403	86.225521	-222.561479
226.549050	86.048919	-222.823741
226.822144	85.868047	-223.092345
227.101685	85.682905	-223.367289
227.387672	85.493493	-223.648574
227.680107	85.299812	-223.936200
227.978988	85.101861	-224.230166
228.284317	84.899640	-224.530474
228.596092	84.693149	-224.837122
228.914314	84.482388	-225.150112
229.058471	84.386912	-225.291898
229.209074	84.287167	-225.440025
229.366124	84.183151	-225.594492
229.529621	84.074866	-225.755301
229.699565	83.962311	-225.922451
229.875956	83.845486	-226.095941
230.058794	83.724391	-226.275772
230.248078	83.599027	-226.461944
230.443810	83.469393	-226.654457
230.645988	83.335488	-226.853311
230.854613	83.197315	-227.058505
231.069686	83.054871	-227.270041
231.291205	82.908157	-227.487917
231.519170	82.757174	-227.712135
231.753583	82.601921	-227.942693
231.994443	82.442398	-228.179592
232.241749	82.278605	-228.422832
232.495503	82.110543	-228.672412
232.755703	81.938210	-228.928334
233.022350	81.761608	-229.190596
233.295444	81.580736	-229.459200
233.574985	81.395594	-229.734144
233.860972	81.206183	-230.015429
234.153407	81.012501	-230.303055
234.452288	80.814550	-230.597021
234.757617	80.612329	-230.897329
235.069392	80.405838	-231.203977
235.387614	80.195078	-231.516967
235.531771	80.099602	-231.658753
235.682374	79.999856	-231.806880
235.839424	79.895841	-231.961347
236.002921	79.787555	-232.122156
236.172865	79.675000	-232.289305
236.349256	79.558176	-232.462796
236.532094	79.437081	-232.642627
236.721379	79.311716	-232.828799
236.917110	79.182082	-233.021312
237.119288	79.048178	-233.220166
237.327914	78.910004	-233.425360
237.542986	78.767560	-233.636896
237.764505	78.620847	-233.854772
237.992471	78.469864	-234.078990
238.226883	78.314610	-234.309548
238.467743	78.155088	-234.546447
238.715049	77.991295	-234.789687
238.968803	77.823232	-235.039267
239.229003	77.650900	-235.295189
239.495650	77.474298	-235.557451
239.768744	77.293426	-235.826055
240.048285	77.108284	-236.100999
240.334273	76.918872	-236.382284
240.626707	76.725191	-236.669910
240.925589	76.527240	-236.963876
241.230917	76.325019	-237.264184
241.542692	76.118528	-237.570832
241.860914	75.907767	-237.883822
242.005071	75.812291	-238.025608
242.155674	75.712546	-238.173735
242.312724	75.608530	-238.328202
242.476221	75.500245	-238.489011
242.646165	75.387690	-238.656160
242.822556	75.270865	-238.829651
243.005394	75.149770	-239.009482
243.194679	75.024406	-239.195654
243.390410	74.894772	-239.388167
243.592588	74.760868	-239.587021
243.801214	74.622694	-239.792215
244.016286	74.480250	-240.003751
244.237805	74.333537	-240.221627
244.465771	74.182553	-240.445845
244.700183	74.027300	-240.676403
244.941043	73.867777	-240.913302
245.188349	73.703984	-241.156541
245.442103	73.535922	-241.406122
245.702303	73.363589	-241.662044
245.968950	73.186987	-241.924306
246.242044	73.006115	-242.192909
246.521585	72.820973	-242.467854
246.807573	72.631562	-242.749139
247.100007	72.437880	-243.036765
247.398889	72.239929	-243.330731
247.704217	72.037708	-243.631039
248.015992	71.831217	-243.937687
248.334214	71.620457	-244.250677
248.478371	71.524981	-244.392463
248.628974	71.425235	-244.540590
248.786024	71.321220	-244.695057
248.949522	71.212935	-244.855866
249.119465	71.100380	-245.023015
249.295856	70.983555	-245.196506
249.478694	70.862460	-245.376337
249.667979	70.737096	-245.562509
249.863710	70.607461	-245.755022
250.065889	70.473557	-245.953876
250.274514	70.335383	-246.159070
250.489586	70.192940	-246.370606
250.711105	70.046226	-246.588482
250.939071	69.895243	-246.812700
251.173483	69.739990	-247.043258
251.414343	69.580467	-247.280157
