-8.601510	238.058372	6.838645
-8.605944	237.990874	6.840817
-8.617417	237.919000	6.848584
-8.635930	237.842751	6.861946
-8.661483	237.762127	6.880902
-8.694078	237.677131	6.905452
-8.733715	237.587762	6.935595
-8.780395	237.494022	6.971332
-8.834120	237.395912	7.012661
-8.894889	237.293432	7.059583
-8.962705	237.186584	7.112098
-9.037568	237.075369	7.170204
-9.119478	236.959787	7.233901
-9.208437	236.839840	7.303190
-9.304445	236.715529	7.378069
-9.407503	236.586854	7.458540
-9.517612	236.453817	7.544600
-9.634774	236.316418	7.636250
-9.758988	236.174658	7.733491
-9.890255	236.028539	7.836320
-10.028577	235.878061	7.944739
-10.173954	235.723226	8.058747
-10.326386	235.564034	8.178344
-10.485875	235.400487	8.303530
-10.652422	235.232585	8.434304
-10.826026	235.060329	8.570666
-11.006689	234.883720	8.712617
-11.194412	234.702760	8.860156
-11.389195	234.517449	9.013282
-11.591038	234.327788	9.171997
-11.799944	234.133779	9.336299
-12.015911	233.935422	9.506190
-12.238941	233.732718	9.681667
-12.469035	233.525668	9.862733
-12.706193	233.314273	10.049386
-12.950415	233.098535	10.241626
-13.201703	232.878453	10.439454
-13.460057	232.654030	10.642870
-13.725477	232.425267	10.851873
-13.997965	232.192163	11.066463
-14.277520	231.954720	11.286642
-14.564144	231.712940	11.512407
-14.857837	231.466823	11.743761
-15.158599	231.216370	11.980702
-15.466431	230.961583	12.223232
-15.781334	230.702461	12.471349
-16.103308	230.439007	12.725054
-16.432354	230.171221	12.984348
-16.580555	230.051239	13.101140
-16.735830	229.926926	13.223520
-16.898177	229.798284	13.351489
-17.067597	229.665312	13.485047
-17.244090	229.528011	13.624192
-17.427656	229.386382	13.768927
-17.618296	229.240424	13.919250
-17.816010	229.090139	14.075161
-18.020798	228.935527	14.236661
-18.232660	228.776589	14.403750
-18.451597	228.613324	14.576428
-18.677609	228.445733	14.754695
-18.910695	228.273817	14.938551
-19.150857	228.097576	15.127996
-19.398094	227.917010	15.323030
-19.652406	227.732121	15.523653
-19.913795	227.542908	15.729865
-20.182259	227.349373	15.941667
-20.457800	227.151514	16.159058
-20.740417	226.949333	16.382039
-21.030111	226.742831	16.610609
-21.326882	226.532008	16.844769
-21.630729	226.316864	17.084519
-21.941655	226.097399	17.329858
-22.259657	225.873615	17.580788
-22.584738	225.645511	17.837307
-22.916896	225.413088	18.099417
-23.256133	225.176347	18.367117
-23.410171	225.069127	18.488674
-23.571287	224.957588	18.615821
-23.739482	224.841732	18.748559
-23.914755	224.721559	18.886887
-24.097107	224.597068	19.030806
-24.286538	224.468260	19.180315
-24.483048	224.335136	19.335415
-24.686637	224.197695	19.496105
-24.897305	224.055938	19.662387
-25.115052	223.909865	19.834258
-25.339878	223.759476	20.011721
-25.571784	223.604771	20.194775
-25.810770	223.445751	20.383419
-26.056835	223.282416	20.577654
-26.309979	223.114765	20.777480
-26.570203	222.942800	20.982898
-26.837508	222.766520	21.193906
-27.111892	222.585925	21.410505
-27.393356	222.401017	21.632696
-27.681900	222.211794	21.860477
-27.977524	222.018258	22.093850
-28.280229	221.820408	22.332815
-28.590014	221.618245	22.577370
-28.906880	221.411768	22.827517
-29.230826	221.200979	23.083256
-29.561852	220.985877	23.344586
-29.899960	220.766462	23.611507
-30.245148	220.542735	23.884021
-30.401616	220.441447	24.007546
-30.565164	220.335847	24.136664
-30.735794	220.225935	24.271373
-30.913504	220.111711	24.411674
-31.098296	219.993176	24.557567
-31.290168	219.870329	24.709052
-31.489122	219.743171	24.866128
-31.695157	219.611701	25.028796
-31.908273	219.475919	25.197056
-32.128471	219.335827	25.370908
-32.355750	219.191424	25.550352
-32.590110	219.042709	25.735388
-32.831551	218.889684	25.926015
-33.080074	218.732347	26.122235
-33.335679	218.570700	26.324047
-33.598365	218.404743	26.531451
-33.868132	218.234475	26.744446
-34.144982	218.059896	26.963034
-34.428912	217.881007	27.187214
-34.719925	217.697808	27.416986
-35.018019	217.510299	27.652350
-35.323195	217.318480	27.893307
-35.635452	217.122351	28.139855
-35.954792	216.921911	28.391996
-36.281213	216.717163	28.649729
-36.614716	216.508104	28.913055
-36.955302	216.294736	29.181972
-37.302969	216.077059	29.456482
-37.460493	215.978487	29.580860
-37.625099	215.875606	29.710830
-37.796787	215.768416	29.846392
-37.975557	215.656916	29.987547
-38.161410	215.541108	30.134294
-38.354344	215.420990	30.286634
-38.554361	215.296563	30.444566
-38.761459	215.167827	30.608090
-38.975640	215.034782	30.777207
-39.196903	214.897429	30.951917
-39.425249	214.755766	31.132218
-39.660676	214.609794	31.318113
-39.903186	214.459514	31.509600
-40.152778	214.304925	31.706679
-40.409452	214.146027	31.909351
-40.673209	213.982820	32.117615
-40.944048	213.815305	32.331472
-41.221969	213.643481	32.550922
-41.506972	213.467349	32.775964
-41.799058	213.286908	33.006598
-42.098227	213.102159	33.242826
-42.404477	212.913102	33.484646
-42.717810	212.719736	33.732058
-43.038226	212.522061	33.985063
-43.365724	212.320079	34.243661
-43.700304	212.113788	34.507851
-44.041967	211.903189	34.777635
-44.390713	211.688282	35.053010
-44.548707	211.590947	35.177765
-44.713783	211.489303	35.308113
-44.885942	211.383352	35.444053
-45.065183	211.273092	35.585586
-45.251507	211.158525	35.732712
-45.444914	211.039650	35.885430
-45.645403	210.916466	36.043742
-45.852975	210.788975	36.207646
-46.067629	210.657176	36.377142
-46.289366	210.521068	36.552232
-46.518186	210.380653	36.732914
-46.754088	210.235931	36.919189
-46.997072	210.086900	37.111057
-47.247140	209.933561	37.308517
-47.504290	209.775915	37.511570
-47.768522	209.613961	37.720216
-48.039838	209.447699	37.934455
-48.318236	209.277130	38.154287
-48.603716	209.102252	38.379711
-48.896280	208.923067	38.610729
-49.195926	208.739575	38.847339
-49.502655	208.551774	39.089541
-49.816466	208.359666	39.337337
-50.137360	208.163251	39.590726
-50.465337	207.962528	39.849707
-50.800396	207.757497	40.114281
-51.142539	207.548159	40.384448
-51.491764	207.334513	40.660208
-51.649969	207.237739	40.785132
-51.815257	207.136658	40.915649
-51.987627	207.031269	41.051759
-52.167080	206.921573	41.193461
-52.353616	206.807569	41.340757
-52.547235	206.689258	41.493645
-52.747937	206.566639	41.652127
-52.955721	206.439713	41.816201
-53.170588	206.308480	41.985868
-53.392538	206.172939	42.161127
-53.621571	206.033091	42.341980
-53.857686	205.888935	42.528426
-54.100884	205.740472	42.720464
-54.351166	205.587701	42.918096
-54.608529	205.430624	43.121320
-54.872976	205.269238	43.330137
-55.144506	205.103546	43.544548
-55.423118	204.933546	43.764551
-55.708813	204.759239	43.990147
-56.001591	204.580624	44.221335
-56.301452	204.397702	44.458117
-56.608395	204.210473	44.700492
-56.922422	204.018937	44.948459
-57.243531	203.823093	45.202020
-57.571723	203.622942	45.461173
-57.906998	203.418484	45.725920
-58.249356	203.209719	45.996259
-58.598797	202.996646	46.272191
-58.757097	202.900127	46.397192
-58.922480	202.799301	46.527785
-59.094946	202.694167	46.663971
-59.274495	202.584726	46.805750
-59.461127	202.470979	46.953122
-59.654842	202.352923	47.106087
-59.855639	202.230561	47.264645
-60.063520	202.103892	47.428796
-60.278483	201.972915	47.598540
-60.500529	201.837631	47.773876
-60.729658	201.698040	47.954806
-60.965870	201.554141	48.141329
-61.209165	201.405936	48.333444
-61.459543	201.253423	48.531153
-61.717003	201.096604	48.734454
-61.981547	200.935477	48.943349
-62.253173	200.770043	49.157836
-62.531882	200.600301	49.377916
-62.817674	200.426253	49.603590
-63.110549	200.247897	49.834856
-63.410507	200.065235	50.071715
-63.717548	199.878265	50.314168
-64.031671	199.686988	50.562213
-64.352878	199.491404	50.815851
-64.681167	199.291512	51.075082
-65.016540	199.087314	51.339906
-65.358995	198.878809	51.610323
-65.708533	198.665996	51.886333
-65.866876	198.569593	52.011368
-66.032303	198.468882	52.141995
-66.204812	198.363864	52.278216
-66.384405	198.254540	52.420030
-66.571080	198.140908	52.567436
-66.764838	198.022969	52.720436
-66.965679	197.900723	52.879029
-67.173603	197.774170	53.043214
-67.388610	197.643310	53.212993
-67.610699	197.508142	53.388364
-67.839872	197.368668	53.569329
-68.076128	197.224886	53.755886
-68.319466	197.076798	53.948037
-68.569888	196.924402	54.145780
-68.827392	196.767700	54.349117
-69.091979	196.606690	54.558046
-69.363649	196.441373	54.772568
-69.642402	196.271749	54.992684
-69.928238	196.097818	55.218392
-70.221157	195.919580	55.449693
-70.521159	195.737035	55.686588
-70.828244	195.550183	55.929075
-71.142411	195.359024	56.177155
-71.463662	195.163557	56.430828
-71.791995	194.963784	56.690095
-72.127412	194.759704	56.954954
-72.469911	194.551316	57.225406
-72.819494	194.338622	57.501451
-72.977857	194.242271	57.626502
-73.143303	194.141613	57.757145
-73.315832	194.036648	57.893381
-73.495444	193.927376	58.035211
-73.682139	193.813796	58.182633
-73.875916	193.695910	58.335648
-74.076777	193.573717	58.494257
-74.284721	193.447217	58.658458
-74.499747	193.316409	58.828252
-74.721857	193.181295	59.003639
-74.951049	193.041874	59.184620
-75.187325	192.898145	59.371193
-75.430683	192.750110	59.563359
-75.681124	192.597767	59.761118
-75.938649	192.441118	59.964471
-76.203256	192.280161	60.173416
-76.474946	192.114898	60.387954
-76.753719	191.945327	60.608085
-77.039575	191.771449	60.833809
-77.332513	191.593265	61.065127
-77.632535	191.410773	61.302037
-77.939640	191.223974	61.544540
-78.253828	191.032869	61.792636
-78.575098	190.837456	62.046325
-78.903452	190.637736	62.305607
-79.238888	190.433709	62.570483
-79.581407	190.225375	62.840951
-79.931010	190.012735	63.117012
-80.089382	189.916407	63.242069
-80.254837	189.815773	63.372720
-80.427375	189.710832	63.508963
-80.606996	189.601584	63.650800
-80.793699	189.488029	63.798229
-80.987486	189.370166	63.951251
-81.188356	189.247997	64.109867
-81.396309	189.121521	64.274075
-81.611344	188.990737	64.443877
-81.833463	188.855647	64.619271
-82.062664	188.716250	64.800259
-82.298948	188.572545	64.986839
-82.542316	188.424534	65.179012
-82.792766	188.272216	65.376779
-83.050299	188.115590	65.580138
-83.314915	187.954658	65.789091
-83.586614	187.789419	66.003636
-83.865396	187.619872	66.223774
-84.151261	187.446019	66.449506
-84.444209	187.267858	66.680830
-84.744240	187.085391	66.917748
-85.051354	186.898616	67.160258
-85.365551	186.707535	67.408361
-85.686830	186.512146	67.662058
-86.015193	186.312451	67.921347
-86.350638	186.108448	68.186229
-86.693167	185.900139	68.456705
-87.042778	185.687522	68.732773
-87.201154	185.591206	68.857834
-87.366613	185.490583	68.988488
-87.539155	185.385652	69.124734
-87.718780	185.276415	69.266574
-87.905488	185.162871	69.414007
-88.099279	185.045019	69.567032
-88.300153	184.922861	69.725651
-88.508110	184.796396	69.889863
-88.723149	184.665623	70.059667
-88.945272	184.530544	70.235065
-89.174477	184.391157	70.416056
-89.410766	184.247464	70.602639
-89.654137	184.099464	70.794816
-89.904591	183.947156	70.992585
-90.162129	183.790542	71.195948
-90.426749	183.629620	71.404904
-90.698452	183.464392	71.619452
-90.977238	183.294856	71.839594
-91.263107	183.121014	72.065329
-91.556059	182.942865	72.296656
-91.856094	182.760408	72.533577
-92.163212	182.573645	72.776091
-92.477413	182.382574	73.024197
-92.798697	182.187197	73.277897
-93.127064	181.987513	73.537190
-93.462513	181.783521	73.802075
-93.805046	181.575223	74.072554
-94.154661	181.362617	74.348626
-94.313039	181.266306	74.473688
-94.478500	181.165687	74.604343
-94.651044	181.060762	74.740591
-94.830671	180.951529	74.882432
-95.017381	180.837990	75.029866
-95.211173	180.720144	75.182894
-95.412049	180.597990	75.341514
-95.620007	180.471530	75.505727
-95.835049	180.340762	75.675533
-96.057173	180.205688	75.850932
-96.286381	180.066306	76.031924
-96.522671	179.922618	76.218509
-96.766044	179.774623	76.410687
-97.016501	179.622320	76.608459
-97.274040	179.465711	76.811823
-97.538662	179.304794	77.020780
-97.810367	179.139571	77.235330
-98.089155	178.970041	77.455473
-98.375026	178.796203	77.681209
-98.667980	178.618059	77.912538
-98.968016	178.435607	78.149461
-99.275136	178.248849	78.391976
-99.589339	178.057783	78.640084
-99.910625	177.862411	78.893785
-100.238993	177.662732	79.153079
-100.574445	177.458745	79.417966
-100.916979	177.250452	79.688447
-101.266597	177.037851	79.964520
-101.424975	176.941542	80.089583
-101.590437	176.840926	80.220238
-101.762982	176.736003	80.356487
-101.942609	176.626773	80.498329
-102.129320	176.513235	80.645764
-102.323114	176.395391	80.798791
-102.523990	176.273240	80.957412
-102.731949	176.146782	81.121626
-102.946992	176.016017	81.291433
-103.169117	175.880945	81.466833
-103.398325	175.741565	81.647825
-103.634616	175.597879	81.834411
-103.877991	175.449886	82.026590
-104.128448	175.297586	82.224362
-104.385988	175.140979	82.427727
-104.650611	174.980065	82.636685
-104.922316	174.814843	82.851235
-105.201105	174.645315	83.071379
-105.486977	174.471480	83.297116
-105.779932	174.293338	83.528446
-106.079969	174.110889	83.765369
-106.387090	173.924133	84.007885
-106.701294	173.733070	84.255993
-107.022580	173.537700	84.509695
-107.350950	173.338022	84.768990
-107.686402	173.134038	85.033878
-108.028937	172.925747	85.304359
-108.378556	172.713149	85.580433
-108.536935	172.616841	85.705496
-108.702397	172.516226	85.836152
-108.874942	172.411304	85.972401
-109.054570	172.302074	86.114243
-109.241281	172.188538	86.261678
-109.435075	172.070695	86.414706
-109.635952	171.948545	86.573327
-109.843911	171.822088	86.737541
-110.058954	171.691324	86.907348
-110.281080	171.556252	87.082749
-110.510288	171.416874	87.263742
-110.746580	171.273189	87.450328
-110.989954	171.125197	87.642507
-111.240412	170.972898	87.840279
-111.497952	170.816292	88.043644
-111.762576	170.655379	88.252602
-112.034282	170.490159	88.467153
-112.313071	170.320631	88.687297
-112.598943	170.146797	88.913035
-112.891898	169.968656	89.144365
-113.191936	169.786208	89.381288
-113.499057	169.599453	89.623804
-113.813261	169.408391	89.871913
-114.134548	169.213022	90.125615
-114.462918	169.013346	90.384910
-114.798371	168.809363	90.649799
-115.140907	168.601073	90.920280
-115.490525	168.388476	91.196354
-115.648905	168.292168	91.321417
-115.814367	168.191553	91.452073
-115.986912	168.086631	91.588323
-116.166540	167.977403	91.730165
-116.353252	167.863867	91.877600
-116.547046	167.746024	92.030628
-116.747923	167.623875	92.189249
-116.955883	167.497418	92.353464
-117.170925	167.366654	92.523271
-117.393051	167.231584	92.698671
-117.622260	167.092206	92.879664
-117.858552	166.948521	93.066251
-118.101926	166.800530	93.258430
-118.352384	166.648231	93.456202
-118.609925	166.491625	93.659567
-118.874548	166.330713	93.868526
-119.146255	166.165493	94.083077
-119.425044	165.995966	94.303221
-119.710916	165.822133	94.528959
-120.003872	165.643992	94.760289
-120.303910	165.461545	94.997212
-120.611031	165.274790	95.239728
-120.925235	165.083728	95.487838
-121.246522	164.888360	95.741540
-121.574892	164.688684	96.000835
-121.910345	164.484701	96.265724
-122.252881	164.276412	96.536205
-122.602500	164.063815	96.812279
-122.760879	163.967508	96.937342
-122.926342	163.866893	97.067999
-123.098887	163.761972	97.204248
-123.278515	163.652743	97.346090
-123.465227	163.539208	97.493526
-123.659021	163.421365	97.646554
-123.859898	163.299216	97.805175
-124.067858	163.172759	97.969389
-124.282901	163.041996	98.139197
-124.505027	162.906925	98.314597
-124.734236	162.767548	98.495590
-124.970527	162.623864	98.682177
-125.213902	162.475872	98.874356
-125.464360	162.323574	99.072128
-125.721901	162.166968	99.275494
-125.986524	162.006056	99.484452
-126.258231	161.840836	99.699003
-126.537020	161.671310	99.919148
-126.822893	161.497476	100.144885
-127.115848	161.319336	100.376215
-127.415886	161.136889	100.613139
-127.723008	160.950134	100.855655
-128.037212	160.759073	101.103764
-128.358499	160.563704	101.357467
-128.686869	160.364029	101.616762
-129.022322	160.160047	101.881650
-129.364858	159.951757	102.152132
-129.714477	159.739161	102.428206
-129.872856	159.642854	102.553269
-130.038319	159.542239	102.683926
-130.210864	159.437318	102.820175
-130.390492	159.328089	102.962017
-130.577204	159.214554	103.109453
-130.770998	159.096712	103.262481
-130.971875	158.974562	103.421102
-131.179835	158.848106	103.585317
-131.394878	158.717342	103.755124
-131.617004	158.582272	103.930524
-131.846213	158.442895	104.111518
-132.082505	158.299210	104.298104
-132.325880	158.151219	104.490283
-132.576337	157.998921	104.688056
-132.833878	157.842315	104.891421
-133.098502	157.681403	105.100379
-133.370208	157.516184	105.314931
-133.648998	157.346657	105.535075
-133.934870	157.172824	105.760813
-134.227826	156.994684	105.992143
-134.527864	156.812236	106.229066
-134.834985	156.625482	106.471583
-135.149189	156.434421	106.719692
-135.470477	156.239052	106.973394
-135.798847	156.039377	107.232690
-136.134300	155.835395	107.497578
-136.476836	155.627106	107.768060
-136.826455	155.414509	108.044134
-136.984834	155.318202	108.169197
-137.150297	155.217588	108.299854
-137.322842	155.112666	108.436103
-137.502470	155.003438	108.577945
-137.689182	154.889903	108.725381
-137.882976	154.772060	108.878409
-138.083853	154.649911	109.037030
-138.291813	154.523455	109.201245
-138.506856	154.392691	109.371052
-138.728982	154.257621	109.546452
-138.958191	154.118244	109.727446
-139.194483	153.974559	109.914032
-139.437858	153.826568	110.106211
-139.688315	153.674270	110.303984
-139.945856	153.517664	110.507349
-140.210480	153.356752	110.716308
-140.482186	153.191533	110.930859
-140.760976	153.022007	111.151003
-141.046848	152.848173	111.376741
-141.339804	152.670033	111.608071
-141.639842	152.487586	111.844994
-141.946964	152.300831	112.087511
-142.261168	152.109770	112.335620
-142.582455	151.914402	112.589323
-142.910825	151.714727	112.848618
-143.246278	151.510744	113.113506
-143.588814	151.302455	113.383988
-143.938433	151.089859	113.660062
-144.096813	150.993552	113.785125
-144.262275	150.892937	113.915782
-144.434821	150.788016	114.052031
-144.614449	150.678788	114.193873
-144.801160	150.565252	114.341309
-144.994954	150.447410	114.494337
-145.195831	150.325261	114.652959
-145.403792	150.198804	114.817173
-145.618835	150.068041	114.986980
-145.840961	149.932971	115.162381
-146.070169	149.793593	115.343374
-146.306461	149.649909	115.529960
-146.549836	149.501918	115.722140
-146.800294	149.349620	115.919912
-147.057835	149.193014	116.123277
-147.322458	149.032102	116.332236
-147.594165	148.866883	116.546787
-147.872954	148.697357	116.766932
-148.158827	148.523523	116.992669
-148.451782	148.345383	117.223999
-148.751821	148.162936	117.460923
-149.058942	147.976182	117.703439
-149.373146	147.785120	117.951549
-149.694434	147.589752	118.205251
-150.022804	147.390077	118.464546
-150.358257	147.186095	118.729435
-150.700793	146.977805	118.999916
-151.050412	146.765209	119.275991
-151.208791	146.668902	119.401054
-151.374254	146.568288	119.531710
-151.546799	146.463366	119.667960
-151.726427	146.354138	119.809802
-151.913139	146.240603	119.957237
-152.106933	146.122760	120.110266
-152.307810	146.000611	120.268887
-152.515770	145.874155	120.433101
-152.730813	145.743391	120.602909
-152.952939	145.608321	120.778309
-153.182148	145.468944	120.959302
-153.418440	145.325259	121.145889
-153.661815	145.177268	121.338068
-153.912273	145.024970	121.535840
-154.169813	144.868365	121.739206
-154.434437	144.707452	121.948164
-154.706144	144.542233	122.162716
-154.984933	144.372707	122.382860
-155.270806	144.198874	122.608597
-155.563761	144.020733	122.839928
-155.863799	143.838286	123.076851
-156.170921	143.651532	123.319368
-156.485125	143.460471	123.567477
-156.806412	143.265102	123.821179
-157.134782	143.065427	124.080475
-157.470236	142.861445	124.345363
-157.812772	142.653156	124.615845
-158.162391	142.440560	124.891919
-158.320770	142.344252	125.016982
-158.486232	142.243638	125.147639
-158.658778	142.138717	125.283888
-158.838406	142.029488	125.425730
-159.025117	141.915953	125.573166
-159.218912	141.798111	125.726194
-159.419789	141.675961	125.884815
-159.627749	141.549505	126.049030
-159.842792	141.418742	126.218837
-160.064918	141.283672	126.394237
-160.294127	141.144294	126.575231
-160.530419	141.000610	126.761817
-160.773794	140.852619	126.953997
-161.024251	140.700320	127.151769
-161.281792	140.543715	127.355134
-161.546416	140.382803	127.564093
-161.818122	140.217584	127.778644
-162.096912	140.048057	127.998788
-162.382784	139.874224	128.224526
-162.675740	139.696084	128.455856
-162.975778	139.513637	128.692780
-163.282899	139.326882	128.935296
-163.597104	139.135821	129.183405
-163.918391	138.940453	129.437108
-164.246761	138.740778	129.696403
-164.582214	138.536796	129.961292
-164.924750	138.328506	130.231773
-165.274369	138.115910	130.507847
-165.432749	138.019603	130.632911
-165.598211	137.918989	130.763567
-165.770757	137.814067	130.899816
-165.950385	137.704839	131.041659
-166.137096	137.591304	131.189094
-166.330890	137.473461	131.342123
-166.531768	137.351312	131.500744
-166.739728	137.224856	131.664958
-166.954771	137.094092	131.834766
-167.176897	136.959022	132.010166
-167.406106	136.819645	132.191159
-167.642397	136.675961	132.377746
-167.885772	136.527969	132.569925
-168.136230	136.375671	132.767697
-168.393771	136.219066	132.971063
-168.658394	136.058154	133.180021
-168.930101	135.892934	133.394573
-169.208891	135.723408	133.614717
-169.494763	135.549575	133.840454
-169.787719	135.371435	134.071785
-170.087757	135.188987	134.308708
-170.394878	135.002233	134.551225
-170.709083	134.811172	134.799334
-171.030370	134.615804	135.053036
-171.358740	134.416128	135.312332
-171.694193	134.212146	135.577220
-172.036729	134.003857	135.847702
-172.386348	133.791261	136.123776
-172.544728	133.694954	136.248839
-172.710190	133.594339	136.379496
-172.882735	133.489418	136.515745
-173.062364	133.380190	136.657587
-173.249075	133.266654	136.805023
-173.442869	133.148812	136.958051
-173.643746	133.026663	137.116672
-173.851706	132.900206	137.280887
-174.066749	132.769443	137.450694
-174.288875	132.634373	137.626094
-174.518084	132.494996	137.807088
-174.754376	132.351311	137.993674
-174.997751	132.203320	138.185854
-175.248209	132.051022	138.383626
-175.505750	131.894416	138.586991
-175.770373	131.733504	138.795950
-176.042080	131.568285	139.010501
-176.320869	131.398759	139.230645
-176.606742	131.224925	139.456383
-176.899697	131.046785	139.687713
-177.199736	130.864338	139.924637
-177.506857	130.677584	140.167153
-177.821061	130.486523	140.415262
-178.142349	130.291154	140.668965
-178.470719	130.091479	140.928260
-178.806172	129.887497	141.193149
-179.148708	129.679208	141.463630
-179.498327	129.466612	141.739704
-179.656706	129.370304	141.864768
-179.822169	129.269690	141.995424
-179.994714	129.164769	142.131673
-180.174342	129.055540	142.273516
-180.361054	128.942005	142.420951
-180.554848	128.824163	142.573980
-180.755725	128.702013	142.732601
-180.963685	128.575557	142.896815
-181.178728	128.444794	143.066623
-181.400854	128.309723	143.242023
-181.630063	128.170346	143.423016
-181.866355	128.026662	143.609603
-182.109730	127.878671	143.801782
-182.360188	127.726372	143.999554
-182.617728	127.569767	144.202920
-182.882352	127.408855	144.411878
-183.154059	127.243636	144.626430
-183.432848	127.074109	144.846574
-183.718721	126.900276	145.072311
-184.011676	126.722136	145.303642
-184.311714	126.539689	145.540565
-184.618836	126.352934	145.783082
-184.933040	126.161873	146.031191
-185.254327	125.966505	146.284893
-185.582697	125.766830	146.544189
-185.918151	125.562848	146.809077
-186.260687	125.354558	147.079559
-186.610306	125.141962	147.355633
-186.768685	125.045655	147.480696
-186.934148	124.945041	147.611353
-187.106693	124.840119	147.747602
-187.286321	124.730891	147.889444
-187.473033	124.617356	148.036880
-187.666827	124.499513	148.189908
-187.867704	124.377364	148.348529
-188.075664	124.250908	148.512744
-188.290707	124.120144	148.682551
-188.512833	123.985074	148.857951
-188.742042	123.845697	149.038945
-188.978334	123.702013	149.225531
-189.221709	123.554021	149.417711
-189.472166	123.401723	149.615483
-189.729707	123.245118	149.818848
-189.994331	123.084206	150.027807
-190.266037	122.918986	150.242358
-190.544827	122.749460	150.462502
-190.830699	122.575627	150.688240
-191.123655	122.397487	150.919570
-191.423693	122.215039	151.156494
-191.730815	122.028285	151.399010
-192.045019	121.837224	151.647119
-192.366306	121.641856	151.900822
-192.694676	121.442180	152.160117
-193.030129	121.238198	152.425006
-193.372665	121.029909	152.695487
-193.722284	120.817313	152.971561
-193.880664	120.721006	153.096625
-194.046126	120.620391	153.227281
-194.218672	120.515470	153.363530
-194.398300	120.406242	153.505373
-194.585011	120.292706	153.652808
-194.778806	120.174864	153.805837
-194.979683	120.052715	153.964458
-195.187643	119.926258	154.128672
-195.402686	119.795495	154.298480
-195.624812	119.660425	154.473880
-195.854021	119.521048	154.654873
-196.090313	119.377363	154.841460
-196.333687	119.229372	155.033639
-196.584145	119.077074	155.231411
-196.841686	118.920468	155.434777
-197.106310	118.759556	155.643735
-197.378016	118.594337	155.858287
-197.656806	118.424811	156.078431
-197.942678	118.250977	156.304168
-198.235634	118.072837	156.535499
-198.535672	117.890390	156.772422
-198.842793	117.703636	157.014939
-199.156998	117.512575	157.263048
-199.478285	117.317206	157.516750
-199.806655	117.117531	157.776046
-200.142108	116.913549	158.040934
-200.484644	116.705260	158.311416
-200.834263	116.492664	158.587490
-200.992643	116.396356	158.712553
-201.158105	116.295742	158.843210
-201.330651	116.190821	158.979459
-201.510279	116.081592	159.121301
-201.696990	115.968057	159.268737
-201.890784	115.850215	159.421765
-202.091661	115.728065	159.580386
-202.299622	115.601609	159.744601
-202.514665	115.470846	159.914408
-202.736791	115.335775	160.089808
-202.966000	115.196398	160.270802
-203.202291	115.052714	160.457388
-203.445666	114.904723	160.649568
-203.696124	114.752424	160.847340
-203.953665	114.595819	161.050705
-204.218288	114.434907	161.259664
-204.489995	114.269688	161.474215
-204.768785	114.100161	161.694359
-205.054657	113.926328	161.920097
-205.347612	113.748188	162.151427
-205.647651	113.565741	162.388351
-205.954772	113.378986	162.630867
-206.268976	113.187925	162.878976
-206.590264	112.992557	163.132679
-206.918634	112.792882	163.391974
-207.254087	112.588900	163.656863
-207.596623	112.380610	163.927344
-207.946242	112.168014	164.203418
-208.104622	112.071707	164.328482
-208.270084	111.971093	164.459138
-208.442629	111.866171	164.595387
-208.622258	111.756943	164.737230
-208.808969	111.643408	164.884665
-209.002763	111.525565	165.037694
-209.203640	111.403416	165.196315
-209.411600	111.276960	165.360529
-209.626643	111.146196	165.530337
-209.848769	111.011126	165.705737
-210.077978	110.871749	165.886730
-210.314270	110.728065	166.073317
-210.557645	110.580073	166.265496
-210.808103	110.427775	166.463268
-211.065643	110.271170	166.666634
-211.330267	110.110258	166.875592
-211.601974	109.945038	167.090144
-211.880763	109.775512	167.310288
-212.166636	109.601679	167.536025
-212.459591	109.423539	167.767356
-212.759630	109.241091	168.004279
-213.066751	109.054337	168.246796
-213.380955	108.863276	168.494905
-213.702242	108.667908	168.748607
-214.030613	108.468233	169.007903
-214.366066	108.264250	169.272791
-214.708602	108.055961	169.543273
-215.058221	107.843365	169.819347
-215.216600	107.747058	169.944410
-215.382063	107.646443	170.075067
-215.554608	107.541522	170.211316
-215.734236	107.432294	170.353158
-215.920948	107.318758	170.500594
-216.114742	107.200916	170.653622
-216.315619	107.078767	170.812243
-216.523579	106.952310	170.976458
-216.738622	106.821547	171.146265
-216.960748	106.686477	171.321665
-217.189957	106.547100	171.502659
-217.426249	106.403415	171.689245
-217.669624	106.255424	171.881425
-217.920082	106.103126	172.079197
-218.177622	105.946521	172.282562
-218.442246	105.785608	172.491521
-218.713953	105.620389	172.706072
-218.992742	105.450863	172.926216
-219.278615	105.277030	173.151954
-219.571570	105.098889	173.383284
-219.871608	104.916442	173.620208
-220.178730	104.729688	173.862724
-220.492934	104.538627	174.110833
-220.814221	104.343258	174.364536
-221.142591	104.143583	174.623831
-221.478045	103.939601	174.888720
-221.820581	103.731312	175.159201
-222.170200	103.518716	175.435275
-222.328579	103.422408	175.560339
-222.494042	103.321794	175.690995
-222.666587	103.216873	175.827244
-222.846215	103.107644	175.969087
-223.032926	102.994109	176.116522
-223.226721	102.876267	176.269551
-223.427598	102.754117	176.428172
-223.635558	102.627661	176.592386
-223.850601	102.496898	176.762194
-224.072727	102.361828	176.937594
-224.301936	102.222450	177.118587
-224.538228	102.078766	177.305174
-224.781603	101.930775	177.497353
-225.032060	101.778476	177.695125
-225.289601	101.621871	177.898491
-225.554225	101.460959	178.107449
-225.825931	101.295740	178.322001
-226.104721	101.126213	178.542145
-226.390593	100.952380	178.767882
-226.683549	100.774240	178.999213
-226.983587	100.591793	179.236136
-227.290709	100.405039	179.478653
-227.604913	100.213977	179.726762
-227.926200	100.018609	179.980464
-228.254570	99.818934	180.239760
-228.590023	99.614952	180.504648
-228.932559	99.406663	180.775130
-229.282178	99.194066	181.051204
-229.440558	99.097759	181.176267
-229.606020	98.997145	181.306924
-229.778566	98.892223	181.443173
-229.958194	98.782995	181.585015
-230.144905	98.669460	181.732451
-230.338699	98.551617	181.885479
-230.539577	98.429468	182.044100
-230.747537	98.303012	182.208315
-230.962580	98.172249	182.378122
-231.184706	98.037178	182.553522
-231.413915	97.897801	182.734516
-231.650207	97.754117	182.921102
