6.078229	208.713516	39.361051
6.068858	208.605928	39.408730
6.060873	208.494211	39.465410
6.054270	208.378367	39.531093
6.049047	208.258396	39.605781
6.045199	208.134300	39.689473
6.042723	208.006081	39.782172
6.041615	207.873740	39.883879
6.041871	207.737278	39.994594
6.043489	207.596698	40.114319
6.046465	207.451999	40.243056
6.050794	207.303184	40.380805
6.056474	207.150255	40.527567
6.063501	206.993212	40.683344
6.071872	206.832057	40.848137
6.081584	206.666792	41.021948
6.092632	206.497417	41.204776
6.105014	206.323935	41.396624
6.118726	206.146347	41.597492
6.133765	205.964654	41.807382
6.150128	205.778857	42.026294
6.167812	205.588959	42.254231
6.186813	205.394960	42.491192
6.207128	205.196863	42.737180
6.228754	204.994668	42.992195
6.251689	204.788377	43.256238
6.275928	204.577991	43.529311
6.301470	204.363512	43.811414
6.328310	204.144941	44.102549
6.356446	203.922281	44.402717
6.385876	203.695531	44.711918
6.416596	203.464694	45.030155
6.448604	203.229772	45.357427
6.481896	202.990765	45.693736
6.516471	202.747675	46.039084
6.552325	202.500504	46.393470
6.589456	202.249252	46.756897
6.627861	201.993923	47.129365
6.667537	201.734516	47.510875
6.708483	201.471034	47.901428
6.750695	201.203478	48.301025
6.794172	200.931850	48.709668
6.814081	200.809159	48.895546
6.835251	200.682398	49.090471
6.857681	200.551568	49.294443
6.881369	200.416668	49.507462
6.906315	200.277700	49.729530
6.932518	200.134665	49.960646
6.959976	199.987562	50.200811
6.988689	199.836393	50.450025
7.018656	199.681159	50.708289
7.049875	199.521860	50.975604
7.082346	199.358496	51.251969
7.116067	199.191069	51.537385
7.151039	199.019578	51.831853
7.187259	198.844026	52.135372
7.224727	198.664412	52.447945
7.263443	198.480737	52.769569
7.303404	198.293001	53.100248
7.344611	198.101207	53.439980
7.387062	197.905353	53.788766
7.430756	197.705441	54.146606
7.475693	197.501472	54.513502
7.521872	197.293445	54.889453
7.569292	197.081363	55.274459
7.617953	196.865225	55.668522
7.667852	196.645032	56.071642
7.718990	196.420786	56.483819
7.771366	196.192486	56.905053
7.824979	195.960133	57.335345
7.849414	195.854814	57.531076
7.875085	195.745444	57.735866
7.901992	195.632022	57.949715
7.930135	195.514549	58.172623
7.959512	195.393025	58.404590
7.990123	195.267451	58.645615
8.021969	195.137827	58.895701
8.055049	195.004152	59.154846
8.089363	194.866429	59.423050
8.124910	194.724656	59.700315
8.161690	194.578834	59.986640
8.199703	194.428964	60.282025
8.238948	194.275045	60.586470
8.279425	194.117079	60.899977
8.321134	193.955064	61.222544
8.364075	193.789003	61.554172
8.408247	193.618894	61.894861
8.453650	193.444739	62.244612
8.500284	193.266538	62.603424
8.548148	193.084290	62.971299
8.597242	192.897997	63.348235
8.647566	192.707658	63.734233
8.699119	192.513274	64.129293
8.751902	192.314846	64.533416
8.805914	192.112372	64.946602
8.861155	191.905855	65.368851
8.917624	191.695294	65.800162
8.975322	191.480690	66.240537
9.001504	191.383541	66.440228
9.028913	191.282350	66.648983
9.057550	191.177116	66.866802
9.087415	191.067839	67.093684
9.118508	190.954519	67.329630
9.150828	190.837158	67.574640
9.184376	190.715753	67.828713
9.219150	190.590307	68.091851
9.255152	190.460818	68.364052
9.292382	190.327288	68.645318
9.330838	190.189716	68.935647
9.370521	190.048102	69.235041
9.411431	189.902447	69.543499
9.453567	189.752751	69.861022
9.496930	189.599013	70.187609
9.541520	189.441234	70.523260
9.587336	189.279415	70.867977
9.634378	189.113555	71.221757
9.682647	188.943654	71.584603
9.732141	188.769713	71.956514
9.782862	188.591732	72.337489
9.834809	188.409710	72.727530
9.887981	188.223649	73.126635
9.942380	188.033547	73.534806
9.998004	187.839406	73.952042
10.054853	187.641226	74.378343
10.112928	187.439006	74.813710
10.172229	187.232747	75.258142
10.199107	187.139359	75.459528
10.227210	187.041932	75.669979
10.256538	186.940466	75.889497
10.287092	186.834962	76.118080
10.318871	186.725419	76.355728
10.351875	186.611836	76.602442
10.386104	186.494216	76.858222
10.421558	186.372556	77.123068
10.458238	186.246858	77.396980
10.496142	186.117122	77.679958
10.535271	185.983347	77.972001
10.575626	185.845533	78.273110
10.617205	185.703682	78.583286
10.660009	185.557792	78.902527
10.704038	185.407864	79.230835
10.749292	185.253898	79.568208
10.795770	185.095894	79.914648
10.843474	184.933852	80.270153
10.892402	184.767773	80.634725
10.942554	184.597655	81.008363
10.993932	184.423500	81.391068
11.046534	184.245307	81.782839
11.100360	184.063076	82.183676
11.155412	183.876808	82.593579
11.211687	183.686502	83.012549
11.269188	183.492159	83.440585
11.327912	183.293779	83.877687
11.387861	183.091361	84.323856
11.415024	182.999691	84.525992
11.443411	182.903983	84.737194
11.473022	182.804238	84.957462
11.503858	182.700456	85.186797
11.535918	182.592636	85.425198
11.569203	182.480780	85.672667
11.603711	182.364887	85.929201
11.639445	182.244957	86.194803
11.676402	182.120990	86.469471
11.714584	181.992986	86.753205
11.753990	181.860945	87.046007
11.794620	181.724867	87.347875
11.836475	181.584752	87.658810
11.879554	181.440601	87.978811
11.923857	181.292413	88.307880
11.969385	181.140188	88.646015
12.016136	180.983927	88.993216
12.064112	180.823628	89.349485
12.113312	180.659294	89.714820
12.163737	180.490922	90.089223
12.215385	180.318514	90.472692
12.268258	180.142070	90.865227
12.322355	179.961589	91.266830
12.377676	179.777071	91.677500
12.434221	179.588517	92.097236
12.491990	179.395927	92.526040
12.550984	179.199300	92.963910
12.611202	178.998637	93.410848
12.638483	178.907748	93.613320
12.666988	178.812823	93.824859
12.696717	178.713861	94.045464
12.727670	178.610863	94.275137
12.759847	178.503828	94.513877
12.793249	178.392758	94.761684
12.827874	178.277651	95.018558
12.863724	178.158508	95.284499
12.900797	178.035329	95.559507
12.939095	177.908114	95.843582
12.978617	177.776862	96.136724
13.019363	177.641575	96.438933
13.061333	177.502251	96.750209
13.104527	177.358891	97.070552
13.148945	177.211495	97.399962
13.194587	177.060063	97.738439
13.241453	176.904595	98.085984
13.289543	176.745090	98.442595
13.338858	176.581550	98.808273
13.389396	176.413974	99.183019
13.441158	176.242361	99.566832
13.494144	176.066713	99.959711
13.548355	175.887029	100.361658
13.603789	175.703309	100.772672
13.660448	175.515552	101.192753
13.718330	175.323760	101.621902
13.777436	175.127932	102.060117
13.837767	174.928068	102.507400
13.865098	174.837534	102.710024
13.893652	174.742964	102.921716
13.923431	174.644359	103.142474
13.954434	174.541717	103.372300
13.986661	174.435040	103.611193
14.020112	174.324327	103.859153
14.054787	174.209577	104.116181
14.090685	174.090793	104.382275
14.127808	173.967972	104.657437
14.166155	173.841115	104.941666
14.205726	173.710223	105.234962
14.246521	173.575294	105.537326
14.288539	173.436330	105.848756
14.331782	173.293330	106.169254
14.376249	173.146295	106.498819
14.421939	172.995223	106.837451
14.468854	172.840116	107.185150
14.516993	172.680973	107.541917
14.566355	172.517794	107.907751
14.616942	172.350579	108.282652
14.668753	172.179329	108.666620
14.721787	172.004043	109.059655
14.776046	171.824721	109.461758
14.831528	171.641363	109.872928
14.888234	171.453970	110.293165
14.946165	171.262541	110.722470
15.005319	171.067076	111.160841
15.065698	170.867575	111.608280
15.093050	170.777203	111.810974
15.121626	170.682795	112.022735
15.151426	170.584351	112.243563
15.182450	170.481872	112.473458
15.214698	170.375357	112.712421
15.248170	170.264806	112.960451
15.282865	170.150220	113.217548
15.318785	170.031597	113.483712
15.355929	169.908940	113.758944
15.394297	169.782246	114.043243
15.433888	169.651517	114.336609
15.474704	169.516752	114.639042
15.516744	169.377951	114.950543
15.560007	169.235115	115.271111
15.604495	169.088243	115.600746
15.650206	168.937336	115.939449
15.697142	168.782393	116.287219
15.745301	168.623414	116.644056
15.794684	168.460399	117.009960
15.845292	168.293349	117.384932
15.897123	168.122263	117.768971
15.950178	167.947142	118.162077
16.004457	167.767985	118.564250
16.059960	167.584792	118.975491
16.116688	167.397564	119.395799
16.174639	167.206300	119.825174
16.233813	167.011000	120.263617
16.294212	166.811665	120.711127
16.321574	166.721366	120.913852
16.350159	166.627032	121.125644
16.379968	166.528662	121.346504
16.411001	166.426256	121.576431
16.443258	166.319815	121.815426
16.476739	166.209338	122.063487
16.511444	166.094825	122.320616
16.547373	165.976277	122.586812
16.584525	165.853694	122.862076
16.622902	165.727074	123.146406
16.662503	165.596419	123.439805
16.703327	165.461729	123.742270
16.745376	165.323003	124.053803
16.788649	165.180241	124.374403
16.833145	165.033444	124.704070
16.878866	164.882611	125.042804
16.925810	164.727742	125.390606
16.973978	164.568838	125.747475
17.023370	164.405898	126.113412
17.073987	164.238923	126.488416
17.125827	164.067912	126.872487
17.178891	163.892866	127.265625
17.233179	163.713783	127.667831
17.288691	163.530666	128.079104
17.345427	163.343513	128.499444
17.403387	163.152324	128.928852
17.462571	162.957099	129.367327
17.522978	162.757839	129.814869
17.550344	162.667574	130.017608
17.578933	162.573273	130.229415
17.608746	162.474936	130.450289
17.639783	162.372564	130.680231
17.672044	162.266157	130.919239
17.705528	162.155713	131.167315
17.740237	162.041234	131.424459
17.776170	161.922720	131.690669
17.813327	161.800170	131.965947
17.851707	161.673584	132.250293
17.891312	161.542963	132.543705
17.932141	161.408307	132.846185
17.974193	161.269614	133.157732
18.017469	161.126887	133.478347
18.061970	160.980123	133.808029
18.107694	160.829324	134.146778
18.154642	160.674490	134.494594
18.202815	160.515619	134.851478
18.252211	160.352714	135.217429
18.302831	160.185773	135.592448
18.354675	160.014796	135.976533
18.407743	159.839783	136.369686
18.462035	159.660735	136.771907
18.517551	159.477652	137.183195
18.574290	159.290533	137.603549
18.632254	159.099378	138.032972
18.691442	158.904188	138.471461
18.751853	158.704962	138.919018
18.779220	158.614712	139.121764
18.807811	158.520426	139.333578
18.837626	158.422105	139.554458
18.868665	158.319748	139.784406
18.900927	158.213356	140.023422
18.934414	158.102928	140.271504
18.969124	157.988464	140.528654
19.005059	157.869965	140.794872
19.042217	157.747431	141.070156
19.080599	157.620860	141.354508
19.120206	157.490255	141.647927
19.161036	157.355613	141.950414
19.203090	157.216936	142.261968
19.246368	157.074224	142.582589
19.290870	156.927476	142.912277
19.336596	156.776693	143.251033
19.383546	156.621873	143.598856
19.431720	156.463019	143.955747
19.481118	156.300129	144.321705
19.531740	156.133203	144.696730
19.583585	155.962242	145.080822
19.636655	155.787245	145.473982
19.690949	155.608212	145.876209
19.746466	155.425144	146.287503
19.803208	155.238041	146.707865
19.861173	155.046902	147.137294
19.920363	154.851727	147.575790
19.980776	154.652517	148.023354
20.008143	154.562274	148.226103
20.036735	154.467995	148.437919
20.066550	154.369681	148.658803
20.097590	154.267331	148.888754
20.129853	154.160945	149.127772
20.163341	154.050524	149.375858
20.198052	153.936068	149.633011
20.233987	153.817576	149.899231
20.271146	153.695048	150.174519
20.309529	153.568485	150.458874
20.349136	153.437886	150.752296
20.389967	153.303252	151.054785
20.432022	153.164582	151.366342
20.475301	153.021877	151.686966
20.519804	152.875136	152.016658
20.565531	152.724359	152.355417
20.612481	152.569547	152.703243
20.660656	152.410700	153.060137
20.710054	152.247816	153.426097
20.760677	152.080898	153.801125
20.812523	151.909944	154.185221
20.865594	151.734954	154.578384
20.919888	151.555929	154.980614
20.975406	151.372868	155.391911
21.032149	151.185771	155.812276
21.090115	150.994639	156.241708
21.149305	150.799472	156.680207
21.209719	150.600269	157.127774
21.237087	150.510029	157.330525
21.265679	150.415753	157.542342
21.295495	150.317442	157.763227
21.326534	150.215095	157.993180
21.358798	150.108713	158.232199
21.392286	149.998295	158.480286
21.426997	149.883842	158.737441
21.462933	149.765353	159.003662
21.500092	149.642828	159.278951
21.538476	149.516268	159.563308
21.578083	149.385673	159.856731
21.618914	149.251042	160.159222
21.660970	149.112375	160.470780
21.704249	148.969673	160.791406
21.748752	148.822935	161.121099
21.794479	148.672162	161.459859
21.841430	148.517353	161.807687
21.889605	148.358509	162.164582
21.939004	148.195629	162.530544
21.989627	148.028713	162.905573
22.041473	147.857762	163.289670
22.094544	147.682776	163.682834
22.148839	147.503754	164.085066
22.204357	147.320696	164.496365
22.261100	147.133603	164.916731
22.319066	146.942474	165.346164
22.378257	146.747310	165.784665
22.438671	146.548110	166.232233
22.466039	146.457872	166.434984
22.494631	146.363597	166.646802
22.524447	146.265288	166.867688
22.555487	146.162942	167.097641
22.587751	146.056561	167.336661
22.621239	145.946145	167.584749
22.655951	145.831693	167.841904
22.691886	145.713206	168.108126
22.729046	145.590683	168.383416
22.767429	145.464124	168.667773
22.807037	145.333530	168.961197
22.847868	145.198900	169.263689
22.889924	145.060235	169.575248
22.933203	144.917535	169.895874
22.977706	144.770798	170.225567
23.023433	144.620026	170.564328
23.070385	144.465219	170.912156
23.118560	144.306376	171.269052
23.167959	144.143498	171.635015
23.218582	143.976584	172.010045
23.270429	143.805634	172.394142
23.323500	143.630649	172.787307
23.377794	143.451629	173.189539
23.433313	143.268573	173.600839
23.490056	143.081481	174.021206
23.548022	142.890354	174.450640
23.607213	142.695191	174.889141
23.667627	142.495993	175.336710
23.694996	142.405755	175.539461
23.723588	142.311481	175.751280
23.753404	142.213172	175.972166
23.784444	142.110827	176.202119
23.816708	142.004447	176.441140
23.850195	141.894031	176.689227
23.884907	141.779580	176.946383
23.920843	141.661093	177.212605
23.958003	141.538571	177.487895
23.996386	141.412013	177.772252
24.035994	141.281420	178.065677
24.076825	141.146791	178.368169
24.118881	141.008126	178.679728
24.162160	140.865426	179.000354
24.206663	140.718691	179.330048
24.252391	140.567919	179.668809
24.299342	140.413113	180.016638
24.347517	140.254271	180.373534
24.396916	140.091393	180.739497
24.447539	139.924479	181.114527
24.499386	139.753531	181.498625
24.552457	139.578546	181.891790
24.606752	139.399526	182.294023
24.662271	139.216471	182.705322
24.719014	139.029380	183.125689
24.776980	138.838253	183.555124
24.836171	138.643091	183.993626
24.896586	138.443894	184.441195
24.923954	138.353656	184.643946
24.952546	138.259383	184.855765
24.982362	138.161074	185.076651
25.013402	138.058729	185.306604
25.045666	137.952350	185.545625
25.079154	137.841934	185.793713
25.113865	137.727483	186.050868
25.149801	137.608997	186.317091
25.186961	137.486475	186.592381
25.225345	137.359917	186.876738
25.264952	137.229324	187.170163
25.305784	137.094695	187.472655
25.347839	136.956031	187.784214
25.391119	136.813331	188.104841
25.435622	136.666596	188.434535
25.481349	136.515825	188.773296
25.528300	136.361019	189.121125
25.576476	136.202177	189.478021
25.625875	136.039300	189.843984
25.676498	135.872387	190.219015
25.728345	135.701438	190.603113
25.781416	135.526454	190.996278
25.835711	135.347434	191.398510
25.891230	135.164379	191.809810
25.947972	134.977288	192.230178
26.005939	134.786162	192.659612
26.065130	134.591000	193.098114
26.125544	134.391803	193.545683
26.152913	134.301566	193.748435
26.181505	134.207292	193.960253
26.211321	134.108984	194.181139
26.242361	134.006640	194.411093
26.274625	133.900260	194.650114
26.308113	133.789845	194.898202
26.342824	133.675394	195.155357
26.378760	133.556907	195.421580
26.415920	133.434386	195.696870
26.454304	133.307828	195.981228
26.493911	133.177235	196.274652
26.534743	133.042607	196.577144
26.576798	132.903943	196.888704
26.620078	132.761243	197.209330
26.664581	132.614508	197.539024
26.710308	132.463737	197.877786
26.757260	132.308931	198.225614
26.805435	132.150089	198.582510
26.854834	131.987212	198.948474
26.905457	131.820299	199.323504
26.957304	131.649350	199.707602
27.010375	131.474367	200.100768
27.064670	131.295347	200.503000
27.120189	131.112292	200.914300
27.176931	130.925201	201.334667
27.234898	130.734075	201.764102
27.294089	130.538914	202.202604
27.354504	130.339717	202.650173
27.381872	130.249479	202.852925
27.410464	130.155206	203.064744
27.440280	130.056897	203.285630
27.471320	129.954553	203.515583
27.503584	129.848174	203.754604
27.537072	129.737758	204.002692
27.571784	129.623308	204.259848
27.607719	129.504821	204.526070
27.644879	129.382300	204.801361
27.683263	129.255742	205.085718
27.722870	129.125149	205.379143
27.763702	128.990521	205.681635
27.805757	128.851857	205.993194
27.849037	128.709157	206.313821
27.893540	128.562422	206.643515
27.939268	128.411652	206.982276
27.986219	128.256845	207.330105
28.034394	128.098004	207.687001
28.083793	127.935126	208.052964
28.134416	127.768214	208.427995
28.186263	127.597265	208.812093
28.239334	127.422281	209.205258
28.293629	127.243262	209.607491
28.349148	127.060207	210.018791
28.405891	126.873117	210.439158
28.463858	126.681991	210.868593
28.523048	126.486829	211.307095
28.583463	126.287632	211.754664
28.610831	126.197394	211.957416
28.639423	126.103121	212.169235
28.669239	126.004813	212.390121
28.700279	125.902469	212.620074
28.732543	125.796089	212.859095
28.766031	125.685674	213.107183
28.800743	125.571223	213.364339
28.836679	125.452737	213.630561
28.873838	125.330215	213.905852
28.912222	125.203658	214.190209
28.951830	125.073065	214.483634
28.992661	124.938436	214.786126
29.034717	124.799772	215.097685
29.077996	124.657073	215.418312
29.122500	124.510338	215.748006
29.168227	124.359567	216.086767
29.215178	124.204761	216.434596
29.263353	124.045919	216.791492
29.312753	123.883042	217.157456
29.363376	123.716129	217.532486
29.415223	123.545181	217.916584
29.468294	123.370197	218.309750
29.522589	123.191178	218.711982
29.578107	123.008123	219.123282
29.634850	122.821033	219.543650
29.692817	122.629907	219.973084
29.752008	122.434745	220.411586
29.812422	122.235548	220.859155
29.839790	122.145310	221.061907
29.868383	122.051037	221.273726
29.898199	121.952729	221.494612
29.929239	121.850385	221.724566
29.961503	121.744005	221.963586
29.994991	121.633590	222.211674
30.029702	121.519139	222.468830
30.065638	121.400653	222.735053
30.102798	121.278131	223.010343
30.141182	121.151574	223.294700
30.180789	121.020981	223.588125
30.221621	120.886353	223.890617
30.263676	120.747689	224.202177
30.306956	120.604989	224.522803
30.351459	120.458254	224.852497
30.397186	120.307484	225.191259
30.444138	120.152677	225.539088
30.492313	119.993836	225.895984
30.541712	119.830959	226.261947
30.592335	119.664046	226.636978
30.644182	119.493098	227.021076
30.697253	119.318114	227.414241
30.751548	119.139094	227.816474
30.807067	118.956039	228.227774
30.863810	118.768949	228.648141
30.921776	118.577823	229.077576
30.980967	118.382661	229.516078
31.041382	118.183464	229.963647
31.068750	118.093227	230.166398
31.097342	117.998954	230.378217
31.127158	117.900645	230.599103
31.158198	117.798301	230.829057
31.190462	117.691922	231.068078
31.223950	117.581506	231.316166
31.258662	117.467056	231.573321
31.294598	117.348570	231.839544
31.331757	117.226048	232.114834
31.370141	117.099490	232.399192
31.409749	116.968898	232.692617
31.450580	116.834269	232.995109
31.492636	116.695605	233.306668
31.535915	116.552906	233.627295
31.580418	116.406171	233.956989
31.626146	116.255400	234.295750
31.673097	116.100594	234.643579
31.721272	115.941752	235.000475
31.770671	115.778875	235.366438
31.821294	115.611962	235.741469
31.873142	115.441014	236.125567
31.926212	115.266030	236.518733
31.980507	115.087011	236.920965
32.036026	114.903956	237.332265
32.092769	114.716866	237.752633
32.150736	114.525740	238.182067
32.209927	114.330578	238.620569
32.270341	114.131381	239.068138
32.297709	114.041143	239.270890
32.326301	113.946871	239.482709
32.356118	113.848562	239.703595
32.387158	113.746218	239.933548
32.419421	113.639838	240.172569
32.452909	113.529423	240.420657
32.487621	113.414972	240.677813
32.523557	113.296486	240.944036
32.560717	113.173964	241.219326
32.599100	113.047407	241.503683
32.638708	112.916814	241.797108
32.679540	112.782186	242.099600
32.721595	112.643522	242.411160
32.764874	112.500822	242.731786
32.809378	112.354087	243.061480
32.855105	112.203317	243.400242
32.902056	112.048511	243.748071
32.950232	111.889669	244.104967
32.999631	111.726792	244.470930
33.050254	111.559879	244.845961
33.102101	111.388931	245.230059
33.155172	111.213947	245.623224
33.209467	111.034928	246.025457
33.264986	110.851873	246.436757
33.321729	110.664782	246.857124
33.379695	110.473656	247.286559
33.438886	110.278495	247.725061
33.499301	110.079298	248.172630
33.526669	109.989060	248.375382
33.555261	109.894787	248.587200
33.585077	109.796479	248.808087
33.616117	109.694135	249.038040
33.648381	109.587755	249.277061
33.681869	109.477340	249.525149
33.716581	109.362889	249.782305
33.752516	109.244403	250.048527
33.789676	109.121881	250.323817
33.828060	108.995324	250.608175
33.867667	108.864731	250.901600
33.908499	108.730103	251.204092
33.950555	108.591439	251.515651
33.993834	108.448739	251.836278
34.038337	108.302004	252.165972
34.084065	108.151233	252.504733
34.131016	107.996427	252.852562
34.179191	107.837586	253.209458
34.228590	107.674709	253.575422
34.279213	107.507796	253.950452
34.331060	107.336847	254.334550
34.384131	107.161864	254.727716
34.438426	106.982844	255.129948
34.493945	106.799789	255.541248
34.550688	106.612699	255.961616
34.608655	106.421573	256.391050
34.667845	106.226411	256.829552
34.728260	106.027214	257.277122
34.755628	105.936977	257.479873
34.784220	105.842704	257.691692
34.814036	105.744395	257.912578
34.845076	105.642051	258.142532
34.877340	105.535672	258.381552
34.910828	105.425257	258.629641
34.945540	105.310806	258.886796
34.981476	105.192320	259.153019
35.018636	105.069798	259.428309
35.057019	104.943241	259.712666
35.096627	104.812648	260.006091
35.137458	104.678019	260.308583
35.179514	104.539355	260.620143
35.222793	104.396656	260.940770
35.267297	104.249921	261.270464
35.313024	104.099150	261.609225
35.359975	103.944344	261.957054
35.408151	103.785502	262.313950
35.457550	103.622625	262.679913
35.508173	103.455713	263.054944
35.560020	103.284764	263.439042
35.613091	103.109780	263.832207
35.667386	102.930761	264.234440
35.722905	102.747706	264.645740
35.779647	102.560616	265.066107
35.837614	102.369490	265.495542
35.896805	102.174328	265.934044
35.957219	101.975131	266.381613
35.984588	101.884894	266.584365
36.013180	101.790621	266.796184
36.042996	101.692312	267.017070
36.074036	101.589968	267.247023
36.106300	101.483588	267.486044
36.139788	101.373173	267.734132
36.174500	101.258723	267.991288
36.210435	101.140236	268.257510
36.247595	101.017715	268.532801
36.285979	100.891157	268.817158
36.325586	100.760564	269.110583
36.366418	100.625936	269.413075
36.408473	100.487272	269.724634
36.451753	100.344573	270.045261
36.496256	100.197838	270.374955
36.541984	100.047067	270.713717
36.588935	99.892261	271.061545
36.637110	99.733419	271.418441
36.686509	99.570542	271.784405
36.737132	99.403629	272.159435
36.788979	99.232681	272.543533
36.842050	99.057697	272.936699
36.896345	98.878678	273.338931
36.951864	98.695623	273.750231
37.008607	98.508532	274.170599
37.066574	98.317406	274.600033
37.125764	98.122245	275.038535
37.186179	97.923048	275.486105
37.213547	97.832810	275.688856
37.242139	97.738537	275.900675
37.271955	97.640229	276.121561
37.302995	97.537885	276.351515
37.335259	97.431505	276.590536
37.368747	97.321090	276.838624
37.403459	97.206639	277.095779
37.439395	97.088153	277.362002
37.476555	96.965631	277.637292
37.514938	96.839074	277.921650
37.554546	96.708481	278.215074
37.595377	96.573853	278.517567
37.637433	96.435189	278.829126
37.680712	96.292489	279.149753
37.725216	96.145754	279.479447
37.770943	95.994984	279.818208
37.817894	95.840178	280.166037
37.866069	95.681336	280.522933
37.915469	95.518459	280.888896
37.966092	95.351546	281.263927
38.017939	95.180598	281.648025
38.071010	95.005614	282.041190
38.125305	94.826595	282.443423
38.180824	94.643540	282.854723
38.237566	94.456449	283.275090
38.295533	94.265323	283.704525
38.354724	94.070162	284.143027
38.415138	93.870965	284.590596
38.442507	93.780727	284.793348
38.471099	93.686454	285.005167
38.500915	93.588146	285.226053
38.531955	93.485802	285.456006
38.564219	93.379422	285.695027
38.597707	93.269007	285.943115
38.632419	93.154556	286.200271
38.668354	93.036070	286.466494
38.705514	92.913548	286.741784
38.743898	92.786991	287.026141
38.783505	92.656398	287.319566
38.824337	92.521770	287.622058
38.866392	92.383106	287.933618
38.909672	92.240406	288.254244
38.954175	92.093671	288.583938
38.999902	91.942900	288.922700
39.046854	91.788094	289.270529
39.095029	91.629253	289.627425
39.144428	91.466376	289.993388
39.195051	91.299463	290.368419
39.246898	91.128515	290.752517
39.299969	90.953531	291.145682
39.354264	90.774511	291.547915
39.409783	90.591456	291.959215
39.466526	90.404366	292.379582
39.524493	90.213240	292.809017
39.583683	90.018078	293.247519
39.644098	89.818881	293.695088
39.671466	89.728644	293.897839
39.700058	89.634371	294.109658
39.729874	89.536062	294.330544
39.760914	89.433718	294.560498
39.793178	89.327339	294.799519
39.826666	89.216924	295.047607
39.861378	89.102473	295.304762
39.897314	88.983987	295.570985
39.934473	88.861465	295.846275
39.972857	88.734908	296.130633
40.012465	88.604315	296.424058
40.053296	88.469686	296.726550
40.095352	88.331022	297.038109
40.138631	88.188323	297.358736
40.183135	88.041588	297.688430
40.228862	87.890817	298.027191
40.275813	87.736011	298.375020
40.323988	87.577169	298.731916
40.373388	87.414292	299.097880
40.424011	87.247380	299.472910
40.475858	87.076431	299.857008
40.528929	86.901447	300.250174
40.583224	86.722428	300.652406
40.638742	86.539373	301.063706
40.695485	86.352283	301.484074
40.753452	86.161157	301.913508
40.812643	85.965995	302.352010
40.873057	85.766798	302.799579
40.900426	85.676561	303.002331
40.929018	85.582288	303.214150
40.958834	85.483979	303.435036
40.989874	85.381635	303.664990
41.022138	85.275256	303.904010
41.055626	85.164840	304.152099
41.090337	85.050390	304.409254
41.126273	84.931903	304.675477
41.163433	84.809382	304.950767
41.201817	84.682824	305.235124
41.241424	84.552231	305.528549
41.282256	84.417603	305.831041
41.324311	84.278939	306.142601
41.367591	84.136240	306.463227
41.412094	83.989505	306.792922
41.457821	83.838734	307.131683
41.504773	83.683928	307.479512
41.552948	83.525086	307.836408
41.602347	83.362209	308.202371
41.652970	83.195296	308.577402
41.704817	83.024348	308.961500
41.757888	82.849364	309.354665
41.812183	82.670345	309.756898
41.867702	82.487290	310.168198
41.924445	82.300200	310.588565
41.982411	82.109074	311.018000
42.041602	81.913912	311.456502
42.102017	81.714715	311.904071
42.129385	81.624478	312.106823
42.157977	81.530205	312.318641
42.187793	81.431896	312.539528
42.218833	81.329552	312.769481
42.251097	81.223172	313.008502
42.284585	81.112757	313.256590
42.319297	80.998306	313.513746
42.355233	80.879820	313.779968
42.392392	80.757298	314.055259
42.430776	80.630741	314.339616
42.470384	80.500148	314.633041
42.511215	80.365520	314.935533
42.553271	80.226856	315.247092
42.596550	80.084156	315.567719
42.641054	79.937421	315.897413
42.686781	79.786651	316.236175
42.733732	79.631845	316.584003
42.781907	79.473003	316.940899
42.831306	79.310126	317.306863
42.881930	79.143213	317.681893
42.933777	78.972265	318.065991
42.986848	78.797281	318.459157
43.041142	78.618262	318.861389
43.096661	78.435207	319.272689
43.153404	78.248116	319.693057
43.211371	78.056990	320.122491
43.270562	77.861829	320.560993
43.330976	77.662632	321.008563
43.358344	77.572394	321.211314
43.386937	77.478121	321.423133
43.416753	77.379813	321.644019
43.447793	77.277469	321.873973
43.480057	77.171089	322.112994
43.513544	77.060674	322.361082
43.548256	76.946223	322.618237
43.584192	76.827737	322.884460
43.621352	76.705215	323.159750
43.659736	76.578658	323.444108
43.699343	76.448065	323.737532
43.740175	76.313437	324.040024
43.782230	76.174773	324.351584
43.825510	76.032073	324.672211
43.870013	75.885338	325.001905
43.915740	75.734568	325.340666
43.962692	75.579761	325.688495
44.010867	75.420920	326.045391
