-23.580495	233.838330	-40.965272
-23.545220	233.745881	-41.015346
-23.514369	233.648845	-41.073127
-23.487934	233.547222	-41.138620
-23.465904	233.441014	-41.211830
-23.448272	233.330221	-41.292763
-23.435029	233.214846	-41.381425
-23.426166	233.094889	-41.477822
-23.421675	232.970352	-41.581959
-23.421547	232.841236	-41.693841
-23.425773	232.707542	-41.813474
-23.434345	232.569271	-41.940865
-23.447253	232.426425	-42.076017
-23.464491	232.279004	-42.218938
-23.486049	232.127011	-42.369631
-23.511918	231.970445	-42.528104
-23.542091	231.809309	-42.694360
-23.576559	231.643604	-42.868405
-23.615314	231.473330	-43.050245
-23.658347	231.298490	-43.239885
-23.705651	231.119084	-43.437329
-23.757217	230.935113	-43.642584
-23.813038	230.746579	-43.855654
-23.873104	230.553483	-44.076545
-23.937409	230.355826	-44.305260
-24.005945	230.153609	-44.541806
-24.078703	229.946834	-44.786187
-24.155677	229.735503	-45.038408
-24.236858	229.519615	-45.298474
-24.322239	229.299173	-45.566389
-24.411812	229.074177	-45.842159
-24.505571	228.844629	-46.125788
-24.603507	228.610530	-46.417280
-24.705613	228.371882	-46.716640
-24.811883	228.128685	-47.023874
-24.922310	227.880941	-47.338984
-25.036885	227.628652	-47.661975
-25.155603	227.371817	-47.992853
-25.278457	227.110440	-48.331621
-25.405440	226.844520	-48.678283
-25.536545	226.574059	-49.032843
-25.671765	226.299059	-49.395307
-25.811095	226.019520	-49.765677
-25.954528	225.735445	-50.143958
-26.019957	225.607447	-50.315234
-26.089480	225.474913	-50.494427
-26.163094	225.337845	-50.681538
-26.240797	225.196243	-50.876569
-26.322585	225.050108	-51.079522
-26.408456	224.899439	-51.290398
-26.498408	224.744238	-51.509199
-26.592438	224.584506	-51.735927
-26.690543	224.420242	-51.970584
-26.792721	224.251447	-52.213170
-26.898968	224.078122	-52.463688
-27.009284	223.900268	-52.722140
-27.123664	223.717884	-52.988526
-27.242107	223.530972	-53.262850
-27.364610	223.339533	-53.545111
-27.491171	223.143566	-53.835312
-27.621786	222.943072	-54.133454
-27.756455	222.738052	-54.439539
-27.895174	222.528507	-54.753569
-28.037942	222.314437	-55.075544
-28.184755	222.095842	-55.405467
-28.335612	221.872723	-55.743338
-28.490510	221.645081	-56.089160
-28.649447	221.412917	-56.442934
-28.812422	221.176230	-56.804661
-28.979431	220.935022	-57.174342
-29.150472	220.689293	-57.551980
-29.325544	220.439044	-57.937575
-29.405343	220.325531	-58.112924
-29.489169	220.207499	-58.296231
-29.577021	220.084948	-58.487499
-29.668900	219.957877	-58.686728
-29.764803	219.826288	-58.893918
-29.864730	219.690180	-59.109070
-29.968680	219.549555	-59.332184
-30.076652	219.404411	-59.563262
-30.188645	219.254750	-59.802303
-30.304659	219.100571	-60.049308
-30.424693	218.941875	-60.304278
-30.548745	218.778662	-60.567214
-30.676815	218.610933	-60.838116
-30.808902	218.438687	-61.116984
-30.945005	218.261925	-61.403819
-31.085124	218.080648	-61.698622
-31.229257	217.894854	-62.001393
-31.377404	217.704546	-62.312133
-31.529564	217.509723	-62.630843
-31.685736	217.310384	-62.957522
-31.845920	217.106532	-63.292171
-32.010114	216.898165	-63.634792
-32.178318	216.685284	-63.985384
-32.350532	216.467889	-64.343949
-32.526753	216.245981	-64.710485
-32.706983	216.019560	-65.084995
-32.891219	215.788626	-65.467479
-33.079462	215.553180	-65.857936
-33.164878	215.446565	-66.034960
-33.254299	215.335439	-66.219959
-33.347725	215.219801	-66.412933
-33.445156	215.099650	-66.613883
-33.546591	214.974988	-66.822807
-33.652031	214.845814	-67.039708
-33.761474	214.712129	-67.264584
-33.874920	214.573932	-67.497437
-33.992369	214.431223	-67.738266
-34.113821	214.284004	-67.987072
-34.239276	214.132273	-68.243854
-34.368733	213.976031	-68.508614
-34.502192	213.815279	-68.781350
-34.639653	213.650015	-69.062064
-34.781115	213.480241	-69.350756
-34.926578	213.305957	-69.647426
-35.076042	213.127162	-69.952074
-35.229506	212.943857	-70.264700
-35.386971	212.756042	-70.585305
-35.548436	212.563717	-70.913888
-35.713900	212.366882	-71.250450
-35.883364	212.165537	-71.594992
-36.056827	211.959682	-71.947512
-36.234289	211.749318	-72.308012
-36.415750	211.534445	-72.676492
-36.601210	211.315062	-73.052952
-36.790667	211.091170	-73.437392
-36.984123	210.862770	-73.829812
-37.071805	210.759342	-74.007617
-37.163485	210.651406	-74.193402
-37.259163	210.538961	-74.387168
-37.358838	210.422007	-74.588915
-37.462510	210.300544	-74.798642
-37.570180	210.174573	-75.016351
-37.681847	210.044094	-75.242040
-37.797510	209.909105	-75.475711
-37.917171	209.769609	-75.717362
-38.040828	209.625604	-75.966995
-38.168482	209.477091	-76.224610
-38.300132	209.324069	-76.490205
-38.435779	209.166539	-76.763782
-38.575423	209.004502	-77.045341
-38.719063	208.837956	-77.334881
-38.866699	208.666902	-77.632404
-39.018331	208.491340	-77.937907
-39.173959	208.311270	-78.251393
-39.333583	208.126692	-78.572861
-39.497202	207.937606	-78.902311
-39.664818	207.744013	-79.239743
-39.836429	207.545912	-79.585157
-40.012035	207.343303	-79.938553
-40.191638	207.136187	-80.299932
-40.375235	206.924563	-80.669293
-40.562828	206.708432	-81.046637
-40.754416	206.487793	-81.431964
-40.949999	206.262647	-81.825273
-41.038616	206.160676	-82.003455
-41.131228	206.054198	-82.189620
-41.227835	205.943212	-82.383768
-41.328436	205.827720	-82.585899
-41.433033	205.707720	-82.796012
-41.541625	205.583213	-83.014109
-41.654211	205.454198	-83.240188
-41.770792	205.320677	-83.474251
-41.891368	205.182648	-83.716296
-42.015938	205.040113	-83.966325
-42.144503	204.893071	-84.224336
-42.277063	204.741521	-84.490331
-42.413618	204.585465	-84.764309
-42.554166	204.424901	-85.046270
-42.698710	204.259831	-85.336214
-42.847248	204.090254	-85.634141
-42.999780	203.916169	-85.940052
-43.156307	203.737578	-86.253946
-43.316828	203.554481	-86.575823
-43.481343	203.366876	-86.905684
-43.649853	203.174765	-87.243528
-43.822357	202.978147	-87.589355
-43.998856	202.777022	-87.943166
-44.179348	202.571391	-88.304961
-44.363835	202.361253	-88.674739
-44.552316	202.146608	-89.052500
-44.744791	201.927456	-89.438245
-44.941260	201.703799	-89.831974
-45.030268	201.602491	-90.010339
-45.123270	201.496676	-90.196688
-45.220267	201.386355	-90.391021
-45.321257	201.271528	-90.593337
-45.426241	201.152194	-90.803638
-45.535220	201.028353	-91.021921
-45.648192	200.900006	-91.248189
-45.765158	200.767153	-91.482440
-45.886119	200.629793	-91.724675
-46.011073	200.487926	-91.974894
-46.140021	200.341554	-92.233097
-46.272963	200.190674	-92.499283
-46.409899	200.035289	-92.773453
-46.550829	199.875397	-93.055607
-46.695753	199.710999	-93.345745
-46.844671	199.542094	-93.643866
-46.997582	199.368683	-93.949972
-47.154487	199.190765	-94.264061
-47.315387	199.008342	-94.586134
-47.480280	198.821412	-94.916192
-47.649167	198.629975	-95.254233
-47.822047	198.434033	-95.600257
-47.998922	198.233584	-95.954266
-48.179790	198.028629	-96.316259
-48.364652	197.819167	-96.686236
-48.553508	197.605200	-97.064196
-48.746357	197.386726	-97.450141
-48.943201	197.163745	-97.844070
-49.032374	197.062739	-98.022523
-49.125542	196.957226	-98.208961
-49.222703	196.847208	-98.403383
-49.323858	196.732683	-98.605789
-49.429007	196.613651	-98.816178
-49.538149	196.490114	-99.034552
-49.651286	196.362070	-99.260910
-49.768415	196.229521	-99.495252
-49.889539	196.092465	-99.737578
-50.014656	195.950903	-99.987888
-50.143767	195.804835	-100.246182
-50.276872	195.654260	-100.512460
-50.413970	195.499180	-100.786722
-50.555062	195.339593	-101.068968
-50.700147	195.175501	-101.359198
-50.849227	195.006902	-101.657413
-51.002299	194.833797	-101.963611
-51.159366	194.656186	-102.277794
-51.320426	194.474069	-102.599960
-51.485480	194.287445	-102.930111
-51.654527	194.096316	-103.268246
-51.827569	193.900681	-103.614365
-52.004603	193.700539	-103.968468
-52.185632	193.495892	-104.330555
-52.370654	193.286738	-104.700626
-52.559669	193.073078	-105.078682
-52.752678	192.854912	-105.464722
-52.949681	192.632241	-105.858745
-53.038926	192.531371	-106.037241
-53.132164	192.425996	-106.223721
-53.229396	192.316114	-106.418185
-53.330621	192.201727	-106.620634
-53.435840	192.082833	-106.831066
-53.545053	191.959434	-107.049483
-53.658259	191.831528	-107.275884
-53.775459	191.699116	-107.510269
-53.896652	191.562199	-107.752638
-54.021839	191.420775	-108.002991
-54.151020	191.274845	-108.261329
-54.284194	191.124410	-108.527650
-54.421362	190.969468	-108.801956
-54.562523	190.810020	-109.084246
-54.707678	190.646067	-109.374520
-54.856826	190.477607	-109.672779
-55.009968	190.304641	-109.979021
-55.167104	190.127169	-110.293248
-55.328233	189.945192	-110.615459
-55.493356	189.758708	-110.945654
-55.662472	189.567718	-111.283833
-55.835582	189.372222	-111.629997
-56.012686	189.172221	-111.984145
-56.193783	188.967713	-112.346277
-56.378874	188.758699	-112.716393
-56.567958	188.545180	-113.094493
-56.761036	188.327154	-113.480578
-56.958107	188.104623	-113.874647
-57.047382	188.003816	-114.053163
-57.140651	187.898502	-114.239663
-57.237913	187.788683	-114.434147
-57.339169	187.674358	-114.636615
-57.444418	187.555527	-114.847068
-57.553661	187.432191	-115.065505
-57.666897	187.304348	-115.291926
-57.784127	187.171999	-115.526332
-57.905350	187.035144	-115.768721
-58.030567	186.893783	-116.019095
-58.159778	186.747917	-116.277453
-58.292982	186.597544	-116.543795
-58.430180	186.442665	-116.818122
-58.571371	186.283281	-117.100432
-58.716556	186.119390	-117.390727
-58.865734	185.950994	-117.689007
-59.018906	185.778091	-117.995270
-59.176072	185.600683	-118.309518
-59.337231	185.418768	-118.631750
-59.502383	185.232348	-118.961966
-59.671530	185.041422	-119.300166
-59.844669	184.845990	-119.646351
-60.021803	184.646052	-120.000519
-60.202929	184.441608	-120.362672
-60.388050	184.232658	-120.732810
-60.577164	184.019202	-121.110931
-60.770271	183.801240	-121.497037
-60.967372	183.578772	-121.891127
-61.056660	183.477993	-122.069652
-61.149942	183.372709	-122.256162
-61.247217	183.262918	-122.450656
-61.348486	183.148622	-122.653134
-61.453748	183.029819	-122.863596
-61.563004	182.906511	-123.082042
-61.676254	182.778696	-123.308473
-61.793497	182.646376	-123.542888
-61.914733	182.509550	-123.785287
-62.039963	182.368218	-124.035671
-62.169187	182.222380	-124.294038
-62.302404	182.072036	-124.560390
-62.439615	181.917186	-124.834727
-62.580819	181.757830	-125.117047
-62.726017	181.593968	-125.407352
-62.875208	181.425600	-125.705641
-63.028393	181.252727	-126.011914
-63.185572	181.075347	-126.326171
-63.346744	180.893462	-126.648413
-63.511909	180.707070	-126.978639
-63.681068	180.516173	-127.316849
-63.854221	180.320770	-127.663044
-64.031367	180.120861	-128.017222
-64.212507	179.916446	-128.379385
-64.397640	179.707525	-128.749532
-64.586767	179.494098	-129.127664
-64.779887	179.276165	-129.513780
-64.977001	179.053726	-129.907879
-65.066295	178.952960	-130.086409
-65.159582	178.847688	-130.272923
-65.256863	178.737911	-130.467421
-65.358138	178.623627	-130.669904
-65.463406	178.504837	-130.880370
-65.572667	178.381542	-131.098821
-65.685923	178.253741	-131.325257
-65.803171	178.121433	-131.559676
-65.924413	177.984620	-131.802080
-66.049649	177.843301	-132.052468
-66.178878	177.697476	-132.310840
-66.312101	177.547145	-132.577197
-66.449318	177.392308	-132.851537
-66.590528	177.232966	-133.133862
-66.735731	177.069117	-133.424172
-66.884928	176.900762	-133.722465
-67.038119	176.727902	-134.028743
-67.195303	176.550535	-134.343005
-67.356480	176.368663	-134.665251
-67.521652	176.182285	-134.995482
-67.690816	175.991401	-135.333696
-67.863975	175.796010	-135.679896
-68.041126	175.596114	-136.034079
-68.222272	175.391713	-136.396246
-68.407411	175.182805	-136.766398
-68.596543	174.969391	-137.144534
-68.789669	174.751471	-137.530655
-68.986789	174.529046	-137.924759
-69.076085	174.428286	-138.103291
-69.169375	174.323020	-138.289807
-69.266658	174.213248	-138.484307
-69.367935	174.098970	-138.686792
-69.473206	173.980187	-138.897261
-69.582470	173.856897	-139.115714
-69.695727	173.729102	-139.342151
-69.812978	173.596800	-139.576573
-69.934223	173.459993	-139.818978
-70.059461	173.318680	-140.069368
-70.188693	173.172861	-140.327743
-70.321919	173.022536	-140.594101
-70.459137	172.867705	-140.868444
-70.600350	172.708368	-141.150771
-70.745556	172.544526	-141.441083
-70.894755	172.376177	-141.739378
-71.047948	172.203322	-142.045658
-71.205135	172.025962	-142.359923
-71.366315	171.844096	-142.682171
-71.531489	171.657723	-143.012404
-71.700656	171.466845	-143.350621
-71.873816	171.271461	-143.696822
-72.050971	171.071571	-144.051007
-72.232119	170.867175	-144.413177
-72.417260	170.658273	-144.783331
-72.606395	170.444866	-145.161469
-72.799523	170.226952	-145.547592
-72.996645	170.004533	-145.941699
-73.085943	169.903775	-146.120231
-73.179234	169.798512	-146.306748
-73.276518	169.688743	-146.501249
-73.377796	169.574468	-146.703735
-73.483068	169.455687	-146.914205
-73.592333	169.332400	-147.132659
-73.705592	169.204607	-147.359097
-73.822844	169.072309	-147.593520
-73.944090	168.935504	-147.835926
-74.069329	168.794194	-148.086317
-74.198562	168.648377	-148.344693
-74.331788	168.498055	-148.611052
-74.469008	168.343227	-148.885396
-74.610222	168.183893	-149.167724
-74.755429	168.020053	-149.458037
-74.904629	167.851707	-149.756333
-75.057824	167.678855	-150.062614
-75.215011	167.501497	-150.376879
-75.376192	167.319634	-150.699129
-75.541367	167.133264	-151.029363
-75.710535	166.942389	-151.367580
-75.883697	166.747007	-151.713783
-76.060853	166.547120	-152.067969
-76.242001	166.342727	-152.430140
-76.427144	166.133828	-152.800295
-76.616280	165.920423	-153.178434
-76.809409	165.702512	-153.564558
-77.006533	165.480095	-153.958665
-77.095830	165.379339	-154.137199
-77.189122	165.274077	-154.323716
-77.286407	165.164309	-154.518218
-77.387685	165.050035	-154.720704
-77.492958	164.931256	-154.931174
-77.602223	164.807970	-155.149628
-77.715482	164.680179	-155.376067
-77.832735	164.547881	-155.610490
-77.953981	164.411078	-155.852897
-78.079221	164.269769	-156.103289
-78.208454	164.123953	-156.361665
-78.341681	163.973632	-156.628025
-78.478902	163.818805	-156.902369
-78.620116	163.659473	-157.184698
-78.765323	163.495634	-157.475010
-78.914524	163.327289	-157.773308
-79.067719	163.154439	-158.079589
-79.224907	162.977082	-158.393855
-79.386089	162.795220	-158.716104
-79.551264	162.608851	-159.046339
-79.720433	162.417977	-159.384557
-79.893595	162.222597	-159.730760
-80.070751	162.022711	-160.084947
-80.251900	161.818319	-160.447118
-80.437043	161.609421	-160.817273
-80.626180	161.396018	-161.195413
-80.819310	161.178108	-161.581537
-81.016433	160.955693	-161.975645
-81.105731	160.854937	-162.154179
-81.199023	160.749676	-162.340696
-81.296308	160.639908	-162.535198
-81.397587	160.525635	-162.737684
-81.502859	160.406856	-162.948155
-81.612125	160.283571	-163.166609
-81.725384	160.155780	-163.393048
-81.842637	160.023483	-163.627472
-81.963884	159.886680	-163.869879
-82.089124	159.745372	-164.120271
-82.218357	159.599557	-164.378647
-82.351585	159.449236	-164.645007
-82.488805	159.294410	-164.919352
-82.630019	159.135078	-165.201680
-82.775227	158.971240	-165.491993
-82.924428	158.802895	-165.790291
-83.077623	158.630045	-166.096572
-83.234811	158.452690	-166.410838
-83.395993	158.270828	-166.733088
-83.561169	158.084460	-167.063323
-83.730338	157.893586	-167.401541
-83.903500	157.698207	-167.747744
-84.080656	157.498321	-168.101931
-84.261806	157.293930	-168.464103
-84.446949	157.085033	-168.834258
-84.636086	156.871630	-169.212398
-84.829216	156.653721	-169.598522
-85.026340	156.431306	-169.992631
-85.115638	156.330550	-170.171164
-85.208930	156.225289	-170.357682
-85.306215	156.115522	-170.552184
-85.407494	156.001249	-170.754670
-85.512766	155.882470	-170.965141
-85.622032	155.759185	-171.183596
-85.735292	155.631395	-171.410035
-85.852545	155.499098	-171.644458
-85.973791	155.362296	-171.886866
-86.099031	155.220987	-172.137257
-86.228265	155.075173	-172.395634
-86.361492	154.924853	-172.661994
-86.498713	154.770027	-172.936338
-86.639927	154.610695	-173.218667
-86.785135	154.446857	-173.508981
-86.934336	154.278513	-173.807278
-87.087531	154.105663	-174.113560
-87.244720	153.928307	-174.427826
-87.405902	153.746446	-174.750076
-87.571077	153.560078	-175.080310
-87.740246	153.369205	-175.418529
-87.913409	153.173826	-175.764732
-88.090565	152.973941	-176.118919
-88.271715	152.769549	-176.481091
-88.456858	152.560652	-176.851246
-88.645995	152.347250	-177.229387
-88.839125	152.129341	-177.615511
-89.036249	151.906926	-178.009619
-89.125547	151.806171	-178.188153
-89.218839	151.700910	-178.374671
-89.316124	151.591143	-178.569173
-89.417403	151.476870	-178.771659
-89.522676	151.358091	-178.982130
-89.631942	151.234807	-179.200584
-89.745201	151.107016	-179.427023
-89.862454	150.974719	-179.661447
-89.983701	150.837917	-179.903854
-90.108941	150.696609	-180.154246
-90.238175	150.550795	-180.412622
-90.371402	150.400474	-180.678983
-90.508623	150.245648	-180.953328
-90.649837	150.086317	-181.235656
-90.795045	149.922479	-181.525970
-90.944246	149.754135	-181.824267
-91.097441	149.581285	-182.130549
-91.254630	149.403930	-182.444815
-91.415812	149.222068	-182.767065
-91.580987	149.035701	-183.097300
-91.750156	148.844828	-183.435518
-91.923319	148.649449	-183.781721
-92.100475	148.449564	-184.135909
-92.281625	148.245173	-184.498080
-92.466768	148.036276	-184.868236
-92.655905	147.822873	-185.246376
-92.849035	147.604964	-185.632501
-93.046159	147.382550	-186.026609
-93.135458	147.281795	-186.205143
-93.228749	147.176534	-186.391660
-93.326035	147.066767	-186.586163
-93.427314	146.952494	-186.788649
-93.532586	146.833715	-186.999119
-93.641852	146.710431	-187.217574
-93.755112	146.582640	-187.444013
-93.872365	146.450344	-187.678437
-93.993611	146.313541	-187.920844
-94.118852	146.172233	-188.171236
-94.248085	146.026419	-188.429612
-94.381313	145.876099	-188.695973
-94.518533	145.721273	-188.970318
-94.659748	145.561941	-189.252647
-94.804956	145.398103	-189.542960
-94.954157	145.229760	-189.841257
-95.107352	145.056910	-190.147539
-95.264540	144.879555	-190.461805
-95.425722	144.697693	-190.784055
-95.590898	144.511326	-191.114290
-95.760067	144.320453	-191.452509
-95.933230	144.125074	-191.798712
-96.110386	143.925189	-192.152899
-96.291536	143.720798	-192.515071
-96.476679	143.511901	-192.885226
-96.665816	143.298498	-193.263366
-96.858946	143.080590	-193.649491
-97.056070	142.858175	-194.043599
-97.145369	142.757420	-194.222133
-97.238660	142.652159	-194.408651
-97.335946	142.542392	-194.603153
-97.437225	142.428119	-194.805639
-97.542497	142.309341	-195.016110
-97.651763	142.186056	-195.234565
-97.765023	142.058265	-195.461004
-97.882276	141.925969	-195.695427
-98.003522	141.789167	-195.937835
-98.128763	141.647858	-196.188227
-98.257996	141.502044	-196.446603
-98.391224	141.351724	-196.712963
-98.528444	141.196898	-196.987308
-98.669659	141.037567	-197.269637
-98.814867	140.873729	-197.559950
-98.964068	140.705385	-197.858248
-99.117263	140.532536	-198.164529
-99.274451	140.355180	-198.478796
-99.435634	140.173319	-198.801046
-99.600809	139.986952	-199.131280
-99.769978	139.796078	-199.469499
-99.943141	139.600699	-199.815702
-100.120297	139.400814	-200.169890
-100.301447	139.196423	-200.532061
-100.486590	138.987527	-200.902217
-100.675727	138.774124	-201.280357
-100.868857	138.556215	-201.666481
-101.065981	138.333801	-202.060590
-101.155280	138.233046	-202.239124
-101.248572	138.127785	-202.425641
-101.345857	138.018018	-202.620144
-101.447136	137.903745	-202.822630
-101.552408	137.784967	-203.033100
-101.661674	137.661682	-203.251555
-101.774934	137.533891	-203.477994
-101.892187	137.401595	-203.712418
-102.013434	137.264793	-203.954826
-102.138674	137.123484	-204.205217
-102.267907	136.977670	-204.463594
-102.401135	136.827350	-204.729954
-102.538356	136.672524	-205.004299
-102.679570	136.513193	-205.286628
-102.824778	136.349355	-205.576941
-102.973979	136.181011	-205.875238
-103.127174	136.008162	-206.181520
-103.284363	135.830806	-206.495786
-103.445545	135.648945	-206.818036
-103.610720	135.462578	-207.148271
-103.779889	135.271705	-207.486490
-103.953052	135.076325	-207.832693
-104.130208	134.876441	-208.186880
-104.311358	134.672050	-208.549052
-104.496501	134.463153	-208.919208
-104.685638	134.249750	-209.297348
-104.878769	134.031842	-209.683472
-105.075893	133.809427	-210.077581
-105.165191	133.708672	-210.256114
-105.258483	133.603411	-210.442632
-105.355768	133.493644	-210.637134
-105.457047	133.379371	-210.839621
-105.562320	133.260593	-211.050091
-105.671586	133.137308	-211.268546
-105.784845	133.009518	-211.494985
-105.902098	132.877221	-211.729409
-106.023345	132.740419	-211.971816
-106.148585	132.599111	-212.222208
-106.277819	132.453297	-212.480584
-106.411046	132.302977	-212.746945
-106.548267	132.148151	-213.021290
-106.689481	131.988819	-213.303618
-106.834689	131.824981	-213.593932
-106.983890	131.656638	-213.892229
-107.137085	131.483788	-214.198511
-107.294274	131.306433	-214.512777
-107.455456	131.124571	-214.835027
-107.620632	130.938204	-215.165262
-107.789801	130.747331	-215.503481
-107.962963	130.551952	-215.849684
-108.140120	130.352067	-216.203871
-108.321269	130.147676	-216.566043
-108.506413	129.938779	-216.936199
-108.695550	129.725377	-217.314339
-108.888680	129.507468	-217.700463
-109.085804	129.285054	-218.094572
-109.175102	129.184298	-218.273105
-109.268394	129.079037	-218.459623
-109.365679	128.969271	-218.654125
-109.466958	128.854998	-218.856611
-109.572231	128.736219	-219.067082
-109.681497	128.612935	-219.285537
-109.794756	128.485144	-219.511976
-109.912010	128.352848	-219.746399
-110.033256	128.216045	-219.988807
-110.158496	128.074737	-220.239199
-110.287730	127.928923	-220.497575
-110.420957	127.778603	-220.763936
-110.558178	127.623777	-221.038280
-110.699392	127.464445	-221.320609
-110.844600	127.300608	-221.610923
-110.993802	127.132264	-221.909220
-111.146997	126.959414	-222.215502
-111.304185	126.782059	-222.529768
-111.465367	126.600198	-222.852018
-111.630543	126.413830	-223.182253
-111.799712	126.222957	-223.520471
-111.972875	126.027578	-223.866675
-112.150031	125.827693	-224.220862
-112.331181	125.623302	-224.583033
-112.516324	125.414406	-224.953189
-112.705461	125.201003	-225.331329
-112.898591	124.983094	-225.717454
-113.095715	124.760680	-226.111563
-113.185014	124.659925	-226.290096
-113.278305	124.554664	-226.476614
-113.375591	124.444897	-226.671116
-113.476870	124.330624	-226.873602
-113.582142	124.211846	-227.084073
-113.691408	124.088561	-227.302528
-113.804668	123.960771	-227.528967
-113.921921	123.828474	-227.763390
-114.043167	123.691672	-228.005798
-114.168408	123.550364	-228.256190
-114.297641	123.404550	-228.514566
-114.430869	123.254229	-228.780926
-114.568089	123.099404	-229.055271
-114.709304	122.940072	-229.337600
-114.854512	122.776234	-229.627913
-115.003713	122.607890	-229.926211
-115.156908	122.435041	-230.232493
-115.314097	122.257685	-230.546759
-115.475279	122.075824	-230.869009
-115.640454	121.889457	-231.199244
-115.809623	121.698584	-231.537462
-115.982786	121.503205	-231.883665
-116.159942	121.303320	-232.237853
-116.341092	121.098929	-232.600024
-116.526235	120.890032	-232.970180
-116.715372	120.676629	-233.348320
-116.908503	120.458721	-233.734445
-117.105627	120.236306	-234.128553
-117.194925	120.135551	-234.307087
-117.288217	120.030290	-234.493605
-117.385502	119.920524	-234.688107
-117.486781	119.806251	-234.890593
-117.592053	119.687472	-235.101064
-117.701319	119.564187	-235.319519
-117.814579	119.436397	-235.545958
-117.931832	119.304101	-235.780381
-118.053079	119.167298	-236.022789
-118.178319	119.025990	-236.273181
-118.307553	118.880176	-236.531557
-118.440780	118.729856	-236.797917
-118.578001	118.575030	-237.072262
-118.719215	118.415698	-237.354591
-118.864423	118.251861	-237.644904
-119.013624	118.083517	-237.943202
-119.166819	117.910667	-238.249484
-119.324008	117.733312	-238.563750
-119.485190	117.551451	-238.886000
-119.650366	117.365083	-239.216234
-119.819535	117.174210	-239.554453
-119.992697	116.978831	-239.900656
-120.169854	116.778946	-240.254844
-120.351003	116.574555	-240.617015
-120.536147	116.365659	-240.987171
-120.725284	116.152256	-241.365311
-120.918414	115.934347	-241.751436
-121.115538	115.711933	-242.145544
-121.204836	115.611178	-242.324078
-121.298128	115.505917	-242.510596
-121.395413	115.396150	-242.705098
-121.496692	115.281877	-242.907584
-121.601965	115.163099	-243.118055
-121.711231	115.039814	-243.336509
-121.824490	114.912023	-243.562949
-121.941743	114.779727	-243.797372
-122.062990	114.642925	-244.039780
-122.188230	114.501617	-244.290172
-122.317464	114.355802	-244.548548
-122.450691	114.205482	-244.814908
-122.587912	114.050657	-245.089253
-122.729126	113.891325	-245.371582
-122.874334	113.727487	-245.661895
-123.023536	113.559143	-245.960193
-123.176731	113.386294	-246.266474
-123.333919	113.208938	-246.580740
-123.495101	113.027077	-246.902991
-123.660277	112.840710	-247.233225
-123.829446	112.649837	-247.571444
-124.002609	112.454458	-247.917647
-124.179765	112.254573	-248.271834
-124.360915	112.050182	-248.634006
-124.546058	111.841285	-249.004162
-124.735195	111.627882	-249.382302
-124.928325	111.409974	-249.768426
-125.125449	111.187559	-250.162535
-125.214747	111.086804	-250.341069
-125.308039	110.981543	-250.527586
-125.405325	110.871776	-250.722089
-125.506604	110.757504	-250.924575
-125.611876	110.638725	-251.135045
-125.721142	110.515440	-251.353500
-125.834402	110.387650	-251.579939
-125.951655	110.255354	-251.814363
-126.072901	110.118551	-252.056771
-126.198142	109.977243	-252.307162
-126.327375	109.831429	-252.565539
-126.460603	109.681109	-252.831899
-126.597823	109.526283	-253.106244
-126.739038	109.366951	-253.388573
-126.884246	109.203113	-253.678886
-127.033447	109.034770	-253.977183
-127.186642	108.861920	-254.283465
-127.343831	108.684565	-254.597731
-127.505013	108.502704	-254.919982
-127.670188	108.316336	-255.250216
-127.839357	108.125463	-255.588435
-128.012520	107.930084	-255.934638
-128.189676	107.730199	-256.288825
-128.370826	107.525808	-256.650997
-128.555969	107.316912	-257.021153
-128.745106	107.103509	-257.399293
-128.938237	106.885600	-257.785417
-129.135360	106.663186	-258.179526
-129.224659	106.562431	-258.358059
-129.317951	106.457170	-258.544577
-129.415236	106.347403	-258.739079
-129.516515	106.233130	-258.941566
-129.621787	106.114352	-259.152036
-129.731053	105.991067	-259.370491
-129.844313	105.863276	-259.596930
-129.961566	105.730980	-259.831354
-130.082813	105.594178	-260.073761
-130.208053	105.452870	-260.324153
-130.337287	105.307055	-260.582529
-130.470514	105.156735	-260.848890
-130.607735	105.001910	-261.123235
-130.748949	104.842578	-261.405564
-130.894157	104.678740	-261.695877
-131.043358	104.510396	-261.994174
-131.196553	104.337547	-262.300456
-131.353742	104.160191	-262.614722
-131.514924	103.978330	-262.936972
-131.680100	103.791963	-263.267207
-131.849269	103.601090	-263.605426
-132.022431	103.405711	-263.951629
-132.199588	103.205826	-264.305816
-132.380737	103.001435	-264.667988
-132.565881	102.792538	-265.038144
-132.755017	102.579135	-265.416284
-132.948148	102.361227	-265.802408
-133.145272	102.138812	-266.196517
-133.234570	102.038057	-266.375050
-133.327862	101.932796	-266.561568
-133.425147	101.823029	-266.756070
-133.526426	101.708757	-266.958557
-133.631699	101.589978	-267.169027
-133.740965	101.466693	-267.387482
-133.854224	101.338903	-267.613921
-133.971477	101.206607	-267.848345
-134.092724	101.069804	-268.090752
-134.217964	100.928496	-268.341144
-134.347198	100.782682	-268.599520
-134.480425	100.632362	-268.865881
-134.617646	100.477536	-269.140225
-134.758860	100.318204	-269.422554
-134.904068	100.154366	-269.712868
-135.053270	99.986023	-270.011165
-135.206465	99.813173	-270.317447
-135.363653	99.635818	-270.631713
-135.524835	99.453957	-270.953963
-135.690011	99.267589	-271.284198
-135.859180	99.076716	-271.622417
-136.032343	98.881337	-271.968620
-136.209499	98.681452	-272.322807
-136.390649	98.477061	-272.684979
-136.575792	98.268165	-273.055134
-136.764929	98.054762	-273.433275
-136.958059	97.836853	-273.819399
-137.155183	97.614439	-274.213508
-137.244481	97.513684	-274.392041
-137.337773	97.408423	-274.578559
-137.435059	97.298656	-274.773061
-137.536338	97.184383	-274.975547
-137.641610	97.065604	-275.186018
-137.750876	96.942320	-275.404473
-137.864136	96.814529	-275.630912
-137.981389	96.682233	-275.865335
-138.102635	96.545431	-276.107743
-138.227876	96.404123	-276.358135
-138.357109	96.258308	-276.616511
-138.490337	96.107988	-276.882872
-138.627557	95.953162	-277.157216
-138.768772	95.793831	-277.439545
-138.913980	95.629993	-277.729859
-139.063181	95.461649	-278.028156
-139.216376	95.288800	-278.334438
-139.373565	95.111444	-278.648704
-139.534747	94.929583	-278.970954
-139.699922	94.743216	-279.301189
-139.869091	94.552343	-279.639407
-140.042254	94.356964	-279.985611
-140.219410	94.157079	-280.339798
-140.400560	93.952688	-280.701969
-140.585703	93.743791	-281.072125
-140.774840	93.530388	-281.450265
-140.967971	93.312480	-281.836390
-141.165094	93.090065	-282.230499
-141.254393	92.989310	-282.409032
-141.347685	92.884049	-282.595550
-141.444970	92.774282	-282.790052
-141.546249	92.660010	-282.992538
-141.651521	92.541231	-283.203009
-141.760787	92.417946	-283.421464
-141.874047	92.290156	-283.647903
-141.991300	92.157860	-283.882326
-142.112547	92.021057	-284.124734
-142.237787	91.879749	-284.375126
-142.367021	91.733935	-284.633502
-142.500248	91.583615	-284.899862
-142.637469	91.428789	-285.174207
-142.778683	91.269457	-285.456536
-142.923891	91.105619	-285.746849
-143.073092	90.937276	-286.045147
-143.226287	90.764426	-286.351429
-143.383476	90.587071	-286.665695
-143.544658	90.405210	-286.987945
-143.709834	90.218842	-287.318180
-143.879003	90.027969	-287.656398
-144.052165	89.832590	-288.002601
-144.229322	89.632705	-288.356789
-144.410471	89.428314	-288.718960
-144.595615	89.219418	-289.089116
-144.784751	89.006015	-289.467256
-144.977882	88.788106	-289.853381
-145.175006	88.565692	-290.247489
-145.264304	88.464937	-290.426023
-145.357596	88.359676	-290.612541
-145.454881	88.249909	-290.807043
-145.556160	88.135636	-291.009529
-145.661433	88.016857	-291.220000
-145.770699	87.893573	-291.438455
-145.883958	87.765782	-291.664894
-146.001211	87.633486	-291.899317
-146.122458	87.496684	-292.141725
-146.247698	87.355376	-292.392117
-146.376932	87.209561	-292.650493
-146.510159	87.059241	-292.916853
-146.647380	86.904415	-293.191198
-146.788594	86.745084	-293.473527
-146.933802	86.581246	-293.763840
-147.083004	86.412902	-294.062138
