-7.378685	214.130932	-41.129395
-7.407389	213.985978	-41.177765
-7.437697	213.836793	-41.235053
-7.469613	213.683378	-41.301258
-7.503142	213.525735	-41.376381
-7.538289	213.363867	-41.460421
-7.575057	213.197774	-41.553380
-7.613450	213.027460	-41.655256
-7.653474	212.852925	-41.766051
-7.695132	212.674173	-41.885764
-7.738428	212.491204	-42.014396
-7.783367	212.304021	-42.151946
-7.829953	212.112627	-42.298415
-7.878190	211.917022	-42.453804
-7.928082	211.717208	-42.618111
-7.979633	211.513189	-42.791338
-8.032847	211.304965	-42.973484
-8.087729	211.092539	-43.164550
-8.144283	210.875913	-43.364536
-8.202511	210.655089	-43.573442
-8.262419	210.430068	-43.791268
-8.324009	210.200853	-44.018015
-8.387287	209.967445	-44.253682
-8.452256	209.729847	-44.498270
-8.518919	209.488061	-44.751779
-8.587280	209.242088	-45.014210
-8.657343	208.991931	-45.285562
-8.729112	208.737592	-45.565836
-8.802590	208.479072	-45.855032
-8.877781	208.216374	-46.153151
-8.954688	207.949500	-46.460192
-9.033315	207.678451	-46.776155
-9.113665	207.403230	-47.101042
-9.195741	207.123838	-47.434853
-9.279548	206.840279	-47.777587
-9.365088	206.552553	-48.129245
-9.452364	206.260663	-48.489828
-9.541381	205.964611	-48.859335
-9.632140	205.664398	-49.237767
-9.673407	205.528617	-49.410569
-9.716421	205.388679	-49.592296
-9.761184	205.244585	-49.782950
-9.807697	205.096335	-49.982529
-9.855962	204.943931	-50.191034
-9.905980	204.787373	-50.408465
-9.957751	204.626663	-50.634822
-10.011278	204.461801	-50.870106
-10.066562	204.292788	-51.114317
-10.123604	204.119625	-51.367454
-10.182406	203.942314	-51.629519
-10.242968	203.760855	-51.900510
-10.305292	203.575248	-52.180429
-10.369379	203.385496	-52.469276
-10.435230	203.191598	-52.767050
-10.502847	202.993556	-53.073752
-10.572231	202.791371	-53.389382
-10.643382	202.585043	-53.713941
-10.716303	202.374574	-54.047428
-10.790995	202.159965	-54.389844
-10.867457	201.941215	-54.741189
-10.945693	201.718328	-55.101463
-11.025702	201.491302	-55.470666
-11.107486	201.260140	-55.848799
-11.191046	201.024842	-56.235861
-11.276383	200.785409	-56.631854
-11.363499	200.541842	-57.036776
-11.452393	200.294142	-57.450630
-11.492913	200.181606	-57.639558
-11.535213	200.064939	-57.837417
-11.579295	199.944141	-58.044207
-11.625158	199.819212	-58.259928
-11.672803	199.690152	-58.484580
-11.722231	199.556963	-58.718164
-11.773442	199.419644	-58.960678
-11.826437	199.278196	-59.212124
-11.881215	199.132620	-59.472502
-11.937777	198.982916	-59.741811
-11.996125	198.829083	-60.020052
-12.056257	198.671124	-60.307225
-12.118175	198.509037	-60.603330
-12.181880	198.342824	-60.908367
-12.247370	198.172485	-61.222336
-12.314648	197.998020	-61.545237
-12.383713	197.819431	-61.877071
-12.454565	197.636716	-62.217838
-12.527206	197.449877	-62.567537
-12.601635	197.258915	-62.926169
-12.677853	197.063829	-63.293734
-12.755861	196.864620	-63.670231
-12.835658	196.661288	-64.055663
-12.917245	196.453834	-64.450027
-13.000623	196.242259	-64.853325
-13.085791	196.026562	-65.265556
-13.172751	195.806745	-65.686721
-13.261503	195.582807	-66.116820
-13.301757	195.481415	-66.312010
-13.343804	195.375903	-66.516134
-13.387643	195.266271	-66.729192
-13.433275	195.152521	-66.951185
-13.480699	195.034651	-67.182111
-13.529916	194.912662	-67.421972
-13.580925	194.786554	-67.670767
-13.633728	194.656328	-67.928496
-13.688324	194.521984	-68.195160
-13.744713	194.383521	-68.470758
-13.802896	194.240941	-68.755291
-13.862873	194.094243	-69.048758
-13.924643	193.943427	-69.351160
-13.988207	193.788494	-69.662497
-14.053565	193.629444	-69.982769
-14.120718	193.466277	-70.311975
-14.189665	193.298993	-70.650116
-14.260407	193.127593	-70.997193
-14.332943	192.952077	-71.353204
-14.407274	192.772444	-71.718151
-14.483400	192.588696	-72.092033
-14.561321	192.400831	-72.474849
-14.641037	192.208852	-72.866602
-14.722549	192.012757	-73.267289
-14.805856	191.812547	-73.676912
-14.890959	191.608222	-74.095471
-14.977858	191.399782	-74.522965
-15.066552	191.187228	-74.959395
-15.106742	191.090999	-75.157195
-15.148728	190.990656	-75.363931
-15.192510	190.886199	-75.579602
-15.238088	190.777628	-75.804209
-15.285462	190.664943	-76.037753
-15.334633	190.548144	-76.280232
-15.385600	190.427232	-76.531646
-15.438363	190.302206	-76.791997
-15.492923	190.173066	-77.061284
-15.549279	190.039813	-77.339507
-15.607433	189.902447	-77.626666
-15.667382	189.760967	-77.922761
-15.729129	189.615374	-78.227791
-15.792672	189.465668	-78.541759
-15.858012	189.311849	-78.864662
-15.925149	189.153918	-79.196501
-15.994083	188.991873	-79.537277
-16.064814	188.825716	-79.886989
-16.137342	188.655446	-80.245637
-16.211667	188.481064	-80.613221
-16.287789	188.302569	-80.989742
-16.365709	188.119962	-81.375200
-16.445425	187.933243	-81.769593
-16.526939	187.742411	-82.172923
-16.610250	187.547468	-82.585190
-16.695359	187.348412	-83.006393
-16.782265	187.145245	-83.436533
-16.870968	186.937966	-83.875609
-16.911154	186.844101	-84.074542
-16.953137	186.746125	-84.282412
-16.996918	186.644037	-84.499219
-17.042496	186.537837	-84.724962
-17.089872	186.427526	-84.959642
-17.139046	186.313103	-85.203259
-17.190017	186.194570	-85.455812
-17.242786	186.071924	-85.717303
-17.297353	185.945168	-85.987730
-17.353717	185.814300	-86.267093
-17.411880	185.679321	-86.555394
-17.471840	185.540231	-86.852631
-17.533597	185.397029	-87.158805
-17.597153	185.249717	-87.473916
-17.662506	185.098293	-87.797963
-17.729657	184.942758	-88.130948
-17.798606	184.783113	-88.472869
-17.869353	184.619356	-88.823728
-17.941898	184.451489	-89.183523
-18.016241	184.279511	-89.552255
-18.092382	184.103422	-89.929924
-18.170320	183.923222	-90.316530
-18.250057	183.738912	-90.712073
-18.331592	183.550491	-91.116553
-18.414924	183.357959	-91.529970
-18.500055	183.161316	-91.952324
-18.586984	182.960564	-92.383615
-18.675711	182.755700	-92.823843
-18.715905	182.662913	-93.023279
-18.757898	182.566015	-93.231653
-18.801688	182.465006	-93.448963
-18.847277	182.359887	-93.675211
-18.894664	182.250658	-93.910395
-18.943849	182.137318	-94.154517
-18.994833	182.019869	-94.407576
-19.047614	181.898308	-94.669572
-19.102194	181.772638	-94.940505
-19.158571	181.642857	-95.220375
-19.216747	181.508966	-95.509183
-19.276721	181.370965	-95.806927
-19.338493	181.228854	-96.113609
-19.402064	181.082632	-96.429228
-19.467433	180.932300	-96.753784
-19.534599	180.777858	-97.087277
-19.603564	180.619306	-97.429707
-19.674328	180.456644	-97.781075
-19.746889	180.289872	-98.141380
-19.821249	180.118990	-98.510622
-19.897407	179.943997	-98.888801
-19.975363	179.764895	-99.275917
-20.055118	179.581682	-99.671971
-20.136671	179.394360	-100.076962
-20.220022	179.202928	-100.490890
-20.305171	179.007385	-100.913756
-20.392119	178.807733	-101.345558
-20.480865	178.603971	-101.786298
-20.521068	178.511674	-101.985960
-20.563069	178.415266	-102.194559
-20.606868	178.314749	-102.412096
-20.652466	178.210122	-102.638570
-20.699862	178.101385	-102.873981
-20.749056	177.988538	-103.118329
-20.800049	177.871581	-103.371615
-20.852840	177.750515	-103.633838
-20.907429	177.625338	-103.904998
-20.963817	177.496052	-104.185096
-21.022003	177.362656	-104.474131
-21.081987	177.225151	-104.772103
-21.143770	177.083535	-105.079013
-21.207351	176.937810	-105.394859
-21.272730	176.787975	-105.719644
-21.339908	176.634030	-106.053365
-21.408884	176.475976	-106.396024
-21.479659	176.313812	-106.747620
-21.552232	176.147538	-107.108154
-21.626603	175.977154	-107.477625
-21.702772	175.802661	-107.856033
-21.780740	175.624058	-108.243379
-21.860507	175.441345	-108.639662
-21.942071	175.254523	-109.044882
-22.025434	175.063591	-109.459040
-22.110596	174.868550	-109.882135
-22.197556	174.669398	-110.314168
-22.286314	174.466137	-110.755138
-22.326522	174.374063	-110.954901
-22.368529	174.277878	-111.163602
-22.412333	174.177584	-111.381241
-22.457937	174.073181	-111.607817
-22.505338	173.964667	-111.843330
-22.554539	173.852045	-112.087781
-22.605537	173.735312	-112.341169
-22.658334	173.614470	-112.603494
-22.712929	173.489519	-112.874757
-22.769323	173.360458	-113.154957
-22.827515	173.227287	-113.444095
-22.887506	173.090007	-113.742170
-22.949295	172.948617	-114.049182
-23.012882	172.803117	-114.365132
-23.078268	172.653508	-114.690020
-23.145452	172.499790	-115.023844
-23.214435	172.341962	-115.366606
-23.285216	172.180024	-115.718306
-23.357795	172.013977	-116.078943
-23.432173	171.843820	-116.448517
-23.508349	171.669554	-116.827029
-23.586324	171.491178	-117.214478
-23.666097	171.308693	-117.610865
-23.747668	171.122098	-118.016189
-23.831038	170.931394	-118.430450
-23.916207	170.736580	-118.853649
-24.003174	170.537657	-119.285785
-24.091939	170.334624	-119.726859
-24.132150	170.242650	-119.926669
-24.174160	170.146567	-120.135416
-24.217968	170.046375	-120.353100
-24.263574	169.942073	-120.579723
-24.310979	169.833662	-120.815282
-24.360183	169.721141	-121.059779
-24.411184	169.604510	-121.313213
-24.463985	169.483771	-121.575585
-24.518583	169.358921	-121.846894
-24.574980	169.229962	-122.127141
-24.633176	169.096894	-122.416325
-24.693170	168.959716	-122.714447
-24.754962	168.818429	-123.021506
-24.818553	168.673032	-123.337502
-24.883942	168.523526	-123.662436
-24.951130	168.369911	-123.996308
-25.020116	168.212185	-124.339116
-25.090901	168.050351	-124.690863
-25.163484	167.884407	-125.051546
-25.237865	167.714353	-125.421167
-25.314045	167.540190	-125.799726
-25.392024	167.361918	-126.187222
-25.471800	167.179536	-126.583656
-25.553375	166.993045	-126.989026
-25.636749	166.802444	-127.403335
-25.721921	166.607734	-127.826581
-25.808892	166.408914	-128.258764
-25.897661	166.205985	-128.699885
-25.937874	166.114058	-128.899715
-25.979885	166.018021	-129.108484
-26.023695	165.917875	-129.326189
-26.069303	165.813619	-129.552832
-26.116710	165.705254	-129.788413
-26.165915	165.592780	-130.032931
-26.216918	165.476196	-130.286386
-26.269720	165.355502	-130.548779
-26.324321	165.230699	-130.820109
-26.380720	165.101787	-131.100377
-26.438917	164.968765	-131.389582
-26.498913	164.831634	-131.687725
-26.560707	164.690394	-131.994805
-26.624299	164.545044	-132.310822
-26.689691	164.395584	-132.635778
-26.756880	164.242016	-132.969670
-26.825868	164.084337	-133.312500
-26.896655	163.922550	-133.664268
-26.969239	163.756653	-134.024972
-27.043623	163.586646	-134.394615
-27.119804	163.412530	-134.773195
-27.197785	163.234305	-135.160712
-27.277563	163.051970	-135.557167
-27.359140	162.865526	-135.962559
-27.442516	162.674972	-136.376889
-27.527690	162.480309	-136.800156
-27.614662	162.281537	-137.232360
-27.703433	162.078655	-137.673503
-27.743647	161.986748	-137.873343
-27.785659	161.890733	-138.082120
-27.829470	161.790608	-138.299835
-27.875079	161.686373	-138.526488
-27.922487	161.578029	-138.762078
-27.971693	161.465576	-139.006605
-28.022697	161.349013	-139.260070
-28.075500	161.228340	-139.522473
-28.130101	161.103559	-139.793813
-28.186501	160.974668	-140.074090
-28.244699	160.841667	-140.363305
-28.304696	160.704557	-140.661457
-28.366491	160.563338	-140.968547
-28.430085	160.418009	-141.284574
-28.495477	160.268571	-141.609539
-28.562667	160.115024	-141.943441
-28.631656	159.957367	-142.286280
-28.702443	159.795601	-142.638057
-28.775029	159.629725	-142.998772
-28.849413	159.459740	-143.368424
-28.925596	159.285645	-143.747013
-29.003577	159.107441	-144.134540
-29.083357	158.925128	-144.531005
-29.164935	158.738705	-144.936407
-29.248311	158.548173	-145.350746
-29.333486	158.353531	-145.774023
-29.420460	158.154781	-146.206237
-29.509232	157.951920	-146.647389
-29.549446	157.860023	-146.847234
-29.591458	157.764017	-147.056015
-29.635270	157.663902	-147.273735
-29.680879	157.559677	-147.500392
-29.728287	157.451342	-147.735986
-29.777493	157.338898	-147.980518
-29.828498	157.222345	-148.233987
-29.881302	157.101683	-148.496394
-29.935903	156.976911	-148.767738
-29.992304	156.848029	-149.048020
-30.050502	156.715038	-149.337239
-30.110500	156.577938	-149.635396
-30.172295	156.436729	-149.942490
-30.235889	156.291410	-150.258521
-30.301282	156.141981	-150.583490
-30.368473	155.988443	-150.917397
-30.437462	155.830796	-151.260241
-30.508250	155.669040	-151.612022
-30.580836	155.503174	-151.972741
-30.655221	155.333198	-152.342398
-30.731404	155.159114	-152.720991
-30.809386	154.980919	-153.108523
-30.889166	154.798616	-153.504992
-30.970744	154.612203	-153.910398
-31.054121	154.421680	-154.324742
-31.139297	154.227049	-154.748023
-31.226270	154.028308	-155.180242
-31.315043	153.825457	-155.621398
-31.355257	153.733565	-155.821244
-31.397270	153.637563	-156.030028
-31.441081	153.537451	-156.247750
-31.486691	153.433231	-156.474408
-31.534099	153.324901	-156.710005
-31.583306	153.212461	-156.954538
-31.634311	153.095913	-157.208010
-31.687115	152.975254	-157.470418
-31.741717	152.850487	-157.741765
-31.798117	152.721610	-158.022048
-31.856316	152.588623	-158.311269
-31.916313	152.451528	-158.609428
-31.978109	152.310322	-158.916524
-32.041703	152.165008	-159.232558
-32.107096	152.015584	-159.557529
-32.174287	151.862051	-159.891437
-32.243277	151.704408	-160.234283
-32.314065	151.542656	-160.586067
-32.386651	151.376794	-160.946788
-32.461036	151.206823	-161.316446
-32.537220	151.032743	-161.695042
-32.615202	150.854553	-162.082575
-32.694982	150.672254	-162.479046
-32.776561	150.485845	-162.884454
-32.859938	150.295328	-163.298800
-32.945113	150.100700	-163.722083
-33.032088	149.901964	-164.154304
-33.120860	149.699117	-164.595462
-33.161075	149.607227	-164.795310
-33.203088	149.511227	-165.004094
-33.246899	149.411118	-165.221817
-33.292509	149.306899	-165.448476
-33.339917	149.198571	-165.684074
-33.389124	149.086134	-165.928608
-33.440129	148.969587	-166.182080
-33.492933	148.848931	-166.444490
-33.547535	148.724165	-166.715837
-33.603935	148.595290	-166.996122
-33.662134	148.462306	-167.285344
-33.722132	148.325212	-167.583503
-33.783928	148.184009	-167.890600
-33.847522	148.038696	-168.206635
-33.912915	147.889275	-168.531607
-33.980106	147.735743	-168.865516
-34.049096	147.578102	-169.208363
-34.119884	147.416352	-169.560147
-34.192471	147.250493	-169.920869
-34.266856	147.080524	-170.290529
-34.343039	146.906446	-170.669125
-34.421021	146.728258	-171.056660
-34.500802	146.545961	-171.453131
-34.582381	146.359554	-171.858541
-34.665758	146.169038	-172.272887
-34.750934	145.974413	-172.696171
-34.837908	145.775679	-173.128393
-34.926681	145.572834	-173.569552
-34.966895	145.480945	-173.769400
-35.008908	145.384946	-173.978185
-35.052720	145.284838	-174.195908
-35.098329	145.180620	-174.422568
-35.145738	145.072293	-174.658165
-35.194945	144.959856	-174.902701
-35.245950	144.843310	-175.156173
-35.298754	144.722655	-175.418583
-35.353356	144.597890	-175.689931
-35.409756	144.469016	-175.970216
-35.467955	144.336033	-176.259438
-35.527953	144.198940	-176.557598
-35.589749	144.057738	-176.864695
-35.653343	143.912426	-177.180730
-35.718736	143.763005	-177.505703
-35.785927	143.609475	-177.839612
-35.854917	143.451835	-178.182460
-35.925705	143.290086	-178.534245
-35.998292	143.124227	-178.894967
-36.072677	142.954259	-179.264627
-36.148861	142.780182	-179.643224
-36.226843	142.601995	-180.030758
-36.306623	142.419699	-180.427231
-36.388202	142.233293	-180.832640
-36.471580	142.042778	-181.246987
-36.556755	141.848154	-181.670272
-36.643730	141.649420	-182.102494
-36.732502	141.446577	-182.543654
-36.772717	141.354688	-182.743501
-36.814730	141.258690	-182.952287
-36.858542	141.158582	-183.170010
-36.904151	141.054364	-183.396670
-36.951560	140.946038	-183.632268
-37.000767	140.833602	-183.876803
-37.051772	140.717056	-184.130276
-37.104576	140.596401	-184.392686
-37.159178	140.471637	-184.664034
-37.215578	140.342763	-184.944319
-37.273778	140.209780	-185.233541
-37.333775	140.072688	-185.531702
-37.395571	139.931486	-185.838799
-37.459166	139.786175	-186.154834
-37.524558	139.636754	-186.479807
-37.591750	139.483224	-186.813717
-37.660740	139.325585	-187.156564
-37.731528	139.163836	-187.508349
-37.804114	138.997978	-187.869072
-37.878500	138.828010	-188.238732
-37.954683	138.653933	-188.617329
-38.032665	138.475747	-189.004864
-38.112446	138.293451	-189.401336
-38.194025	138.107046	-189.806746
-38.277402	137.916532	-190.221093
-38.362578	137.721908	-190.644378
-38.449552	137.523174	-191.076601
-38.538325	137.320332	-191.517760
-38.578540	137.228443	-191.717608
-38.620553	137.132444	-191.926394
-38.664364	137.032337	-192.144117
-38.709974	136.928120	-192.370777
-38.757382	136.819793	-192.606375
-38.806589	136.707357	-192.850910
-38.857595	136.590812	-193.104383
-38.910398	136.470157	-193.366793
-38.965000	136.345393	-193.638141
-39.021401	136.216520	-193.918426
-39.079600	136.083537	-194.207649
-39.139598	135.946445	-194.505809
-39.201394	135.805243	-194.812907
-39.264988	135.659932	-195.128942
-39.330381	135.510512	-195.453915
-39.397572	135.356982	-195.787825
-39.466562	135.199343	-196.130672
-39.537351	135.037594	-196.482458
-39.609937	134.871736	-196.843180
-39.684322	134.701769	-197.212840
-39.760506	134.527692	-197.591438
-39.838488	134.349506	-197.978973
-39.918269	134.167210	-198.375445
-39.999848	133.980805	-198.780855
-40.083225	133.790291	-199.195202
-40.168401	133.595667	-199.618487
-40.255375	133.396934	-200.050709
-40.344148	133.194092	-200.491869
-40.384362	133.102203	-200.691717
-40.426376	133.006205	-200.900503
-40.470187	132.906097	-201.118226
-40.515797	132.801880	-201.344886
-40.563205	132.693553	-201.580484
-40.612412	132.581118	-201.825019
-40.663417	132.464572	-202.078492
-40.716221	132.343918	-202.340903
-40.770823	132.219154	-202.612250
-40.827224	132.090281	-202.892536
-40.885423	131.957298	-203.181759
-40.945421	131.820206	-203.479919
-41.007217	131.679004	-203.787017
-41.070811	131.533693	-204.103052
-41.136204	131.384273	-204.428024
-41.203395	131.230743	-204.761935
-41.272385	131.073104	-205.104782
-41.343174	130.911355	-205.456567
-41.415760	130.745498	-205.817290
-41.490145	130.575530	-206.186950
-41.566329	130.401454	-206.565547
-41.644311	130.223268	-206.953082
-41.724092	130.040972	-207.349555
-41.805671	129.854567	-207.754965
-41.889048	129.664053	-208.169312
-41.974224	129.469429	-208.592597
-42.061198	129.270696	-209.024820
-42.149971	129.067854	-209.465979
-42.190186	128.975965	-209.665827
-42.232199	128.879967	-209.874613
-42.276010	128.779859	-210.092336
-42.321620	128.675642	-210.318996
-42.369028	128.567316	-210.554594
-42.418235	128.454880	-210.799130
-42.469241	128.338335	-211.052603
-42.522044	128.217681	-211.315013
-42.576646	128.092917	-211.586361
-42.633047	127.964043	-211.866646
-42.691246	127.831061	-212.155869
-42.751244	127.693968	-212.454029
-42.813040	127.552767	-212.761127
-42.876634	127.407456	-213.077162
-42.942027	127.258036	-213.402135
-43.009219	127.104506	-213.736045
-43.078208	126.946867	-214.078893
-43.148997	126.785119	-214.430678
-43.221583	126.619261	-214.791400
-43.295968	126.449293	-215.161060
-43.372152	126.275217	-215.539658
-43.450134	126.097031	-215.927193
-43.529915	125.914735	-216.323665
-43.611494	125.728331	-216.729075
-43.694871	125.537816	-217.143423
-43.780047	125.343193	-217.566708
-43.867021	125.144460	-217.998930
-43.955794	124.941617	-218.440090
-43.996009	124.849729	-218.639938
-44.038022	124.753731	-218.848724
-44.081833	124.653623	-219.066447
-44.127443	124.549406	-219.293107
-44.174852	124.441080	-219.528705
-44.224058	124.328644	-219.773240
-44.275064	124.212099	-220.026713
-44.327867	124.091444	-220.289124
-44.382470	123.966680	-220.560472
-44.438870	123.837807	-220.840757
-44.497069	123.704824	-221.129980
-44.557067	123.567732	-221.428140
-44.618863	123.426531	-221.735238
-44.682457	123.281220	-222.051273
-44.747850	123.131800	-222.376246
-44.815042	122.978270	-222.710156
-44.884031	122.820631	-223.053003
-44.954820	122.658882	-223.404789
-45.027406	122.493025	-223.765511
-45.101792	122.323057	-224.135171
-45.177975	122.148981	-224.513769
-45.255957	121.970795	-224.901304
-45.335738	121.788499	-225.297776
-45.417317	121.602095	-225.703186
-45.500694	121.411580	-226.117534
-45.585870	121.216957	-226.540819
-45.672844	121.018224	-226.973041
-45.761617	120.815382	-227.414201
-45.801832	120.723493	-227.614049
-45.843845	120.627495	-227.822835
-45.887656	120.527387	-228.040558
-45.933266	120.423170	-228.267218
-45.980675	120.314844	-228.502816
-46.029882	120.202408	-228.747351
-46.080887	120.085863	-229.000824
-46.133691	119.965208	-229.263235
-46.188293	119.840444	-229.534582
-46.244693	119.711571	-229.814868
-46.302893	119.578588	-230.104091
-46.362890	119.441496	-230.402251
-46.424686	119.300295	-230.709349
-46.488281	119.154984	-231.025384
-46.553673	119.005564	-231.350357
-46.620865	118.852034	-231.684267
-46.689855	118.694395	-232.027114
-46.760643	118.532647	-232.378900
-46.833230	118.366789	-232.739622
-46.907615	118.196822	-233.109282
-46.983798	118.022745	-233.487880
-47.061780	117.844559	-233.875415
-47.141561	117.662264	-234.271887
-47.223140	117.475859	-234.677297
-47.306517	117.285345	-235.091645
-47.391693	117.090721	-235.514930
-47.478668	116.891988	-235.947152
-47.567440	116.689146	-236.388312
-47.607655	116.597257	-236.588160
-47.649668	116.501259	-236.796946
-47.693480	116.401151	-237.014669
-47.739089	116.296934	-237.241329
-47.786498	116.188608	-237.476927
-47.835705	116.076172	-237.721462
-47.886710	115.959627	-237.974935
-47.939514	115.838973	-238.237346
-47.994116	115.714209	-238.508693
-48.050517	115.585335	-238.788979
-48.108716	115.452353	-239.078202
-48.168713	115.315261	-239.376362
-48.230509	115.174059	-239.683460
-48.294104	115.028748	-239.999495
-48.359497	114.879328	-240.324468
-48.426688	114.725798	-240.658378
-48.495678	114.568159	-241.001225
-48.566466	114.406411	-241.353011
-48.639053	114.240553	-241.713733
-48.713438	114.070586	-242.083393
-48.789622	113.896509	-242.461991
-48.867604	113.718323	-242.849526
-48.947384	113.536028	-243.245998
-49.028963	113.349623	-243.651408
-49.112341	113.159109	-244.065756
-49.197516	112.964485	-244.489041
-49.284491	112.765752	-244.921263
-49.373264	112.562910	-245.362423
-49.413478	112.471021	-245.562271
-49.455491	112.375023	-245.771057
-49.499303	112.274916	-245.988780
-49.544913	112.170699	-246.215440
-49.592321	112.062372	-246.451038
-49.641528	111.949937	-246.695573
-49.692533	111.833391	-246.949046
-49.745337	111.712737	-247.211457
-49.799939	111.587973	-247.482805
-49.856340	111.459100	-247.763090
-49.914539	111.326117	-248.052313
-49.974536	111.189025	-248.350473
-50.036332	111.047823	-248.657571
-50.099927	110.902513	-248.973606
-50.165320	110.753092	-249.298579
-50.232511	110.599563	-249.632489
-50.301501	110.441924	-249.975336
-50.372289	110.280175	-250.327122
-50.444876	110.114317	-250.687844
-50.519261	109.944350	-251.057504
-50.595445	109.770274	-251.436102
-50.673427	109.592088	-251.823637
-50.753207	109.409792	-252.220109
-50.834786	109.223388	-252.625519
-50.918164	109.032873	-253.039867
-51.003340	108.838250	-253.463152
-51.090314	108.639517	-253.895374
-51.179087	108.436675	-254.336534
-51.219301	108.344786	-254.536382
-51.261314	108.248788	-254.745168
-51.305126	108.148680	-254.962891
-51.350736	108.044463	-255.189551
-51.398144	107.936137	-255.425149
-51.447351	107.823701	-255.669684
-51.498356	107.707156	-255.923157
-51.551160	107.586501	-256.185568
-51.605762	107.461737	-256.456916
-51.662163	107.332864	-256.737201
-51.720362	107.199881	-257.026424
-51.780360	107.062789	-257.324584
-51.842156	106.921588	-257.631682
-51.905750	106.776277	-257.947717
-51.971143	106.626857	-258.272690
-52.038334	106.473327	-258.606600
-52.107324	106.315688	-258.949448
-52.178112	106.153940	-259.301233
-52.250699	105.988082	-259.661955
-52.325084	105.818115	-260.031615
-52.401268	105.644038	-260.410213
-52.479250	105.465852	-260.797748
-52.559031	105.283557	-261.194220
-52.640610	105.097152	-261.599630
-52.723987	104.906638	-262.013978
-52.809163	104.712014	-262.437263
-52.896137	104.513281	-262.869485
-52.984910	104.310439	-263.310645
-53.025125	104.218550	-263.510493
-53.067138	104.122552	-263.719279
-53.110949	104.022444	-263.937002
-53.156559	103.918228	-264.163662
-53.203967	103.809901	-264.399260
-53.253174	103.697465	-264.643796
-53.304180	103.580920	-264.897268
-53.356983	103.460266	-265.159679
-53.411585	103.335502	-265.431027
-53.467986	103.206629	-265.711312
-53.526185	103.073646	-266.000535
-53.586183	102.936554	-266.298695
-53.647979	102.795352	-266.605793
-53.711573	102.650041	-266.921828
-53.776966	102.500621	-267.246801
-53.844158	102.347092	-267.580711
-53.913147	102.189453	-267.923559
-53.983936	102.027704	-268.275344
-54.056522	101.861846	-268.636066
-54.130908	101.691879	-269.005726
-54.207091	101.517803	-269.384324
-54.285073	101.339617	-269.771859
-54.364854	101.157321	-270.168332
-54.446433	100.970916	-270.573742
-54.529810	100.780402	-270.988089
-54.614986	100.585779	-271.411374
-54.701960	100.387046	-271.843596
-54.790733	100.184203	-272.284756
-54.830948	100.092315	-272.484604
-54.872961	99.996316	-272.693390
-54.916772	99.896209	-272.911113
-54.962382	99.791992	-273.137773
-55.009791	99.683666	-273.373371
-55.058997	99.571230	-273.617907
-55.110003	99.454685	-273.871380
-55.162806	99.334030	-274.133790
-55.217409	99.209266	-274.405138
-55.273809	99.080393	-274.685423
-55.332008	98.947410	-274.974646
-55.392006	98.810318	-275.272806
-55.453802	98.669117	-275.579904
-55.517396	98.523806	-275.895939
-55.582789	98.374386	-276.220912
-55.649981	98.220856	-276.554822
-55.718971	98.063217	-276.897670
-55.789759	97.901469	-277.249455
-55.862346	97.735611	-277.610177
-55.936731	97.565644	-277.979838
-56.012914	97.391567	-278.358435
-56.090896	97.213381	-278.745970
-56.170677	97.031086	-279.142443
-56.252256	96.844681	-279.547853
-56.335633	96.654167	-279.962200
-56.420809	96.459543	-280.385485
-56.507784	96.260810	-280.817707
-56.596556	96.057968	-281.258867
-56.636771	95.966079	-281.458715
-56.678784	95.870081	-281.667501
-56.722595	95.769973	-281.885224
-56.768205	95.665756	-282.111884
-56.815614	95.557430	-282.347482
-56.864821	95.444994	-282.592018
-56.915826	95.328449	-282.845491
-56.968630	95.207795	-283.107901
-57.023232	95.083031	-283.379249
-57.079633	94.954157	-283.659534
-57.137832	94.821175	-283.948757
-57.197829	94.684083	-284.246917
-57.259625	94.542881	-284.554015
-57.323220	94.397570	-284.870050
-57.388613	94.248150	-285.195023
-57.455804	94.094621	-285.528933
-57.524794	93.936981	-285.871781
-57.595582	93.775233	-286.223566
-57.668169	93.609375	-286.584289
-57.742554	93.439408	-286.953949
-57.818737	93.265331	-287.332546
-57.896720	93.087145	-287.720081
-57.976500	92.904850	-288.116554
-58.058079	92.718445	-288.521964
-58.141456	92.527931	-288.936311
-58.226632	92.333308	-289.359596
-58.313607	92.134575	-289.791819
-58.402379	91.931732	-290.232978
-58.442594	91.839844	-290.432826
-58.484607	91.743845	-290.641612
-58.528419	91.643738	-290.859335
-58.574029	91.539521	-291.085995
-58.621437	91.431195	-291.321593
-58.670644	91.318759	-291.566129
-58.721649	91.202214	-291.819602
-58.774453	91.081559	-292.082012
-58.829055	90.956795	-292.353360
-58.885456	90.827922	-292.633645
-58.943655	90.694939	-292.922868
-59.003652	90.557847	-293.221028
-59.065448	90.416646	-293.528126
-59.129043	90.271335	-293.844161
-59.194436	90.121915	-294.169134
-59.261627	89.968385	-294.503044
-59.330617	89.810746	-294.845892
-59.401405	89.648998	-295.197677
-59.473992	89.483140	-295.558400
-59.548377	89.313172	-295.928060
-59.624561	89.139096	-296.306657
-59.702543	88.960910	-296.694192
-59.782323	88.778615	-297.090665
-59.863902	88.592210	-297.496075
-59.947280	88.401696	-297.910422
-60.032456	88.207072	-298.333707
-60.119430	88.008339	-298.765930
-60.208203	87.805497	-299.207090
-60.248417	87.713608	-299.406938
-60.290430	87.617610	-299.615723
-60.334242	87.517502	-299.833446
-60.379852	87.413285	-300.060107
-60.427260	87.304959	-300.295704
-60.476467	87.192523	-300.540240
-60.527472	87.075978	-300.793713
-60.580276	86.955324	-301.056123
-60.634878	86.830560	-301.327471
-60.691279	86.701686	-301.607756
-60.749478	86.568704	-301.896979
-60.809476	86.431612	-302.195139
-60.871272	86.290410	-302.502237
-60.934866	86.145099	-302.818272
-61.000259	85.995679	-303.143245
-61.067450	85.842149	-303.477155
-61.136440	85.684510	-303.820003
-61.207228	85.522762	-304.171788
-61.279815	85.356904	-304.532511
-61.354200	85.186937	-304.902171
-61.430384	85.012860	-305.280768
-61.508366	84.834674	-305.668303
-61.588146	84.652379	-306.064776
-61.669725	84.465974	-306.470186
-61.753103	84.275460	-306.884533
-61.838279	84.080836	-307.307818
-61.925253	83.882104	-307.740041
-62.014026	83.679261	-308.181201
-62.054240	83.587372	-308.381049
-62.096253	83.491374	-308.589834
-62.140065	83.391267	-308.807557
-62.185675	83.287050	-309.034218
-62.233083	83.178723	-309.269816
-62.282290	83.066288	-309.514351
-62.333295	82.949743	-309.767824
-62.386099	82.829088	-310.030234
-62.440701	82.704324	-310.301582
-62.497102	82.575451	-310.581867
-62.555301	82.442468	-310.871090
-62.615299	82.305376	-311.169251
-62.677095	82.164175	-311.476348
-62.740689	82.018864	-311.792383
-62.806082	81.869444	-312.117356
-62.873273	81.715914	-312.451266
-62.942263	81.558275	-312.794114
-63.013052	81.396526	-313.145899
-63.085638	81.230669	-313.506622
-63.160023	81.060701	-313.876282
-63.236207	80.886625	-314.254879
-63.314189	80.708439	-314.642414
-63.393970	80.526143	-315.038887
-63.475549	80.339739	-315.444297
-63.558926	80.149224	-315.858644
-63.644102	79.954601	-316.281929
-63.731076	79.755868	-316.714152
-63.819849	79.553026	-317.155312
-63.860064	79.461137	-317.355160
-63.902077	79.365139	-317.563945
-63.945888	79.265031	-317.781668
-63.991498	79.160814	-318.008329
-64.038906	79.052488	-318.243927
-64.088113	78.940052	-318.488462
-64.139119	78.823507	-318.741935
-64.191922	78.702853	-319.004345
-64.246525	78.578089	-319.275693
-64.302925	78.449215	-319.555979
-64.361124	78.316233	-319.845201
-64.421122	78.179141	-320.143362
-64.482918	78.037939	-320.450459
-64.546512	77.892628	-320.766495
-64.611905	77.743208	-321.091467
-64.679097	77.589678	-321.425377
-64.748086	77.432039	-321.768225
-64.818875	77.270291	-322.120010
-64.891461	77.104433	-322.480733
-64.965847	76.934466	-322.850393
-65.042030	76.760389	-323.228991
