19.010598	223.323193	35.410894
19.014959	223.246931	35.457353
19.023571	223.166302	35.511739
19.036431	223.081305	35.574056
19.053536	222.991942	35.644304
19.074882	222.898213	35.722487
19.100466	222.800120	35.808606
19.130285	222.697664	35.902664
19.164335	222.590845	36.004664
19.202613	222.479664	36.114607
19.245116	222.364122	36.232496
19.291841	222.244220	36.358332
19.342784	222.119959	36.492119
19.397942	221.991339	36.633857
19.457312	221.858362	36.783551
19.520890	221.721029	36.941200
19.588675	221.579340	37.106809
19.660661	221.433296	37.280378
19.736848	221.282898	37.461910
19.817230	221.128147	37.651408
19.901806	220.969045	37.848872
19.990573	220.805591	38.054305
20.083527	220.637786	38.267710
20.180665	220.465632	38.489088
20.281985	220.289130	38.718441
20.387484	220.108280	38.955772
20.497158	219.923083	39.201081
20.611006	219.733541	39.454372
20.729024	219.539653	39.715646
20.851209	219.341421	39.984905
20.977560	219.138846	40.262150
21.108073	218.931929	40.547385
21.242745	218.720670	40.840610
21.381575	218.505071	41.141827
21.524559	218.285132	41.451038
21.671696	218.060855	41.768245
21.822982	217.832239	42.093450
21.978415	217.599287	42.426654
22.137992	217.361997	42.767858
22.301712	217.120372	43.117066
22.469571	216.874412	43.474277
22.641567	216.624118	43.839494
22.817699	216.369489	44.212719
22.997964	216.110528	44.593953
23.079641	215.993902	44.766368
23.165448	215.872945	44.946796
23.255383	215.747656	45.135234
23.349445	215.618038	45.331686
23.447636	215.484090	45.536151
23.549953	215.345815	45.748630
23.656396	215.203211	45.969125
23.766965	215.056280	46.197636
23.881657	214.905022	46.434164
24.000473	214.749436	46.678708
24.123412	214.589525	46.931271
24.250472	214.425287	47.191852
24.381653	214.256724	47.460453
24.516954	214.083836	47.737073
24.656374	213.906623	48.021714
24.799912	213.725085	48.314376
24.947568	213.539224	48.615059
25.099340	213.349040	48.923765
25.255228	213.154532	49.240493
25.415230	212.955702	49.565245
25.579344	212.752549	49.898021
25.747570	212.545074	50.238821
25.919906	212.333277	50.587646
26.096350	212.117159	50.944498
26.276902	211.896719	51.309377
26.461560	211.671958	51.682284
26.650325	211.442875	52.063221
26.843197	211.209473	52.452187
26.930779	211.103775	52.628702
27.022467	210.993759	52.813247
27.118261	210.879423	53.005822
27.218163	210.760770	53.206426
27.322172	210.637798	53.415060
27.430289	210.510509	53.631724
27.542513	210.378902	53.856419
27.658844	210.242977	54.089144
27.779282	210.102735	54.329900
27.903826	209.958175	54.578688
28.032476	209.809299	54.835507
28.165233	209.656106	55.100357
28.302094	209.498597	55.373239
28.443061	209.336771	55.654154
28.588133	209.170629	55.943101
28.737310	209.000170	56.240080
28.890592	208.825396	56.545092
29.047977	208.646307	56.858138
29.209467	208.462902	57.179216
29.375060	208.275182	57.508328
29.544756	208.083147	57.845474
29.718556	207.886797	58.190654
29.896458	207.686132	58.543868
30.078462	207.481153	58.905116
30.264569	207.271860	59.274400
30.454777	207.058253	59.651718
30.649087	206.840332	60.037072
30.847499	206.618097	60.430461
30.937443	206.517479	60.608748
31.031487	206.412548	60.795071
31.129634	206.303303	60.989429
31.231881	206.189745	61.191823
31.338230	206.071874	61.402253
31.448680	205.949690	61.620719
31.563232	205.823193	61.847221
31.681885	205.692383	62.081759
31.804638	205.557261	62.324334
31.931493	205.417825	62.574945
32.062449	205.274078	62.833592
32.197506	205.126017	63.100275
32.336663	204.973644	63.374995
32.479921	204.816959	63.657752
32.627279	204.655962	63.948546
32.778739	204.490652	64.247376
32.934298	204.321030	64.554244
33.093958	204.147097	64.869148
33.257718	203.968851	65.192090
33.425578	203.786294	65.523069
33.597538	203.599425	65.862085
33.773598	203.408244	66.209139
33.953758	203.212752	66.564230
34.138018	203.012949	66.927358
34.326378	202.808834	67.298525
34.518837	202.600407	67.677729
34.715396	202.387670	68.064971
34.916054	202.170622	68.460251
35.006974	202.072330	68.639338
35.101993	201.969728	68.826464
35.201112	201.862814	69.021628
35.304330	201.751590	69.224830
35.411647	201.636055	69.436070
35.523064	201.516209	69.655348
35.638580	201.392053	69.882664
35.758196	201.263586	70.118019
35.881911	201.130808	70.361412
36.009725	200.993719	70.612843
36.141638	200.852320	70.872312
36.277650	200.706610	71.139820
36.417762	200.556590	71.415367
36.561973	200.402260	71.698952
36.710283	200.243619	71.990575
36.862692	200.080667	72.290237
37.019200	199.913405	72.597937
37.179808	199.741833	72.913676
37.344514	199.565951	73.237454
37.513319	199.385759	73.569270
37.686223	199.201256	73.909125
37.863226	199.012443	74.257019
38.044328	198.819320	74.612952
38.229529	198.621887	74.976923
38.418829	198.420144	75.348933
38.612228	198.214092	75.728983
38.809725	198.003729	76.117071
39.011321	197.789056	76.513198
39.102653	197.691824	76.692654
39.198084	197.590283	76.880149
39.297613	197.484432	77.075683
39.401241	197.374271	77.279256
39.508968	197.259800	77.490869
39.620794	197.141019	77.710520
39.736718	197.017929	77.938210
39.856741	196.890529	78.173940
39.980863	196.758819	78.417708
40.109083	196.622800	78.669516
40.241402	196.482471	78.929363
40.377820	196.337832	79.197248
40.518337	196.188884	79.473174
40.662952	196.035626	79.757138
40.811666	195.878059	80.049141
40.964478	195.716182	80.349184
41.121389	195.549995	80.657266
41.282399	195.379499	80.973387
41.447507	195.204694	81.297547
41.616714	195.025579	81.629747
41.790020	194.842155	81.969986
41.967424	194.654421	82.318264
42.148927	194.462378	82.674582
42.334528	194.266025	83.038939
42.524228	194.065363	83.411335
42.718027	193.860392	83.791770
42.915924	193.651111	84.180245
43.117920	193.437521	84.576760
43.209428	193.340771	84.756386
43.305035	193.239712	84.944052
43.404740	193.134344	85.139758
43.508544	193.024666	85.343502
43.616446	192.910679	85.555287
43.728447	192.792383	85.775110
43.844546	192.669777	86.002973
43.964744	192.542863	86.238876
44.089041	192.411639	86.482818
44.217436	192.276105	86.734799
44.349929	192.136263	86.994820
44.486521	191.992112	87.262880
44.627212	191.843651	87.538980
44.772001	191.690881	87.823120
44.920889	191.533802	88.115298
45.073875	191.372414	88.415517
45.230959	191.206716	88.723774
45.392142	191.036710	89.040072
45.557424	190.862394	89.364408
45.726804	190.683769	89.696785
45.900282	190.500835	90.037200
46.077860	190.313592	90.385656
46.259535	190.122040	90.742150
46.445309	189.926178	91.106685
46.635182	189.726008	91.479259
46.829152	189.521529	91.859872
47.027222	189.312740	92.248525
47.229390	189.099643	92.645218
47.320974	189.003112	92.824923
47.416657	188.902272	93.012668
47.516439	188.797123	93.208453
47.620319	188.687665	93.412277
47.728297	188.573898	93.624141
47.840374	188.455822	93.844044
47.956549	188.333436	94.071987
48.076823	188.206742	94.307970
48.201195	188.075739	94.551992
48.329666	187.940427	94.804053
48.462235	187.800806	95.064155
48.598903	187.656876	95.332296
48.739669	187.508636	95.608476
48.884534	187.356088	95.892696
49.033497	187.199231	96.184956
49.186558	187.038065	96.485255
49.343718	186.872590	96.793594
49.504976	186.702806	97.109973
49.670333	186.528713	97.434391
49.839789	186.350311	97.766849
50.013342	186.167599	98.107346
50.190994	185.980579	98.455883
50.372745	185.789251	98.812459
50.558594	185.593613	99.177076
50.748542	185.393666	99.549732
50.942588	185.189410	99.930427
51.140732	184.980845	100.319162
51.342975	184.767971	100.715937
51.434593	184.671540	100.895679
51.530309	184.570800	101.083460
51.630124	184.465750	101.279282
51.734037	184.356392	101.483143
51.842049	184.242725	101.695043
51.954159	184.124749	101.914983
52.070367	184.002464	102.142963
52.190674	183.875870	102.378983
52.315079	183.744967	102.623042
52.443583	183.609756	102.875140
52.576185	183.470235	103.135279
52.712886	183.326405	103.403457
52.853685	183.178267	103.679675
52.998583	183.025820	103.963932
53.147579	182.869063	104.256229
53.300673	182.707998	104.556566
53.457866	182.542624	104.864942
53.619157	182.372941	105.181358
53.784547	182.198949	105.505814
53.954035	182.020648	105.838309
54.127622	181.838039	106.178844
54.305307	181.651120	106.527419
54.487091	181.459893	106.884033
54.672973	181.264356	107.248687
54.862953	181.064511	107.621381
55.057032	180.860357	108.002114
55.255210	180.651894	108.390887
55.457485	180.439122	108.787700
55.549118	180.342736	108.967458
55.644848	180.242041	109.155257
55.744678	180.137037	109.351095
55.848605	180.027724	109.554973
55.956632	179.914102	109.766890
56.068756	179.796172	109.986847
56.184979	179.673932	110.214844
56.305301	179.547384	110.450881
56.429720	179.416527	110.694957
56.558239	179.281361	110.947073
56.690856	179.141886	111.207228
56.827571	178.998102	111.475423
56.968384	178.850009	111.751658
57.113296	178.697608	112.035933
57.262307	178.540897	112.328247
57.415416	178.379878	112.628601
57.572623	178.214550	112.936994
57.733929	178.044913	113.253428
57.899334	177.870967	113.577901
58.068836	177.692712	113.910413
58.242437	177.510149	114.250966
58.420137	177.323276	114.599558
58.601935	177.132095	114.956189
58.787832	176.936605	115.320861
58.977826	176.736806	115.693572
59.171920	176.532698	116.074322
59.370112	176.324281	116.463113
59.572402	176.111555	116.859943
59.664041	176.015190	117.039710
59.759778	175.914515	117.227516
59.859614	175.809532	117.423362
59.963548	175.700240	117.627247
60.071580	175.586639	117.839172
60.183711	175.468729	118.059137
60.299941	175.346510	118.287142
60.420269	175.219982	118.523186
60.544695	175.089146	118.767270
60.673220	174.954001	119.019394
60.805843	174.814547	119.279558
60.942564	174.670784	119.547761
61.083384	174.522712	119.824003
61.228303	174.370331	120.108286
61.377320	174.213641	120.400608
61.530435	174.052643	120.700970
61.687649	173.887336	121.009371
61.848961	173.717720	121.325813
62.014372	173.543795	121.650293
62.183881	173.365561	121.982814
62.357489	173.183018	122.323374
62.535195	172.996167	122.671974
62.716999	172.805007	123.028614
62.902902	172.609537	123.393293
63.092903	172.409759	123.766013
63.287003	172.205673	124.146771
63.485201	171.997277	124.535570
63.687498	171.784572	124.932408
63.779140	171.688216	125.112178
63.874880	171.587551	125.299988
63.974718	171.482577	125.495837
64.078655	171.373294	125.699726
64.186691	171.259703	125.911655
64.298824	171.141802	126.131624
64.415057	171.019593	126.359632
64.535387	170.893075	126.595680
64.659817	170.762248	126.839768
64.788344	170.627112	127.091895
64.920970	170.487667	127.352062
65.057695	170.343914	127.620269
65.198518	170.195851	127.896515
65.343439	170.043480	128.180801
65.492459	169.886800	128.473127
65.645577	169.725811	128.773492
65.802794	169.560513	129.081898
65.964109	169.390907	129.398342
66.129522	169.216991	129.722827
66.299034	169.038767	130.055351
66.472645	168.856234	130.395915
66.650353	168.669392	130.744519
66.832161	168.478241	131.101162
67.018066	168.282782	131.465845
67.208071	168.083013	131.838568
67.402173	167.878936	132.219331
67.600374	167.670550	132.608133
67.802674	167.457855	133.004975
67.894317	167.361503	133.184746
67.990058	167.260842	133.372558
68.089898	167.155873	133.568409
68.193836	167.046594	133.772300
68.301873	166.933007	133.984230
68.414008	166.815110	134.204200
68.530241	166.692905	134.432210
68.650573	166.566392	134.668260
68.775004	166.435569	134.912349
68.903533	166.300437	135.164478
69.036160	166.160997	135.424647
69.172886	166.017248	135.692855
69.313710	165.869190	135.969103
69.458632	165.716823	136.253391
69.607653	165.560147	136.545718
69.760773	165.399163	136.846086
69.917991	165.233869	137.154493
70.079307	165.064267	137.470939
70.244722	164.890356	137.795425
70.414235	164.712136	138.127951
70.587847	164.529607	138.468517
70.765557	164.342770	138.817122
70.947366	164.151623	139.173767
71.133273	163.956168	139.538452
71.323278	163.756404	139.911177
71.517382	163.552331	140.291941
71.715584	163.343949	140.680744
71.917885	163.131259	141.077588
72.009528	163.034909	141.257360
72.105270	162.934250	141.445173
72.205111	162.829282	141.641025
72.309049	162.720005	141.844916
72.417087	162.606420	142.056847
72.529222	162.488526	142.276818
72.645456	162.366323	142.504829
72.765789	162.239811	142.740879
72.890220	162.108990	142.984969
73.018749	161.973861	143.237099
73.151377	161.834422	143.497269
73.288103	161.690675	143.765478
73.428928	161.542619	144.041727
73.573851	161.390254	144.326015
73.722873	161.233580	144.618343
73.875993	161.072598	144.918711
74.033211	160.907306	145.227119
74.194528	160.737706	145.543566
74.359944	160.563797	145.868053
74.529458	160.385579	146.200580
74.703070	160.203052	146.541146
74.880781	160.016217	146.889753
75.062590	159.825072	147.246398
75.248497	159.629619	147.611084
75.438503	159.429857	147.983809
75.632608	159.225786	148.364574
75.830811	159.017406	148.753379
76.033112	158.804718	149.150223
76.124756	158.708368	149.329996
76.220498	158.607710	149.517808
76.320338	158.502743	149.713661
76.424277	158.393468	149.917552
76.532315	158.279883	150.129484
76.644451	158.161990	150.349455
76.760685	158.039788	150.577466
76.881018	157.913277	150.813517
77.005449	157.782457	151.057608
77.133979	157.647328	151.309738
77.266607	157.507891	151.569907
77.403333	157.364144	151.838117
77.544158	157.216089	152.114366
77.689082	157.063725	152.398655
77.838104	156.907052	152.690984
77.991224	156.746071	152.991352
78.148443	156.580780	153.299760
78.309760	156.411181	153.616208
78.475176	156.237273	153.940695
78.644690	156.059056	154.273222
78.818302	155.876530	154.613789
78.996013	155.689695	154.962395
79.177822	155.498552	155.319041
79.363730	155.303099	155.683727
79.553737	155.103338	156.056453
79.747841	154.899268	156.437218
79.946044	154.690889	156.826023
80.148346	154.478201	157.222868
80.239990	154.381853	157.402641
80.335732	154.281195	157.590454
80.435573	154.176229	157.786306
80.539512	154.066953	157.990198
80.647549	153.953369	158.202130
80.759685	153.835476	158.422101
80.875920	153.713275	158.650112
80.996253	153.586764	158.886163
81.120684	153.455945	159.130254
81.249214	153.320816	159.382384
81.381842	153.181379	159.642554
81.518569	153.037633	159.910764
81.659394	152.889578	160.187013
81.804317	152.737215	160.471302
81.953339	152.580542	160.763631
82.106460	152.419561	161.063999
82.263679	152.254271	161.372407
82.424996	152.084672	161.688855
82.590412	151.910764	162.013343
82.759926	151.732548	162.345870
82.933538	151.550022	162.686437
83.111250	151.363188	163.035044
83.293059	151.172045	163.391690
83.478967	150.976593	163.756376
83.668973	150.776832	164.129102
83.863078	150.572763	164.509867
84.061281	150.364384	164.898672
84.263583	150.151697	165.295517
84.355227	150.055348	165.475290
84.450969	149.954691	165.663103
84.550810	149.849725	165.858956
84.654749	149.740450	166.062848
84.762787	149.626866	166.274780
84.874923	149.508973	166.494751
84.991157	149.386771	166.722762
85.111490	149.260261	166.958813
85.235922	149.129442	167.202904
85.364452	148.994314	167.455034
85.497080	148.854877	167.715204
85.633807	148.711131	167.983414
85.774632	148.563076	168.259663
85.919555	148.410713	168.543953
86.068577	148.254041	168.836281
86.221698	148.093060	169.136650
86.378917	147.927770	169.445058
86.540234	147.758171	169.761506
86.705650	147.584263	170.085994
86.875164	147.406047	170.418521
87.048777	147.223522	170.759088
87.226488	147.036688	171.107695
87.408297	146.845545	171.464341
87.594205	146.650093	171.829027
87.784212	146.450332	172.201753
87.978317	146.246263	172.582519
88.176520	146.037885	172.971324
88.378822	145.825198	173.368169
88.470466	145.728849	173.547942
88.566208	145.628192	173.735755
88.666049	145.523226	173.931607
88.769988	145.413951	174.135499
88.878026	145.300367	174.347431
88.990162	145.182474	174.567403
89.106396	145.060273	174.795414
89.226729	144.933762	175.031465
89.351161	144.802943	175.275556
89.479690	144.667815	175.527686
89.612319	144.528378	175.787856
89.749045	144.384633	176.056066
89.889871	144.236578	176.332315
90.034794	144.084215	176.616605
90.183816	143.927543	176.908933
90.336937	143.766562	177.209302
90.494156	143.601272	177.517710
90.655473	143.431673	177.834158
90.820889	143.257766	178.158646
90.990403	143.079549	178.491173
91.164016	142.897024	178.831740
91.341727	142.710190	179.180347
91.523536	142.519047	179.536993
91.709444	142.323596	179.901680
91.899451	142.123835	180.274405
92.093556	141.919766	180.655171
92.291759	141.711388	181.043976
92.494061	141.498701	181.440821
92.585705	141.402352	181.620594
92.681447	141.301695	181.808407
92.781288	141.196729	182.004260
92.885227	141.087454	182.208152
92.993265	140.973870	182.420084
93.105401	140.855977	182.640055
93.221635	140.733776	182.868067
93.341968	140.607266	183.104118
93.466400	140.476447	183.348208
93.594930	140.341319	183.600339
93.727558	140.201882	183.860509
93.864285	140.058136	184.128719
94.005110	139.910082	184.404968
94.150034	139.757718	184.689257
94.299056	139.601046	184.981586
94.452176	139.440065	185.281955
94.609395	139.274776	185.590363
94.770712	139.105177	185.906811
94.936128	138.931269	186.231299
95.105643	138.753053	186.563826
95.279255	138.570528	186.904393
95.456966	138.383694	187.253000
95.638776	138.192551	187.609646
95.824684	137.997100	187.974332
96.014690	137.797339	188.347058
96.208795	137.593270	188.727824
96.406999	137.384892	189.116629
96.609300	137.172205	189.513474
96.700944	137.075856	189.693247
96.796687	136.975199	189.881060
96.896527	136.870233	190.076912
97.000467	136.760958	190.280805
97.108504	136.647374	190.492737
97.220640	136.529482	190.712708
97.336875	136.407280	190.940719
97.457208	136.280770	191.176770
97.581639	136.149951	191.420861
97.710169	136.014823	191.672992
97.842798	135.875386	191.933162
97.979524	135.731641	192.201371
98.120350	135.583586	192.477621
98.265273	135.431223	192.761910
98.414295	135.274551	193.054239
98.567416	135.113570	193.354608
98.724635	134.948280	193.663016
98.885952	134.778681	193.979464
99.051368	134.604774	194.303952
99.220882	134.426558	194.636479
99.394495	134.244033	194.977046
99.572206	134.057199	195.325653
99.754016	133.866056	195.682299
99.939924	133.670604	196.046985
100.129930	133.470844	196.419711
100.324035	133.266775	196.800477
100.522238	133.058396	197.189282
100.724540	132.845710	197.586127
100.816184	132.749361	197.765900
100.911926	132.648704	197.953713
101.011767	132.543738	198.149566
101.115706	132.434463	198.353458
101.223744	132.320879	198.565390
101.335880	132.202986	198.785361
101.452115	132.080785	199.013373
101.572448	131.954275	199.249424
101.696879	131.823456	199.493514
101.825409	131.688328	199.745645
101.958037	131.548891	200.005815
102.094764	131.405145	200.274025
102.235589	131.257091	200.550274
102.380513	131.104728	200.834563
102.529535	130.948056	201.126892
102.682655	130.787075	201.427261
102.839874	130.621785	201.735669
103.001192	130.452186	202.052117
103.166608	130.278279	202.376605
103.336122	130.100063	202.709132
103.509735	129.917537	203.049699
103.687446	129.730704	203.398306
103.869255	129.539561	203.754952
104.055163	129.344109	204.119639
104.245170	129.144349	204.492365
104.439275	128.940279	204.873130
104.637478	128.731901	205.261935
104.839780	128.519214	205.658780
104.931424	128.422866	205.838553
105.027166	128.322209	206.026366
105.127007	128.217243	206.222219
105.230946	128.107968	206.426111
105.338984	127.994384	206.638043
105.451120	127.876491	206.858014
105.567354	127.754290	207.086026
105.687687	127.627780	207.322077
105.812119	127.496961	207.566168
105.940649	127.361833	207.818298
106.073277	127.222396	208.078468
106.210004	127.078650	208.346678
106.350829	126.930596	208.622927
106.495753	126.778233	208.907216
106.644775	126.621561	209.199545
106.797895	126.460580	209.499914
106.955114	126.295290	209.808322
107.116431	126.125691	210.124770
107.281847	125.951784	210.449258
107.451362	125.773568	210.781785
107.624974	125.591042	211.122352
107.802685	125.404209	211.470959
107.984495	125.213066	211.827606
108.170403	125.017614	212.192292
108.360410	124.817854	212.565018
108.554514	124.613784	212.945783
108.752718	124.405406	213.334589
108.955020	124.192719	213.731434
109.046663	124.096371	213.911207
109.142406	123.995714	214.099019
109.242247	123.890748	214.294872
109.346186	123.781473	214.498764
109.454223	123.667889	214.710696
109.566360	123.549996	214.930668
109.682594	123.427795	215.158679
109.802927	123.301285	215.394730
109.927359	123.170466	215.638821
110.055888	123.035338	215.890951
110.188517	122.895901	216.151121
110.325243	122.752155	216.419331
110.466069	122.604101	216.695581
110.610992	122.451738	216.979870
110.760014	122.295066	217.272199
110.913135	122.134085	217.572567
111.070354	121.968795	217.880975
111.231671	121.799196	218.197423
111.397087	121.625289	218.521911
111.566601	121.447073	218.854439
111.740214	121.264547	219.195006
111.917925	121.077714	219.543612
112.099735	120.886571	219.900259
112.285643	120.691119	220.264945
112.475649	120.491359	220.637671
112.669754	120.287290	221.018437
112.867958	120.078911	221.407242
113.070259	119.866225	221.804087
113.161903	119.769876	221.983860
113.257646	119.669219	222.171673
113.357486	119.564253	222.367525
113.461426	119.454978	222.571417
113.569463	119.341394	222.783349
113.681599	119.223501	223.003321
113.797834	119.101300	223.231332
113.918167	118.974790	223.467383
114.042598	118.843971	223.711474
114.171128	118.708843	223.963604
114.303756	118.569406	224.223774
114.440483	118.425660	224.491984
114.581308	118.277606	224.768234
114.726232	118.125243	225.052523
114.875254	117.968571	225.344852
115.028375	117.807590	225.645220
115.185594	117.642300	225.953629
115.346911	117.472701	226.270077
115.512327	117.298794	226.594564
115.681841	117.120578	226.927092
115.855454	116.938053	227.267659
116.033165	116.751219	227.616266
116.214975	116.560076	227.972912
116.400883	116.364624	228.337598
116.590889	116.164864	228.710324
116.784994	115.960795	229.091090
116.983197	115.752417	229.479895
117.185499	115.539730	229.876740
117.277143	115.443381	230.056513
117.372885	115.342724	230.244326
117.472726	115.237758	230.440178
117.576665	115.128483	230.644071
117.684703	115.014899	230.856003
117.796839	114.897007	231.075974
117.913074	114.774805	231.303986
118.033407	114.648295	231.540037
118.157838	114.517476	231.784127
118.286368	114.382348	232.036258
118.418996	114.242911	232.296428
118.555723	114.099165	232.564638
118.696548	113.951111	232.840887
118.841472	113.798748	233.125176
118.990494	113.642076	233.417505
119.143614	113.481095	233.717874
119.300833	113.315805	234.026282
119.462151	113.146206	234.342730
119.627567	112.972299	234.667218
119.797081	112.794083	234.999745
119.970694	112.611558	235.340312
120.148405	112.424724	235.688919
120.330214	112.233581	236.045565
120.516122	112.038129	236.410252
120.706129	111.838369	236.782977
120.900234	111.634300	237.163743
121.098437	111.425922	237.552548
121.300739	111.213235	237.949393
121.392383	111.116886	238.129166
121.488125	111.016229	238.316979
121.587966	110.911263	238.512832
121.691905	110.801988	238.716724
121.799943	110.688404	238.928656
121.912079	110.570512	239.148627
122.028313	110.448310	239.376639
122.148646	110.321800	239.612690
122.273078	110.190981	239.856780
122.401608	110.055853	240.108911
122.534236	109.916416	240.369081
122.670963	109.772671	240.637291
122.811788	109.624616	240.913540
122.956712	109.472253	241.197829
123.105734	109.315581	241.490158
123.258854	109.154600	241.790527
123.416073	108.989310	242.098935
123.577390	108.819712	242.415383
123.742806	108.645804	242.739871
123.912321	108.467588	243.072398
124.085933	108.285063	243.412965
124.263644	108.098229	243.761572
124.445454	107.907086	244.118219
124.631362	107.711635	244.482905
124.821369	107.511874	244.855631
125.015473	107.307805	245.236396
125.213677	107.099427	245.625202
125.415979	106.886740	246.022047
125.507622	106.790391	246.201820
125.603365	106.689734	246.389632
125.703206	106.584768	246.585485
125.807145	106.475493	246.789377
125.915183	106.361909	247.001309
126.027319	106.244017	247.221281
126.143553	106.121815	247.449292
126.263886	105.995305	247.685343
126.388318	105.864486	247.929434
126.516847	105.729358	248.181564
126.649476	105.589921	248.441734
126.786203	105.446176	248.709944
126.927028	105.298121	248.986194
127.071951	105.145758	249.270483
127.220973	104.989086	249.562812
127.374094	104.828105	249.863180
127.531313	104.662815	250.171589
127.692630	104.493217	250.488036
127.858046	104.319309	250.812524
128.027560	104.141093	251.145052
128.201173	103.958568	251.485619
128.378884	103.771734	251.834225
128.560694	103.580591	252.190872
128.746602	103.385140	252.555558
128.936608	103.185379	252.928284
129.130713	102.981310	253.309050
129.328917	102.772932	253.697855
129.531218	102.560245	254.094700
129.622862	102.463897	254.274473
129.718605	102.363239	254.462286
129.818445	102.258273	254.658138
129.922385	102.148998	254.862030
130.030422	102.035414	255.073962
130.142558	101.917522	255.293934
130.258793	101.795320	255.521945
130.379126	101.668810	255.757996
130.503557	101.537991	256.002087
130.632087	101.402863	256.254217
130.764716	101.263426	256.514387
130.901442	101.119681	256.782597
131.042267	100.971626	257.058847
131.187191	100.819263	257.343136
131.336213	100.662591	257.635465
131.489334	100.501610	257.935833
131.646553	100.336320	258.244242
131.807870	100.166722	258.560690
131.973286	99.992814	258.885177
132.142800	99.814598	259.217705
132.316413	99.632073	259.558272
132.494124	99.445239	259.906879
132.675934	99.254096	260.263525
132.861842	99.058645	260.628211
133.051848	98.858884	261.000937
133.245953	98.654815	261.381703
133.444156	98.446437	261.770508
133.646458	98.233750	262.167353
133.738102	98.137402	262.347126
133.833844	98.036744	262.534939
133.933685	97.931778	262.730791
134.037624	97.822503	262.934684
134.145662	97.708920	263.146616
134.257798	97.591027	263.366587
134.374033	97.468826	263.594599
134.494366	97.342315	263.830650
134.618797	97.211496	264.074740
134.747327	97.076368	264.326871
134.879955	96.936932	264.587041
135.016682	96.793186	264.855251
135.157507	96.645131	265.131500
135.302431	96.492768	265.415789
135.451453	96.336096	265.708118
135.604573	96.175115	266.008487
135.761792	96.009825	266.316895
135.923110	95.840227	266.633343
136.088526	95.666319	266.957831
136.258040	95.488103	267.290358
136.431653	95.305578	267.630925
136.609364	95.118744	267.979532
136.791173	94.927601	268.336178
136.977081	94.732150	268.700865
137.167088	94.532389	269.073590
137.361193	94.328320	269.454356
137.559396	94.119942	269.843161
137.761698	93.907255	270.240006
137.853342	93.810907	270.419779
137.949084	93.710249	270.607592
138.048925	93.605283	270.803445
138.152864	93.496008	271.007337
138.260902	93.382425	271.219269
138.373038	93.264532	271.439240
138.489272	93.142331	271.667252
138.609605	93.015820	271.903303
138.734037	92.885001	272.147394
138.862567	92.749873	272.399524
138.995195	92.610437	272.659694
139.131922	92.466691	272.927904
139.272747	92.318637	273.204153
139.417671	92.166273	273.488442
139.566693	92.009601	273.780771
139.719813	91.848620	274.081140
139.877032	91.683331	274.389548
140.038350	91.513732	274.705996
140.203765	91.339825	275.030484
140.373280	91.161608	275.363011
140.546892	90.979083	275.703578
140.724603	90.792249	276.052185
140.906413	90.601107	276.408832
141.092321	90.405655	276.773518
141.282328	90.205895	277.146244
141.476432	90.001825	277.527009
141.674636	89.793447	277.915815
141.876938	89.580760	278.312660
141.968582	89.484412	278.492433
142.064324	89.383755	278.680245
142.164165	89.278788	278.876098
142.268104	89.169514	279.079990
142.376142	89.055930	279.291922
142.488278	88.938037	279.511894
142.604512	88.815836	279.739905
142.724845	88.689326	279.975956
142.849277	88.558506	280.220047
142.977806	88.423378	280.472177
143.110435	88.283942	280.732347
143.247162	88.140196	281.000557
143.387987	87.992142	281.276807
143.532910	87.839778	281.561096
143.681932	87.683106	281.853425
143.835053	87.522125	282.153793
143.992272	87.356836	282.462202
144.153589	87.187237	282.778650
144.319005	87.013330	283.103137
144.488519	86.835113	283.435665
144.662132	86.652588	283.776232
144.839843	86.465754	284.124838
145.021653	86.274612	284.481485
145.207561	86.079160	284.846171
145.397567	85.879400	285.218897
145.591672	85.675330	285.599663
145.789876	85.466952	285.988468
145.992177	85.254265	286.385313
146.083821	85.157917	286.565086
146.179564	85.057260	286.752899
146.279404	84.952294	286.948751
146.383344	84.843019	287.152643
146.491381	84.729435	287.364575
146.603517	84.611542	287.584547
146.719752	84.489341	287.812558
146.840085	84.362831	288.048609
146.964516	84.232012	288.292700
147.093046	84.096884	288.544830
147.225675	83.957447	288.805001
147.362401	83.813701	289.073210
147.503226	83.665647	289.349460
147.648150	83.513284	289.633749
147.797172	83.356611	289.926078
147.950293	83.195631	290.226447
