48.350094	240.683094	44.975123
48.360775	240.546101	44.995851
48.377859	240.404260	45.022535
48.401346	240.257572	45.055179
48.431236	240.106040	45.093784
48.467530	239.949665	45.138351
48.510227	239.788450	45.188881
48.559328	239.622397	45.245377
48.614832	239.451506	45.307839
48.676741	239.275782	45.376269
48.745053	239.095224	45.450669
48.819768	238.909835	45.531040
48.900888	238.719618	45.617384
48.988412	238.524573	45.709701
49.082340	238.324704	45.807994
49.182672	238.120012	45.912264
49.289408	237.910498	46.022512
49.402549	237.696165	46.138741
49.522094	237.477015	46.260950
49.648044	237.253050	46.389143
49.780399	237.024271	46.523320
49.919158	236.790681	46.663482
50.064322	236.552282	46.809632
50.215891	236.309075	46.961770
50.373866	236.061062	47.119899
50.538246	235.808246	47.284019
50.709031	235.550629	47.454132
50.886222	235.288212	47.630239
51.069818	235.020997	47.812342
51.259820	234.748986	48.000442
51.456228	234.472182	48.194542
51.659043	234.190587	48.394641
51.868264	233.904201	48.600741
52.083891	233.613028	48.812845
52.305925	233.317069	49.030953
52.534365	233.016327	49.255066
52.769213	232.710803	49.485187
53.010468	232.400499	49.721316
53.258131	232.085417	49.963455
53.512201	231.765560	50.211606
53.772679	231.440929	50.465768
54.039564	231.111527	50.725945
54.160058	230.964192	50.843308
54.286960	230.812089	50.966686
54.420271	230.655219	51.096081
54.559990	230.493581	51.231493
54.706117	230.327177	51.372922
54.858654	230.156008	51.520371
55.017600	229.980075	51.673838
55.182954	229.799379	51.833324
55.354718	229.613920	51.998831
55.532891	229.423699	52.170358
55.717474	229.228718	52.347907
55.908466	229.028978	52.531477
56.105867	228.824478	52.721071
56.309679	228.615221	52.916687
56.519900	228.401206	53.118326
56.736531	228.182436	53.325990
56.959573	227.958910	53.539679
57.189024	227.730630	53.759394
57.424886	227.497597	53.985134
57.667159	227.259811	54.216900
57.915842	227.017273	54.454694
58.170936	226.769986	54.698516
58.432442	226.517948	54.948366
58.700358	226.261162	55.204244
58.974685	225.999627	55.466153
59.255424	225.733346	55.734091
59.542575	225.462319	56.008059
59.836137	225.186547	56.288059
59.970159	225.061219	56.415852
60.110592	224.931147	56.549676
60.257438	224.796331	56.689533
60.410696	224.656773	56.835422
60.570366	224.512472	56.987344
60.736448	224.363430	57.145298
60.908943	224.209645	57.309286
61.087850	224.051120	57.479308
61.273170	223.887853	57.655363
61.464902	223.719847	57.837452
61.663046	223.547100	58.025575
61.867604	223.369614	58.219732
62.078574	223.187389	58.419924
62.295957	223.000425	58.626152
62.519753	222.808723	58.838414
62.749962	222.612283	59.056712
62.986584	222.411106	59.281045
63.229620	222.205192	59.511414
63.479068	221.994541	59.747820
63.734930	221.779154	59.990262
63.997206	221.559032	60.238740
64.265895	221.334174	60.493255
64.540997	221.104582	60.753808
64.822514	220.870255	61.020398
65.110444	220.631194	61.293025
65.404788	220.387400	61.571691
65.705546	220.138872	61.856394
66.012718	219.885612	62.147136
66.152131	219.770915	62.279077
66.297958	219.651486	62.417057
66.450200	219.527324	62.561076
66.608856	219.398432	62.711134
66.773926	219.264808	62.867231
66.945410	219.126452	63.029367
67.123309	218.983366	63.197542
67.307623	218.835548	63.371757
67.498351	218.683000	63.552011
67.695493	218.525722	63.738304
67.899050	218.363713	63.930637
68.109022	218.196974	64.129010
68.325409	218.025505	64.333423
68.548210	217.849307	64.543875
68.777426	217.668379	64.760368
69.013057	217.482722	64.982901
69.255103	217.292336	65.211474
69.503564	217.097221	65.446088
69.758439	216.897377	65.686742
70.019730	216.692804	65.933436
70.287436	216.483504	66.186172
70.561557	216.269475	66.444948
70.842093	216.050718	66.709765
71.129044	215.827234	66.980623
71.422411	215.599022	67.257522
71.722193	215.366083	67.540462
72.028390	215.128417	67.829444
72.341003	214.886024	68.124467
72.482692	214.776271	68.258178
72.630796	214.661792	68.397931
72.785316	214.542586	68.543725
72.946252	214.418654	68.695561
73.113603	214.289996	68.853438
73.287369	214.156611	69.017357
73.467552	214.018500	69.187318
73.654150	213.875663	69.363321
73.847163	213.728100	69.545366
74.046592	213.575812	69.733453
74.252437	213.418797	69.927582
74.464698	213.257057	70.127753
74.683374	213.090591	70.333965
74.908467	212.919400	70.546220
75.139975	212.743483	70.764518
75.377898	212.562841	70.988857
75.622238	212.377473	71.219239
75.872994	212.187381	71.455663
76.130165	211.992563	71.698129
76.393752	211.793021	71.946638
76.663756	211.588753	72.201189
76.940175	211.379761	72.461783
77.223010	211.166044	72.728419
77.512261	210.947603	73.001098
77.807929	210.724437	73.279819
78.110012	210.496546	73.564584
78.418511	210.263931	73.855390
78.733427	210.026593	74.152240
78.876109	209.919108	74.286735
79.025208	209.806900	74.427272
79.180723	209.689967	74.573853
79.342654	209.568311	74.726476
79.511001	209.441930	74.885142
79.685764	209.310826	75.049852
79.866944	209.174997	75.220604
80.054539	209.034445	75.397399
80.248551	208.889169	75.580237
80.448980	208.739170	75.769118
80.655824	208.584446	75.964042
80.869085	208.424999	76.165009
81.088762	208.260829	76.372019
81.314856	208.091934	76.585072
81.547365	207.918316	76.804168
81.786291	207.739975	77.029308
82.031634	207.556910	77.260490
82.283392	207.369122	77.497716
82.541568	207.176611	77.740985
82.806159	206.979376	77.990297
83.077167	206.777418	78.245653
83.354591	206.570736	78.507051
83.638432	206.359332	78.774493
83.928689	206.143204	79.047978
84.225362	205.922353	79.327507
84.528452	205.696779	79.613078
84.837959	205.466482	79.904693
85.153882	205.231462	80.202352
85.297006	205.125013	80.337200
85.446546	205.013840	80.478092
85.602503	204.897945	80.625027
85.764876	204.777326	80.778006
85.933666	204.651985	80.937028
86.108872	204.521921	81.102093
86.290495	204.387134	81.273202
86.478534	204.247625	81.450354
86.672990	204.103392	81.633550
86.873862	203.954437	81.822789
87.081151	203.800759	82.018072
87.294857	203.642359	82.219398
87.514979	203.479235	82.426768
87.741518	203.311389	82.640181
87.974473	203.138821	82.859638
88.213845	202.961529	83.085138
88.459633	202.779515	83.316682
88.711838	202.592779	83.554269
88.970460	202.401320	83.797900
89.235498	202.205138	84.047574
89.506953	202.004234	84.303292
89.784824	201.798607	84.565054
90.069112	201.588258	84.832859
90.359817	201.373186	85.106707
90.656938	201.153392	85.386600
90.960476	200.928875	85.672536
91.270430	200.699636	85.964515
91.586802	200.465674	86.262538
91.730123	200.359696	86.397548
91.879862	200.248995	86.538600
92.036016	200.133572	86.685697
92.198588	200.013426	86.838837
92.367576	199.888559	86.998021
92.542981	199.758968	87.163248
92.724803	199.624656	87.334519
92.913041	199.485621	87.511834
93.107696	199.341864	87.695193
93.308768	199.193384	87.884595
93.516256	199.040182	88.080041
93.730161	198.882258	88.281530
93.950483	198.719612	88.489063
94.177222	198.552243	88.702640
94.410377	198.380152	88.922261
94.649949	198.203339	89.147925
94.895937	198.021804	89.379633
95.148342	197.835546	89.617385
95.407164	197.644567	89.861180
95.672403	197.448865	90.111019
95.944058	197.248440	90.366902
96.222131	197.043294	90.628828
96.506619	196.833425	90.896799
96.797525	196.618834	91.170813
97.094847	196.399522	91.450870
97.398586	196.175486	91.736972
97.708742	195.946729	92.029117
98.025315	195.713250	92.327306
98.168725	195.607486	92.462389
98.318553	195.497000	92.603515
98.474797	195.381791	92.750685
98.637458	195.261861	92.903899
98.806536	195.137208	93.063157
98.982030	195.007834	93.228458
99.163942	194.873737	93.399803
99.352270	194.734918	93.577192
99.547014	194.591377	93.760625
99.748176	194.443114	93.950101
99.955754	194.290129	94.145622
100.169749	194.132422	94.347186
100.390161	193.969993	94.554793
100.616990	193.802841	94.768445
100.850235	193.630968	94.988140
101.089897	193.454372	95.213879
101.335976	193.273055	95.445662
101.588471	193.087015	95.683489
101.847384	192.896254	95.927360
102.112713	192.700770	96.177274
102.384459	192.500564	96.433232
102.662621	192.295637	96.695234
102.947201	192.085987	96.963279
103.238197	191.871615	97.237369
103.535610	191.652521	97.517502
103.839440	191.428705	97.803679
104.149687	191.200167	98.095900
104.466350	190.966908	98.394164
104.609801	190.861241	98.529280
104.759669	190.750853	98.670440
104.915953	190.635742	98.817644
105.078655	190.515909	98.970892
105.247773	190.391355	99.130183
105.423308	190.262078	99.295519
105.605260	190.128080	99.466898
105.793628	189.989359	99.644320
105.988414	189.845917	99.827787
106.189616	189.697752	100.017298
106.397235	189.544866	100.212852
106.611270	189.387258	100.414450
106.831723	189.224927	100.622092
107.058592	189.057875	100.835777
107.291878	188.886100	101.055507
107.531581	188.709604	101.281280
107.777701	188.528386	101.513097
108.030237	188.342445	101.750958
108.289190	188.151783	101.994863
108.554560	187.956399	102.244812
108.826347	187.756292	102.500804
109.104551	187.551464	102.762840
109.389171	187.341914	103.030921
109.680209	187.127642	103.305044
109.977663	186.908648	103.585212
110.281533	186.684932	103.871424
110.591821	186.456494	104.163679
110.908525	186.223334	104.461978
111.051995	186.117712	104.597110
111.201881	186.007368	104.738285
111.358184	185.892302	104.885504
111.520903	185.772514	105.038767
111.690040	185.648004	105.198074
111.865593	185.518772	105.363425
112.047563	185.384818	105.534819
112.235950	185.246143	105.712258
112.430754	185.102745	105.895740
112.631974	184.954625	106.085266
112.839612	184.801784	106.280836
113.053666	184.644220	106.482449
113.274137	184.481935	106.690107
113.501025	184.314927	106.903808
113.734329	184.143198	107.123553
113.974051	183.966747	107.349342
114.220189	183.785574	107.581175
114.472744	183.599678	107.819052
114.731715	183.409061	108.062972
114.997104	183.213722	108.312937
115.268909	183.013661	108.568945
115.547132	182.808879	108.830997
115.831771	182.599374	109.099093
116.122826	182.385147	109.373232
116.420299	182.166198	109.653416
116.724188	181.942528	109.939643
117.034495	181.714135	110.231914
117.351218	181.481021	110.530229
117.494695	181.375419	110.665368
117.644590	181.265095	110.806550
117.800901	181.150050	110.953776
117.963629	181.030282	111.107047
118.132774	180.905792	111.266360
118.308335	180.776581	111.431718
118.490314	180.642647	111.603120
118.678709	180.503992	111.780565
118.873521	180.360615	111.964055
119.074750	180.212516	112.153588
119.282396	180.059695	112.349165
119.496458	179.902152	112.550785
119.716937	179.739887	112.758450
119.943833	179.572900	112.972158
120.177146	179.401191	113.191911
120.416876	179.224760	113.417707
120.663023	179.043608	113.649547
120.915586	178.857733	113.887431
121.174566	178.667137	114.131358
121.439963	178.471818	114.381330
121.711777	178.271778	114.637345
121.990008	178.067016	114.899404
122.274655	177.857532	115.167507
122.565719	177.643326	115.441654
122.863200	177.424398	115.721845
123.167098	177.200748	116.008080
123.477413	176.972376	116.300358
123.794145	176.739283	116.598680
123.937626	176.633690	116.733822
124.087524	176.523375	116.875008
124.243839	176.408339	117.022237
124.406571	176.288580	117.175510
124.575719	176.164100	117.334828
124.751285	176.034898	117.500189
124.933267	175.900974	117.671593
125.121666	175.762328	117.849042
125.316482	175.618960	118.032535
125.517714	175.470870	118.222071
125.725364	175.318058	118.417651
125.939430	175.160524	118.619275
126.159913	174.998269	118.826943
126.386813	174.831291	119.040655
126.620130	174.659592	119.260410
126.859863	174.483171	119.486210
127.106014	174.302027	119.718053
127.358581	174.116162	119.955940
127.617565	173.925575	120.199871
127.882966	173.730266	120.449846
128.154783	173.530235	120.705865
128.433018	173.325483	120.967927
128.717669	173.116008	121.236033
129.008737	172.901811	121.510184
129.306222	172.682893	121.790378
129.610124	172.459252	122.076616
129.920442	172.230890	122.368897
130.237178	171.997806	122.667223
130.380661	171.892217	122.802366
130.530561	171.781907	122.943553
130.686877	171.666875	123.090784
130.849611	171.547121	123.244059
131.018761	171.422645	123.403378
131.194328	171.293447	123.568740
131.376312	171.159527	123.740146
131.564713	171.020885	123.917597
131.759530	170.877521	124.101091
131.960765	170.729436	124.290628
132.168416	170.576628	124.486210
132.382484	170.419099	124.687836
132.602969	170.256847	124.895505
132.829870	170.089874	125.109218
133.063189	169.918179	125.328975
133.302924	169.741762	125.554776
133.549076	169.560623	125.786621
133.801645	169.374762	126.024510
134.060631	169.184179	126.268442
134.326034	168.988875	126.518418
134.597853	168.788848	126.774439
134.876089	168.584100	127.036503
135.160742	168.374629	127.304610
135.451812	168.160437	127.578762
135.749299	167.941523	127.858958
136.053202	167.717887	128.145197
136.363522	167.489529	128.437480
136.680259	167.256449	128.735807
136.823743	167.150862	128.870951
136.973644	167.040554	129.012139
137.129961	166.925523	129.159371
137.292696	166.805771	129.312646
137.461847	166.681297	129.471965
137.637415	166.552101	129.637329
137.819399	166.418183	129.808736
138.007801	166.279543	129.986186
138.202619	166.136181	130.169681
138.403854	165.988098	130.359220
138.611506	165.835292	130.554802
138.825575	165.677765	130.756428
139.046061	165.515515	130.964098
139.272963	165.348544	131.177812
139.506282	165.176851	131.397570
139.746018	165.000436	131.623372
139.992171	164.819299	131.855217
140.244741	164.633440	132.093106
140.503728	164.442859	132.337040
140.769131	164.247556	132.587017
141.040951	164.047532	132.843037
141.319188	163.842785	133.105102
141.603842	163.633317	133.373211
141.894913	163.419126	133.647363
142.192400	163.200214	133.927559
142.496304	162.976580	134.213799
142.806625	162.748224	134.506083
143.123363	162.515146	134.804411
143.266847	162.409561	134.939555
143.416748	162.299253	135.080743
143.573066	162.184223	135.227975
143.735801	162.064472	135.381251
143.904952	161.939999	135.540571
144.080520	161.810804	135.705934
144.262505	161.676887	135.877341
144.450907	161.538248	136.054793
144.645726	161.394887	136.238288
144.846962	161.246804	136.427827
145.054614	161.093999	136.623409
145.268683	160.936473	136.825036
145.489169	160.774224	137.032706
145.716072	160.607254	137.246420
145.949391	160.435561	137.466178
146.189128	160.259147	137.691980
146.435281	160.078011	137.923826
146.687851	159.892153	138.161716
146.946838	159.701573	138.405649
147.212242	159.506271	138.655627
147.484062	159.306248	138.911648
147.762300	159.101502	139.173713
148.046954	158.892035	139.441822
148.338025	158.677845	139.715974
148.635513	158.458934	139.996171
148.939417	158.235301	140.282411
149.249739	158.006946	140.574695
149.566477	157.773869	140.873024
149.709961	157.668283	141.008168
149.859862	157.557976	141.149356
150.016180	157.442947	141.296588
150.178915	157.323196	141.449864
150.348067	157.198723	141.609184
150.523635	157.069528	141.774548
150.705620	156.935612	141.945955
150.894022	156.796973	142.123406
151.088841	156.653613	142.306901
151.290077	156.505530	142.496440
151.497729	156.352726	142.692023
151.711799	156.195200	142.893650
151.932285	156.032952	143.101321
152.159188	155.865982	143.315035
152.392508	155.694290	143.534793
152.632244	155.517876	143.760595
152.878398	155.336740	143.992441
153.130968	155.150883	144.230331
153.389955	154.960303	144.474265
153.655359	154.765002	144.724242
153.927180	154.564979	144.980263
154.205417	154.360233	145.242328
154.490071	154.150766	145.510437
154.781143	153.936577	145.784590
155.078631	153.717666	146.064787
155.382535	153.494034	146.351027
155.692857	153.265679	146.643312
156.009595	153.032602	146.941640
156.153080	152.927017	147.076785
156.302981	152.816710	147.217973
156.459299	152.701681	147.365205
156.622034	152.581931	147.518481
156.791185	152.457458	147.677801
156.966754	152.328263	147.843164
157.148739	152.194347	148.014572
157.337141	152.055708	148.192023
157.531960	151.912348	148.375519
157.733196	151.764266	148.565058
157.940849	151.611462	148.760641
158.154918	151.453936	148.962267
158.375404	151.291688	149.169938
158.602307	151.124718	149.383652
158.835627	150.953026	149.603411
159.075364	150.776613	149.829213
159.321517	150.595477	150.061059
159.574088	150.409620	150.298949
159.833075	150.219041	150.542882
160.098479	150.023739	150.792860
160.370299	149.823716	151.048881
160.648537	149.618971	151.310946
160.933191	149.409504	151.579055
161.224263	149.195315	151.853208
161.521751	148.976405	152.133405
161.825656	148.752772	152.419646
162.135977	148.524418	152.711930
162.452716	148.291341	153.010258
162.596200	148.185756	153.145403
162.746101	148.075449	153.286591
162.902420	147.960421	153.433823
163.065154	147.840670	153.587099
163.234306	147.716197	153.746419
163.409875	147.587003	153.911783
163.591860	147.453086	154.083191
163.780262	147.314448	154.260642
163.975081	147.171088	154.444137
164.176317	147.023006	154.633676
164.383969	146.870202	154.829259
164.598039	146.712676	155.030886
164.818525	146.550428	155.238557
165.045428	146.383458	155.452271
165.278748	146.211767	155.672030
165.518485	146.035353	155.897832
165.764638	145.854218	156.129678
166.017209	145.668360	156.367568
166.276196	145.477781	156.611501
166.541600	145.282480	156.861479
166.813421	145.082457	157.117500
167.091658	144.877712	157.379566
167.376313	144.668245	157.647675
167.667384	144.454056	157.921828
167.964872	144.235146	158.202024
168.268777	144.011513	158.488265
168.579099	143.783159	158.780549
168.895837	143.550083	159.078878
169.039322	143.444498	159.214022
169.189223	143.334191	159.355211
169.345541	143.219162	159.502443
169.508276	143.099411	159.655719
169.677428	142.974939	159.815039
169.852996	142.845744	159.980402
170.034981	142.711828	160.151810
170.223384	142.573190	160.329261
170.418203	142.429829	160.512757
170.619438	142.281747	160.702296
170.827091	142.128943	160.897879
171.041160	141.971418	161.099506
171.261647	141.809170	161.307176
171.488550	141.642200	161.520891
171.721870	141.470509	161.740649
171.961606	141.294095	161.966451
172.207760	141.112960	162.198297
172.460330	140.927102	162.436187
172.719318	140.736523	162.680121
172.984722	140.541222	162.930098
173.256542	140.341199	163.186120
173.534780	140.136454	163.448185
173.819434	139.926987	163.716294
174.110506	139.712799	163.990447
174.407994	139.493888	164.270644
174.711899	139.270256	164.556885
175.022221	139.041901	164.849169
175.338959	138.808825	165.147497
175.482444	138.703240	165.282642
175.632345	138.592933	165.423830
175.788663	138.477904	165.571062
175.951398	138.358154	165.724338
176.120549	138.233681	165.883658
176.296118	138.104487	166.049022
176.478103	137.970570	166.220430
176.666506	137.831932	166.397881
176.861325	137.688572	166.581376
177.062560	137.540490	166.770915
177.270213	137.387686	166.966498
177.484282	137.230160	167.168125
177.704769	137.067912	167.375796
177.931672	136.900943	167.589510
178.164992	136.729251	167.809269
178.404728	136.552838	168.035071
178.650882	136.371702	168.266917
178.903452	136.185845	168.504807
179.162440	135.995266	168.748741
179.427844	135.799965	168.998718
179.699664	135.599942	169.254740
179.977902	135.395197	169.516805
180.262557	135.185730	169.784914
180.553628	134.971542	170.059067
180.851116	134.752631	170.339264
181.155021	134.528999	170.625504
181.465343	134.300644	170.917789
181.782081	134.067568	171.216117
181.925566	133.961983	171.351262
182.075467	133.851676	171.492450
182.231785	133.736647	171.639682
182.394520	133.616897	171.792958
182.563672	133.492424	171.952278
182.739240	133.363230	172.117642
182.921225	133.229313	172.289050
183.109628	133.090675	172.466501
183.304447	132.947315	172.649996
183.505682	132.799233	172.839535
183.713335	132.646429	173.035118
183.927405	132.488903	173.236745
184.147891	132.326655	173.444416
184.374794	132.159686	173.658130
184.608114	131.987994	173.877889
184.847851	131.811581	174.103691
185.094004	131.630445	174.335537
185.346574	131.444588	174.573427
185.605562	131.254009	174.817360
185.870966	131.058708	175.067338
186.142787	130.858685	175.323359
186.421024	130.653940	175.585425
186.705679	130.444473	175.853534
186.996750	130.230285	176.127687
187.294238	130.011374	176.407884
187.598143	129.787742	176.694124
187.908465	129.559387	176.986409
188.225203	129.326311	177.284737
188.368688	129.220726	177.419882
188.518589	129.110419	177.561070
188.674907	128.995391	177.708302
188.837642	128.875640	177.861578
189.006794	128.751167	178.020898
189.182362	128.621973	178.186262
189.364348	128.488057	178.357669
189.552750	128.349418	178.535121
189.747569	128.206058	178.718616
189.948805	128.057976	178.908155
190.156457	127.905172	179.103738
190.370527	127.747646	179.305365
190.591013	127.585399	179.513036
190.817916	127.418429	179.726750
191.051236	127.246738	179.946509
191.290973	127.070324	180.172311
191.537126	126.889189	180.404157
191.789697	126.703331	180.642047
192.048684	126.512752	180.885980
192.314088	126.317451	181.135958
192.585909	126.117428	181.391979
192.864146	125.912683	181.654045
193.148801	125.703217	181.922154
193.439872	125.489028	182.196307
193.737360	125.270117	182.476504
194.041265	125.046485	182.762744
194.351587	124.818131	183.055029
194.668325	124.585054	183.353357
194.811810	124.479469	183.488502
194.961711	124.369163	183.629690
195.118029	124.254134	183.776922
195.280764	124.134383	183.930198
195.449916	124.009911	184.089518
195.625484	123.880716	184.254882
195.807470	123.746800	184.426289
195.995872	123.608162	184.603741
196.190691	123.464802	184.787236
196.391927	123.316720	184.976775
196.599579	123.163916	185.172358
196.813649	123.006390	185.373985
197.034135	122.844142	185.581656
197.261038	122.677172	185.795370
197.494358	122.505481	186.015129
197.734095	122.329067	186.240931
197.980248	122.147932	186.472777
198.232819	121.962075	186.710667
198.491806	121.771496	186.954600
198.757210	121.576195	187.204578
199.029031	121.376172	187.460599
199.307269	121.171427	187.722665
199.591923	120.961960	187.990774
199.882994	120.747771	188.264927
200.180482	120.528861	188.545124
200.484387	120.305228	188.831364
200.794709	120.076874	189.123649
201.111448	119.843798	189.421977
201.254932	119.738213	189.557122
201.404833	119.627906	189.698310
201.561151	119.512877	189.845542
201.723886	119.393127	189.998818
201.893038	119.268654	190.158138
202.068607	119.139460	190.323502
202.250592	119.005543	190.494909
202.438994	118.866905	190.672361
202.633813	118.723545	190.855856
202.835049	118.575463	191.045395
203.042702	118.422659	191.240978
203.256771	118.265133	191.442605
203.477257	118.102885	191.650276
203.704160	117.935916	191.863990
203.937480	117.764224	192.083748
204.177217	117.587811	192.309551
204.423371	117.406675	192.541397
204.675941	117.220818	192.779287
204.934928	117.030239	193.023220
205.200332	116.834938	193.273198
205.472153	116.634915	193.529219
205.750391	116.430170	193.791285
206.035045	116.220703	194.059394
206.326117	116.006515	194.333547
206.623605	115.787604	194.613744
206.927510	115.563972	194.899984
207.237831	115.335617	195.192269
207.554570	115.102541	195.490597
207.698054	114.996956	195.625742
207.847956	114.886649	195.766930
208.004274	114.771621	195.914162
208.167009	114.651870	196.067438
208.336160	114.527397	196.226758
208.511729	114.398203	196.392122
208.693714	114.264287	196.563529
208.882116	114.125648	196.740981
209.076935	113.982288	196.924476
209.278171	113.834206	197.114015
209.485824	113.681402	197.309598
209.699893	113.523876	197.511225
209.920380	113.361629	197.718896
210.147283	113.194659	197.932610
210.380603	113.022968	198.152368
210.620339	112.846554	198.378171
210.866493	112.665419	198.610017
211.119063	112.479561	198.847907
211.378050	112.288982	199.091840
211.643454	112.093681	199.341818
211.915275	111.893658	199.597839
212.193513	111.688913	199.859905
212.478167	111.479447	200.128014
212.769239	111.265258	200.402167
213.066727	111.046347	200.682364
213.370632	110.822715	200.968604
213.680954	110.594361	201.260889
213.997692	110.361284	201.559217
214.141177	110.255699	201.694362
214.291078	110.145393	201.835550
214.447396	110.030364	201.982782
214.610131	109.910613	202.136058
214.779283	109.786141	202.295378
214.954851	109.656946	202.460742
215.136836	109.523030	202.632149
215.325239	109.384392	202.809601
215.520058	109.241032	202.993096
215.721293	109.092950	203.182635
215.928946	108.940146	203.378218
216.143016	108.782620	203.579845
216.363502	108.620372	203.787516
216.590405	108.453402	204.001230
216.823725	108.281711	204.220988
217.063462	108.105297	204.446791
217.309615	107.924162	204.678637
217.562186	107.738305	204.916527
217.821173	107.547726	205.160460
218.086577	107.352425	205.410438
218.358398	107.152402	205.666459
218.636635	106.947657	205.928525
218.921290	106.738190	206.196634
219.212361	106.524001	206.470787
219.509849	106.305091	206.750983
219.813754	106.081458	207.037224
220.124076	105.853104	207.329509
220.440814	105.620028	207.627837
220.584299	105.514443	207.762982
220.734200	105.404136	207.904170
220.890518	105.289107	208.051402
221.053253	105.169357	208.204678
221.222405	105.044884	208.363998
221.397973	104.915690	208.529362
221.579959	104.781773	208.700769
221.768361	104.643135	208.878221
221.963180	104.499775	209.061716
222.164416	104.351693	209.251255
222.372068	104.198889	209.446838
222.586138	104.041363	209.648465
222.806624	103.879115	209.856136
223.033527	103.712146	210.069850
223.266847	103.540454	210.289608
223.506584	103.364041	210.515411
223.752737	103.182905	210.747257
224.005308	102.997048	210.985147
224.264295	102.806469	211.229080
224.529699	102.611168	211.479058
224.801520	102.411145	211.735079
225.079757	102.206400	211.997145
225.364412	101.996933	212.265254
225.655483	101.782745	212.539407
225.952971	101.563834	212.819603
226.256876	101.340202	213.105844
226.567198	101.111847	213.398129
226.883937	100.878771	213.696457
227.027421	100.773186	213.831601
227.177322	100.662879	213.972790
227.333640	100.547851	214.120022
227.496375	100.428100	214.273298
227.665527	100.303627	214.432618
227.841096	100.174433	214.597982
228.023081	100.040517	214.769389
228.211483	99.901878	214.946841
228.406302	99.758518	215.130336
228.607538	99.610436	215.319875
228.815191	99.457632	215.515458
229.029260	99.300107	215.717085
229.249746	99.137859	215.924756
229.476649	98.970889	216.138470
229.709969	98.799198	216.358228
229.949706	98.622784	216.584031
230.195860	98.441649	216.815877
230.448430	98.255792	217.053767
230.707417	98.065212	217.297700
230.972821	97.869911	217.547678
231.244642	97.669888	217.803699
231.522880	97.465144	218.065765
231.807534	97.255677	218.333874
232.098605	97.041488	218.608027
232.396094	96.822578	218.888223
232.699998	96.598945	219.174464
233.010320	96.370591	219.466749
233.327059	96.137514	219.765077
233.470543	96.031930	219.900221
233.620444	95.921623	220.041410
233.776763	95.806594	220.188642
233.939497	95.686843	220.341918
234.108649	95.562371	220.501238
234.284218	95.433176	220.666602
234.466203	95.299260	220.838009
234.654605	95.160622	221.015461
234.849424	95.017262	221.198956
235.050660	94.869180	221.388495
235.258313	94.716376	221.584078
235.472382	94.558850	221.785705
235.692868	94.396602	221.993376
235.919772	94.229633	222.207090
236.153092	94.057941	222.426848
236.392828	93.881528	222.652651
236.638982	93.700392	222.884497
236.891552	93.514535	223.122387
237.150539	93.323956	223.366320
237.415943	93.128655	223.616298
237.687764	92.928632	223.872319
237.966002	92.723887	224.134385
238.250656	92.514420	224.402494
238.541728	92.300231	224.676647
238.839216	92.081321	224.956843
239.143121	91.857688	225.243084
239.453442	91.629334	225.535369
239.770181	91.396258	225.833697
239.913665	91.290673	225.968841
240.063567	91.180366	226.110030
240.219885	91.065337	226.257262
240.382620	90.945587	226.410538
240.551771	90.821114	226.569858
240.727340	90.691920	226.735222
240.909325	90.558003	226.906629
241.097728	90.419365	227.084081
241.292547	90.276005	227.267576
241.493782	90.127923	227.457115
241.701435	89.975119	227.652698
241.915504	89.817593	227.854325
242.135991	89.655346	228.061996
242.362894	89.488376	228.275710
242.596214	89.316684	228.495468
242.835950	89.140271	228.721271
243.082104	88.959136	228.953117
243.334674	88.773278	229.191007
243.593662	88.582699	229.434940
243.859066	88.387398	229.684918
244.130886	88.187375	229.940939
244.409124	87.982630	230.203005
244.693779	87.773164	230.471114
244.984850	87.558975	230.745267
245.282338	87.340064	231.025463
245.586243	87.116432	231.311704
245.896565	86.888077	231.603989
246.213303	86.655001	231.902317
246.356788	86.549416	232.037461
246.506689	86.439109	232.178650
246.663007	86.324081	232.325882
246.825742	86.204330	232.479158
246.994894	86.079858	232.638478
247.170462	85.950663	232.803842
247.352448	85.816747	232.975249
247.540850	85.678109	233.152701
247.735669	85.534748	233.336196
247.936905	85.386666	233.525735
248.144557	85.233862	233.721318
248.358627	85.076337	233.922945
248.579113	84.914089	234.130615
248.806016	84.747119	234.344330
249.039336	84.575428	234.564088
249.279073	84.399014	234.789891
249.525226	84.217879	235.021737
249.777797	84.032022	235.259626
