-25.993461	220.779653	2.388017
-26.033177	220.625586	2.404306
-26.081920	220.467298	2.421429
-26.139691	220.304792	2.439389
-26.206491	220.138069	2.458192
-26.282319	219.967132	2.477843
-26.367176	219.791982	2.498344
-26.461064	219.612622	2.519701
-26.563982	219.429054	2.541918
-26.675931	219.241280	2.564999
-26.796913	219.049302	2.588948
-26.926926	218.853122	2.613770
-27.065973	218.652743	2.639469
-27.214053	218.448166	2.666049
-27.371167	218.239394	2.693514
-27.537316	218.026429	2.721868
-27.712500	217.809272	2.751115
-27.896721	217.587927	2.781260
-28.089978	217.362395	2.812305
-28.292272	217.132679	2.844255
-28.503604	216.898780	2.877113
-28.723974	216.660700	2.910884
-28.953383	216.418443	2.945571
-29.191832	216.172010	2.981177
-29.439322	215.921402	3.017707
-29.695852	215.666624	3.055163
-29.961424	215.407675	3.093550
-30.236038	215.144560	3.132870
-30.519695	214.877279	3.173127
-30.812395	214.605836	3.214325
-31.114140	214.330231	3.256466
-31.424929	214.050468	3.299554
-31.744765	213.766549	3.343591
-32.073646	213.478476	3.388581
-32.411575	213.186250	3.434527
-32.758551	212.889875	3.481432
-33.114575	212.589352	3.529298
-33.479649	212.284684	3.578129
-33.853772	211.975872	3.627927
-34.236946	211.662920	3.678695
-34.409927	211.523075	3.701514
-34.591960	211.379092	3.725306
-34.783045	211.230972	3.750074
-34.983182	211.078716	3.775817
-35.192372	210.922326	3.802538
-35.410614	210.761801	3.830236
-35.637910	210.597144	3.858914
-35.874259	210.428355	3.888572
-36.119662	210.255436	3.919212
-36.374120	210.078386	3.950834
-36.637632	209.897208	3.983439
-36.910199	209.711901	4.017029
-37.191821	209.522468	4.051605
-37.482499	209.328909	4.087167
-37.782233	209.131225	4.123716
-38.091023	208.929417	4.161254
-38.408869	208.723487	4.199782
-38.735773	208.513434	4.239299
-39.071734	208.299261	4.279808
-39.416752	208.080967	4.321309
-39.770829	207.858555	4.363804
-40.133964	207.632025	4.407292
-40.506158	207.401378	4.451775
-40.887411	207.166615	4.497254
-41.277723	206.927737	4.543729
-41.677096	206.684745	4.591202
-42.085528	206.437641	4.639672
-42.503022	206.186425	4.689142
-42.929576	205.931097	4.739611
-43.120710	205.817265	4.762194
-43.320905	205.699323	4.785778
-43.530163	205.577273	4.810364
-43.748482	205.451114	4.835950
-43.975863	205.320847	4.862538
-44.212307	205.186473	4.890128
-44.457813	205.047991	4.918721
-44.712381	204.905403	4.948316
-44.976012	204.758709	4.978915
-45.248707	204.607910	5.010516
-45.530464	204.453005	5.043121
-45.821285	204.293995	5.076730
-46.121169	204.130881	5.111344
-46.430117	203.963663	5.146961
-46.748128	203.792342	5.183584
-47.075204	203.616917	5.221211
-47.411343	203.437391	5.259844
-47.756547	203.253762	5.299482
-48.110816	203.066032	5.340127
-48.474149	202.874200	5.381777
-48.846547	202.678268	5.424434
-49.228010	202.478236	5.468098
-49.618538	202.274104	5.512768
-50.018132	202.065873	5.558446
-50.426791	201.853542	5.605131
-50.844517	201.637114	5.652824
-51.271308	201.416588	5.701524
-51.707165	201.191964	5.751233
-51.905019	201.090254	5.773787
-52.111940	200.984447	5.797349
-52.327927	200.874543	5.821920
-52.552981	200.760543	5.847500
-52.787101	200.642447	5.874088
-53.030288	200.520255	5.901685
-53.282542	200.393967	5.930292
-53.543863	200.263584	5.959907
-53.814251	200.129106	5.990532
-54.093706	199.990532	6.022166
-54.382228	199.847864	6.054809
-54.679817	199.701101	6.088462
-54.986474	199.550244	6.123125
-55.302198	199.395292	6.158797
-55.626990	199.236247	6.195480
-55.960849	199.073107	6.233172
-56.303776	198.905874	6.271874
-56.655770	198.734548	6.311586
-57.016833	198.559129	6.352308
-57.386963	198.379616	6.394041
-57.766161	198.196011	6.436784
-58.154428	198.008314	6.480537
-58.551762	197.816524	6.525301
-58.958165	197.620642	6.571076
-59.373636	197.420668	6.617861
-59.798176	197.216602	6.665657
-60.231784	197.008446	6.714464
-60.674461	196.796197	6.764282
-60.875104	196.700110	6.786857
-61.084816	196.599932	6.810444
-61.303596	196.495663	6.835042
-61.531446	196.387304	6.860651
-61.768364	196.274854	6.887271
-62.014351	196.158313	6.914902
-62.269407	196.037682	6.943545
-62.533532	195.912960	6.973199
-62.806726	195.784149	7.003864
-63.088989	195.651247	7.035540
-63.380322	195.514255	7.068228
-63.680723	195.373173	7.101927
-63.990194	195.228002	7.136638
-64.308733	195.078740	7.172360
-64.636343	194.925389	7.209094
-64.973021	194.767949	7.246839
-65.318769	194.606419	7.285595
-65.673586	194.440799	7.325364
-66.037473	194.271091	7.366144
-66.410429	194.097293	7.407935
-66.792454	193.919406	7.450738
-67.183549	193.737430	7.494553
-67.583714	193.551366	7.539380
-67.992949	193.361212	7.585218
-68.411253	193.166970	7.632069
-68.838626	192.968640	7.679931
-69.275070	192.766221	7.728805
-69.720583	192.559713	7.778691
-69.922436	192.466201	7.801291
-70.133359	192.368600	7.824904
-70.353352	192.266910	7.849528
-70.582414	192.161133	7.875165
-70.820547	192.051268	7.901813
-71.067749	191.937314	7.929474
-71.324021	191.819273	7.958146
-71.589364	191.697144	7.987830
-71.863776	191.570927	8.018527
-72.147258	191.440622	8.050235
-72.439811	191.306229	8.082956
-72.741433	191.167748	8.116688
-73.052126	191.025180	8.151433
-73.371888	190.878524	8.187189
-73.700721	190.727780	8.223958
-74.038624	190.572949	8.261739
-74.385597	190.414030	8.300532
-74.741640	190.251024	8.340337
-75.106753	190.083930	8.381154
-75.480937	189.912749	8.422984
-75.864191	189.737481	8.465825
-76.256515	189.558125	8.509679
-76.657909	189.374682	8.554545
-77.068374	189.187151	8.600423
-77.487909	188.995534	8.647313
-77.916514	188.799830	8.695216
-78.354190	188.600038	8.744130
-78.800936	188.396159	8.794057
-79.003326	188.303819	8.816675
-79.214786	188.207392	8.840305
-79.435317	188.106878	8.864947
-79.664918	188.002277	8.890602
-79.903590	187.893589	8.917269
-80.151332	187.780814	8.944948
-80.408145	187.663953	8.973639
-80.674028	187.543004	9.003343
-80.948981	187.417969	9.034059
-81.233005	187.288847	9.065787
-81.526099	187.155638	9.098527
-81.828264	187.018342	9.132280
-82.139500	186.876960	9.167045
-82.459806	186.731491	9.202823
-82.789182	186.581935	9.239612
-83.127629	186.428293	9.277414
-83.475146	186.270563	9.316229
-83.831734	186.108748	9.356055
-84.197393	185.942845	9.396894
-84.572122	185.772856	9.438745
-84.955922	185.598781	9.481609
-85.348792	185.420619	9.525485
-85.750733	185.238370	9.570373
-86.161744	185.052035	9.616274
-86.581826	184.861614	9.663187
-87.010979	184.667106	9.711112
-87.449202	184.468512	9.760050
-87.896496	184.265831	9.810000
-88.099127	184.174024	9.832627
-88.310829	184.078130	9.856268
-88.531602	183.978150	9.880920
-88.761445	183.874084	9.906585
-89.000359	183.765931	9.933263
-89.248343	183.653693	9.960952
-89.505398	183.537367	9.989654
-89.771524	183.416956	10.019369
-90.046721	183.292458	10.050096
-90.330988	183.163874	10.081835
-90.624326	183.031203	10.114587
-90.926735	182.894446	10.148351
-91.238214	182.753603	10.183127
-91.558764	182.608674	10.218916
-91.888384	182.459658	10.255717
-92.227076	182.306556	10.293530
-92.574838	182.149368	10.332356
-92.931671	181.988094	10.372194
-93.297574	181.822733	10.413045
-93.672548	181.653287	10.454908
-94.056593	181.479754	10.497784
-94.449709	181.302135	10.541672
-94.851896	181.120429	10.586572
-95.263153	180.934638	10.632485
-95.683481	180.744760	10.679410
-96.112879	180.550796	10.727347
-96.551349	180.352747	10.776297
-96.998889	180.150611	10.826259
-97.201629	180.059046	10.848892
-97.413440	179.963395	10.872538
-97.634322	179.863657	10.897196
-97.864274	179.759834	10.922867
-98.103298	179.651925	10.949550
-98.351392	179.539930	10.977245
-98.608556	179.423848	11.005953
-98.874792	179.303680	11.035673
-99.150098	179.179427	11.066406
-99.434476	179.051087	11.098151
-99.727924	178.918661	11.130908
-100.030442	178.782149	11.164678
-100.342032	178.641551	11.199460
-100.662692	178.496867	11.235255
-100.992423	178.348097	11.272062
-101.331225	178.195241	11.309882
-101.679098	178.038299	11.348714
-102.036041	177.877271	11.388558
-102.402055	177.712156	11.429415
-102.777140	177.542956	11.471284
-103.161296	177.369670	11.514165
-103.554523	177.192297	11.558059
-103.956820	177.010839	11.602966
-104.368188	176.825294	11.648885
-104.788627	176.635664	11.695816
-105.218137	176.441948	11.743760
-105.656718	176.244145	11.792716
-106.104369	176.042257	11.842684
-106.307159	175.950802	11.865321
-106.519019	175.855261	11.888969
-106.739950	175.755634	11.913630
-106.969952	175.651922	11.939303
-107.209025	175.544123	11.965989
-107.457169	175.432238	11.993688
-107.714384	175.316267	12.022398
-107.980669	175.196211	12.052121
-108.256025	175.072068	12.082857
-108.540452	174.943839	12.114605
-108.833950	174.811524	12.147365
-109.136518	174.675124	12.181138
-109.448158	174.534637	12.215923
-109.768868	174.390065	12.251721
-110.098649	174.241406	12.288531
-110.437501	174.088662	12.326353
-110.785424	173.931831	12.365188
-111.142417	173.770915	12.405036
-111.508482	173.605913	12.445896
-111.883617	173.436824	12.487768
-112.267823	173.263650	12.530653
-112.661100	173.086390	12.574550
-113.063448	172.905044	12.619459
-113.474866	172.719612	12.665381
-113.895356	172.530094	12.712316
-114.324916	172.336490	12.760262
-114.763547	172.138800	12.809222
-115.211249	171.937024	12.859193
-115.414061	171.845619	12.881831
-115.625944	171.750128	12.905481
-115.846897	171.650552	12.930143
-116.076922	171.546889	12.955818
-116.316017	171.439141	12.982505
-116.564183	171.327306	13.010205
-116.821420	171.211386	13.038917
-117.087728	171.091379	13.068642
-117.363107	170.967287	13.099378
-117.647557	170.839109	13.131128
-117.941077	170.706845	13.163890
-118.243668	170.570495	13.197664
-118.555330	170.430059	13.232451
-118.876063	170.285537	13.268250
-119.205867	170.136929	13.305061
-119.544742	169.984236	13.342885
-119.892687	169.827456	13.381722
-120.249703	169.666590	13.421571
-120.615791	169.501639	13.462432
-120.990949	169.332602	13.504306
-121.375178	169.159478	13.547192
-121.768477	168.982269	13.591091
-122.170848	168.800974	13.636002
-122.582289	168.615593	13.681925
-123.002802	168.426126	13.728861
-123.432385	168.232573	13.776809
-123.871039	168.034935	13.825770
-124.318763	167.833210	13.875744
-124.521586	167.741828	13.898382
-124.733479	167.646360	13.922032
-124.954442	167.546806	13.946695
-125.184477	167.443166	13.972371
-125.423583	167.335441	13.999059
-125.671759	167.223629	14.026759
-125.929006	167.107732	14.055472
-126.195325	166.987748	14.085197
-126.470714	166.863679	14.115935
-126.755173	166.735524	14.147685
-127.048704	166.603283	14.180448
-127.351306	166.466956	14.214223
-127.662978	166.326543	14.249010
-127.983721	166.182044	14.284810
-128.313535	166.033459	14.321622
-128.652420	165.880789	14.359447
-129.000376	165.724032	14.398284
-129.357403	165.563190	14.438134
-129.723500	165.398261	14.478996
-130.098669	165.229247	14.520870
-130.482908	165.056147	14.563757
-130.876218	164.878961	14.607656
-131.278599	164.697689	14.652568
-131.690051	164.512332	14.698492
-132.110574	164.322888	14.745429
-132.540167	164.129358	14.793378
-132.978831	163.931743	14.842340
-133.426567	163.730042	14.892314
-133.629393	163.638670	14.914952
-133.841291	163.543212	14.938603
-134.062260	163.443669	14.963267
-134.292299	163.340039	14.988942
-134.531409	163.232324	15.015631
-134.779590	163.120523	15.043331
-135.036842	163.004636	15.072045
-135.303165	162.884663	15.101770
-135.578559	162.760604	15.132508
-135.863023	162.632459	15.164259
-136.156559	162.500229	15.197021
-136.459165	162.363912	15.230797
-136.770842	162.223510	15.265585
-137.091590	162.079021	15.301385
-137.421409	161.930447	15.338197
-137.760298	161.777787	15.376022
-138.108259	161.621041	15.414860
-138.465290	161.460209	15.454710
-138.831392	161.295291	15.495572
-139.206565	161.126288	15.537447
-139.590809	160.953198	15.580334
-139.984124	160.776023	15.624234
-140.386510	160.594762	15.669146
-140.797966	160.409414	15.715071
-141.218494	160.219981	15.762008
-141.648092	160.026462	15.809957
-142.086761	159.828857	15.858919
-142.534501	159.627167	15.908894
-142.737330	159.535800	15.931532
-142.949230	159.440347	15.955183
-143.170200	159.340808	15.979847
-143.400242	159.237183	16.005523
-143.639354	159.129473	16.032211
-143.887537	159.017676	16.059912
-144.144791	158.901794	16.088625
-144.411116	158.781826	16.118351
-144.686512	158.657772	16.149089
-144.970979	158.529632	16.180840
-145.264516	158.397406	16.213603
-145.567125	158.261094	16.247379
-145.878804	158.120696	16.282166
-146.199554	157.976213	16.317967
-146.529375	157.827644	16.354780
-146.868267	157.674988	16.392605
-147.216229	157.518247	16.431443
-147.573263	157.357420	16.471293
-147.939367	157.192507	16.512155
-148.314542	157.023508	16.554030
-148.698789	156.850424	16.596918
-149.092106	156.673253	16.640817
-149.494493	156.491996	16.685730
-149.905952	156.306654	16.731655
-150.326482	156.117226	16.778592
-150.756082	155.923712	16.826541
-151.194753	155.726112	16.875503
-151.642495	155.524426	16.925478
-151.845325	155.433061	16.948117
-152.057226	155.337610	16.971768
-152.278198	155.238073	16.996431
-152.508240	155.134451	17.022108
-152.747353	155.026743	17.048796
-152.995537	154.914948	17.076497
-153.252792	154.799068	17.105210
-153.519118	154.679102	17.134936
-153.794515	154.555050	17.165674
-154.078983	154.426912	17.197425
-154.372521	154.294689	17.230188
-154.675130	154.158379	17.263964
-154.986811	154.017984	17.298752
-155.307562	153.873502	17.334552
-155.637384	153.724935	17.371365
-155.976276	153.572282	17.409190
-156.324240	153.415543	17.448028
-156.681275	153.254718	17.487878
-157.047380	153.089807	17.528741
-157.422556	152.920811	17.570616
-157.806803	152.747728	17.613504
-158.200121	152.570560	17.657404
-158.602510	152.389305	17.702316
-159.013970	152.203965	17.748241
-159.434500	152.014539	17.795178
-159.864102	151.821027	17.843128
-160.302774	151.623429	17.892090
-160.750517	151.421746	17.942064
-160.953347	151.330382	17.964703
-161.165248	151.234932	17.988354
-161.386220	151.135396	18.013018
-161.616263	151.031775	18.038694
-161.855377	150.924067	18.065383
-162.103562	150.812274	18.093084
-162.360817	150.696395	18.121797
-162.627143	150.576430	18.151523
-162.902541	150.452379	18.182261
-163.187009	150.324242	18.214012
-163.480547	150.192019	18.246775
-163.783157	150.055711	18.280551
-164.094838	149.915316	18.315339
-164.415589	149.770836	18.351139
-164.745412	149.622270	18.387952
-165.084305	149.469618	18.425778
-165.432269	149.312880	18.464615
-165.789304	149.152056	18.504466
-166.155410	148.987146	18.545328
-166.530586	148.818150	18.587203
-166.914834	148.645069	18.630091
-167.308152	148.467901	18.673991
-167.710542	148.286648	18.718903
-168.122002	148.101309	18.764828
-168.542533	147.911884	18.811766
-168.972135	147.718373	18.859715
-169.410807	147.520776	18.908677
-169.858551	147.319093	18.958652
-170.061381	147.227730	18.981291
-170.273283	147.132281	19.004942
-170.494255	147.032745	19.029606
-170.724298	146.929124	19.055282
-170.963412	146.821417	19.081970
-171.211597	146.709625	19.109671
-171.468852	146.593746	19.138385
-171.735179	146.473781	19.168111
-172.010576	146.349731	19.198849
-172.295044	146.221594	19.230600
-172.588584	146.089372	19.263363
-172.891194	145.953064	19.297139
-173.202874	145.812670	19.331927
-173.523626	145.668190	19.367727
-173.853449	145.519624	19.404540
-174.192342	145.366973	19.442365
-174.540306	145.210235	19.481203
-174.897341	145.049412	19.521053
-175.263447	144.884502	19.561916
-175.638624	144.715507	19.603791
-176.022872	144.542426	19.646679
-176.416191	144.365259	19.690579
-176.818580	144.184006	19.735491
-177.230040	143.998668	19.781416
-177.650572	143.809243	19.828354
-178.080174	143.615732	19.876303
-178.518847	143.418136	19.925265
-178.966590	143.216454	19.975240
-179.169421	143.125091	19.997879
-179.381322	143.029641	20.021530
-179.602295	142.930106	20.046194
-179.832338	142.826486	20.071870
-180.071452	142.718779	20.098559
-180.319637	142.606986	20.126260
-180.576892	142.491108	20.154973
-180.843219	142.371143	20.184699
-181.118617	142.247093	20.215437
-181.403085	142.118957	20.247188
-181.696624	141.986735	20.279951
-181.999234	141.850427	20.313727
-182.310915	141.710033	20.348515
-182.631667	141.565553	20.384315
-182.961490	141.416988	20.421128
-183.300383	141.264336	20.458954
-183.648347	141.107599	20.497791
-184.005383	140.946776	20.537642
-184.371489	140.781867	20.578504
-184.746666	140.612872	20.620380
-185.130914	140.439791	20.663267
-185.524232	140.262624	20.707167
-185.926622	140.081371	20.752080
-186.338082	139.896033	20.798004
-186.758613	139.706608	20.844942
-187.188216	139.513098	20.892892
-187.626889	139.315502	20.941854
-188.074632	139.113820	20.991828
-188.277463	139.022457	21.014467
-188.489365	138.927008	21.038118
-188.710337	138.827473	21.062782
-188.940380	138.723852	21.088458
-189.179494	138.616146	21.115147
-189.427679	138.504353	21.142848
-189.684935	138.388475	21.171561
-189.951262	138.268510	21.201287
-190.226659	138.144460	21.232025
-190.511127	138.016324	21.263776
-190.804667	137.884102	21.296539
-191.107277	137.747794	21.330315
-191.418958	137.607400	21.365103
-191.739710	137.462921	21.400904
-192.069532	137.314355	21.437717
-192.408426	137.161704	21.475542
-192.756390	137.004967	21.514380
-193.113426	136.844144	21.554230
-193.479532	136.679235	21.595093
-193.854709	136.510240	21.636968
-194.238957	136.337159	21.679855
-194.632275	136.159992	21.723755
-195.034665	135.978740	21.768668
-195.446125	135.793401	21.814593
-195.866657	135.603977	21.861530
-196.296259	135.410467	21.909480
-196.734932	135.212871	21.958442
-197.182676	135.011189	22.008417
-197.385506	134.919826	22.031056
-197.597408	134.824377	22.054707
-197.818380	134.724842	22.079371
-198.048423	134.621221	22.105047
-198.287538	134.513515	22.131735
-198.535722	134.401722	22.159436
-198.792978	134.285844	22.188150
-199.059305	134.165879	22.217876
-199.334703	134.041829	22.248614
-199.619171	133.913693	22.280365
-199.912710	133.781471	22.313128
-200.215320	133.645164	22.346903
-200.527001	133.504770	22.381691
-200.847753	133.360290	22.417492
-201.177576	133.211725	22.454305
-201.516469	133.059074	22.492130
-201.864434	132.902336	22.530968
-202.221469	132.741513	22.570818
-202.587575	132.576604	22.611681
-202.962752	132.407609	22.653556
-203.347000	132.234529	22.696444
-203.740319	132.057362	22.740344
-204.142709	131.876110	22.785256
-204.554169	131.690771	22.831181
-204.974700	131.501347	22.878119
-205.404303	131.307837	22.926068
-205.842976	131.110241	22.975031
-206.290720	130.908559	23.025005
-206.493550	130.817196	23.047644
-206.705452	130.721747	23.071295
-206.926424	130.622212	23.095959
-207.156467	130.518591	23.121635
-207.395581	130.410885	23.148324
-207.643766	130.299092	23.176025
-207.901022	130.183214	23.204738
-208.167349	130.063250	23.234464
-208.442746	129.939199	23.265202
-208.727215	129.811063	23.296953
-209.020754	129.678842	23.329716
-209.323364	129.542534	23.363492
-209.635045	129.402140	23.398280
-209.955797	129.257661	23.434080
-210.285620	129.109095	23.470893
-210.624513	128.956444	23.508719
-210.972478	128.799707	23.547557
-211.329513	128.638884	23.587407
-211.695619	128.473975	23.628270
-212.070796	128.304980	23.670145
-212.455044	128.131899	23.713032
-212.848363	127.954733	23.756932
-213.250753	127.773480	23.801845
-213.662213	127.588142	23.847770
-214.082744	127.398718	23.894707
-214.512347	127.205207	23.942657
-214.951020	127.007611	23.991619
-215.398764	126.805930	24.041594
-215.601594	126.714567	24.064232
-215.813496	126.619118	24.087884
-216.034468	126.519583	24.112547
-216.264511	126.415962	24.138224
-216.503626	126.308255	24.164912
-216.751810	126.196463	24.192613
-217.009066	126.080585	24.221327
-217.275393	125.960620	24.251052
-217.550791	125.836570	24.281791
-217.835259	125.708434	24.313541
-218.128798	125.576212	24.346305
-218.431408	125.439905	24.380080
-218.743089	125.299511	24.414868
-219.063841	125.155031	24.450669
-219.393664	125.006466	24.487482
-219.732558	124.853815	24.525307
-220.080522	124.697078	24.564145
-220.437557	124.536254	24.603995
-220.803663	124.371346	24.644858
-221.178841	124.202351	24.686733
-221.563088	124.029270	24.729621
-221.956407	123.852103	24.773521
-222.358797	123.670851	24.818433
-222.770257	123.485513	24.864358
-223.190789	123.296088	24.911295
-223.620391	123.102578	24.959245
-224.059064	122.904982	25.008207
-224.506808	122.703301	25.058182
-224.709639	122.611937	25.080821
-224.921540	122.516488	25.104472
-225.142512	122.416954	25.129136
-225.372556	122.313333	25.154812
-225.611670	122.205626	25.181501
-225.859855	122.093834	25.209202
-226.117111	121.977955	25.237915
-226.383437	121.857991	25.267641
-226.658835	121.733941	25.298379
-226.943303	121.605805	25.330130
-227.236842	121.473583	25.362893
-227.539453	121.337275	25.396669
-227.851134	121.196882	25.431457
-228.171885	121.052402	25.467257
-228.501708	120.903837	25.504070
-228.840602	120.751186	25.541896
-229.188566	120.594448	25.580734
-229.545602	120.433625	25.620584
-229.911708	120.268716	25.661447
-230.286885	120.099722	25.703322
-230.671133	119.926641	25.746209
-231.064451	119.749474	25.790109
-231.466841	119.568222	25.835022
-231.878302	119.382884	25.880947
-232.298833	119.193459	25.927884
-232.728435	118.999949	25.975834
-233.167108	118.802353	26.024796
-233.614852	118.600671	26.074771
-233.817683	118.509308	26.097409
-234.029584	118.413859	26.121061
-234.250557	118.314325	26.145724
-234.480600	118.210704	26.171400
-234.719714	118.102997	26.198089
-234.967899	117.991205	26.225790
-235.225155	117.875326	26.254503
-235.491481	117.755362	26.284229
-235.766879	117.631312	26.314968
-236.051347	117.503176	26.346718
-236.344887	117.370954	26.379482
-236.647497	117.234647	26.413257
-236.959178	117.094253	26.448045
-237.279930	116.949773	26.483846
-237.609752	116.801208	26.520659
-237.948646	116.648557	26.558484
-238.296610	116.491819	26.597322
-238.653646	116.330996	26.637172
-239.019752	116.166088	26.678035
-239.394929	115.997093	26.719910
-239.779177	115.824012	26.762798
-240.172496	115.646845	26.806698
-240.574885	115.465593	26.851610
-240.986346	115.280255	26.897535
-241.406877	115.090830	26.944472
-241.836479	114.897320	26.992422
-242.275152	114.699724	27.041384
-242.722896	114.498043	27.091359
-242.925727	114.406679	27.113998
-243.137629	114.311231	27.137649
-243.358601	114.211696	27.162313
-243.588644	114.108075	27.187989
-243.827758	114.000368	27.214677
-244.075943	113.888576	27.242378
-244.333199	113.772698	27.271092
-244.599526	113.652733	27.300818
-244.874923	113.528683	27.331556
-245.159392	113.400547	27.363307
-245.452931	113.268325	27.396070
-245.755541	113.132018	27.429846
-246.067222	112.991624	27.464634
-246.387974	112.847144	27.500434
-246.717797	112.698579	27.537247
-247.056690	112.545928	27.575073
-247.404655	112.389191	27.613910
-247.761690	112.228368	27.653761
-248.127796	112.063459	27.694623
-248.502973	111.894464	27.736499
-248.887221	111.721383	27.779386
-249.280540	111.544217	27.823286
-249.682930	111.362964	27.868199
-250.094390	111.177626	27.914124
-250.514921	110.988202	27.961061
-250.944524	110.794691	28.009011
-251.383197	110.597095	28.057973
-251.830941	110.395414	28.107948
-252.033771	110.304051	28.130586
-252.245673	110.208602	28.154238
-252.466645	110.109067	28.178901
-252.696688	110.005446	28.204577
-252.935803	109.897739	28.231266
-253.183988	109.785947	28.258967
-253.441243	109.670069	28.287680
-253.707570	109.550104	28.317406
-253.982968	109.426054	28.348145
-254.267436	109.297918	28.379895
-254.560975	109.165696	28.412659
-254.863585	109.029389	28.446434
-255.175266	108.888995	28.481222
-255.496018	108.744515	28.517023
-255.825841	108.595950	28.553836
-256.164735	108.443299	28.591661
-256.512699	108.286562	28.630499
-256.869734	108.125739	28.670349
-257.235841	107.960830	28.711212
-257.611018	107.791835	28.753087
-257.995266	107.618754	28.795975
-258.388584	107.441588	28.839875
-258.790974	107.260335	28.884787
-259.202434	107.074997	28.930712
-259.622966	106.885573	28.977649
-260.052568	106.692063	29.025599
-260.491241	106.494467	29.074561
-260.938985	106.292785	29.124536
-261.141816	106.201422	29.147175
-261.353717	106.105973	29.170826
-261.574690	106.006438	29.195490
-261.804733	105.902817	29.221166
-262.043847	105.795111	29.247854
-262.292032	105.683318	29.275555
-262.549288	105.567440	29.304269
-262.815614	105.447475	29.333995
-263.091012	105.323425	29.364733
-263.375480	105.195289	29.396484
-263.669020	105.063067	29.429247
-263.971630	104.926760	29.463023
-264.283311	104.786366	29.497811
-264.604063	104.641887	29.533611
-264.933885	104.493321	29.570424
-265.272779	104.340670	29.608250
-265.620743	104.183933	29.647087
-265.977779	104.023110	29.686938
-266.343885	103.858201	29.727800
-266.719062	103.689206	29.769676
-267.103310	103.516125	29.812563
-267.496629	103.338959	29.856463
-267.899018	103.157706	29.901376
-268.310479	102.972368	29.947300
-268.731010	102.782944	29.994238
-269.160612	102.589434	30.042188
-269.599285	102.391838	30.091150
-270.047029	102.190156	30.141124
-270.249860	102.098793	30.163763
-270.461761	102.003344	30.187415
-270.682734	101.903809	30.212078
-270.912777	101.800188	30.237754
-271.151891	101.692482	30.264443
-271.400076	101.580689	30.292144
-271.657332	101.464811	30.320857
-271.923659	101.344847	30.350583
-272.199056	101.220796	30.381322
-272.483525	101.092660	30.413072
-272.777064	100.960439	30.445836
-273.079674	100.824131	30.479611
-273.391355	100.683737	30.514399
-273.712107	100.539258	30.550200
-274.041930	100.390692	30.587013
-274.380823	100.238041	30.624838
-274.728788	100.081304	30.663676
-275.085823	99.920481	30.703526
-275.451929	99.755572	30.744389
-275.827106	99.586577	30.786264
-276.211354	99.413496	30.829152
-276.604673	99.236330	30.873052
-277.007062	99.055077	30.917964
-277.418523	98.869739	30.963889
-277.839054	98.680315	31.010826
-278.268657	98.486805	31.058776
-278.707330	98.289209	31.107738
-279.155074	98.087527	31.157713
-279.357904	97.996164	31.180352
-279.569806	97.900715	31.204003
-279.790778	97.801180	31.228667
-280.020821	97.697559	31.254343
-280.259935	97.589853	31.281031
-280.508120	97.478060	31.308732
-280.765376	97.362182	31.337446
-281.031703	97.242218	31.367172
-281.307100	97.118168	31.397910
-281.591569	96.990032	31.429661
-281.885108	96.857810	31.462424
-282.187718	96.721502	31.496200
-282.499399	96.581108	31.530988
-282.820151	96.436629	31.566788
-283.149974	96.288063	31.603601
-283.488868	96.135412	31.641427
-283.836832	95.978675	31.680264
-284.193867	95.817852	31.720115
-284.559973	95.652943	31.760977
-284.935150	95.483948	31.802852
-285.319398	95.310867	31.845740
-285.712717	95.133701	31.889640
-286.115107	94.952448	31.934553
-286.526567	94.767110	31.980477
-286.947099	94.577686	32.027415
-287.376701	94.384176	32.075365
-287.815374	94.186580	32.124327
-288.263118	93.984898	32.174301
-288.465949	93.893535	32.196940
-288.677850	93.798086	32.220591
-288.898822	93.698551	32.245255
-289.128866	93.594930	32.270931
-289.367980	93.487224	32.297620
-289.616165	93.375431	32.325321
-289.873421	93.259553	32.354034
-290.139747	93.139589	32.383760
-290.415145	93.015539	32.414498
-290.699613	92.887403	32.446249
-290.993152	92.755181	32.479012
-291.295763	92.618873	32.512788
-291.607444	92.478479	32.547576
-291.928195	92.334000	32.583377
-292.258018	92.185434	32.620190
-292.596912	92.032783	32.658015
-292.944876	91.876046	32.696853
-293.301912	91.715223	32.736703
-293.668018	91.550314	32.777566
-294.043195	91.381319	32.819441
-294.427443	91.208239	32.862329
-294.820761	91.031072	32.906229
-295.223151	90.849820	32.951141
-295.634612	90.664481	32.997066
-296.055143	90.475057	33.044003
-296.484745	90.281547	33.091953
-296.923418	90.083951	33.140915
-297.371162	89.882269	33.190890
-297.573993	89.790906	33.213529
-297.785894	89.695457	33.237180
-298.006867	89.595922	33.261844
-298.236910	89.492302	33.287520
-298.476024	89.384595	33.314208
-298.724209	89.272802	33.341909
-298.981465	89.156924	33.370623
-299.247792	89.036960	33.400349
-299.523189	88.912910	33.431087
-299.807657	88.784774	33.462838
-300.101197	88.652552	33.495601
-300.403807	88.516244	33.529377
-300.715488	88.375850	33.564165
-301.036240	88.231371	33.599965
-301.366063	88.082806	33.636778
-301.704956	87.930154	33.674603
-302.052921	87.773417	33.713441
-302.409956	87.612594	33.753292
-302.776062	87.447685	33.794154
-303.151239	87.278690	33.836029
-303.535487	87.105610	33.878917
-303.928806	86.928443	33.922817
-304.331195	86.747191	33.967729
-304.742656	86.561852	34.013654
-305.163187	86.372428	34.060592
-305.592789	86.178918	34.108541
-306.031463	85.981322	34.157504
-306.479206	85.779640	34.207478
-306.682037	85.688277	34.230117
-306.893939	85.592828	34.253768
-307.114911	85.493293	34.278432
-307.344954	85.389673	34.304108
-307.584068	85.281966	34.330797
-307.832253	85.170174	34.358498
-308.089509	85.054295	34.387211
-308.355836	84.934331	34.416937
-308.631233	84.810281	34.447675
-308.915702	84.682145	34.479426
-309.209241	84.549923	34.512189
-309.511851	84.413615	34.545965
-309.823532	84.273222	34.580753
-310.144284	84.128742	34.616554
-310.474107	83.980177	34.653367
-310.813000	83.827525	34.691192
-311.160965	83.670788	34.730030
-311.518000	83.509965	34.769880
-311.884106	83.345056	34.810743
