-46.837191	207.591382	-1.925727
-46.812697	207.473434	-1.935249
-46.797288	207.351324	-1.945146
-46.790965	207.225052	-1.955421
-46.793727	207.094622	-1.966076
-46.805577	206.960035	-1.977113
-46.826515	206.821294	-1.988534
-46.856542	206.678401	-2.000340
-46.895659	206.531358	-2.012535
-46.943867	206.380167	-2.025120
-47.001167	206.224830	-2.038097
-47.067559	206.065349	-2.051468
-47.143044	205.901727	-2.065235
-47.227624	205.733965	-2.079401
-47.321299	205.562067	-2.093968
-47.424070	205.386033	-2.108937
-47.535939	205.205867	-2.124310
-47.656905	205.021569	-2.140090
-47.786970	204.833144	-2.156279
-47.926134	204.640591	-2.172878
-48.074400	204.443915	-2.189890
-48.231766	204.243116	-2.207317
-48.398235	204.038198	-2.225160
-48.573807	203.829162	-2.243421
-48.758484	203.616010	-2.262103
-48.952265	203.398745	-2.281208
-49.155152	203.177368	-2.300737
-49.367147	202.951883	-2.320692
-49.588248	202.722291	-2.341075
-49.818459	202.488594	-2.361888
-50.057779	202.250794	-2.383133
-50.306209	202.008894	-2.404812
-50.563751	201.762896	-2.426926
-50.830405	201.512803	-2.449478
-51.106171	201.258615	-2.472469
-51.391052	201.000336	-2.495901
-51.685048	200.737967	-2.519775
-51.988160	200.471512	-2.544094
-52.300388	200.200971	-2.568859
-52.621734	199.926348	-2.594072
-52.952199	199.647645	-2.619735
-53.291783	199.364863	-2.645848
-53.640487	199.078005	-2.672415
-53.998312	198.787073	-2.699435
-54.365260	198.492070	-2.726912
-54.741331	198.192998	-2.754847
-55.126526	197.889858	-2.783240
-55.302627	197.752663	-2.796126
-55.487853	197.611404	-2.809474
-55.682204	197.466082	-2.823283
-55.885682	197.316698	-2.837556
-56.098287	197.163254	-2.852291
-56.320018	197.005749	-2.867491
-56.550878	196.844186	-2.883156
-56.790864	196.678566	-2.899286
-57.039980	196.508888	-2.915881
-57.298224	196.335155	-2.932944
-57.565597	196.157367	-2.950474
-57.842099	195.975526	-2.968472
-58.127732	195.789632	-2.986938
-58.422495	195.599686	-3.005873
-58.726389	195.405689	-3.025279
-59.039414	195.207643	-3.045154
-59.361571	195.005549	-3.065501
-59.692859	194.799407	-3.086319
-60.033281	194.589218	-3.107610
-60.382835	194.374984	-3.129373
-60.741523	194.156705	-3.151609
-61.109344	193.934383	-3.174320
-61.486300	193.708019	-3.197505
-61.872390	193.477613	-3.221165
-62.267615	193.243167	-3.245300
-62.671976	193.004682	-3.269912
-63.085473	192.762158	-3.295000
-63.508106	192.515598	-3.320566
-63.939877	192.265001	-3.346609
-64.133250	192.153325	-3.358241
-64.335760	192.037614	-3.370351
-64.547408	191.917869	-3.382940
-64.768194	191.794090	-3.396008
-64.998118	191.666278	-3.409555
-65.237180	191.534433	-3.423581
-65.485380	191.398556	-3.438087
-65.742720	191.258647	-3.453073
-66.009198	191.114707	-3.468539
-66.284815	190.966736	-3.484485
-66.569571	190.814734	-3.500911
-66.863466	190.658703	-3.517818
-67.166501	190.498642	-3.535206
-67.478676	190.334552	-3.553075
-67.799991	190.166433	-3.571425
-68.130446	189.994286	-3.590257
-68.470041	189.818112	-3.609570
-68.818777	189.637911	-3.629365
-69.176654	189.453682	-3.649643
-69.543672	189.265428	-3.670402
-69.919831	189.073148	-3.691644
-70.305131	188.876843	-3.713369
-70.699572	188.676513	-3.735576
-71.103156	188.472158	-3.758267
-71.515881	188.263780	-3.781440
-71.937749	188.051378	-3.805098
-72.368759	187.834954	-3.829238
-72.808911	187.614507	-3.853863
-73.008694	187.514695	-3.865027
-73.217619	187.410862	-3.876676
-73.435687	187.303007	-3.888809
-73.662898	187.191131	-3.901426
-73.899253	187.075234	-3.914527
-74.144750	186.955316	-3.928112
-74.399391	186.831377	-3.942182
-74.663175	186.703418	-3.956736
-74.936103	186.571439	-3.971775
-75.218174	186.435439	-3.987299
-75.509389	186.295421	-4.003307
-75.809747	186.151382	-4.019800
-76.119250	186.003324	-4.036778
-76.437896	185.851247	-4.054241
-76.765687	185.695151	-4.072189
-77.102621	185.535037	-4.090622
-77.448700	185.370904	-4.109540
-77.803923	185.202753	-4.128943
-78.168291	185.030584	-4.148831
-78.541803	184.854396	-4.169205
-78.924459	184.674192	-4.190064
-79.316261	184.489970	-4.211409
-79.717207	184.301731	-4.233239
-80.127298	184.109475	-4.255555
-80.546533	183.913202	-4.278357
-80.974914	183.712913	-4.301644
-81.412440	183.508608	-4.325418
-81.859112	183.300286	-4.349677
-82.061560	183.205978	-4.360667
-82.273153	183.107654	-4.372143
-82.493892	183.005315	-4.384106
-82.723776	182.898960	-4.396554
-82.962806	182.788589	-4.409488
-83.210981	182.674203	-4.422909
-83.468302	182.555803	-4.436815
-83.734768	182.433386	-4.451208
-84.010381	182.306955	-4.466087
-84.295138	182.176510	-4.481452
-84.589042	182.042049	-4.497304
-84.892092	181.903573	-4.513641
-85.204287	181.761083	-4.530465
-85.525628	181.614579	-4.547775
-85.856115	181.464060	-4.565572
-86.195748	181.309527	-4.583855
-86.544527	181.150979	-4.602624
-86.902453	180.988418	-4.621879
-87.269524	180.821842	-4.641622
-87.645741	180.651253	-4.661850
-88.031105	180.476649	-4.682565
-88.425615	180.298032	-4.703767
-88.829271	180.115402	-4.725455
-89.242073	179.928758	-4.747629
-89.664022	179.738101	-4.770291
-90.095117	179.543430	-4.793438
-90.535359	179.344746	-4.817073
-90.984747	179.142049	-4.841194
-91.188354	179.050262	-4.852121
-91.401108	178.954462	-4.863534
-91.623008	178.854650	-4.875434
-91.854054	178.750824	-4.887821
-92.094247	178.642985	-4.900695
-92.343587	178.531134	-4.914055
-92.602074	178.415270	-4.927902
-92.869707	178.295394	-4.942236
-93.146487	178.171505	-4.957057
-93.432413	178.043603	-4.972364
-93.727487	177.911689	-4.988158
-94.031707	177.775762	-5.004439
-94.345074	177.635823	-5.021207
-94.667587	177.491872	-5.038461
-94.999248	177.343908	-5.056202
-95.340055	177.191932	-5.074431
-95.690010	177.035944	-5.093146
-96.049111	176.875944	-5.112347
-96.417359	176.711931	-5.132036
-96.794754	176.543907	-5.152212
-97.181296	176.371870	-5.172874
-97.576984	176.195822	-5.194023
-97.981820	176.015761	-5.215660
-98.395803	175.831689	-5.237783
-98.818933	175.643604	-5.260393
-99.251210	175.451508	-5.283490
-99.692634	175.255401	-5.307074
-100.143205	175.055281	-5.331145
-100.347327	174.964643	-5.342049
-100.560596	174.869994	-5.353440
-100.783013	174.771333	-5.365318
-101.014577	174.668661	-5.377682
-101.255288	174.561977	-5.390534
-101.505146	174.451282	-5.403873
-101.764151	174.336575	-5.417699
-102.032303	174.217856	-5.432012
-102.309603	174.095126	-5.446812
-102.596049	173.968385	-5.462098
-102.891643	173.837632	-5.477872
-103.196385	173.702868	-5.494133
-103.510273	173.564092	-5.510881
-103.833308	173.421305	-5.528115
-104.165491	173.274506	-5.545837
-104.506821	173.123697	-5.564046
-104.857299	172.968876	-5.582742
-105.216923	172.810043	-5.601924
-105.585695	172.647200	-5.621594
-105.963614	172.480345	-5.641751
-106.350681	172.309479	-5.662395
-106.746894	172.134602	-5.683526
-107.152255	171.955714	-5.705143
-107.566764	171.772814	-5.727248
-107.990419	171.585903	-5.749840
-108.423222	171.394982	-5.772919
-108.865173	171.200049	-5.796485
-109.316271	171.001105	-5.820538
-109.520625	170.910990	-5.831434
-109.734126	170.816865	-5.842818
-109.956775	170.718729	-5.854688
-110.188572	170.616581	-5.867045
-110.429516	170.510423	-5.879889
-110.679607	170.400253	-5.893221
-110.938845	170.286073	-5.907039
-111.207231	170.167881	-5.921345
-111.484765	170.045679	-5.936137
-111.771446	169.919466	-5.951417
-112.067274	169.789242	-5.967184
-112.372249	169.655006	-5.983437
-112.686372	169.516760	-6.000178
-113.009643	169.374503	-6.017406
-113.342061	169.228236	-6.035121
-113.683626	169.077957	-6.053323
-114.034339	168.923667	-6.072012
-114.394199	168.765367	-6.091189
-114.763207	168.603055	-6.110852
-115.141362	168.436733	-6.131002
-115.528664	168.266400	-6.151640
-115.925114	168.092056	-6.172764
-116.330712	167.913702	-6.194376
-116.745457	167.731336	-6.216474
-117.169349	167.544960	-6.239060
-117.602389	167.354573	-6.262133
-118.044577	167.160175	-6.285693
-118.495912	166.961766	-6.309740
-118.700371	166.871890	-6.320633
-118.913977	166.778003	-6.332014
-119.136732	166.680105	-6.343882
-119.368633	166.578196	-6.356236
-119.609683	166.472277	-6.369078
-119.859879	166.362347	-6.382407
-120.119223	166.248406	-6.396223
-120.387715	166.130455	-6.410526
-120.665354	166.008492	-6.425316
-120.952141	165.882519	-6.440593
-121.248075	165.752536	-6.456358
-121.553157	165.618541	-6.472609
-121.867386	165.480536	-6.489348
-122.190763	165.338520	-6.506573
-122.523287	165.192494	-6.524286
-122.864959	165.042457	-6.542486
-123.215779	164.888409	-6.561173
-123.575745	164.730351	-6.580347
-123.944860	164.568281	-6.600008
-124.323122	164.402202	-6.620157
-124.710531	164.232111	-6.640792
-125.107088	164.058010	-6.661914
-125.512793	163.879898	-6.683524
-125.927645	163.697776	-6.705621
-126.351645	163.511643	-6.728204
-126.784792	163.321499	-6.751275
-127.227086	163.127345	-6.774833
-127.678529	162.929180	-6.798878
-127.883035	162.839412	-6.809771
-128.096690	162.745633	-6.821151
-128.319492	162.647844	-6.833017
-128.551441	162.546044	-6.845371
-128.792538	162.440233	-6.858212
-129.042783	162.330412	-6.871540
-129.302175	162.216580	-6.885356
-129.570715	162.098738	-6.899658
-129.848402	161.976885	-6.914447
-130.135237	161.851021	-6.929724
-130.431219	161.721147	-6.945487
-130.736349	161.587262	-6.961738
-131.050626	161.449367	-6.978476
-131.374051	161.307461	-6.995701
-131.706624	161.161544	-7.013413
-132.048344	161.011617	-7.031612
-132.399212	160.857680	-7.050299
-132.759227	160.699731	-7.069472
-133.128390	160.537772	-7.089133
-133.506701	160.371803	-7.109280
-133.894159	160.201823	-7.129915
-134.290764	160.027832	-7.151037
-134.696517	159.849831	-7.172646
-135.111418	159.667819	-7.194742
-135.535466	159.481797	-7.217325
-135.968662	159.291764	-7.240395
-136.411006	159.097721	-7.263953
-136.862497	158.899667	-7.287997
-137.067025	158.809948	-7.298890
-137.280701	158.716218	-7.310269
-137.503525	158.618478	-7.322136
-137.735496	158.516728	-7.334489
-137.976615	158.410967	-7.347330
-138.226881	158.301195	-7.360658
-138.486295	158.187413	-7.374473
-138.754856	158.069620	-7.388775
-139.032565	157.947817	-7.403564
-139.319422	157.822003	-7.418840
-139.615426	157.692179	-7.434604
-139.920578	157.558344	-7.450854
-140.234878	157.420499	-7.467592
-140.558325	157.278643	-7.484817
-140.890919	157.132776	-7.502529
-141.232661	156.982899	-7.520728
-141.583551	156.829011	-7.539414
-141.943588	156.671113	-7.558587
-142.312773	156.509205	-7.578248
-142.691106	156.343285	-7.598395
-143.078586	156.173356	-7.619030
-143.475213	155.999415	-7.640151
-143.880989	155.821464	-7.661760
-144.295912	155.639503	-7.683856
-144.719982	155.453531	-7.706439
-145.153200	155.263549	-7.729509
-145.595566	155.069556	-7.753067
-146.047079	154.871552	-7.777111
-146.251617	154.781856	-7.788003
-146.465303	154.688149	-7.799383
-146.688136	154.590432	-7.811249
-146.920117	154.488704	-7.823603
-147.161246	154.382965	-7.836444
-147.411522	154.273216	-7.849771
-147.670946	154.159457	-7.863586
-147.939518	154.041686	-7.877888
-148.217237	153.919906	-7.892678
-148.504103	153.794115	-7.907954
-148.800117	153.664313	-7.923717
-149.105279	153.530501	-7.939968
-149.419589	153.392678	-7.956705
-149.743046	153.250845	-7.973930
-150.075650	153.105001	-7.991642
-150.417402	152.955147	-8.009841
-150.768302	152.801282	-8.028527
-151.128349	152.643407	-8.047700
-151.497544	152.481521	-8.067361
-151.875887	152.315625	-8.087508
-152.263377	152.145718	-8.108143
-152.660015	151.971801	-8.129264
-153.065800	151.793873	-8.150873
-153.480733	151.611934	-8.172969
-153.904813	151.425985	-8.195552
-154.338042	151.236026	-8.218622
-154.780417	151.042056	-8.242180
-155.231940	150.844075	-8.266224
-155.436483	150.754389	-8.277116
-155.650174	150.660693	-8.288496
-155.873012	150.562985	-8.300362
-156.104997	150.461268	-8.312716
-156.346130	150.355539	-8.325556
-156.596411	150.245801	-8.338884
-156.855839	150.132052	-8.352699
-157.124415	150.014292	-8.367001
-157.402139	149.892521	-8.381791
-157.689010	149.766741	-8.397067
-157.985029	149.636949	-8.412830
-158.290195	149.503148	-8.429081
-158.604509	149.365335	-8.445818
-158.927971	149.223512	-8.463043
-159.260580	149.077679	-8.480755
-159.602336	148.927835	-8.498954
-159.953241	148.773981	-8.517640
-160.313293	148.616116	-8.536813
-160.682492	148.454241	-8.556474
-161.060839	148.288355	-8.576621
-161.448334	148.118458	-8.597256
-161.844976	147.944551	-8.618378
-162.250766	147.766634	-8.639986
-162.665704	147.584706	-8.662082
-163.089789	147.398768	-8.684665
-163.523021	147.208819	-8.707736
-163.965402	147.014859	-8.731293
-164.416930	146.816889	-8.755337
-164.621474	146.727208	-8.766230
-164.835167	146.633516	-8.777609
-165.058007	146.535813	-8.789475
-165.289995	146.434100	-8.801829
-165.531130	146.328377	-8.814670
-165.781413	146.218642	-8.827998
-166.040843	146.104898	-8.841813
-166.309421	145.987143	-8.856115
-166.587147	145.865377	-8.870904
-166.874020	145.739601	-8.886180
-167.170041	145.609815	-8.901944
-167.475209	145.476018	-8.918194
-167.789525	145.338210	-8.934932
-168.112989	145.196392	-8.952157
-168.445600	145.050563	-8.969868
-168.787359	144.900724	-8.988067
-169.138265	144.746875	-9.006754
-169.498319	144.589014	-9.025927
-169.867521	144.427144	-9.045587
-170.245870	144.261263	-9.065735
-170.633367	144.091371	-9.086369
-171.030011	143.917469	-9.107491
-171.435803	143.739556	-9.129100
-171.850743	143.557633	-9.151196
-172.274830	143.371699	-9.173779
-172.708064	143.181755	-9.196849
-173.150447	142.987800	-9.220406
-173.601977	142.789835	-9.244451
-173.806523	142.700156	-9.255343
-174.020216	142.606466	-9.266722
-174.243057	142.508766	-9.278589
-174.475045	142.407055	-9.290943
-174.716182	142.301333	-9.303783
-174.966465	142.191601	-9.317111
-175.225897	142.077859	-9.330926
-175.494476	141.960106	-9.345228
-175.772202	141.838343	-9.360017
-176.059076	141.712569	-9.375294
-176.355098	141.582784	-9.391057
-176.660268	141.448990	-9.407308
-176.974584	141.311184	-9.424045
-177.298049	141.169368	-9.441270
-177.630661	141.023542	-9.458982
-177.972421	140.873705	-9.477181
-178.323328	140.719857	-9.495867
-178.683383	140.561999	-9.515041
-179.052586	140.400131	-9.534701
-179.430936	140.234252	-9.554848
-179.818434	140.064362	-9.575483
-180.215079	139.890462	-9.596605
-180.620872	139.712552	-9.618214
-181.035812	139.530631	-9.640310
-181.459901	139.344699	-9.662893
-181.893136	139.154757	-9.685963
-182.335520	138.960805	-9.709520
-182.787051	138.762842	-9.733565
-182.991597	138.673164	-9.744457
-183.205291	138.579475	-9.755836
-183.428132	138.481775	-9.767703
-183.660121	138.380065	-9.780056
-183.901258	138.274345	-9.792897
-184.151542	138.164614	-9.806225
-184.410973	138.050873	-9.820040
-184.679553	137.933121	-9.834342
-184.957280	137.811358	-9.849131
-185.244154	137.685585	-9.864408
-185.540177	137.555802	-9.880171
-185.845346	137.422008	-9.896422
-186.159664	137.284203	-9.913159
-186.483129	137.142389	-9.930384
-186.815741	136.996563	-9.948096
-187.157502	136.846727	-9.966295
-187.508409	136.692881	-9.984981
-187.868465	136.535024	-10.004154
-188.237668	136.373156	-10.023815
-188.616018	136.207278	-10.043962
-189.003516	136.037390	-10.064597
-189.400162	135.863491	-10.085719
-189.805956	135.685581	-10.107328
-190.220897	135.503661	-10.129423
-190.644985	135.317731	-10.152007
-191.078221	135.127790	-10.175077
-191.520605	134.933838	-10.198634
-191.972136	134.735876	-10.222679
-192.176683	134.646198	-10.233571
-192.390377	134.552510	-10.244950
-192.613218	134.454811	-10.256817
-192.845208	134.353101	-10.269170
-193.086344	134.247382	-10.282011
-193.336629	134.137651	-10.295339
-193.596061	134.023910	-10.309154
-193.864640	133.906159	-10.323456
-194.142367	133.784397	-10.338245
-194.429242	133.658624	-10.353522
-194.725265	133.528841	-10.369285
-195.030435	133.395048	-10.385536
-195.344752	133.257244	-10.402273
-195.668217	133.115429	-10.419498
-196.000830	132.969604	-10.437210
-196.342591	132.819769	-10.455409
-196.693498	132.665923	-10.474095
-197.053554	132.508066	-10.493268
-197.422757	132.346199	-10.512929
-197.801108	132.180322	-10.533076
-198.188606	132.010434	-10.553711
-198.585252	131.836535	-10.574833
-198.991046	131.658626	-10.596442
-199.405987	131.476706	-10.618538
-199.830076	131.290776	-10.641121
-200.263312	131.100836	-10.664191
-200.705696	130.906885	-10.687748
-201.157228	130.708923	-10.711793
-201.361774	130.619246	-10.722685
-201.575468	130.525557	-10.734064
-201.798310	130.427859	-10.745931
-202.030299	130.326149	-10.758284
-202.271436	130.220430	-10.771125
-202.521721	130.110699	-10.784453
-202.781153	129.996958	-10.798268
-203.049732	129.879207	-10.812570
-203.327460	129.757445	-10.827359
-203.614335	129.631673	-10.842636
-203.910357	129.501890	-10.858399
-204.215527	129.368097	-10.874650
-204.529845	129.230293	-10.891387
-204.853310	129.088479	-10.908612
-205.185923	128.942654	-10.926324
-205.527683	128.792819	-10.944523
-205.878591	128.638973	-10.963209
-206.238647	128.481117	-10.982383
-206.607850	128.319250	-11.002043
-206.986201	128.153373	-11.022190
-207.373700	127.983485	-11.042825
-207.770346	127.809587	-11.063947
-208.176139	127.631678	-11.085556
-208.591081	127.449758	-11.107652
-209.015170	127.263829	-11.130235
-209.448406	127.073888	-11.153305
-209.890790	126.879937	-11.176862
-210.342322	126.681976	-11.200907
-210.546868	126.592298	-11.211799
-210.760562	126.498610	-11.223178
-210.983404	126.400912	-11.235045
-211.215393	126.299202	-11.247398
-211.456530	126.193483	-11.260239
-211.706815	126.083753	-11.273567
-211.966247	125.970012	-11.287382
-212.234827	125.852261	-11.301684
-212.512554	125.730499	-11.316473
-212.799429	125.604727	-11.331750
-213.095451	125.474944	-11.347513
-213.400621	125.341151	-11.363764
-213.714939	125.203347	-11.380501
-214.038404	125.061533	-11.397726
-214.371017	124.915708	-11.415438
-214.712778	124.765873	-11.433637
-215.063686	124.612027	-11.452323
-215.423742	124.454171	-11.471497
-215.792945	124.292305	-11.491157
-216.171296	124.126427	-11.511305
-216.558794	123.956540	-11.531939
-216.955441	123.782641	-11.553061
-217.361234	123.604733	-11.574670
-217.776176	123.422813	-11.596766
-218.200264	123.236884	-11.619349
-218.633501	123.046943	-11.642419
-219.075885	122.852993	-11.665976
-219.527417	122.655031	-11.690021
-219.731963	122.565354	-11.700913
-219.945657	122.471666	-11.712292
-220.168499	122.373967	-11.724159
-220.400489	122.272258	-11.736513
-220.641625	122.166538	-11.749353
-220.891910	122.056808	-11.762681
-221.151342	121.943068	-11.776496
-221.419922	121.825316	-11.790798
-221.697649	121.703555	-11.805588
-221.984524	121.577783	-11.820864
-222.280547	121.448000	-11.836627
-222.585717	121.314207	-11.852878
-222.900035	121.176403	-11.869616
-223.223500	121.034589	-11.886840
-223.556113	120.888764	-11.904552
-223.897873	120.738929	-11.922751
-224.248781	120.585084	-11.941437
-224.608837	120.427227	-11.960611
-224.978040	120.265361	-11.980271
-225.356391	120.099484	-12.000419
-225.743890	119.929596	-12.021053
-226.140536	119.755698	-12.042175
-226.546330	119.577789	-12.063784
-226.961271	119.395870	-12.085880
-227.385360	119.209940	-12.108463
-227.818597	119.020000	-12.131533
-228.260981	118.826049	-12.155090
-228.712512	118.628088	-12.179135
-228.917059	118.538410	-12.190027
-229.130753	118.444722	-12.201407
-229.353595	118.347024	-12.213273
-229.585584	118.245315	-12.225627
-229.826721	118.139595	-12.238467
-230.077006	118.029865	-12.251795
-230.336438	117.916124	-12.265610
-230.605018	117.798373	-12.279912
-230.882745	117.676612	-12.294702
-231.169620	117.550840	-12.309978
-231.465642	117.421057	-12.325741
-231.770812	117.287264	-12.341992
-232.085130	117.149460	-12.358730
-232.408596	117.007646	-12.375954
-232.741209	116.861821	-12.393666
-233.082969	116.711986	-12.411865
-233.433877	116.558141	-12.430552
-233.793933	116.400284	-12.449725
-234.163136	116.238418	-12.469385
-234.541487	116.072541	-12.489533
-234.928986	115.902653	-12.510167
-235.325632	115.728755	-12.531289
-235.731426	115.550846	-12.552898
-236.146367	115.368927	-12.574994
-236.570456	115.182997	-12.597577
-237.003692	114.993057	-12.620647
-237.446077	114.799106	-12.644205
-237.897608	114.601145	-12.668249
-238.102155	114.511468	-12.679141
-238.315849	114.417780	-12.690521
-238.538691	114.320081	-12.702387
-238.770680	114.218372	-12.714741
-239.011817	114.112652	-12.727582
-239.262102	114.002922	-12.740909
-239.521534	113.889182	-12.754724
-239.790113	113.771431	-12.769027
-240.067841	113.649669	-12.783816
-240.354716	113.523897	-12.799092
-240.650738	113.394114	-12.814856
-240.955908	113.260321	-12.831106
-241.270226	113.122517	-12.847844
-241.593691	112.980703	-12.865069
-241.926304	112.834879	-12.882781
-242.268065	112.685044	-12.900980
-242.618973	112.531198	-12.919666
-242.979029	112.373342	-12.938839
-243.348232	112.211475	-12.958499
-243.726583	112.045598	-12.978647
-244.114082	111.875710	-12.999282
-244.510728	111.701812	-13.020403
-244.916522	111.523904	-13.042012
-245.331463	111.341984	-13.064108
-245.755552	111.156055	-13.086691
-246.188788	110.966115	-13.109761
-246.631172	110.772164	-13.133319
-247.082704	110.574203	-13.157363
-247.287251	110.484525	-13.168255
-247.500945	110.390837	-13.179635
-247.723787	110.293138	-13.191501
-247.955776	110.191429	-13.203855
-248.196913	110.085710	-13.216696
-248.447198	109.975980	-13.230024
-248.706630	109.862239	-13.243839
-248.975209	109.744488	-13.258141
-249.252937	109.622726	-13.272930
-249.539812	109.496954	-13.288206
-249.835834	109.367172	-13.303970
-250.141004	109.233379	-13.320220
-250.455322	109.095575	-13.336958
-250.778787	108.953761	-13.354183
-251.111400	108.807936	-13.371895
-251.453161	108.658101	-13.390094
-251.804069	108.504255	-13.408780
-252.164125	108.346399	-13.427953
-252.533328	108.184533	-13.447614
-252.911679	108.018656	-13.467761
-253.299178	107.848768	-13.488396
-253.695824	107.674870	-13.509517
-254.101618	107.496961	-13.531126
-254.516559	107.315042	-13.553222
-254.940648	107.129112	-13.575805
-255.373884	106.939172	-13.598876
-255.816269	106.745221	-13.622433
-256.267800	106.547260	-13.646477
-256.472347	106.457583	-13.657370
-256.686041	106.363895	-13.668749
-256.908883	106.266196	-13.680616
-257.140872	106.164487	-13.692969
-257.382009	106.058767	-13.705810
-257.632294	105.949037	-13.719138
-257.891726	105.835297	-13.732953
-258.160305	105.717546	-13.747255
-258.438033	105.595784	-13.762044
-258.724908	105.470012	-13.777320
-259.020930	105.340229	-13.793084
-259.326100	105.206436	-13.809334
-259.640418	105.068633	-13.826072
-259.963883	104.926818	-13.843297
-260.296496	104.780994	-13.861009
-260.638257	104.631159	-13.879208
-260.989165	104.477313	-13.897894
-261.349221	104.319457	-13.917067
-261.718424	104.157590	-13.936728
-262.096775	103.991713	-13.956875
-262.484274	103.821825	-13.977510
-262.880920	103.647927	-13.998632
-263.286714	103.470019	-14.020240
-263.701655	103.288100	-14.042336
-264.125744	103.102170	-14.064920
-264.558980	102.912230	-14.087990
-265.001365	102.718279	-14.111547
-265.452896	102.520318	-14.135591
-265.657443	102.430640	-14.146484
-265.871137	102.336952	-14.157863
-266.093979	102.239254	-14.169730
-266.325968	102.137545	-14.182083
-266.567105	102.031825	-14.194924
-266.817390	101.922095	-14.208252
-267.076822	101.808354	-14.222067
-267.345401	101.690603	-14.236369
-267.623129	101.568842	-14.251158
-267.910004	101.443069	-14.266435
-268.206026	101.313287	-14.282198
-268.511196	101.179494	-14.298449
-268.825514	101.041690	-14.315186
-269.148980	100.899876	-14.332411
-269.481592	100.754051	-14.350123
-269.823353	100.604216	-14.368322
-270.174261	100.450371	-14.387008
-270.534317	100.292515	-14.406181
-270.903520	100.130648	-14.425842
-271.281871	99.964771	-14.445989
-271.669370	99.794883	-14.466624
-272.066016	99.620985	-14.487746
-272.471810	99.443076	-14.509355
-272.886751	99.261157	-14.531451
-273.310840	99.075227	-14.554034
-273.744076	98.885287	-14.577104
-274.186461	98.691337	-14.600661
-274.637992	98.493376	-14.624706
-274.842539	98.403698	-14.635598
-275.056233	98.310010	-14.646977
-275.279075	98.212311	-14.658844
-275.511064	98.110602	-14.671197
-275.752201	98.004883	-14.684038
-276.002486	97.895153	-14.697366
-276.261918	97.781412	-14.711181
-276.530498	97.663661	-14.725483
-276.808225	97.541899	-14.740272
-277.095100	97.416127	-14.755549
-277.391122	97.286344	-14.771312
-277.696293	97.152551	-14.787563
-278.010610	97.014748	-14.804300
-278.334076	96.872934	-14.821525
-278.666689	96.727109	-14.839237
-279.008449	96.577274	-14.857436
-279.359357	96.423428	-14.876122
-279.719413	96.265572	-14.895296
-280.088616	96.103706	-14.914956
-280.466967	95.937828	-14.935103
-280.854466	95.767941	-14.955738
-281.251112	95.594043	-14.976860
-281.656906	95.416134	-14.998469
-282.071847	95.234215	-15.020565
-282.495936	95.048285	-15.043148
-282.929173	94.858345	-15.066218
-283.371557	94.664394	-15.089775
-283.823088	94.466433	-15.113820
-284.027635	94.376756	-15.124712
-284.241329	94.283068	-15.136091
-284.464171	94.185369	-15.147958
-284.696160	94.083660	-15.160312
-284.937297	93.977940	-15.173152
-285.187582	93.868210	-15.186480
-285.447014	93.754470	-15.200295
-285.715594	93.636718	-15.214597
-285.993321	93.514957	-15.229387
-286.280196	93.389185	-15.244663
-286.576218	93.259402	-15.260426
-286.881389	93.125609	-15.276677
-287.195706	92.987805	-15.293415
-287.519172	92.845991	-15.310639
-287.851785	92.700167	-15.328351
-288.193545	92.550332	-15.346550
-288.544453	92.396486	-15.365236
-288.904509	92.238630	-15.384410
-289.273712	92.076763	-15.404070
-289.652063	91.910886	-15.424218
-290.039562	91.740998	-15.444852
-290.436208	91.567100	-15.465974
-290.842002	91.389192	-15.487583
-291.256943	91.207272	-15.509679
-291.681032	91.021343	-15.532262
-292.114269	90.831403	-15.555332
-292.556653	90.637452	-15.578889
-293.008184	90.439491	-15.602934
-293.212731	90.349813	-15.613826
-293.426425	90.256125	-15.625206
-293.649267	90.158427	-15.637072
-293.881256	90.056717	-15.649426
-294.122393	89.950998	-15.662266
-294.372678	89.841268	-15.675594
-294.632110	89.727527	-15.689409
-294.900690	89.609776	-15.703711
-295.178417	89.488015	-15.718501
-295.465292	89.362242	-15.733777
-295.761314	89.232460	-15.749540
-296.066485	89.098667	-15.765791
-296.380802	88.960863	-15.782529
-296.704268	88.819049	-15.799753
-297.036881	88.673224	-15.817465
-297.378641	88.523389	-15.835664
-297.729549	88.369544	-15.854351
-298.089605	88.211687	-15.873524
-298.458808	88.049821	-15.893184
-298.837159	87.883944	-15.913332
-299.224658	87.714056	-15.933966
-299.621304	87.540158	-15.955088
-300.027098	87.362249	-15.976697
-300.442039	87.180330	-15.998793
-300.866128	86.994400	-16.021376
-301.299365	86.804460	-16.044446
-301.741749	86.610510	-16.068004
-302.193281	86.412548	-16.092048
-302.397827	86.322871	-16.102940
-302.611521	86.229183	-16.114320
-302.834363	86.131484	-16.126186
-303.066352	86.029775	-16.138540
-303.307489	85.924056	-16.151381
-303.557774	85.814325	-16.164708
-303.817206	85.700585	-16.178523
-304.085786	85.582834	-16.192826
-304.363513	85.461072	-16.207615
-304.650388	85.335300	-16.222891
-304.946411	85.205517	-16.238655
-305.251581	85.071724	-16.254905
-305.565898	84.933921	-16.271643
-305.889364	84.792107	-16.288868
-306.221977	84.646282	-16.306580
-306.563737	84.496447	-16.324779
-306.914645	84.342601	-16.343465
-307.274701	84.184745	-16.362638
-307.643905	84.022878	-16.382298
-308.022255	83.857001	-16.402446
-308.409754	83.687114	-16.423081
-308.806400	83.513216	-16.444202
-309.212194	83.335307	-16.465811
-309.627135	83.153388	-16.487907
-310.051224	82.967458	-16.510490
-310.484461	82.777518	-16.533560
-310.926845	82.583567	-16.557118
-311.378377	82.385606	-16.581162
-311.582923	82.295929	-16.592054
-311.796617	82.202240	-16.603434
-312.019459	82.104542	-16.615300
-312.251448	82.002833	-16.627654
-312.492585	81.897113	-16.640495
-312.742870	81.787383	-16.653823
-313.002302	81.673643	-16.667638
-313.270882	81.555891	-16.681940
-313.548609	81.434130	-16.696729
-313.835484	81.308358	-16.712005
-314.131507	81.178575	-16.727769
-314.436677	81.044782	-16.744019
-314.750995	80.906978	-16.760757
-315.074460	80.765164	-16.777982
-315.407073	80.619340	-16.795694
-315.748833	80.469505	-16.813893
-316.099741	80.315659	-16.832579
-316.459797	80.157803	-16.851752
-316.829001	79.995936	-16.871413
-317.207352	79.830059	-16.891560
-317.594850	79.660171	-16.912195
-317.991496	79.486273	-16.933316
-318.397290	79.308365	-16.954925
-318.812231	79.126445	-16.977021
-319.236320	78.940516	-16.999604
-319.669557	78.750576	-17.022675
-320.111941	78.556625	-17.046232
-320.563473	78.358664	-17.070276
-320.768019	78.268986	-17.081169
-320.981713	78.175298	-17.092548
-321.204555	78.077600	-17.104415
-321.436544	77.975890	-17.116768
-321.677681	77.870171	-17.129609
-321.927966	77.760441	-17.142937
-322.187398	77.646700	-17.156752
-322.455978	77.528949	-17.171054
-322.733705	77.407187	-17.185843
-323.020580	77.281415	-17.201119
-323.316603	77.151633	-17.216883
-323.621773	77.017840	-17.233133
-323.936091	76.880036	-17.249871
-324.259556	76.738222	-17.267096
-324.592169	76.592397	-17.284808
-324.933929	76.442562	-17.303007
-325.284838	76.288717	-17.321693
-325.644893	76.130860	-17.340866
-326.014097	75.968994	-17.360527
-326.392448	75.803117	-17.380674
-326.779946	75.633229	-17.401309
-327.176592	75.459331	-17.422431
-327.582386	75.281422	-17.444039
-327.997327	75.099503	-17.466135
-328.421416	74.913573	-17.488719
-328.854653	74.723633	-17.511789
-329.297037	74.529683	-17.535346
-329.748569	74.331721	-17.559390
-329.953115	74.242044	-17.570283
-330.166809	74.148356	-17.581662
-330.389651	74.050657	-17.593529
-330.621641	73.948948	-17.605882
-330.862777	73.843229	-17.618723
-331.113062	73.733498	-17.632051
-331.372494	73.619758	-17.645866
-331.641074	73.502007	-17.660168
-331.918801	73.380245	-17.674957
-332.205676	73.254473	-17.690234
-332.501699	73.124690	-17.705997
-332.806869	72.990897	-17.722248
