-42.113279	230.732668	13.596764
-42.112315	230.650502	13.636199
-42.119840	230.563820	13.678383
-42.135852	230.472623	13.723323
-42.160348	230.376913	13.771026
-42.193328	230.276691	13.821500
-42.234789	230.171958	13.874752
-42.284730	230.062716	13.930790
-42.343148	229.948965	13.989621
-42.410042	229.830706	14.051253
-42.485411	229.707942	14.115692
-42.569251	229.580672	14.182945
-42.661563	229.448899	14.253021
-42.762343	229.312623	14.325927
-42.871590	229.171846	14.401668
-42.989302	229.026569	14.480254
-43.115477	228.876793	14.561690
-43.250115	228.722519	14.645984
-43.393212	228.563748	14.733143
-43.544768	228.400483	14.823174
-43.704780	228.232723	14.916083
-43.873247	228.060470	15.011878
-44.050167	227.883725	15.110566
-44.235539	227.702490	15.212153
-44.429361	227.516765	15.316645
-44.631631	227.326553	15.424050
-44.842348	227.131853	15.534375
-45.061510	226.932668	15.647624
-45.289115	226.728998	15.763806
-45.525163	226.520845	15.882926
-45.769650	226.308209	16.004991
-46.022577	226.091093	16.130006
-46.283941	225.869497	16.257979
-46.553740	225.643423	16.388915
-46.831974	225.412872	16.522821
-47.118641	225.177844	16.659701
-47.413739	224.938342	16.799563
-47.717268	224.694366	16.942411
-48.029225	224.445918	17.088252
-48.349609	224.192999	17.237092
-48.678419	223.935610	17.388935
-49.015654	223.673752	17.543788
-49.361312	223.407427	17.701656
-49.715392	223.136636	17.862544
-50.077893	222.861379	18.026458
-50.448814	222.581659	18.193402
-50.617268	222.455462	18.268885
-50.794139	222.324803	18.347407
-50.979428	222.189683	18.428969
-51.173133	222.050102	18.513574
-51.375255	221.906060	18.601223
-51.585793	221.757559	18.691920
-51.804746	221.604599	18.785666
-52.032114	221.447180	18.882463
-52.267896	221.285304	18.982314
-52.512092	221.118969	19.085221
-52.764702	220.948178	19.191185
-53.025725	220.772931	19.300209
-53.295160	220.593228	19.412296
-53.573007	220.409069	19.527446
-53.859266	220.220456	19.645662
-54.153936	220.027389	19.766947
-54.457017	219.829868	19.891301
-54.768508	219.627894	20.018728
-55.088409	219.421468	20.149228
-55.416719	219.210590	20.282805
-55.753439	218.995261	20.419459
-56.098568	218.775481	20.559192
-56.452104	218.551251	20.702008
-56.814049	218.322572	20.847906
-57.184401	218.089443	20.996890
-57.563161	217.851866	21.148961
-57.950328	217.609841	21.304121
-58.345901	217.363369	21.462371
-58.525779	217.251643	21.534211
-58.714064	217.135471	21.609144
-58.910755	217.014852	21.687171
-59.115851	216.889788	21.768293
-59.329353	216.760277	21.852510
-59.551261	216.626322	21.939822
-59.781574	216.487921	22.030232
-60.020292	216.345076	22.123739
-60.267416	216.197785	22.220344
-60.522944	216.046051	22.320048
-60.786878	215.889872	22.422851
-61.059216	215.729249	22.528755
-61.339959	215.564183	22.637760
-61.629106	215.394673	22.749867
-61.926658	215.220721	22.865076
-62.232614	215.042325	22.983388
-62.546974	214.859487	23.104804
-62.869738	214.672206	23.229324
-63.200906	214.480484	23.356950
-63.540478	214.284320	23.487681
-63.888454	214.083714	23.621518
-64.244834	213.878667	23.758463
-64.609617	213.669179	23.898516
-64.982803	213.455250	24.041677
-65.364393	213.236880	24.187947
-65.754386	213.014071	24.337326
-66.152782	212.786821	24.489816
-66.559581	212.555132	24.645416
-66.744038	212.450231	24.715925
-66.936897	212.340890	24.789546
-67.138159	212.227110	24.866278
-67.347824	212.108890	24.946123
-67.565893	211.986232	25.029080
-67.792363	211.859135	25.115150
-68.027237	211.727600	25.204333
-68.270514	211.591626	25.296629
-68.522193	211.451213	25.392039
-68.782275	211.306362	25.490562
-69.050759	211.157073	25.592200
-69.327647	211.003346	25.696952
-69.612937	210.845180	25.804818
-69.906629	210.682577	25.915799
-70.208724	210.515536	26.029895
-70.519222	210.344058	26.147106
-70.838122	210.168142	26.267433
-71.165425	209.987789	26.390876
-71.501130	209.802998	26.517434
-71.845238	209.613770	26.647109
-72.197748	209.420105	26.779900
-72.558660	209.222004	26.915808
-72.927975	209.019466	27.054832
-73.305692	208.812490	27.196974
-73.691812	208.601079	27.342233
-74.086333	208.385231	27.490610
-74.489258	208.164947	27.642104
-74.900584	207.940226	27.796717
-75.086969	207.838467	27.866758
-75.281756	207.732272	27.939919
-75.484945	207.621641	28.016197
-75.696536	207.506574	28.095594
-75.916530	207.387072	28.178110
-76.144926	207.263133	28.263744
-76.381724	207.134759	28.352497
-76.626925	207.001950	28.444369
-76.880527	206.864704	28.539360
-77.142532	206.723023	28.637470
-77.412939	206.576907	28.738699
-77.691749	206.426355	28.843047
-77.978961	206.271368	28.950515
-78.274574	206.111946	29.061102
-78.578590	205.948088	29.174809
-78.891009	205.779795	29.291635
-79.211829	205.607067	29.411581
-79.541052	205.429904	29.534646
-79.878677	205.248306	29.660832
-80.224704	205.062273	29.790137
-80.579133	204.871805	29.922563
-80.941965	204.676902	30.058108
-81.313199	204.477564	30.196774
-81.692834	204.273792	30.338560
-82.080873	204.065585	30.483466
-82.477313	203.852943	30.631493
-82.882155	203.635867	30.782640
-83.295400	203.414356	30.936908
-83.482620	203.314032	31.006792
-83.678242	203.209273	31.079796
-83.882266	203.100080	31.155922
-84.094693	202.986452	31.235168
-84.315522	202.868390	31.317534
-84.544752	202.745894	31.403022
-84.782386	202.618964	31.491631
-85.028421	202.487599	31.583360
-85.282858	202.351800	31.678211
-85.545698	202.211566	31.776182
-85.816940	202.066899	31.877274
-86.096584	201.917797	31.981488
-86.384630	201.764261	32.088822
-86.681079	201.606291	32.199278
-86.985930	201.443887	32.312855
-87.299183	201.277049	32.429553
-87.620838	201.105777	32.549372
-87.950895	200.930071	32.672313
-88.289355	200.749931	32.798375
-88.636217	200.565356	32.927558
-88.991481	200.376348	33.059862
-89.355147	200.182906	33.195288
-89.727216	199.985030	33.333835
-90.107686	199.782721	33.475504
-90.496559	199.575977	33.620294
-90.893834	199.364799	33.768206
-91.299512	199.149188	33.919239
-91.713592	198.929143	34.073394
-91.901179	198.829472	34.143227
-92.097168	198.725367	34.216181
-92.301560	198.616828	34.292257
-92.514354	198.503855	34.371455
-92.735551	198.386449	34.453774
-92.965149	198.264609	34.539215
-93.203150	198.138336	34.627777
-93.449553	198.007629	34.719462
-93.704358	197.872488	34.814268
-93.967566	197.732913	34.912195
-94.239176	197.588905	35.013245
-94.519188	197.440464	35.117416
-94.807602	197.287589	35.224709
-95.104419	197.130280	35.335124
-95.409638	196.968537	35.448660
-95.723259	196.802361	35.565318
-96.045282	196.631752	35.685098
-96.375708	196.456709	35.808000
-96.714536	196.277232	35.934024
-97.061766	196.093322	36.063169
-97.417398	195.904979	36.195437
-97.781433	195.712202	36.330826
-98.153870	195.514991	36.469337
-98.534709	195.313348	36.610970
-98.923951	195.107270	36.755725
-99.321595	194.896759	36.903602
-99.727641	194.681815	37.054601
-100.142089	194.462438	37.208721
-100.329840	194.363063	37.278539
-100.525992	194.259255	37.351478
-100.730547	194.151014	37.427540
-100.943505	194.038339	37.506723
-101.164864	193.921231	37.589028
-101.394626	193.799689	37.674456
-101.632790	193.673715	37.763005
-101.879357	193.543306	37.854676
-102.134326	193.408465	37.949469
-102.397697	193.269190	38.047385
-102.669470	193.125482	38.148422
-102.949646	192.977340	38.252581
-103.238224	192.824766	38.359862
-103.535204	192.667757	38.470266
-103.840586	192.506316	38.583791
-104.154371	192.340441	38.700438
-104.476558	192.170133	38.820208
-104.807148	191.995392	38.943099
-105.146140	191.816217	39.069112
-105.493534	191.632609	39.198248
-105.849330	191.444568	39.330505
-106.213529	191.252093	39.465885
-106.586130	191.055185	39.604387
-106.967133	190.853844	39.746010
-107.356539	190.648070	39.890756
-107.754347	190.437862	40.038624
-108.160557	190.223221	40.189614
-108.575170	190.004147	40.343726
-108.762993	189.904908	40.413539
-108.959219	189.801235	40.486475
-109.163846	189.693129	40.562533
-109.376876	189.580589	40.641713
-109.598309	189.463617	40.724015
-109.828144	189.342211	40.809439
-110.066381	189.216372	40.897985
-110.313020	189.086100	40.989653
-110.568062	188.951394	41.084443
-110.831506	188.812255	41.182356
-111.103353	188.668684	41.283390
-111.383601	188.520678	41.387547
-111.672253	188.368240	41.494826
-111.969306	188.211369	41.605227
-112.274762	188.050064	41.718750
-112.588620	187.884326	41.835395
-112.910880	187.714155	41.955162
-113.241543	187.539551	42.078052
-113.580608	187.360513	42.204063
-113.928075	187.177043	42.333197
-114.283945	186.989139	42.465452
-114.648217	186.796802	42.600830
-115.020892	186.600031	42.739330
-115.401968	186.398828	42.880952
-115.791447	186.193191	43.025697
-116.189329	185.983122	43.173563
-116.595613	185.768619	43.324552
-117.010299	185.549683	43.478662
-117.198154	185.450504	43.548475
-117.394413	185.346893	43.621410
-117.599073	185.238848	43.697468
-117.812136	185.126371	43.776647
-118.033601	185.009460	43.858949
-118.263468	184.888115	43.944373
-118.501738	184.762338	44.032919
-118.748411	184.632128	44.124587
-119.003485	184.497484	44.219377
-119.266962	184.358407	44.317289
-119.538841	184.214897	44.418324
-119.819123	184.066954	44.522480
-120.107807	183.914578	44.629759
-120.404893	183.757769	44.740160
-120.710381	183.596526	44.853683
-121.024272	183.430851	44.970328
-121.346566	183.260742	45.090096
-121.677261	183.086200	45.212985
-122.016359	182.907225	45.338997
-122.363859	182.723817	45.468131
-122.719762	182.535975	45.600387
-123.084067	182.343701	45.735765
-123.456774	182.146993	45.874265
-123.837884	181.945853	46.015888
-124.227396	181.740279	46.160632
-124.625310	181.530272	46.308499
-125.031627	181.315831	46.459488
-125.446346	181.096958	46.613599
-125.634217	180.997808	46.683412
-125.830490	180.894224	46.756348
-126.035165	180.786207	46.832405
-126.248242	180.673758	46.911585
-126.469722	180.556875	46.993887
-126.699604	180.435559	47.079311
-126.937889	180.309809	47.167857
-127.184576	180.179627	47.259526
-127.439665	180.045012	47.354316
-127.703156	179.905963	47.452229
-127.975050	179.762481	47.553264
-128.255347	179.614567	47.657421
-128.544045	179.462219	47.764700
-128.841146	179.305438	47.875102
-129.146650	179.144223	47.988625
-129.460555	178.978576	48.105271
-129.782863	178.808496	48.225039
-130.113574	178.633982	48.347929
-130.452686	178.455035	48.473941
-130.800202	178.271656	48.603075
-131.156119	178.083843	48.735332
-131.520439	177.891597	48.870711
-131.893161	177.694918	49.009211
-132.274286	177.493805	49.150834
-132.663812	177.288260	49.295580
-133.061742	177.078281	49.443447
-133.468073	176.863870	49.594437
-133.882807	176.645025	49.748548
-134.070684	176.545887	49.818362
-134.266964	176.442316	49.891298
-134.471645	176.334313	49.967356
-134.684729	176.221875	50.046536
-134.906216	176.105005	50.128838
-135.136105	175.983702	50.214262
-135.374396	175.857965	50.302809
-135.621089	175.727796	50.394477
-135.876185	175.593193	50.489268
-136.139683	175.454158	50.587181
-136.411584	175.310689	50.688217
-136.691887	175.162787	50.792374
-136.980592	175.010452	50.899654
-137.277700	174.853683	51.010055
-137.583210	174.692482	51.123579
-137.897122	174.526848	51.240225
-138.219437	174.356780	51.359994
-138.550154	174.182280	51.482884
-138.889273	174.003346	51.608897
-139.236795	173.819979	51.738032
-139.592719	173.632179	51.870289
-139.957046	173.439946	52.005668
-140.329775	173.243280	52.144169
-140.710906	173.042180	52.285792
-141.100439	172.836648	52.430538
-141.498375	172.626683	52.578406
-141.904714	172.412284	52.729396
-142.319454	172.193452	52.883508
-142.507334	172.094320	52.953322
-142.703617	171.990755	53.026258
-142.908301	171.882757	53.102316
-143.121388	171.770326	53.181496
-143.342878	171.653461	53.263799
-143.572770	171.532164	53.349223
-143.811064	171.406433	53.437770
-144.057760	171.276270	53.529439
-144.312859	171.141673	53.624230
-144.576360	171.002643	53.722143
-144.848264	170.859180	53.823179
-145.128570	170.711284	53.927336
-145.417278	170.558954	54.034616
-145.714389	170.402192	54.145018
-146.019902	170.240997	54.258542
-146.333817	170.075368	54.375189
-146.656135	169.905307	54.494957
-146.986855	169.730812	54.617848
-147.325977	169.551884	54.743861
-147.673502	169.368523	54.872996
-148.029429	169.180729	55.005253
-148.393759	168.988502	55.140633
-148.766491	168.791841	55.279134
-149.147625	168.590748	55.420758
-149.537161	168.385222	55.565504
-149.935100	168.175262	55.713372
-150.341442	167.960869	55.864362
-150.756185	167.742044	56.018475
-150.944067	167.642914	56.088289
-151.140350	167.539352	56.161225
-151.345036	167.431356	56.237283
-151.558125	167.318928	56.316463
-151.779616	167.202066	56.398766
-152.009509	167.080771	56.484190
-152.247804	166.955043	56.572737
-152.494502	166.824882	56.664406
-152.749602	166.690288	56.759198
-153.013105	166.551261	56.857111
-153.285010	166.407800	56.958147
-153.565317	166.259907	57.062305
-153.854027	166.107580	57.169584
-154.151139	165.950821	57.279987
-154.456653	165.789628	57.393511
-154.770570	165.624002	57.510157
-155.092889	165.453943	57.629926
-155.423610	165.279451	57.752817
-155.762734	165.100526	57.878830
-156.110260	164.917167	58.007965
-156.466189	164.729376	58.140223
-156.830520	164.537152	58.275602
-157.203253	164.340494	58.414104
-157.584389	164.139403	58.555728
-157.973926	163.933880	58.700474
-158.371867	163.723923	58.848342
-158.778209	163.509533	58.999332
-159.192954	163.290710	59.153445
-159.380836	163.191581	59.223259
-159.577121	163.088020	59.296195
-159.781807	162.980026	59.372253
-159.994896	162.867598	59.451434
-160.216388	162.750738	59.533736
-160.446282	162.629444	59.619161
-160.684578	162.503718	59.707708
-160.931276	162.373558	59.799377
-161.186377	162.238965	59.894169
-161.449880	162.099939	59.992082
-161.721786	161.956480	60.093118
-162.002094	161.808587	60.197276
-162.290804	161.656262	60.304556
-162.587917	161.499504	60.414958
-162.893431	161.338312	60.528482
-163.207349	161.172687	60.645129
-163.529669	161.002630	60.764898
-163.860391	160.828139	60.887789
-164.199515	160.649215	61.013802
-164.547042	160.465858	61.142937
-164.902971	160.278068	61.275194
-165.267302	160.085844	61.410574
-165.640036	159.889188	61.549076
-166.021172	159.688099	61.690700
-166.410711	159.482576	61.835446
-166.808652	159.272620	61.983314
-167.214995	159.058232	62.134305
-167.629741	158.839410	62.288418
-167.817623	158.740282	62.358231
-168.013908	158.636722	62.431168
-168.218595	158.528728	62.507226
-168.431684	158.416301	62.586406
-168.653176	158.299441	62.668709
-168.883070	158.178148	62.754134
-169.121366	158.052422	62.842681
-169.368065	157.922262	62.934350
-169.623166	157.787670	63.029141
-169.886669	157.648644	63.127055
-170.158575	157.505186	63.228091
-170.438883	157.357294	63.332249
-170.727594	157.204969	63.439529
-171.024707	157.048212	63.549931
-171.330222	156.887021	63.663455
-171.644140	156.721396	63.780102
-171.966460	156.551339	63.899871
-172.297182	156.376849	64.022762
-172.636307	156.197926	64.148775
-172.983834	156.014569	64.277910
-173.339763	155.826779	64.410168
-173.704095	155.634557	64.545547
-174.076829	155.437901	64.684049
-174.457966	155.236812	64.825673
-174.847504	155.031290	64.970419
-175.245446	154.821335	65.118288
-175.651789	154.606947	65.269278
-176.066535	154.388126	65.423391
-176.254417	154.288998	65.493205
-176.450702	154.185438	65.566141
-176.655389	154.077444	65.642200
-176.868479	153.965018	65.721380
-177.089970	153.848158	65.803683
-177.319865	153.726865	65.889108
-177.558161	153.601139	65.977655
-177.804860	153.470980	66.069324
-178.059961	153.336388	66.164115
-178.323465	153.197363	66.262029
-178.595371	153.053904	66.363065
-178.875679	152.906013	66.467222
-179.164390	152.753688	66.574503
-179.461503	152.596931	66.684905
-179.767018	152.435740	66.798429
-180.080936	152.270116	66.915076
-180.403256	152.100059	67.034845
-180.733978	151.925569	67.157736
-181.073103	151.746646	67.283749
-181.420630	151.563290	67.412884
-181.776560	151.375501	67.545142
-182.140892	151.183278	67.680521
-182.513626	150.986623	67.819023
-182.894763	150.785534	67.960647
-183.284302	150.580012	68.105393
-183.682243	150.370057	68.253262
-184.088587	150.155669	68.404252
-184.503333	149.936848	68.558365
-184.691215	149.837721	68.628179
-184.887500	149.734161	68.701115
-185.092187	149.626167	68.777174
-185.305277	149.513741	68.856354
-185.526768	149.396881	68.938657
-185.756663	149.275589	69.024082
-185.994959	149.149863	69.112629
-186.241658	149.019704	69.204298
-186.496759	148.885112	69.299089
-186.760263	148.746087	69.397003
-187.032169	148.602629	69.498039
-187.312477	148.454737	69.602197
-187.601188	148.302413	69.709477
-187.898301	148.145655	69.819879
-188.203817	147.984465	69.933403
-188.517735	147.818841	70.050050
-188.840055	147.648784	70.169819
-189.170777	147.474294	70.292710
-189.509902	147.295371	70.418723
-189.857429	147.112015	70.547858
-190.213359	146.924226	70.680116
-190.577691	146.732004	70.815496
-190.950425	146.535348	70.953998
-191.331562	146.334260	71.095622
-191.721101	146.128738	71.240368
-192.119042	145.918783	71.388236
-192.525386	145.704395	71.539227
-192.940132	145.485575	71.693340
-193.128015	145.386447	71.763154
-193.324299	145.282887	71.836090
-193.528987	145.174894	71.912148
-193.742076	145.062467	71.991329
-193.963568	144.945608	72.073631
-194.193462	144.824315	72.159056
-194.431759	144.698589	72.247603
-194.678458	144.568430	72.339272
-194.933559	144.433838	72.434064
-195.197063	144.294813	72.531977
-195.468969	144.151355	72.633013
-195.749277	144.003464	72.737171
-196.037988	143.851140	72.844451
-196.335101	143.694382	72.954853
-196.640616	143.533192	73.068378
-196.954534	143.367568	73.185025
-197.276855	143.197511	73.304793
-197.607577	143.023021	73.427684
-197.946702	142.844098	73.553698
-198.294229	142.660742	73.682833
-198.650159	142.472953	73.815090
-199.014491	142.280731	73.950470
-199.387225	142.084075	74.088972
-199.768362	141.882987	74.230596
-200.157901	141.677465	74.375342
-200.555842	141.467511	74.523211
-200.962186	141.253123	74.674201
-201.376932	141.034302	74.828314
-201.564815	140.935175	74.898128
-201.761100	140.831615	74.971064
-201.965787	140.723621	75.047123
-202.178876	140.611195	75.126303
-202.400368	140.494335	75.208606
-202.630262	140.373043	75.294031
-202.868559	140.247317	75.382578
-203.115258	140.117158	75.474247
-203.370359	139.982566	75.569038
-203.633863	139.843541	75.666952
-203.905769	139.700083	75.767988
-204.186077	139.552192	75.872146
-204.474788	139.399867	75.979426
-204.771901	139.243110	76.089828
-205.077417	139.081920	76.203352
-205.391335	138.916296	76.319999
-205.713655	138.746239	76.439768
-206.044377	138.571749	76.562659
-206.383502	138.392826	76.688672
-206.731030	138.209470	76.817807
-207.086959	138.021681	76.950065
-207.451291	137.829459	77.085445
-207.824026	137.632804	77.223947
-208.205162	137.431715	77.365571
-208.594701	137.226194	77.510317
-208.992643	137.016239	77.658185
-209.398987	136.801851	77.809176
-209.813733	136.583030	77.963289
-210.001615	136.483903	78.033103
-210.197900	136.380343	78.106039
-210.402587	136.272350	78.182097
-210.615677	136.159923	78.261278
-210.837169	136.043064	78.343580
-211.067063	135.921771	78.429005
-211.305359	135.796045	78.517552
-211.552058	135.665887	78.609221
-211.807160	135.531295	78.704013
-212.070663	135.392270	78.801926
-212.342569	135.248811	78.902962
-212.622878	135.100920	79.007120
-212.911589	134.948596	79.114400
-213.208702	134.791838	79.224803
-213.514217	134.630648	79.338327
-213.828135	134.465024	79.454974
-214.150455	134.294968	79.574743
-214.481178	134.120478	79.697634
-214.820303	133.941555	79.823647
-215.167830	133.758199	79.952782
-215.523760	133.570410	80.085040
-215.888092	133.378187	80.220419
-216.260826	133.181532	80.358921
-216.641963	132.980444	80.500545
-217.031502	132.774922	80.645291
-217.429443	132.564968	80.793160
-217.835787	132.350580	80.944150
-218.250533	132.131759	81.098263
-218.438416	132.032632	81.168077
-218.634701	131.929072	81.241013
-218.839388	131.821078	81.317072
-219.052477	131.708652	81.396252
-219.273969	131.591792	81.478555
-219.503863	131.470500	81.563980
-219.742160	131.344774	81.652527
-219.988859	131.214615	81.744196
-220.243960	131.080023	81.838988
-220.507464	130.940998	81.936901
-220.779370	130.797540	82.037937
-221.059679	130.649649	82.142095
-221.348389	130.497325	82.249375
-221.645502	130.340567	82.359777
-221.951018	130.179377	82.473302
-222.264936	130.013753	82.589948
-222.587256	129.843696	82.709717
-222.917979	129.669206	82.832608
-223.257103	129.490284	82.958621
-223.604631	129.306928	83.087757
-223.960560	129.119138	83.220014
-224.324892	128.926916	83.355394
-224.697627	128.730261	83.493896
-225.078763	128.529172	83.635520
-225.468303	128.323651	83.780266
-225.866244	128.113696	83.928134
-226.272588	127.899309	84.079125
-226.687334	127.680488	84.233238
-226.875216	127.581361	84.303052
-227.071501	127.477800	84.375988
-227.276188	127.369807	84.452046
-227.489278	127.257381	84.531227
-227.710770	127.140521	84.613530
-227.940664	127.019229	84.698954
-228.178961	126.893503	84.787501
-228.425660	126.763344	84.879171
-228.680761	126.628752	84.973962
-228.944265	126.489727	85.071876
-229.216171	126.346269	85.172911
-229.496479	126.198378	85.277069
-229.785190	126.046053	85.384350
-230.082303	125.889296	85.494752
-230.387819	125.728105	85.608276
-230.701736	125.562482	85.724923
-231.024057	125.392425	85.844692
-231.354779	125.217935	85.967583
-231.693904	125.039012	86.093596
-232.041431	124.855656	86.222731
-232.397361	124.667867	86.354989
-232.761693	124.475645	86.490369
-233.134427	124.278990	86.628870
-233.515564	124.077901	86.770494
-233.905103	123.872380	86.915241
-234.303045	123.662425	87.063109
-234.709388	123.448037	87.214100
-235.124135	123.229217	87.368212
-235.312017	123.130089	87.438026
-235.508302	123.026529	87.510963
-235.712989	122.918536	87.587021
-235.926079	122.806109	87.666201
-236.147571	122.689250	87.748504
-236.377465	122.567957	87.833929
-236.615761	122.442232	87.922476
-236.862460	122.312073	88.014145
-237.117562	122.177481	88.108937
-237.381065	122.038456	88.206850
-237.652971	121.894998	88.307886
-237.933280	121.747106	88.412044
-238.221991	121.594782	88.519324
-238.519104	121.438025	88.629726
-238.824619	121.276834	88.743251
-239.138537	121.111211	88.859898
-239.460857	120.941154	88.979666
-239.791580	120.766664	89.102557
-240.130705	120.587741	89.228571
-240.478232	120.404385	89.357706
-240.834162	120.216596	89.489963
-241.198494	120.024374	89.625343
-241.571228	119.827718	89.763845
-241.952365	119.626630	89.905469
-242.341904	119.421109	90.050215
-242.739845	119.211154	90.198084
-243.146189	118.996766	90.349074
-243.560935	118.777945	90.503187
-243.748818	118.678818	90.573001
-243.945103	118.575258	90.645937
-244.149790	118.467265	90.721996
-244.362879	118.354838	90.801176
-244.584371	118.237979	90.883479
-244.814265	118.116686	90.968904
-245.052562	117.990960	91.057451
-245.299261	117.860802	91.149120
-245.554362	117.726210	91.243911
-245.817866	117.587185	91.341825
-246.089772	117.443727	91.442861
-246.370081	117.295835	91.547019
-246.658791	117.143511	91.654299
-246.955904	116.986754	91.764701
-247.261420	116.825563	91.878226
-247.575338	116.659939	91.994872
-247.897658	116.489883	92.114641
-248.228381	116.315393	92.237532
-248.567506	116.136470	92.363545
-248.915033	115.953114	92.492681
-249.270962	115.765325	92.624938
-249.635294	115.573103	92.760318
-250.008029	115.376447	92.898820
-250.389166	115.175359	93.040444
-250.778705	114.969837	93.185190
-251.176646	114.759883	93.333058
-251.582990	114.545495	93.484049
-251.997736	114.326674	93.638162
-252.185618	114.227547	93.707976
-252.381903	114.123987	93.780912
-252.586590	114.015994	93.856970
-252.799680	113.903567	93.936151
-253.021172	113.786708	94.018453
-253.251066	113.665415	94.103878
-253.489363	113.539689	94.192425
-253.736062	113.409530	94.284095
-253.991163	113.274939	94.378886
-254.254667	113.135914	94.476800
-254.526573	112.992455	94.577835
-254.806881	112.844564	94.681993
-255.095592	112.692240	94.789273
-255.392705	112.535482	94.899676
-255.698221	112.374292	95.013200
-256.012139	112.208668	95.129847
-256.334459	112.038612	95.249616
-256.665181	111.864122	95.372507
-257.004306	111.685199	95.498520
-257.351834	111.501843	95.627655
-257.707763	111.314054	95.759913
-258.072095	111.121832	95.895292
-258.444830	110.925176	96.033794
-258.825966	110.724088	96.175418
-259.215505	110.518566	96.320165
-259.613447	110.308612	96.468033
-260.019791	110.094224	96.619024
-260.434537	109.875403	96.773136
-260.622419	109.776276	96.842950
-260.818704	109.672716	96.915886
-261.023391	109.564722	96.991945
-261.236481	109.452296	97.071125
-261.457973	109.335436	97.153428
-261.687867	109.214144	97.238853
-261.926164	109.088418	97.327400
-262.172862	108.958259	97.419069
-262.427964	108.823667	97.513861
-262.691468	108.684642	97.611774
-262.963374	108.541184	97.712810
-263.243682	108.393293	97.816968
-263.532393	108.240969	97.924248
-263.829506	108.084211	98.034650
-264.135021	107.923021	98.148175
-264.448939	107.757397	98.264821
-264.771259	107.587340	98.384590
-265.101982	107.412851	98.507481
-265.441107	107.233928	98.633494
-265.788634	107.050572	98.762630
-266.144564	106.862783	98.894887
-266.508896	106.670560	99.030267
-266.881630	106.473905	99.168769
-267.262767	106.272817	99.310393
-267.652306	106.067295	99.455139
-268.050247	105.857340	99.603008
-268.456591	105.642953	99.753998
-268.871337	105.424132	99.908111
-269.059220	105.325005	99.977925
-269.255505	105.221445	100.050861
-269.460192	105.113451	100.126919
-269.673281	105.001025	100.206100
-269.894773	104.884165	100.288403
-270.124668	104.762873	100.373828
-270.362964	104.637147	100.462375
-270.609663	104.506988	100.554044
-270.864765	104.372396	100.648835
-271.128268	104.233371	100.746749
-271.400174	104.089913	100.847785
-271.680483	103.942022	100.951943
-271.969193	103.789698	101.059223
-272.266307	103.632940	101.169625
-272.571822	103.471750	101.283149
-272.885740	103.306126	101.399796
-273.208060	103.136069	101.519565
-273.538783	102.961579	101.642456
-273.877908	102.782657	101.768469
-274.225435	102.599301	101.897604
-274.581365	102.411511	102.029862
-274.945697	102.219289	102.165242
-275.318431	102.022634	102.303744
-275.699568	101.821545	102.445368
-276.089107	101.616024	102.590114
-276.487048	101.406069	102.737982
-276.893392	101.191682	102.888973
-277.308138	100.972861	103.043086
-277.496021	100.873734	103.112900
-277.692305	100.770173	103.185836
-277.896993	100.662180	103.261894
-278.110082	100.549754	103.341075
-278.331574	100.432894	103.423377
-278.561468	100.311602	103.508802
-278.799765	100.185876	103.597349
-279.046464	100.055717	103.689018
-279.301565	99.921125	103.783810
-279.565069	99.782100	103.881723
-279.836975	99.638642	103.982759
-280.117283	99.490751	104.086917
-280.405994	99.338426	104.194197
-280.703107	99.181669	104.304600
-281.008623	99.020479	104.418124
-281.322541	98.854855	104.534771
-281.644861	98.684798	104.654540
-281.975583	98.510308	104.777431
-282.314708	98.331385	104.903444
-282.662236	98.148029	105.032579
-283.018165	97.960240	105.164837
-283.382497	97.768018	105.300216
-283.755232	97.571363	105.438718
-284.136368	97.370274	105.580342
-284.525907	97.164753	105.725088
-284.923849	96.954798	105.872957
-285.330193	96.740410	106.023947
-285.744939	96.521590	106.178060
-285.932821	96.422463	106.247874
-286.129106	96.318902	106.320810
-286.333793	96.210909	106.396869
-286.546883	96.098483	106.476049
-286.768375	95.981623	106.558352
-286.998269	95.860330	106.643777
-287.236566	95.734605	106.732324
-287.483265	95.604446	106.823993
-287.738366	95.469854	106.918785
-288.001870	95.330829	107.016698
-288.273776	95.187371	107.117734
-288.554084	95.039480	107.221892
-288.842795	94.887155	107.329172
-289.139908	94.730398	107.439574
-289.445424	94.569207	107.553099
-289.759341	94.403584	107.669745
-290.081662	94.233527	107.789514
-290.412384	94.059037	107.912405
-290.751509	93.880114	108.038418
-291.099036	93.696758	108.167554
-291.454966	93.508969	108.299811
-291.819298	93.316747	108.435191
-292.192032	93.120092	108.573693
-292.573169	92.919003	108.715317
-292.962708	92.713482	108.860063
-293.360650	92.503527	109.007932
-293.766993	92.289139	109.158922
-294.181740	92.070319	109.313035
-294.369622	91.971191	109.382849
-294.565907	91.867631	109.455785
-294.770594	91.759638	109.531843
-294.983684	91.647211	109.611024
-295.205175	91.530352	109.693327
-295.435070	91.409059	109.778751
-295.673366	91.283334	109.867299
-295.920065	91.153175	109.958968
-296.175167	91.018583	110.053759
-296.438670	90.879558	110.151673
-296.710576	90.736100	110.252709
-296.990885	90.588208	110.356866
-297.279596	90.435884	110.464147
-297.576709	90.279127	110.574549
-297.882224	90.117936	110.688073
-298.196142	89.952313	110.804720
-298.518462	89.782256	110.924489
-298.849185	89.607766	111.047380
-299.188310	89.428843	111.173393
-299.535837	89.245487	111.302528
-299.891767	89.057698	111.434786
-300.256099	88.865476	111.570166
-300.628833	88.668820	111.708667
-301.009970	88.467732	111.850291
-301.399509	88.262211	111.995038
-301.797450	88.052256	112.142906
-302.203794	87.837868	112.293897
-302.618540	87.619047	112.448009
-302.806423	87.519920	112.517823
-303.002708	87.416360	112.590760
-303.207395	87.308367	112.666818
-303.420484	87.195940	112.745999
-303.641976	87.079081	112.828301
-303.871870	86.957788	112.913726
-304.110167	86.832062	113.002273
-304.356866	86.701904	113.093942
-304.611967	86.567312	113.188734
-304.875471	86.428287	113.286647
-305.147377	86.284829	113.387683
-305.427686	86.136937	113.491841
-305.716396	85.984613	113.599121
-306.013509	85.827856	113.709523
