-29.703647	240.750657	-23.794026
-29.679767	240.682528	-23.791157
-29.662808	240.609777	-23.793834
-29.652767	240.532408	-23.802062
-29.649643	240.450420	-23.815841
-29.653435	240.363816	-23.835176
-29.664140	240.272595	-23.860068
-29.681759	240.176760	-23.890520
-29.706290	240.076312	-23.926536
-29.737730	239.971251	-23.968117
-29.776080	239.861580	-24.015266
-29.821337	239.747298	-24.067987
-29.873500	239.628408	-24.126282
-29.932567	239.504911	-24.190152
-29.998539	239.376808	-24.259602
-30.071412	239.244099	-24.334634
-30.151186	239.106787	-24.415249
-30.237859	238.964872	-24.501452
-30.331431	238.818355	-24.593244
-30.431899	238.667238	-24.690628
-30.539263	238.511523	-24.793607
-30.653522	238.351209	-24.902183
-30.774673	238.186299	-25.016359
-30.902716	238.016793	-25.136137
-31.037650	237.842693	-25.261520
-31.179473	237.664000	-25.392510
-31.328184	237.480716	-25.529110
-31.483782	237.292840	-25.671322
-31.646266	237.100375	-25.819148
-31.815634	236.903322	-25.972592
-31.991886	236.701682	-26.131654
-32.175021	236.495457	-26.296339
-32.365037	236.284646	-26.466647
-32.561933	236.069253	-26.642582
-32.765708	235.849277	-26.824145
-32.976361	235.624720	-27.011339
-33.193891	235.395584	-27.204167
-33.418298	235.161869	-27.402629
-33.649579	234.923577	-27.606730
-33.887735	234.680709	-27.816469
-34.132764	234.433266	-28.031851
-34.384665	234.181249	-28.252877
-34.643437	233.924661	-28.479548
-34.909081	233.663501	-28.711868
-35.181593	233.397771	-28.949838
-35.460975	233.127472	-29.193460
-35.747225	232.852607	-29.442736
-36.040342	232.573175	-29.697669
-36.340325	232.289178	-29.958259
-36.647174	232.000617	-30.224509
-36.785206	231.871646	-30.344148
-36.930102	231.738112	-30.469450
-37.081863	231.600017	-30.600416
-37.240487	231.457361	-30.737045
-37.405976	231.310145	-30.879340
-37.578328	231.158370	-31.027301
-37.757543	231.002035	-31.180928
-37.943621	230.841142	-31.340223
-38.136562	230.675691	-31.505186
-38.336365	230.505683	-31.675818
-38.543030	230.331117	-31.852121
-38.756557	230.151996	-32.034093
-38.976945	229.968318	-32.221737
-39.204195	229.780085	-32.415054
-39.438305	229.587298	-32.614043
-39.679277	229.389957	-32.818705
-39.927109	229.188062	-33.029042
-40.181801	228.981614	-33.245055
-40.443353	228.770614	-33.466743
-40.711766	228.555062	-33.694107
-40.987038	228.334958	-33.927149
-41.269169	228.110304	-34.165868
-41.558160	227.881100	-34.410267
-41.854009	227.647346	-34.660344
-42.156718	227.409043	-34.916102
-42.466285	227.166192	-35.177540
-42.782711	226.918793	-35.444660
-43.105995	226.666847	-35.717462
-43.252954	226.552672	-35.841426
-43.406771	226.433951	-35.971073
-43.567447	226.310683	-36.106403
-43.734980	226.182869	-36.247417
-43.909371	226.050510	-36.394115
-44.090620	225.913605	-36.546496
-44.278727	225.772155	-36.704563
-44.473691	225.626161	-36.868313
-44.675513	225.475621	-37.037749
-44.884193	225.320537	-37.212870
-45.099730	225.160909	-37.393676
-45.322125	224.996737	-37.580169
-45.551377	224.828022	-37.772347
-45.787487	224.654763	-37.970211
-46.030454	224.476961	-38.173763
-46.280278	224.294616	-38.383001
-46.536959	224.107728	-38.597926
-46.800498	223.916298	-38.818538
-47.070894	223.720326	-39.044838
-47.348146	223.519813	-39.276826
-47.632256	223.314757	-39.514502
-47.923223	223.105161	-39.757867
-48.221047	222.891023	-40.006920
-48.525728	222.672345	-40.261662
-48.837266	222.449126	-40.522094
-49.155660	222.221367	-40.788214
-49.480912	221.989067	-41.060025
-49.813020	221.752229	-41.337525
-49.963602	221.644999	-41.463330
-50.121041	221.533229	-41.594824
-50.285336	221.416921	-41.732010
-50.456489	221.296073	-41.874885
-50.634498	221.170687	-42.023451
-50.819363	221.040761	-42.177708
-51.011086	220.906297	-42.337656
-51.209665	220.767294	-42.503295
-51.415101	220.623753	-42.674624
-51.627394	220.475673	-42.851645
-51.846544	220.323055	-43.034357
-52.072550	220.165899	-43.222760
-52.305413	220.004205	-43.416854
-52.545132	219.837973	-43.616640
-52.791709	219.667204	-43.822118
-53.045142	219.491896	-44.033287
-53.305431	219.312051	-44.250149
-53.572578	219.127669	-44.472702
-53.846581	218.938749	-44.700947
-54.127440	218.745292	-44.934884
-54.415157	218.547298	-45.174513
-54.709730	218.344768	-45.419835
-55.011159	218.137700	-45.670849
-55.319446	217.926096	-45.927555
-55.634589	217.709955	-46.189954
-55.956589	217.489277	-46.458046
-56.285445	217.264064	-46.731831
-56.621158	217.034314	-47.011308
-56.773279	216.930277	-47.137940
-56.932256	216.821705	-47.270265
-57.098091	216.708596	-47.408284
-57.270781	216.590952	-47.551995
-57.450329	216.468772	-47.701399
-57.636733	216.342056	-47.856497
-57.829994	216.210804	-48.017287
-58.030112	216.075017	-48.183771
-58.237086	215.934693	-48.355949
-58.450917	215.789835	-48.533819
-58.671605	215.640440	-48.717383
-58.899149	215.486511	-48.906640
-59.133551	215.328046	-49.101591
-59.374809	215.165045	-49.302235
-59.622923	214.997509	-49.508573
-59.877895	214.825438	-49.720605
-60.139723	214.648832	-49.938330
-60.408408	214.467691	-50.161748
-60.683949	214.282014	-50.390861
-60.966348	214.091803	-50.625667
-61.255603	213.897056	-50.866166
-61.551715	213.697775	-51.112360
-61.854684	213.493958	-51.364247
-62.164509	213.285607	-51.621829
-62.481191	213.072722	-51.885104
-62.804730	212.855301	-52.154073
-63.135126	212.633346	-52.428736
-63.472379	212.406856	-52.709094
-63.625170	212.304277	-52.836106
-63.784819	212.197163	-52.968813
-63.951324	212.085515	-53.107214
-64.124686	211.969332	-53.251308
-64.304905	211.848614	-53.401097
-64.491980	211.723363	-53.556581
-64.685913	211.593577	-53.717758
-64.886702	211.459256	-53.884629
-65.094348	211.320402	-54.057195
-65.308851	211.177013	-54.235455
-65.530211	211.029089	-54.419409
-65.758427	210.876632	-54.609058
-65.993501	210.719640	-54.804400
-66.235431	210.558114	-55.005437
-66.484218	210.392054	-55.212168
-66.739862	210.221460	-55.424594
-67.002363	210.046332	-55.642714
-67.271721	209.866670	-55.866528
-67.547935	209.682473	-56.096036
-67.831007	209.493743	-56.331239
-68.120935	209.300478	-56.572137
-68.417720	209.102680	-56.818728
-68.721363	208.900347	-57.071015
-69.031862	208.693481	-57.328995
-69.349217	208.482081	-57.592670
-69.673430	208.266147	-57.862040
-70.004500	208.045679	-58.137104
-70.342426	207.820677	-58.417862
-70.495515	207.718760	-58.545051
-70.655460	207.612310	-58.677934
-70.822262	207.501325	-58.816512
-70.995921	207.385807	-58.960784
-71.176437	207.265756	-59.110751
-71.363809	207.141170	-59.266413
-71.558039	207.012051	-59.427769
-71.759126	206.878398	-59.594819
-71.967069	206.740211	-59.767564
-72.181870	206.597491	-59.946004
-72.403527	206.450237	-60.130138
-72.632042	206.298449	-60.319967
-72.867413	206.142128	-60.515491
-73.109641	205.981273	-60.716709
-73.358726	205.815884	-60.923621
-73.614669	205.645962	-61.136229
-73.877468	205.471506	-61.354531
-74.147124	205.292517	-61.578527
-74.423637	205.108994	-61.808218
-74.707006	204.920937	-62.043604
-74.997233	204.728347	-62.284684
-75.294317	204.531223	-62.531460
-75.598258	204.329566	-62.783929
-75.909056	204.123375	-63.042094
-76.226710	203.912651	-63.305953
-76.551222	203.697393	-63.575507
-76.882591	203.477602	-63.850755
-77.220816	203.253277	-64.131698
-77.374037	203.151662	-64.258969
-77.534114	203.045513	-64.391934
-77.701049	202.934830	-64.530594
-77.874840	202.819614	-64.674948
-78.055489	202.699865	-64.824998
-78.242994	202.575582	-64.980741
-78.437356	202.446766	-65.142180
-78.638576	202.313416	-65.309314
-78.846652	202.175533	-65.482142
-79.061585	202.033117	-65.660664
-79.283376	201.886167	-65.844882
-79.512023	201.734684	-66.034794
-79.747527	201.578667	-66.230401
-79.989889	201.418117	-66.431703
-80.239107	201.253033	-66.638700
-80.495182	201.083417	-66.851391
-80.758114	200.909266	-67.069777
-81.027904	200.730583	-67.293858
-81.304550	200.547366	-67.523633
-81.588053	200.359616	-67.759103
-81.878413	200.167332	-68.000268
-82.175631	199.970515	-68.247128
-82.479705	199.769165	-68.499683
-82.790636	199.563281	-68.757932
-83.108425	199.352864	-69.021876
-83.433070	199.137914	-69.291515
-83.764572	198.918430	-69.566849
-84.102931	198.694413	-69.847877
-84.256211	198.592934	-69.975185
-84.416348	198.486922	-70.108188
-84.583342	198.376377	-70.246886
-84.757193	198.261298	-70.391279
-84.937900	198.141686	-70.541366
-85.125465	198.017541	-70.697148
-85.319887	197.888862	-70.858625
-85.521166	197.755651	-71.025797
-85.729302	197.617905	-71.198663
-85.944295	197.475627	-71.377224
-86.166145	197.328815	-71.561480
-86.394852	197.177470	-71.751431
-86.630416	197.021592	-71.947077
-86.872837	196.861181	-72.148417
-87.122115	196.696236	-72.355452
-87.378250	196.526758	-72.568183
-87.641242	196.352746	-72.786607
-87.911091	196.174202	-73.010727
-88.187797	195.991124	-73.240541
-88.471360	195.803513	-73.476051
-88.761780	195.611369	-73.717255
-89.059057	195.414691	-73.964154
-89.363191	195.213480	-74.216747
-89.674183	195.007736	-74.475036
-89.992031	194.797459	-74.739019
-90.316736	194.582648	-75.008697
-90.648298	194.363304	-75.284070
-90.986718	194.139427	-75.565138
-91.140024	194.038011	-75.692463
-91.300188	193.932061	-75.825484
-91.467208	193.821578	-75.964199
-91.641086	193.706561	-76.108609
-91.821820	193.587012	-76.258714
-92.009412	193.462929	-76.414514
-92.203860	193.334313	-76.576008
-92.405166	193.201164	-76.743198
-92.613329	193.063482	-76.916082
-92.828348	192.921266	-77.094661
-93.050225	192.774517	-77.278935
-93.278959	192.623235	-77.468903
-93.514550	192.467420	-77.664567
-93.756997	192.307071	-77.865925
-94.006302	192.142189	-78.072978
-94.262464	191.972774	-78.285726
-94.525483	191.798826	-78.504169
-94.795359	191.620345	-78.728306
-95.072092	191.437330	-78.958139
-95.355682	191.249782	-79.193666
-95.646129	191.057701	-79.434888
-95.943434	190.861087	-79.681805
-96.247595	190.659940	-79.934417
-96.558613	190.454259	-80.192723
-96.876488	190.244045	-80.456724
-97.201221	190.029298	-80.726421
-97.532810	189.810018	-81.001812
-97.871256	189.586204	-81.282898
-98.024575	189.484816	-81.410231
-98.184750	189.378894	-81.543260
-98.351783	189.268440	-81.681983
-98.525672	189.153452	-81.826401
-98.706419	189.033931	-81.976514
-98.894022	188.909876	-82.132322
-99.088483	188.781289	-82.293825
-99.289801	188.648168	-82.461022
-99.497975	188.510514	-82.633915
-99.713007	188.368327	-82.812502
-99.934896	188.221606	-82.996784
-100.163642	188.070353	-83.186761
-100.399245	187.914566	-83.382432
-100.641705	187.754246	-83.583799
-100.891022	187.589393	-83.790860
-101.147196	187.420007	-84.003616
-101.410227	187.246088	-84.222067
-101.680115	187.067635	-84.446213
-101.956860	186.884649	-84.676054
-102.240462	186.697130	-84.911589
-102.530922	186.505078	-85.152819
-102.828238	186.308492	-85.399745
-103.132411	186.107374	-85.652365
-103.443442	185.901722	-85.910680
-103.761329	185.691537	-86.174689
-104.086074	185.476819	-86.444394
-104.417675	185.257567	-86.719793
-104.756134	185.033783	-87.000887
-104.909458	184.932407	-87.128225
-105.069638	184.826499	-87.261257
-105.236676	184.716057	-87.399984
-105.410571	184.601082	-87.544406
-105.591323	184.481573	-87.694523
-105.778932	184.357532	-87.850334
-105.973399	184.228957	-88.011841
-106.174722	184.095850	-88.179042
-106.382902	183.958209	-88.351938
-106.597939	183.816034	-88.530529
-106.819833	183.669327	-88.714815
-107.048585	183.518087	-88.904795
-107.284193	183.362313	-89.100471
-107.526659	183.202006	-89.301841
-107.775981	183.037166	-89.508906
-108.032161	182.867793	-89.721666
-108.295197	182.693886	-89.940121
-108.565091	182.515447	-90.164270
-108.841841	182.332474	-90.394115
-109.125449	182.144968	-90.629654
-109.415914	181.952929	-90.870888
-109.713236	181.756357	-91.117817
-110.017415	181.555251	-91.370441
-110.328450	181.349612	-91.628760
-110.646343	181.139441	-91.892773
-110.971093	180.924736	-92.162482
-111.302700	180.705497	-92.437885
-111.641165	180.481726	-92.718983
-111.794491	180.380356	-92.846322
-111.954674	180.274453	-92.979356
-112.121715	180.164017	-93.118085
-112.295612	180.049048	-93.262508
-112.476366	179.929546	-93.412627
-112.663978	179.805510	-93.568440
-112.858447	179.676942	-93.729948
-113.059772	179.543840	-93.897151
-113.267955	179.406205	-94.070049
-113.482995	179.264036	-94.248641
-113.704891	179.117335	-94.432929
-113.933645	178.966100	-94.622911
-114.169256	178.810333	-94.818588
-114.411724	178.650032	-95.019960
-114.661049	178.485198	-95.227027
-114.917231	178.315830	-95.439789
-115.180270	178.141930	-95.658246
-115.450166	177.963496	-95.882397
-115.726919	177.780529	-96.112243
-116.010529	177.593029	-96.347784
-116.300997	177.400996	-96.589020
-116.598321	177.204430	-96.835951
-116.902502	177.003330	-97.088576
-117.213541	176.797698	-97.346897
-117.531436	176.587532	-97.610912
-117.856189	176.372833	-97.880622
-118.187798	176.153600	-98.156027
-118.526265	175.929835	-98.437127
-118.679592	175.828468	-98.564467
-118.839777	175.722568	-98.697502
-119.006818	175.612135	-98.836231
-119.180717	175.497168	-98.980655
-119.361472	175.377668	-99.130775
-119.549085	175.253636	-99.286589
-119.743554	175.125069	-99.448098
-119.944881	174.991970	-99.615301
-120.153065	174.854338	-99.788200
-120.368106	174.712172	-99.966794
-120.590004	174.565474	-100.151082
-120.818759	174.414242	-100.341065
-121.054371	174.258477	-100.536743
-121.296840	174.098178	-100.738116
-121.546166	173.933347	-100.945183
-121.802349	173.763982	-101.157946
-122.065389	173.590085	-101.376403
-122.335286	173.411654	-101.600555
-122.612040	173.228690	-101.830402
-122.895652	173.041192	-102.065944
-123.186120	172.849162	-102.307181
-123.483446	172.652598	-102.554113
-123.787628	172.451501	-102.806739
-124.098668	172.245871	-103.065060
-124.416564	172.035708	-103.329076
-124.741318	171.821012	-103.598787
-125.072928	171.601782	-103.874193
-125.411396	171.378020	-104.155293
-125.564724	171.276654	-104.282634
-125.724909	171.170755	-104.415669
-125.891951	171.060323	-104.554399
-126.065850	170.945358	-104.698823
-126.246606	170.825859	-104.848943
-126.434219	170.701828	-105.004757
-126.628689	170.573263	-105.166267
-126.830017	170.440165	-105.333471
-127.038201	170.302534	-105.506370
-127.253242	170.160369	-105.684964
-127.475141	170.013672	-105.869252
-127.703896	169.862441	-106.059236
-127.939509	169.706677	-106.254914
-128.181978	169.546380	-106.456287
-128.431305	169.381550	-106.663355
-128.687488	169.212187	-106.876118
-128.950529	169.038290	-107.094576
-129.220427	168.859860	-107.318728
-129.497182	168.676898	-107.548576
-129.780793	168.489402	-107.784118
-130.071262	168.297372	-108.025355
-130.368588	168.100810	-108.272287
-130.672771	167.899714	-108.524914
-130.983811	167.694086	-108.783235
-131.301708	167.483924	-109.047252
-131.626463	167.269229	-109.316963
-131.958074	167.050000	-109.592369
-132.296542	166.826239	-109.873470
-132.449870	166.724874	-110.000811
-132.610055	166.618975	-110.133846
-132.777098	166.508544	-110.272576
-132.950997	166.393579	-110.417001
-133.131753	166.274081	-110.567121
-133.319366	166.150050	-110.722935
-133.513837	166.021486	-110.884445
-133.715164	165.888388	-111.051649
-133.923349	165.750758	-111.224548
-134.138390	165.608594	-111.403142
-134.360289	165.461897	-111.587431
-134.589045	165.310667	-111.777415
-134.824657	165.154904	-111.973093
-135.067127	164.994607	-112.174466
-135.316454	164.829778	-112.381535
-135.572638	164.660415	-112.594298
-135.835679	164.486519	-112.812756
-136.105577	164.308090	-113.036908
-136.382332	164.125127	-113.266756
-136.665944	163.937632	-113.502298
-136.956413	163.745603	-113.743535
-137.253739	163.549041	-113.990468
-137.557922	163.347946	-114.243094
-137.868963	163.142318	-114.501416
-138.186860	162.932157	-114.765433
-138.511614	162.717462	-115.035144
-138.843226	162.498235	-115.310551
-139.181694	162.274474	-115.591652
-139.335022	162.173109	-115.718992
-139.495208	162.067211	-115.852028
-139.662250	161.956779	-115.990758
-139.836149	161.841815	-116.135183
-140.016906	161.722317	-116.285303
-140.204519	161.598286	-116.441117
-140.398990	161.469722	-116.602627
-140.600317	161.336625	-116.769831
-140.808502	161.198995	-116.942730
-141.023544	161.056831	-117.121324
-141.245442	160.910135	-117.305613
-141.474198	160.758905	-117.495597
-141.709811	160.603142	-117.691276
-141.952281	160.442846	-117.892649
-142.201608	160.278016	-118.099717
-142.457792	160.108654	-118.312480
-142.720833	159.934758	-118.530938
-142.990731	159.756329	-118.755091
-143.267486	159.573367	-118.984939
-143.551098	159.385872	-119.220481
-143.841567	159.193843	-119.461719
-144.138894	158.997282	-119.708651
-144.443077	158.796187	-119.961278
-144.754117	158.590559	-120.219600
-145.072015	158.380398	-120.483616
-145.396769	158.165704	-120.753328
-145.728381	157.946477	-121.028734
-146.066849	157.722716	-121.309835
-146.220178	157.621351	-121.437176
-146.380363	157.515453	-121.570211
-146.547405	157.405022	-121.708941
-146.721305	157.290057	-121.853367
-146.902061	157.170560	-122.003486
-147.089675	157.046529	-122.159301
-147.284145	156.917965	-122.320811
-147.485473	156.784868	-122.488015
-147.693658	156.647238	-122.660914
-147.908699	156.505075	-122.839508
-148.130598	156.358378	-123.023797
-148.359354	156.207148	-123.213781
-148.594967	156.051385	-123.409460
-148.837437	155.891089	-123.610833
-149.086764	155.726260	-123.817902
-149.342948	155.556898	-124.030665
-149.605989	155.383002	-124.249123
-149.875887	155.204573	-124.473275
-150.152642	155.021611	-124.703123
-150.436254	154.834116	-124.938666
-150.726724	154.642088	-125.179903
-151.024050	154.445527	-125.426835
-151.328233	154.244432	-125.679462
-151.639274	154.038804	-125.937784
-151.957171	153.828643	-126.201801
-152.281926	153.613949	-126.471512
-152.613537	153.394722	-126.746919
-152.952006	153.170961	-127.028020
-153.105334	153.069596	-127.155361
-153.265520	152.963699	-127.288396
-153.432562	152.853267	-127.427126
-153.606461	152.738303	-127.571551
-153.787218	152.618806	-127.721671
-153.974831	152.494775	-127.877486
-154.169302	152.366211	-128.038995
-154.370630	152.233114	-128.206200
-154.578814	152.095484	-128.379099
-154.793856	151.953321	-128.557693
-155.015755	151.806624	-128.741982
-155.244511	151.655394	-128.931966
-155.480124	151.499631	-129.127645
-155.722594	151.339335	-129.329018
-155.971921	151.174506	-129.536086
-156.228105	151.005144	-129.748850
-156.491146	150.831248	-129.967308
-156.761044	150.652820	-130.191460
-157.037799	150.469858	-130.421308
-157.321411	150.282363	-130.656851
-157.611881	150.090334	-130.898088
-157.909207	149.893773	-131.145020
-158.213390	149.692679	-131.397647
-158.524431	149.487051	-131.655969
-158.842328	149.276890	-131.919986
-159.167083	149.062196	-132.189698
-159.498694	148.842969	-132.465104
-159.837163	148.619208	-132.746205
-159.990491	148.517843	-132.873546
-160.150677	148.411945	-133.006581
-160.317719	148.301514	-133.145311
-160.491619	148.186550	-133.289736
-160.672375	148.067052	-133.439856
-160.859989	147.943022	-133.595671
-161.054459	147.814458	-133.757181
-161.255787	147.681361	-133.924385
-161.463972	147.543731	-134.097284
-161.679013	147.401568	-134.275878
-161.900912	147.254871	-134.460167
-162.129668	147.103641	-134.650151
-162.365281	146.947879	-134.845830
-162.607751	146.787583	-135.047203
-162.857078	146.622753	-135.254272
-163.113262	146.453391	-135.467035
-163.376303	146.279496	-135.685493
-163.646201	146.101067	-135.909646
-163.922956	145.918105	-136.139493
-164.206569	145.730610	-136.375036
-164.497038	145.538582	-136.616273
-164.794364	145.342020	-136.863206
-165.098548	145.140926	-137.115833
-165.409588	144.935298	-137.374155
-165.727486	144.725137	-137.638171
-166.052240	144.510443	-137.907883
-166.383852	144.291216	-138.183289
-166.722321	144.067456	-138.464391
-166.875649	143.966091	-138.591731
-167.035834	143.860193	-138.724766
-167.202877	143.749762	-138.863497
-167.376776	143.634798	-139.007922
-167.557533	143.515300	-139.158042
-167.745146	143.391269	-139.313856
-167.939617	143.262706	-139.475366
-168.140944	143.129609	-139.642570
-168.349129	142.991979	-139.815470
-168.564171	142.849815	-139.994064
-168.786070	142.703119	-140.178353
-169.014826	142.551889	-140.368337
-169.250438	142.396126	-140.564015
-169.492908	142.235830	-140.765389
-169.742235	142.071001	-140.972457
-169.998419	141.901639	-141.185220
-170.261461	141.727743	-141.403678
-170.531359	141.549315	-141.627831
-170.808114	141.366353	-141.857679
-171.091726	141.178858	-142.093221
-171.382196	140.986830	-142.334459
-171.679522	140.790268	-142.581391
-171.983705	140.589174	-142.834018
-172.294746	140.383546	-143.092340
-172.612643	140.173385	-143.356357
-172.937398	139.958691	-143.626068
-173.269009	139.739464	-143.901475
-173.607478	139.515704	-144.182576
-173.760806	139.414339	-144.309917
-173.920992	139.308441	-144.442952
-174.088034	139.198010	-144.581682
-174.261934	139.083045	-144.726107
-174.442690	138.963548	-144.876227
-174.630304	138.839517	-145.032042
-174.824774	138.710954	-145.193551
-175.026102	138.577857	-145.360756
-175.234287	138.440226	-145.533655
-175.449328	138.298063	-145.712249
-175.671227	138.151367	-145.896538
-175.899983	138.000137	-146.086522
-176.135596	137.844374	-146.282201
-176.378066	137.684078	-146.483574
-176.627393	137.519249	-146.690643
-176.883577	137.349887	-146.903406
-177.146618	137.175991	-147.121864
-177.416516	136.997563	-147.346017
-177.693272	136.814601	-147.575864
-177.976884	136.627106	-147.811407
-178.267353	136.435078	-148.052644
-178.564679	136.238516	-148.299576
-178.868863	136.037422	-148.552204
-179.179903	135.831794	-148.810525
-179.497801	135.621633	-149.074542
-179.822555	135.406939	-149.344254
-180.154167	135.187712	-149.619660
-180.492636	134.963951	-149.900761
-180.645964	134.862587	-150.028102
-180.806149	134.756689	-150.161137
-180.973192	134.646258	-150.299868
-181.147091	134.531293	-150.444293
-181.327848	134.411796	-150.594413
-181.515461	134.287765	-150.750227
-181.709932	134.159202	-150.911737
-181.911260	134.026105	-151.078941
-182.119444	133.888474	-151.251841
-182.334486	133.746311	-151.430435
-182.556385	133.599615	-151.614724
-182.785141	133.448385	-151.804708
-183.020754	133.292622	-152.000386
-183.263224	133.132326	-152.201760
-183.512551	132.967497	-152.408828
-183.768735	132.798135	-152.621591
-184.031776	132.624239	-152.840049
-184.301674	132.445811	-153.064202
-184.578429	132.262849	-153.294050
-184.862041	132.075354	-153.529592
-185.152511	131.883326	-153.770830
-185.449837	131.686764	-154.017762
-185.754021	131.485670	-154.270389
-186.065061	131.280042	-154.528711
-186.382959	131.069881	-154.792728
-186.707713	130.855187	-155.062439
-187.039325	130.635960	-155.337846
-187.377793	130.412200	-155.618947
-187.531122	130.310835	-155.746288
-187.691307	130.204937	-155.879323
-187.858349	130.094506	-156.018053
-188.032249	129.979541	-156.162478
-188.213005	129.860044	-156.312598
-188.400619	129.736013	-156.468413
-188.595090	129.607450	-156.629922
-188.796417	129.474353	-156.797127
-189.004602	129.336722	-156.970026
-189.219644	129.194559	-157.148620
-189.441543	129.047863	-157.332909
-189.670298	128.896633	-157.522893
-189.905911	128.740870	-157.718572
-190.148381	128.580574	-157.919945
-190.397708	128.415745	-158.127014
-190.653892	128.246383	-158.339777
-190.916933	128.072487	-158.558235
-191.186832	127.894059	-158.782388
-191.463587	127.711097	-159.012235
-191.747199	127.523602	-159.247778
-192.037668	127.331574	-159.489015
-192.334995	127.135012	-159.735947
-192.639178	126.933918	-159.988575
-192.950219	126.728290	-160.246896
-193.268116	126.518129	-160.510913
-193.592871	126.303435	-160.780625
-193.924482	126.084208	-161.056031
-194.262951	125.860448	-161.337133
-194.416279	125.759083	-161.464473
-194.576465	125.653185	-161.597508
-194.743507	125.542754	-161.736239
-194.917407	125.427790	-161.880664
-195.098163	125.308292	-162.030784
-195.285777	125.184261	-162.186598
-195.480247	125.055698	-162.348108
-195.681575	124.922601	-162.515312
-195.889760	124.784971	-162.688212
-196.104801	124.642807	-162.866806
-196.326700	124.496111	-163.051095
-196.555456	124.344881	-163.241079
-196.791069	124.189118	-163.436757
-197.033539	124.028822	-163.638131
-197.282866	123.863993	-163.845199
-197.539050	123.694631	-164.057962
-197.802091	123.520735	-164.276420
-198.071989	123.342307	-164.500573
-198.348744	123.159345	-164.730421
-198.632357	122.971850	-164.965963
-198.922826	122.779822	-165.207201
-199.220152	122.583260	-165.454133
-199.524336	122.382166	-165.706760
-199.835376	122.176538	-165.965082
-200.153274	121.966377	-166.229099
-200.478028	121.751683	-166.498810
-200.809640	121.532456	-166.774217
-201.148109	121.308696	-167.055318
-201.301437	121.207331	-167.182659
-201.461622	121.101433	-167.315694
-201.628665	120.991002	-167.454424
-201.802564	120.876038	-167.598849
-201.983321	120.756540	-167.748969
-202.170934	120.632510	-167.904784
-202.365405	120.503946	-168.066294
-202.566733	120.370849	-168.233498
-202.774917	120.233219	-168.406397
-202.989959	120.091055	-168.584991
-203.211858	119.944359	-168.769280
-203.440614	119.793129	-168.959264
-203.676227	119.637366	-169.154943
-203.918697	119.477070	-169.356316
-204.168024	119.312241	-169.563385
-204.424208	119.142879	-169.776148
-204.687249	118.968983	-169.994606
-204.957147	118.790555	-170.218759
-205.233902	118.607593	-170.448606
-205.517514	118.420098	-170.684149
-205.807984	118.228070	-170.925386
-206.105310	118.031508	-171.172318
-206.409493	117.830414	-171.424946
-206.720534	117.624786	-171.683267
-207.038431	117.414625	-171.947284
-207.363186	117.199931	-172.216996
-207.694798	116.980704	-172.492402
-208.033266	116.756944	-172.773504
-208.186595	116.655579	-172.900844
-208.346780	116.549681	-173.033879
-208.513822	116.439250	-173.172610
-208.687722	116.324286	-173.317035
-208.868478	116.204788	-173.467155
-209.056092	116.080758	-173.622969
-209.250563	115.952194	-173.784479
-209.451890	115.819097	-173.951683
-209.660075	115.681467	-174.124583
-209.875117	115.539303	-174.303177
-210.097015	115.392607	-174.487466
-210.325771	115.241377	-174.677450
-210.561384	115.085615	-174.873128
-210.803854	114.925319	-175.074502
-211.053181	114.760489	-175.281570
-211.309365	114.591127	-175.494333
-211.572406	114.417232	-175.712791
-211.842305	114.238803	-175.936944
-212.119060	114.055841	-176.166792
-212.402672	113.868346	-176.402334
-212.693141	113.676318	-176.643572
-212.990468	113.479757	-176.890504
-213.294651	113.278662	-177.143131
-213.605692	113.073034	-177.401453
-213.923589	112.862874	-177.665470
-214.248344	112.648179	-177.935181
-214.579955	112.428952	-178.210588
-214.918424	112.205192	-178.491689
-215.071752	112.103827	-178.619030
-215.231938	111.997929	-178.752065
-215.398980	111.887498	-178.890795
-215.572880	111.772534	-179.035220
-215.753636	111.653036	-179.185340
-215.941250	111.529006	-179.341155
-216.135720	111.400442	-179.502665
-216.337048	111.267345	-179.669869
-216.545233	111.129715	-179.842768
-216.760274	110.987552	-180.021362
-216.982173	110.840855	-180.205651
-217.210929	110.689625	-180.395635
-217.446542	110.533863	-180.591314
-217.689012	110.373567	-180.792687
-217.938339	110.208738	-180.999756
-218.194523	110.039375	-181.212519
-218.457564	109.865480	-181.430977
-218.727462	109.687051	-181.655130
-219.004217	109.504089	-181.884977
-219.287830	109.316594	-182.120520
-219.578299	109.124566	-182.361757
-219.875625	108.928005	-182.608690
-220.179809	108.726910	-182.861317
-220.490849	108.521282	-183.119639
-220.808747	108.311122	-183.383655
-221.133501	108.096428	-183.653367
-221.465113	107.877200	-183.928773
-221.803582	107.653440	-184.209875
-221.956910	107.552075	-184.337215
-222.117095	107.446177	-184.470251
-222.284138	107.335746	-184.608981
-222.458037	107.220782	-184.753406
-222.638794	107.101284	-184.903526
-222.826407	106.977254	-185.059340
-223.020878	106.848690	-185.220850
-223.222206	106.715593	-185.388055
-223.430390	106.577963	-185.560954
-223.645432	106.435800	-185.739548
-223.867331	106.289103	-185.923837
-224.096087	106.137874	-186.113821
-224.331700	105.982111	-186.309499
-224.574170	105.821815	-186.510873
-224.823497	105.656986	-186.717941
-225.079681	105.487623	-186.930704
-225.342722	105.313728	-187.149162
-225.612620	105.135299	-187.373315
-225.889375	104.952337	-187.603163
-226.172987	104.764842	-187.838705
-226.463457	104.572814	-188.079943
-226.760783	104.376253	-188.326875
-227.064966	104.175158	-188.579502
-227.376007	103.969531	-188.837824
-227.693904	103.759370	-189.101841
-228.018659	103.544676	-189.371552
-228.350271	103.325448	-189.646959
-228.688739	103.101688	-189.928060
-228.842068	103.000323	-190.055401
-229.002253	102.894425	-190.188436
-229.169295	102.783994	-190.327166
-229.343195	102.669030	-190.471591
-229.523951	102.549533	-190.621711
-229.711565	102.425502	-190.777526
-229.906036	102.296938	-190.939036
-230.107363	102.163841	-191.106240
-230.315548	102.026211	-191.279139
-230.530590	101.884048	-191.457733
-230.752488	101.737351	-191.642022
-230.981244	101.586122	-191.832006
-231.216857	101.430359	-192.027685
-231.459327	101.270063	-192.229058
-231.708654	101.105234	-192.436127
-231.964838	100.935871	-192.648890
-232.227879	100.761976	-192.867348
-232.497778	100.583547	-193.091501
-232.774533	100.400585	-193.321348
-233.058145	100.213090	-193.556891
-233.348614	100.021062	-193.798128
-233.645941	99.824501	-194.045061
-233.950124	99.623406	-194.297688
-234.261165	99.417779	-194.556010
-234.579062	99.207618	-194.820026
-234.903817	98.992924	-195.089738
-235.235428	98.773697	-195.365144
-235.573897	98.549936	-195.646246
-235.727225	98.448571	-195.773586
-235.887411	98.342674	-195.906622
-236.054453	98.232242	-196.045352
-236.228352	98.117278	-196.189777
-236.409109	97.997781	-196.339897
-236.596723	97.873750	-196.495712
-236.791193	97.745186	-196.657221
-236.992521	97.612089	-196.824426
-237.200706	97.474459	-196.997325
-237.415747	97.332296	-197.175919
-237.637646	97.185599	-197.360208
-237.866402	97.034370	-197.550192
-238.102015	96.878607	-197.745870
-238.344485	96.718311	-197.947244
-238.593812	96.553482	-198.154312
-238.849996	96.384119	-198.367075
-239.113037	96.210224	-198.585533
-239.382935	96.031795	-198.809686
-239.659690	95.848834	-199.039534
-239.943303	95.661339	-199.275076
-240.233772	95.469310	-199.516314
-240.531098	95.272749	-199.763246
-240.835282	95.071654	-200.015873
-241.146322	94.866027	-200.274195
-241.464220	94.655866	-200.538212
-241.788974	94.441172	-200.807923
-242.120586	94.221945	-201.083330
-242.459055	93.998184	-201.364431
-242.612383	93.896820	-201.491772
-242.772568	93.790922	-201.624807
-242.939611	93.680491	-201.763537
-243.113510	93.565526	-201.907962
-243.294267	93.446029	-202.058082
-243.481880	93.321998	-202.213897
-243.676351	93.193434	-202.375407
-243.877678	93.060337	-202.542611
-244.085863	92.922707	-202.715510
-244.300905	92.780544	-202.894104
