-5.143048	229.378348	45.637811
-5.145919	229.284052	45.627792
-5.149790	229.185248	45.626643
-5.154662	229.081939	45.634365
-5.160536	228.974125	45.650959
-5.167413	228.861809	45.676425
-5.175294	228.744991	45.710764
-5.184180	228.623674	45.753977
-5.194071	228.497859	45.806065
-5.204969	228.367547	45.867027
-5.216874	228.232740	45.936866
-5.229787	228.093440	46.015581
-5.243709	227.949648	46.103173
-5.258640	227.801366	46.199644
-5.274582	227.648596	46.304993
-5.291536	227.491338	46.419221
-5.309502	227.329594	46.542329
-5.328481	227.163367	46.674319
-5.348474	226.992657	46.815189
-5.369482	226.817466	46.964942
-5.391505	226.637796	47.123577
-5.414545	226.453648	47.291096
-5.438602	226.265025	47.467500
-5.463677	226.071926	47.652788
-5.489770	225.874355	47.846961
-5.516883	225.672312	48.050022
-5.545017	225.465799	48.261969
-5.574172	225.254818	48.482804
-5.604348	225.039371	48.712527
-5.635548	224.819458	48.951139
-5.667771	224.595082	49.198642
-5.701018	224.366243	49.455035
-5.735290	224.132945	49.720319
-5.770587	223.895188	49.994495
-5.806912	223.652973	50.277564
-5.844263	223.406303	50.569527
-5.882642	223.155180	50.870383
-5.922050	222.899603	51.180134
-5.962487	222.639577	51.498781
-6.003954	222.375101	51.826325
-6.046452	222.106177	52.162765
-6.089981	221.832808	52.508103
-6.134542	221.554994	52.862340
-6.180136	221.272738	53.225476
-6.226764	220.986040	53.597511
-6.274425	220.694904	53.978448
-6.323121	220.399329	54.368286
-6.345297	220.265554	54.546085
-6.368507	220.127343	54.732786
-6.392754	219.984698	54.928390
-6.418037	219.837619	55.132898
-6.444357	219.686106	55.346309
-6.471713	219.530161	55.568623
-6.500106	219.369785	55.799842
-6.529537	219.204977	56.039966
-6.560005	219.035739	56.288994
-6.591511	218.862071	56.546927
-6.624055	218.683975	56.813766
-6.657637	218.501450	57.089511
-6.692258	218.314499	57.374162
-6.727918	218.123120	57.667719
-6.764617	217.927316	57.970183
-6.802355	217.727086	58.281555
-6.841133	217.522433	58.601834
-6.880951	217.313355	58.931021
-6.921809	217.099855	59.269116
-6.963708	216.881933	59.616120
-7.006647	216.659589	59.972032
-7.050627	216.432825	60.336854
-7.095648	216.201640	60.710585
-7.141711	215.966037	61.093226
-7.188815	215.726015	61.484778
-7.236961	215.481576	61.885240
-7.286148	215.232719	62.294613
-7.336379	214.979447	62.712898
-7.359239	214.864556	62.903364
-7.383142	214.745250	63.102743
-7.408087	214.621530	63.311033
-7.434075	214.493395	63.528236
-7.461106	214.360846	63.754350
-7.489181	214.223884	63.989378
-7.518298	214.082508	64.233318
-7.548458	213.936719	64.486170
-7.579662	213.786518	64.747936
-7.611910	213.631904	65.018614
-7.645200	213.472878	65.298206
-7.679535	213.309441	65.586711
-7.714913	213.141592	65.884130
-7.751334	212.969333	66.190463
-7.788800	212.792663	66.505709
-7.827310	212.611583	66.829870
-7.866863	212.426092	67.162944
-7.907461	212.236193	67.504933
-7.949103	212.041884	67.855837
-7.991790	211.843166	68.215655
-8.035520	211.640040	68.584388
-8.080296	211.432506	68.962036
-8.126116	211.220563	69.348599
-8.172980	211.004214	69.744078
-8.220889	210.783457	70.148472
-8.269844	210.558294	70.561781
-8.319843	210.328724	70.984007
-8.370887	210.094748	71.415148
-8.394035	209.988814	71.610704
-8.418228	209.878475	71.815177
-8.443466	209.763730	72.028565
-8.469749	209.644580	72.250870
-8.497078	209.521025	72.482092
-8.525452	209.393065	72.722230
-8.554871	209.260700	72.971284
-8.585335	209.123931	73.229255
-8.616845	208.982757	73.496143
-8.649401	208.837179	73.771948
-8.683001	208.687197	74.056670
-8.717648	208.532811	74.350308
-8.753340	208.374021	74.652864
-8.790077	208.210828	74.964337
-8.827860	208.043231	75.284727
-8.866689	207.871230	75.614034
-8.906563	207.694827	75.952258
-8.947483	207.514021	76.299400
-8.989449	207.328811	76.655459
-9.032460	207.139199	77.020436
-9.076518	206.945185	77.394331
-9.121621	206.746768	77.777143
-9.167770	206.543949	78.168873
-9.214965	206.336728	78.569521
-9.263206	206.125105	78.979087
-9.312492	205.909080	79.397571
-9.362825	205.688654	79.824973
-9.414204	205.463827	80.261293
-9.437485	205.362029	80.459018
-9.461813	205.255830	80.665661
-9.487186	205.145230	80.881223
-9.513606	205.030229	81.105703
-9.541071	204.910827	81.339101
-9.569583	204.787024	81.581418
-9.599141	204.658821	81.832653
-9.629745	204.526217	82.092807
-9.661395	204.389212	82.361879
-9.694092	204.247806	82.639870
-9.727834	204.102001	82.926780
-9.762623	203.951794	83.222608
-9.798458	203.797188	83.527354
-9.835340	203.638181	83.841020
-9.873267	203.474774	84.163604
-9.912241	203.306966	84.495106
-9.952261	203.134759	84.835528
-9.993328	202.958152	85.184869
-10.035440	202.777145	85.543128
-10.078599	202.591738	85.910306
-10.122805	202.401931	86.286403
-10.168056	202.207725	86.671420
-10.214354	202.009119	87.065355
-10.261699	201.806114	87.468209
-10.310090	201.598709	87.879982
-10.359527	201.386905	88.300675
-10.410010	201.170701	88.730286
-10.461540	200.950098	89.168817
-10.484886	200.850192	89.367497
-10.509277	200.745886	89.575096
-10.534716	200.637181	89.791614
-10.561200	200.524077	90.017051
-10.588731	200.406574	90.251408
-10.617309	200.284672	90.494684
-10.646933	200.158371	90.746880
-10.677603	200.027671	91.007994
-10.709320	199.892572	91.278028
-10.742084	199.753075	91.556982
-10.775894	199.609178	91.844855
-10.810750	199.460883	92.141647
-10.846653	199.308190	92.447359
-10.883602	199.151097	92.761990
-10.921598	198.989606	93.085540
-10.960641	198.823716	93.418010
-11.000730	198.653428	93.759400
-11.041865	198.478741	94.109709
-11.084047	198.299655	94.468937
-11.127276	198.116171	94.837085
-11.171551	197.928289	95.214153
-11.216872	197.736008	95.600140
-11.263240	197.539329	95.995047
-11.310655	197.338251	96.398873
-11.359116	197.132775	96.811619
-11.408624	196.922901	97.233285
-11.459178	196.708629	97.663870
-11.510779	196.489958	98.103375
-11.534155	196.390913	98.302482
-11.558578	196.287469	98.510508
-11.584048	196.179627	98.727454
-11.610564	196.067387	98.953320
-11.638126	195.950749	99.188106
-11.666735	195.829712	99.431811
-11.696391	195.704278	99.684436
-11.727093	195.574445	99.945981
-11.758842	195.440215	100.216445
-11.791638	195.301586	100.495830
-11.825480	195.158560	100.784134
-11.860368	195.011135	101.081358
-11.896304	194.859313	101.387501
-11.933286	194.703092	101.702564
-11.971314	194.542474	102.026548
-12.010389	194.377458	102.359451
-12.050511	194.208043	102.701273
-12.091679	194.034231	103.052016
-12.133894	193.856021	103.411678
-12.177156	193.673413	103.780260
-12.221464	193.486407	104.157762
-12.266819	193.295004	104.544184
-12.313220	193.099202	104.939526
-12.360668	192.899003	105.343788
-12.409163	192.694406	105.756969
-12.458704	192.485411	106.179070
-12.509292	192.272018	106.610092
-12.560926	192.054228	107.050033
-12.584317	191.955574	107.249332
-12.608755	191.852522	107.457551
-12.634239	191.745073	107.674691
-12.660770	191.633226	107.900750
-12.688348	191.516981	108.135729
-12.716972	191.396338	108.379628
-12.746643	191.271298	108.632446
-12.777361	191.141860	108.894185
-12.809125	191.008024	109.164844
-12.841936	190.869791	109.444422
-12.875793	190.727160	109.732921
-12.910697	190.580132	110.030339
-12.946648	190.428706	110.336678
-12.983645	190.272882	110.651936
-13.021689	190.112660	110.976114
-13.060780	189.948041	111.309213
-13.100917	189.779025	111.651231
-13.142101	189.605610	112.002169
-13.184332	189.427799	112.362027
-13.227609	189.245589	112.730805
-13.271933	189.058982	113.108503
-13.317303	188.867978	113.495121
-13.363720	188.672575	113.890659
-13.411184	188.472776	114.295117
-13.459695	188.268579	114.708495
-13.509252	188.059984	115.130793
-13.559856	187.846991	115.562011
-13.611506	187.629602	116.002149
-13.634904	187.531126	116.201536
-13.659349	187.428252	116.409842
-13.684841	187.320981	116.627069
-13.711379	187.209313	116.853215
-13.738963	187.093246	117.088282
-13.767595	186.972783	117.332269
-13.797273	186.847922	117.585175
-13.827998	186.718663	117.847002
-13.859769	186.585007	118.117748
-13.892587	186.446954	118.397415
-13.926452	186.304503	118.686002
-13.961363	186.157654	118.983508
-13.997321	186.006408	119.289935
-14.034326	185.850765	119.605282
-14.072377	185.690724	119.929548
-14.111475	185.526286	120.262735
-14.151620	185.357450	120.604842
-14.192811	185.184217	120.955869
-14.235049	185.006586	121.315815
-14.278334	184.824558	121.684682
-14.322665	184.638132	122.062469
-14.368043	184.447309	122.449176
-14.414468	184.252089	122.844803
-14.461939	184.052471	123.249350
-14.510457	183.848455	123.662817
-14.560022	183.640042	124.085204
-14.610633	183.427232	124.516511
-14.662291	183.210024	124.956738
-14.685693	183.111629	125.156164
-14.710141	183.008837	125.364510
-14.735636	182.901647	125.581777
-14.762177	182.790060	125.807963
-14.789765	182.674075	126.043069
-14.818400	182.553693	126.287096
-14.848081	182.428913	126.540042
-14.878810	182.299736	126.801909
-14.910584	182.166162	127.072695
-14.943406	182.028190	127.352402
-14.977274	181.885821	127.641028
-15.012189	181.739055	127.938575
-15.048150	181.587891	128.245042
-15.085158	181.432329	128.560429
-15.123213	181.272371	128.884735
-15.162315	181.108014	129.217962
-15.202463	180.939261	129.560109
-15.243658	180.766110	129.911176
-15.285899	180.588561	130.271163
-15.329187	180.406616	130.640070
-15.373522	180.220273	131.017898
-15.418904	180.029532	131.404645
-15.465332	179.834394	131.800312
-15.512807	179.634859	132.204899
-15.561328	179.430926	132.618407
-15.610897	179.222596	133.040834
-15.661511	179.009869	133.472182
-15.713173	178.792744	133.912449
-15.736576	178.694386	134.111894
-15.761026	178.591630	134.320258
-15.786522	178.484477	134.537542
-15.813065	178.372927	134.763746
-15.840655	178.256979	134.998871
-15.869291	178.136634	135.242915
-15.898974	178.011892	135.495880
-15.929704	177.882752	135.757764
-15.961480	177.749215	136.028569
-15.994303	177.611280	136.308294
-16.028173	177.468948	136.596939
-16.063090	177.322219	136.894503
-16.099053	177.171092	137.200988
-16.136062	177.015568	137.516393
-16.174119	176.855647	137.840718
-16.213222	176.691328	138.173964
-16.253372	176.522612	138.516129
-16.294568	176.349498	138.867214
-16.336811	176.171987	139.227219
-16.380101	175.990079	139.596145
-16.424438	175.803774	139.973990
-16.469821	175.613071	140.360756
-16.516251	175.417970	140.756442
-16.563727	175.218473	141.161047
-16.612250	175.014578	141.574573
-16.661820	174.806285	141.997019
-16.712437	174.593595	142.428385
-16.764100	174.376508	142.868671
-16.787504	174.278167	143.068123
-16.811954	174.175428	143.276496
-16.837451	174.068292	143.493788
-16.863995	173.956758	143.720001
-16.891585	173.840828	143.955133
-16.920223	173.720499	144.199186
-16.949906	173.595774	144.452159
-16.980637	173.466651	144.714051
-17.012414	173.333130	144.984864
-17.045238	173.195213	145.264597
-17.079108	173.052898	145.553250
-17.114025	172.906186	145.850824
-17.149989	172.755076	146.157317
-17.187000	172.599569	146.472730
-17.225057	172.439664	146.797063
-17.264161	172.275363	147.130317
-17.304311	172.106664	147.472490
-17.345509	171.933567	147.823584
-17.387753	171.756073	148.183598
-17.431043	171.574182	148.552531
-17.475380	171.387894	148.930385
-17.520764	171.197208	149.317159
-17.567195	171.002125	149.712853
-17.614672	170.802644	150.117467
-17.663196	170.598766	150.531001
-17.712767	170.390491	150.953456
-17.763384	170.177818	151.384830
-17.815048	169.960749	151.825124
-17.838452	169.862415	152.024580
-17.862903	169.759684	152.232957
-17.888400	169.652555	152.450253
-17.914945	169.541029	152.676469
-17.942535	169.425106	152.911605
-17.971173	169.304785	153.155662
-18.000857	169.180067	153.408638
-18.031588	169.050952	153.670535
-18.063365	168.917440	153.941352
-18.096189	168.779530	154.221088
-18.130060	168.637222	154.509745
-18.164978	168.490518	154.807322
-18.200942	168.339416	155.113819
-18.237953	168.183917	155.429236
-18.276010	168.024020	155.753573
-18.315115	167.859726	156.086830
-18.355266	167.691035	156.429008
-18.396463	167.517946	156.780105
-18.438707	167.340460	157.140123
-18.481998	167.158577	157.509060
-18.526336	166.972296	157.886918
-18.571720	166.781618	158.273696
-18.618151	166.586542	158.669393
-18.665629	166.387070	159.074011
-18.714153	166.183200	159.487549
-18.763724	165.974932	159.910007
-18.814342	165.762267	160.341385
-18.866006	165.545205	160.781684
-18.889410	165.446875	160.981141
-18.913861	165.344147	161.189519
-18.939359	165.237022	161.406817
-18.965903	165.125500	161.633035
-18.993494	165.009580	161.868173
-19.022132	164.889263	162.112231
-19.051816	164.764549	162.365209
-19.082547	164.635437	162.627108
-19.114325	164.501928	162.897926
-19.147149	164.364022	163.177665
-19.181020	164.221718	163.466323
-19.215938	164.075017	163.763902
-19.251902	163.923918	164.070400
-19.288913	163.768422	164.385819
-19.326971	163.608529	164.710158
-19.366075	163.444239	165.043417
-19.406226	163.275551	165.385596
-19.447424	163.102466	165.736695
-19.489669	162.924984	166.096714
-19.532960	162.743104	166.465654
-19.577297	162.556827	166.843513
-19.622682	162.366152	167.230293
-19.669113	162.171080	167.625992
-19.716591	161.971611	168.030612
-19.765115	161.767745	168.444151
-19.814686	161.559481	168.866611
-19.865304	161.346820	169.297991
-19.916969	161.129761	169.738291
-19.940373	161.031432	169.937749
-19.964824	160.928706	170.146128
-19.990322	160.821583	170.363427
-20.016866	160.710062	170.589645
-20.044457	160.594144	170.824784
-20.073095	160.473828	171.068843
-20.102779	160.349116	171.321822
-20.133510	160.220005	171.583721
-20.165288	160.086498	171.854540
-20.198113	159.948593	172.134280
-20.231984	159.806291	172.422939
-20.266901	159.659591	172.720518
-20.302866	159.508495	173.027018
-20.339877	159.353000	173.342437
-20.377935	159.193109	173.666777
-20.417039	159.028820	174.000037
-20.457190	158.860134	174.342217
-20.498388	158.687050	174.693317
-20.540633	158.509570	175.053337
-20.583924	158.327691	175.422277
-20.628262	158.141416	175.800137
-20.673646	157.950743	176.186917
-20.720077	157.755673	176.582617
-20.767555	157.556205	176.987238
-20.816080	157.352340	177.400778
-20.865651	157.144078	177.823239
-20.916269	156.931419	178.254620
-20.967934	156.714362	178.694920
-20.991338	156.616034	178.894379
-21.015789	156.513308	179.102758
-21.041287	156.406186	179.320057
-21.067831	156.294665	179.546276
-21.095422	156.178748	179.781415
-21.124060	156.058433	180.025475
-21.153744	155.933721	180.278454
-21.184475	155.804612	180.540353
-21.216253	155.671105	180.811173
-21.249078	155.533201	181.090913
-21.282949	155.390900	181.379572
-21.317867	155.244201	181.677152
-21.353831	155.093105	181.983652
-21.390842	154.937611	182.299072
-21.428900	154.777721	182.623412
-21.468005	154.613432	182.956672
-21.508156	154.444747	183.298852
-21.549354	154.271664	183.649952
-21.591598	154.094184	184.009973
-21.634889	153.912307	184.378913
-21.679227	153.726032	184.756774
-21.724612	153.535360	185.143554
-21.771043	153.340290	185.539255
-21.818521	153.140824	185.943876
-21.867046	152.936959	186.357417
-21.916617	152.728698	186.779878
-21.967235	152.516039	187.211259
-22.018899	152.298983	187.651560
-22.042304	152.200655	187.851019
-22.066755	152.097930	188.059398
-22.092253	151.990808	188.276697
-22.118797	151.879288	188.502916
-22.146388	151.763371	188.738056
-22.175026	151.643057	188.982115
-22.204710	151.518345	189.235094
-22.235441	151.389236	189.496994
-22.267219	151.255729	189.767814
-22.300044	151.117826	190.047554
-22.333915	150.975525	190.336213
-22.368833	150.828826	190.633793
-22.404797	150.677730	190.940293
-22.441808	150.522237	191.255713
-22.479866	150.362347	191.580054
-22.518971	150.198059	191.913314
-22.559122	150.029374	192.255494
-22.600320	149.856292	192.606595
-22.642564	149.678812	192.966615
-22.685855	149.496935	193.335556
-22.730193	149.310660	193.713416
-22.775578	149.119988	194.100197
-22.822009	148.924919	194.495898
-22.869487	148.725453	194.900519
-22.918012	148.521589	195.314060
-22.967583	148.313328	195.736521
-23.018201	148.100669	196.167902
-23.069866	147.883614	196.608204
-23.093270	147.785286	196.807663
-23.117721	147.682561	197.016042
-23.143219	147.575439	197.233341
-23.169763	147.463919	197.459560
-23.197354	147.348002	197.694700
-23.225992	147.227688	197.938759
-23.255677	147.102977	198.191739
-23.286408	146.973868	198.453639
-23.318185	146.840361	198.724458
-23.351010	146.702458	199.004198
-23.384881	146.560157	199.292858
-23.419799	146.413459	199.590438
-23.455763	146.262363	199.896938
-23.492775	146.106870	200.212358
-23.530832	145.946980	200.536699
-23.569937	145.782692	200.869959
-23.610088	145.614007	201.212139
-23.651286	145.440925	201.563240
-23.693531	145.263445	201.923260
-23.736822	145.081568	202.292201
-23.781160	144.895294	202.670062
-23.826544	144.704622	203.056843
-23.872976	144.509553	203.452544
-23.920454	144.310087	203.857165
-23.968978	144.106223	204.270706
-24.018549	143.897962	204.693167
-24.069167	143.685304	205.124548
-24.120832	143.468249	205.564850
-24.144236	143.369921	205.764309
-24.168688	143.267196	205.972688
-24.194185	143.160074	206.189987
-24.220730	143.048555	206.416207
-24.248321	142.932638	206.651346
-24.276959	142.812324	206.895406
-24.306643	142.687612	207.148385
-24.337374	142.558503	207.410285
-24.369152	142.424997	207.681105
-24.401976	142.287093	207.960845
-24.435848	142.144793	208.249504
-24.470765	141.998094	208.547085
-24.506730	141.846999	208.853585
-24.543741	141.691506	209.169005
-24.581799	141.531616	209.493345
-24.620903	141.367328	209.826606
-24.661055	141.198643	210.168786
-24.702253	141.025561	210.519887
-24.744497	140.848082	210.879907
-24.787788	140.666205	211.248848
-24.832126	140.479930	211.626709
-24.877511	140.289259	212.013490
-24.923942	140.094190	212.409190
-24.971420	139.894724	212.813812
-25.019945	139.690860	213.227353
-25.069516	139.482599	213.649814
-25.120134	139.269941	214.081195
-25.171799	139.052885	214.521497
-25.195203	138.954558	214.720956
-25.219654	138.851833	214.929335
-25.245152	138.744711	215.146634
-25.271696	138.633192	215.372854
-25.299287	138.517275	215.607993
-25.327925	138.396961	215.852053
-25.357610	138.272249	216.105032
-25.388341	138.143140	216.366932
-25.420118	138.009634	216.637752
-25.452943	137.871731	216.917492
-25.486814	137.729430	217.206152
-25.521732	137.582732	217.503732
-25.557696	137.431636	217.810232
-25.594708	137.276143	218.125652
-25.632765	137.116253	218.449992
-25.671870	136.951966	218.783253
-25.712021	136.783281	219.125433
-25.753219	136.610199	219.476534
-25.795464	136.432719	219.836554
-25.838755	136.250842	220.205495
-25.883093	136.064568	220.583356
-25.928477	135.873896	220.970137
-25.974909	135.678828	221.365838
-26.022387	135.479361	221.770459
-26.070911	135.275498	222.184000
-26.120483	135.067237	222.606461
-26.171101	134.854579	223.037843
-26.222765	134.637523	223.478144
-26.246170	134.539196	223.677603
-26.270621	134.436471	223.885982
-26.296118	134.329349	224.103282
-26.322663	134.217829	224.329501
-26.350254	134.101913	224.564641
-26.378892	133.981598	224.808700
-26.408576	133.856887	225.061680
-26.439307	133.727778	225.323579
-26.471085	133.594272	225.594399
-26.503910	133.456369	225.874139
-26.537781	133.314068	226.162799
-26.572699	133.167370	226.460379
-26.608663	133.016274	226.766879
-26.645674	132.860781	227.082300
-26.683732	132.700891	227.406640
-26.722837	132.536604	227.739900
-26.762988	132.367919	228.082081
-26.804186	132.194837	228.433181
-26.846430	132.017357	228.793202
-26.889722	131.835480	229.162143
-26.934059	131.649206	229.540004
-26.979444	131.458535	229.926784
-27.025875	131.263466	230.322485
-27.073353	131.064000	230.727106
-27.121878	130.860136	231.140648
-27.171449	130.651875	231.563109
-27.222067	130.439217	231.994490
-27.273732	130.222161	232.434792
-27.297136	130.123834	232.634251
-27.321587	130.021109	232.842630
-27.347085	129.913987	233.059929
-27.373629	129.802468	233.286149
-27.401221	129.686551	233.521288
-27.429858	129.566237	233.765348
-27.459543	129.441525	234.018327
-27.490274	129.312416	234.280227
-27.522052	129.178910	234.551047
-27.554876	129.041007	234.830787
-27.588747	128.898706	235.119447
-27.623665	128.752008	235.417027
-27.659630	128.600912	235.723527
-27.696641	128.445420	236.038947
-27.734699	128.285529	236.363288
-27.773803	128.121242	236.696548
-27.813954	127.952557	237.038728
-27.855152	127.779475	237.389829
-27.897397	127.601996	237.749850
-27.940688	127.420119	238.118790
-27.985026	127.233844	238.496651
-28.030411	127.043173	238.883432
-28.076842	126.848104	239.279133
-28.124320	126.648638	239.683754
-28.172845	126.444774	240.097295
-28.222416	126.236514	240.519757
-28.273034	126.023855	240.951138
-28.324698	125.806800	241.391439
-28.348103	125.708472	241.590898
-28.372554	125.605748	241.799278
-28.398052	125.498626	242.016577
-28.424596	125.387106	242.242796
-28.452187	125.271189	242.477936
-28.480825	125.150875	242.721995
-28.510509	125.026164	242.974975
-28.541241	124.897055	243.236875
-28.573018	124.763549	243.507695
-28.605843	124.625645	243.787435
-28.639714	124.483345	244.076094
-28.674632	124.336646	244.373675
-28.710596	124.185551	244.680175
-28.747607	124.030058	244.995595
-28.785665	123.870168	245.319935
-28.824770	123.705880	245.653196
-28.864921	123.537196	245.995376
-28.906119	123.364113	246.346477
-28.948364	123.186634	246.706497
-28.991655	123.004757	247.075438
-29.035993	122.818483	247.453299
-29.081377	122.627811	247.840080
-29.127809	122.432743	248.235781
-29.175287	122.233276	248.640402
-29.223811	122.029413	249.053943
-29.273382	121.821152	249.476404
-29.324000	121.608494	249.907786
-29.375665	121.391438	250.348087
-29.399069	121.293111	250.547546
-29.423521	121.190386	250.755925
-29.449018	121.083264	250.973225
-29.475563	120.971745	251.199444
-29.503154	120.855828	251.434584
-29.531792	120.735514	251.678643
-29.561476	120.610802	251.931623
-29.592207	120.481693	252.193523
-29.623985	120.348187	252.464342
-29.656809	120.210284	252.744082
-29.690681	120.067983	253.032742
-29.725598	119.921285	253.330322
-29.761563	119.770189	253.636822
-29.798574	119.614697	253.952243
-29.836632	119.454806	254.276583
-29.875736	119.290519	254.609843
-29.915888	119.121834	254.952024
-29.957086	118.948752	255.303124
-29.999330	118.771273	255.663145
-30.042621	118.589396	256.032086
-30.086959	118.403121	256.409947
-30.132344	118.212450	256.796728
-30.178775	118.017381	257.192429
-30.226253	117.817915	257.597050
-30.274778	117.614051	258.010591
-30.324349	117.405791	258.433052
-30.374967	117.193132	258.864433
-30.426632	116.976077	259.304735
-30.450036	116.877749	259.504194
-30.474487	116.775025	259.712573
-30.499985	116.667903	259.929872
-30.526529	116.556383	260.156092
-30.554120	116.440466	260.391231
-30.582758	116.320152	260.635291
-30.612443	116.195441	260.888271
-30.643174	116.066332	261.150170
-30.674952	115.932826	261.420990
-30.707776	115.794922	261.700730
-30.741647	115.652622	261.989390
-30.776565	115.505923	262.286970
-30.812530	115.354828	262.593470
-30.849541	115.199335	262.908890
-30.887599	115.039445	263.233231
-30.926703	114.875158	263.566491
-30.966854	114.706473	263.908672
-31.008052	114.533391	264.259772
-31.050297	114.355911	264.619793
-31.093588	114.174034	264.988734
-31.137926	113.987760	265.366594
-31.183311	113.797089	265.753375
-31.229742	113.602020	266.149076
-31.277220	113.402554	266.553697
-31.325744	113.198690	266.967239
-31.375316	112.990429	267.389700
-31.425934	112.777771	267.821081
-31.477598	112.560715	268.261383
-31.501003	112.462388	268.460842
-31.525454	112.359663	268.669221
-31.550952	112.252541	268.886520
-31.577496	112.141022	269.112740
-31.605087	112.025105	269.347879
-31.633725	111.904791	269.591939
-31.663409	111.780079	269.844918
-31.694140	111.650971	270.106818
-31.725918	111.517464	270.377638
-31.758743	111.379561	270.657378
-31.792614	111.237260	270.946038
-31.827532	111.090562	271.243618
-31.863496	110.939467	271.550118
-31.900507	110.783974	271.865538
-31.938565	110.624084	272.189879
-31.977670	110.459796	272.523139
-32.017821	110.291111	272.865319
-32.059019	110.118029	273.216420
-32.101263	109.940550	273.576441
-32.144555	109.758673	273.945381
-32.188893	109.572399	274.323242
-32.234277	109.381727	274.710023
-32.280708	109.186658	275.105724
-32.328186	108.987192	275.510345
-32.376711	108.783329	275.923886
-32.426282	108.575068	276.346348
-32.476900	108.362410	276.777729
-32.528565	108.145354	277.218030
-32.551969	108.047027	277.417490
-32.576420	107.944302	277.625869
-32.601918	107.837180	277.843168
-32.628463	107.725660	278.069387
-32.656054	107.609743	278.304527
-32.684691	107.489429	278.548586
-32.714376	107.364718	278.801566
-32.745107	107.235609	279.063466
-32.776885	107.102103	279.334286
-32.809709	106.964200	279.614026
-32.843580	106.821899	279.902686
-32.878498	106.675201	280.200266
-32.914463	106.524105	280.506766
-32.951474	106.368612	280.822186
-32.989532	106.208722	281.146526
-33.028636	106.044435	281.479787
-33.068788	105.875750	281.821967
-33.109985	105.702668	282.173068
-33.152230	105.525188	282.533088
-33.195521	105.343311	282.902029
-33.239859	105.157037	283.279890
-33.285244	104.966366	283.666671
-33.331675	104.771297	284.062372
-33.379153	104.571831	284.466993
-33.427678	104.367967	284.880534
-33.477249	104.159706	285.302995
-33.527867	103.947048	285.734377
-33.579532	103.729993	286.174678
-33.602936	103.631665	286.374137
-33.627387	103.528940	286.582517
-33.652885	103.421818	286.799816
-33.679429	103.310299	287.026035
-33.707020	103.194382	287.261175
-33.735658	103.074068	287.505234
-33.765343	102.949356	287.758214
-33.796074	102.820248	288.020114
-33.827851	102.686742	288.290933
-33.860676	102.548838	288.570673
-33.894547	102.406537	288.859333
-33.929465	102.259839	289.156913
-33.965429	102.108744	289.463414
-34.002441	101.953251	289.778834
-34.040498	101.793361	290.103174
-34.079603	101.629073	290.436435
-34.119754	101.460388	290.778615
-34.160952	101.287306	291.129716
-34.203197	101.109827	291.489736
-34.246488	100.927950	291.858677
-34.290826	100.741676	292.236538
-34.336210	100.551004	292.623319
-34.382642	100.355935	293.019020
-34.430120	100.156469	293.423641
-34.478644	99.952606	293.837182
-34.528216	99.744345	294.259643
-34.578834	99.531687	294.691025
-34.630498	99.314631	295.131326
-34.653903	99.216304	295.330785
-34.678354	99.113579	295.539164
-34.703851	99.006457	295.756464
-34.730396	98.894937	295.982683
-34.757987	98.779021	296.217822
-34.786625	98.658706	296.461882
-34.816309	98.533995	296.714862
-34.847040	98.404886	296.976761
-34.878818	98.271380	297.247581
-34.911643	98.133477	297.527321
-34.945514	97.991176	297.815981
-34.980432	97.844478	298.113561
-35.016396	97.693382	298.420061
-35.053407	97.537889	298.735482
-35.091465	97.377999	299.059822
-35.130570	97.213712	299.393082
-35.170721	97.045027	299.735263
-35.211919	96.871945	300.086363
-35.254163	96.694465	300.446384
-35.297455	96.512588	300.815325
-35.341792	96.326314	301.193186
-35.387177	96.135643	301.579967
-35.433608	95.940574	301.975668
-35.481086	95.741108	302.380289
-35.529611	95.537244	302.793830
-35.579182	95.328983	303.216291
-35.629800	95.116325	303.647672
-35.681465	94.899270	304.087974
-35.704869	94.800942	304.287433
-35.729320	94.698218	304.495812
-35.754818	94.591095	304.713111
-35.781362	94.479576	304.939331
-35.808954	94.363659	305.174470
-35.837591	94.243345	305.418530
-35.867276	94.118634	305.671509
-35.898007	93.989525	305.933409
-35.929785	93.856019	306.204229
-35.962609	93.718115	306.483969
-35.996480	93.575814	306.772629
-36.031398	93.429116	307.070209
-36.067363	93.278021	307.376709
-36.104374	93.122528	307.692129
-36.142432	92.962638	308.016470
-36.181536	92.798350	308.349730
-36.221687	92.629666	308.691911
-36.262885	92.456583	309.043011
-36.305130	92.279104	309.403032
-36.348421	92.097227	309.771973
-36.392759	91.910953	310.149833
-36.438144	91.720281	310.536614
-36.484575	91.525213	310.932315
-36.532053	91.325746	311.336936
-36.580578	91.121883	311.750478
-36.630149	90.913622	312.172939
-36.680767	90.700964	312.604320
-36.732431	90.483908	313.044622
-36.755836	90.385581	313.244081
-36.780287	90.282856	313.452460
-36.805785	90.175734	313.669759
-36.832329	90.064215	313.895979
-36.859920	89.948298	314.131118
-36.888558	89.827984	314.375178
-36.918242	89.703272	314.628157
-36.948974	89.574163	314.890057
-36.980751	89.440657	315.160877
-37.013576	89.302754	315.440617
-37.047447	89.160453	315.729277
-37.082365	89.013755	316.026857
-37.118329	88.862659	316.333357
-37.155341	88.707167	316.648777
-37.193398	88.547276	316.973117
-37.232503	88.382989	317.306378
-37.272654	88.214304	317.648558
-37.313852	88.041222	317.999659
-37.356097	87.863742	318.359680
-37.399388	87.681866	318.728620
-37.443726	87.495591	319.106481
-37.489110	87.304920	319.493262
-37.535542	87.109851	319.888963
-37.583020	86.910385	320.293584
-37.631544	86.706521	320.707125
-37.681115	86.498261	321.129587
-37.731733	86.285602	321.560968
-37.783398	86.068547	322.001269
-37.806802	85.970219	322.200728
-37.831254	85.867495	322.409108
-37.856751	85.760373	322.626407
-37.883296	85.648853	322.852626
-37.910887	85.532936	323.087766
-37.939525	85.412622	323.331825
-37.969209	85.287911	323.584805
-37.999940	85.158802	323.846705
-38.031718	85.025296	324.117525
-38.064542	84.887392	324.397265
-38.098414	84.745092	324.685924
-38.133331	84.598393	324.983505
-38.169296	84.447298	325.290005
