36.357626	208.800660	-32.996995
36.345414	208.662167	-32.984013
36.339923	208.519475	-32.977130
36.341154	208.372585	-32.976347
36.349107	208.221500	-32.981664
36.363784	208.066223	-32.993082
36.385185	207.906756	-33.010601
36.413312	207.743101	-33.034221
36.448165	207.575262	-33.063945
36.489746	207.403240	-33.099770
36.538055	207.227038	-33.141700
36.593094	207.046658	-33.189733
36.654864	206.862103	-33.243872
36.723365	206.673375	-33.304115
36.798599	206.480477	-33.370464
36.880567	206.283410	-33.442919
36.969269	206.082179	-33.521481
37.064707	205.876784	-33.606151
37.166881	205.667229	-33.696929
37.275793	205.453515	-33.793815
37.391443	205.235646	-33.896810
37.513834	205.013624	-34.005915
37.642964	204.787451	-34.121131
37.778837	204.557130	-34.242457
37.921452	204.322663	-34.369895
38.070810	204.084053	-34.503445
38.226914	203.841302	-34.643107
38.389762	203.594413	-34.788883
38.559358	203.343388	-34.940772
38.735701	203.088229	-35.098776
38.918792	202.828940	-35.262894
39.108634	202.565522	-35.433128
39.305225	202.297978	-35.609479
39.508568	202.026311	-35.791946
39.718664	201.750523	-35.980530
39.935514	201.470617	-36.175232
40.159117	201.186595	-36.376053
40.389477	200.898459	-36.582993
40.626593	200.606213	-36.796053
40.870466	200.309859	-37.015233
41.121098	200.009398	-37.240534
41.378489	199.704835	-37.471956
41.642641	199.396171	-37.709501
41.913554	199.083408	-37.953169
42.191229	198.766550	-38.202959
42.475668	198.445599	-38.458874
42.603587	198.302816	-38.573982
42.738270	198.155944	-38.695215
42.879719	198.004984	-38.822573
43.027933	197.849936	-38.956057
43.182914	197.690802	-39.095666
43.344661	197.527584	-39.241401
43.513175	197.360282	-39.393263
43.688456	197.188897	-39.551251
43.870505	197.013432	-39.715367
44.059322	196.833885	-39.885609
44.254908	196.650260	-40.061979
44.457263	196.462557	-40.244477
44.666388	196.270776	-40.433102
44.882282	196.074921	-40.627856
45.104947	195.874990	-40.828739
45.334383	195.670986	-41.035751
45.570590	195.462910	-41.248891
45.813569	195.250763	-41.468162
46.063320	195.034546	-41.693562
46.319843	194.814260	-41.925092
46.583139	194.589906	-42.162752
46.853209	194.361486	-42.406543
47.130052	194.129001	-42.656465
47.413670	193.892451	-42.912518
47.704062	193.651839	-43.174703
48.001230	193.407164	-43.443020
48.305173	193.158429	-43.717469
48.615892	192.905635	-43.998050
48.933388	192.648782	-44.284764
49.075869	192.534141	-44.413437
49.225126	192.415444	-44.548243
49.381162	192.292691	-44.689183
49.543974	192.165883	-44.836256
49.713564	192.035019	-44.989462
49.889932	191.900100	-45.148802
50.073078	191.761128	-45.314277
50.263002	191.618102	-45.485885
50.459705	191.471023	-45.663627
50.663186	191.319892	-45.847503
50.873445	191.164709	-46.037514
51.090484	191.005474	-46.233660
51.314302	190.842189	-46.435940
51.544899	190.674853	-46.644354
51.782275	190.503467	-46.858904
52.026431	190.328032	-47.079589
52.277367	190.148548	-47.306409
52.535083	189.965016	-47.539365
52.799579	189.777437	-47.778455
53.070856	189.585810	-48.023682
53.348914	189.390136	-48.275044
53.633752	189.190416	-48.532543
53.925371	188.986651	-48.796177
54.223771	188.778840	-49.065947
54.528953	188.566986	-49.341854
54.840916	188.351087	-49.623897
55.159662	188.131144	-49.912077
55.485189	187.907159	-50.206394
55.633006	187.805728	-50.340042
55.787606	187.700255	-50.479826
55.948988	187.590740	-50.625748
56.117153	187.477183	-50.777806
56.292100	187.359585	-50.936002
56.473830	187.237945	-51.100335
56.662342	187.112265	-51.270806
56.857637	186.982544	-51.447413
57.059715	186.848783	-51.630159
57.268576	186.710981	-51.819041
57.484220	186.569139	-52.014062
57.706647	186.423258	-52.215219
57.935857	186.273337	-52.422515
58.171850	186.119377	-52.635948
58.414627	185.961379	-52.855519
58.664187	185.799341	-53.081228
58.920531	185.633265	-53.313075
59.183658	185.463150	-53.551060
59.453569	185.288998	-53.795183
59.730264	185.110808	-54.045444
60.013743	184.928580	-54.301844
60.304005	184.742315	-54.564381
60.601052	184.552013	-54.833057
60.904883	184.357675	-55.107872
61.215498	184.159300	-55.388825
61.532897	183.956888	-55.675916
61.857081	183.750441	-55.969146
62.188049	183.539958	-56.268515
62.338071	183.444673	-56.404215
62.494877	183.345354	-56.546053
62.658469	183.241999	-56.694030
62.828844	183.134609	-56.848146
63.006005	183.023184	-57.008400
63.189950	182.907723	-57.174794
63.380681	182.788229	-57.347327
63.578196	182.664699	-57.525998
63.782495	182.537135	-57.710809
63.993580	182.405536	-57.901758
64.211450	182.269903	-58.098847
64.436105	182.130235	-58.302075
64.667545	181.986534	-58.511442
64.905769	181.838798	-58.726948
65.150779	181.687028	-58.948593
65.402574	181.531225	-59.176377
65.661155	181.371388	-59.410301
65.926520	181.207517	-59.650364
66.198671	181.039613	-59.896566
66.477607	180.867676	-60.148908
66.763329	180.691705	-60.407389
67.055836	180.511701	-60.672009
67.355128	180.327664	-60.942769
67.661206	180.139594	-61.219669
67.974069	179.947492	-61.502707
68.293718	179.751356	-61.791886
68.620152	179.551188	-62.087204
68.953372	179.346988	-62.388661
69.104350	179.254524	-62.525248
69.262113	179.158027	-62.667975
69.426662	179.057498	-62.816841
69.597997	178.952936	-62.971847
69.776118	178.844343	-63.132993
69.961024	178.731717	-63.300278
70.152716	178.615060	-63.473703
70.351194	178.494371	-63.653268
70.556458	178.369649	-63.838973
70.768508	178.240896	-64.030817
70.987343	178.108111	-64.228801
71.212964	177.971294	-64.432925
71.445371	177.830446	-64.643189
71.684565	177.685566	-64.859593
71.930543	177.536654	-65.082136
72.183308	177.383711	-65.310819
72.442859	177.226736	-65.545642
72.709196	177.065730	-65.786605
72.982319	176.900693	-66.033708
73.262228	176.731624	-66.286951
73.548923	176.558524	-66.546334
73.842403	176.381393	-66.811857
74.142670	176.200230	-67.083519
74.449723	176.015037	-67.361322
74.763563	175.825812	-67.645264
75.084188	175.632556	-67.935347
75.411599	175.435270	-68.231570
75.745797	175.233952	-68.533932
75.897200	175.142774	-68.670913
76.055388	175.047565	-68.814034
76.220364	174.948325	-68.963295
76.392125	174.845054	-69.118695
76.570673	174.737753	-69.280236
76.756006	174.626421	-69.447917
76.948126	174.511058	-69.621739
77.147033	174.391664	-69.801700
77.352725	174.268240	-69.987801
77.565204	174.140785	-70.180043
77.784469	174.009300	-70.378424
78.010520	173.873784	-70.582946
78.243357	173.734237	-70.793608
78.482981	173.590660	-71.010410
78.729391	173.443053	-71.233352
78.982588	173.291415	-71.462434
79.242570	173.135746	-71.697656
79.509339	172.976048	-71.939019
79.782895	172.812318	-72.186522
80.063236	172.644559	-72.440164
80.350364	172.472769	-72.699948
80.644278	172.296948	-72.965871
80.944979	172.117098	-73.237934
81.252466	171.933217	-73.516138
81.566739	171.745305	-73.800482
81.887799	171.553364	-74.090966
82.215645	171.357392	-74.387591
82.550278	171.157391	-74.690355
82.701872	171.066798	-74.827513
82.860253	170.972175	-74.970810
83.025420	170.873522	-75.120248
83.197373	170.770839	-75.275827
83.376113	170.664126	-75.437545
83.561639	170.553383	-75.605404
83.753952	170.438609	-75.779403
83.953051	170.319806	-75.959542
84.158936	170.196972	-76.145822
84.371608	170.070109	-76.338242
84.591067	169.939215	-76.536802
84.817311	169.804292	-76.741502
85.050343	169.665338	-76.952343
85.290160	169.522354	-77.169324
85.536765	169.375341	-77.392445
85.790155	169.224297	-77.621707
86.050332	169.069224	-77.857109
86.317296	168.910120	-78.098651
86.591046	168.746987	-78.346333
86.871583	168.579823	-78.600156
87.158906	168.408630	-78.860119
87.453015	168.233406	-79.126222
87.753911	168.054153	-79.398466
88.061593	167.870870	-79.676850
88.376062	167.683557	-79.961375
88.697318	167.492215	-80.252039
89.025360	167.296842	-80.548844
89.360188	167.097439	-80.851790
89.511869	167.007113	-80.989027
89.670336	166.912757	-81.132405
89.835590	166.814371	-81.281923
90.007631	166.711956	-81.437581
90.186458	166.605510	-81.599380
90.372071	166.495035	-81.767319
90.564471	166.380530	-81.941399
90.763657	166.261995	-82.121618
90.969630	166.139430	-82.307979
91.182390	166.012836	-82.500479
91.401936	165.882212	-82.699120
91.628268	165.747558	-82.903901
91.861387	165.608874	-83.114823
92.101293	165.466160	-83.331885
92.347985	165.319417	-83.555087
92.601464	165.168644	-83.784430
92.861729	165.013841	-84.019913
93.128781	164.855008	-84.261536
93.402619	164.692146	-84.509300
93.683244	164.525254	-84.763204
93.970655	164.354332	-85.023248
94.264853	164.179381	-85.289433
94.565838	164.000400	-85.561758
94.873609	163.817389	-85.840224
95.188166	163.630348	-86.124830
95.509510	163.439278	-86.415576
95.837641	163.244178	-86.712463
96.172558	163.045048	-87.015490
96.324279	162.954843	-87.152763
96.482785	162.860609	-87.296178
96.648079	162.762344	-87.445732
96.820158	162.660050	-87.601427
96.999025	162.553727	-87.763262
97.184678	162.443373	-87.931237
97.377117	162.328990	-88.105353
97.576344	162.210578	-88.285610
97.782356	162.088136	-88.472006
97.995155	161.961664	-88.664544
98.214741	161.831162	-88.863221
98.441114	161.696631	-89.068039
98.674273	161.558070	-89.278997
98.914218	161.415479	-89.496096
99.160950	161.268859	-89.719335
99.414469	161.118209	-89.948714
99.674774	160.963529	-90.184234
99.941866	160.804820	-90.425894
100.215744	160.642081	-90.673695
100.496409	160.475313	-90.927636
100.783861	160.304515	-91.187717
101.078099	160.129687	-91.453939
101.379124	159.950830	-91.726301
101.686935	159.767943	-92.004804
102.001533	159.581026	-92.289447
102.322917	159.390080	-92.580230
102.651088	159.195104	-92.877154
102.986046	158.996099	-93.180218
103.137784	158.905949	-93.317508
103.296309	158.811769	-93.460939
103.461620	158.713560	-93.610510
103.633718	158.611322	-93.766221
103.812602	158.505054	-93.928073
103.998273	158.394756	-94.096065
104.190731	158.280428	-94.270197
104.389975	158.162071	-94.450470
104.596006	158.039685	-94.636883
104.808823	157.913269	-94.829437
105.028427	157.782823	-95.028131
105.254818	157.648347	-95.232966
105.487995	157.509842	-95.443941
105.727958	157.367308	-95.661056
105.974709	157.220744	-95.884312
106.228246	157.070150	-96.113708
106.488569	156.915526	-96.349245
106.755679	156.756873	-96.590922
107.029576	156.594191	-96.838739
107.310259	156.427479	-97.092697
107.597729	156.256737	-97.352795
107.891985	156.081965	-97.619033
108.193028	155.903164	-97.891412
108.500858	155.720334	-98.169932
108.815474	155.533474	-98.454591
109.136877	155.342584	-98.745392
109.465066	155.147665	-99.042332
109.800042	154.948716	-99.345413
109.951789	154.858591	-99.482711
110.110321	154.764437	-99.626149
110.275641	154.666253	-99.775727
110.447747	154.564040	-99.931446
110.626639	154.457797	-100.093305
110.812319	154.347524	-100.261305
111.004785	154.233222	-100.435445
111.204037	154.114891	-100.615726
111.410076	153.992529	-100.802147
111.622902	153.866139	-100.994708
111.842514	153.735718	-101.193410
112.068912	153.601268	-101.398252
112.302098	153.462789	-101.609234
112.542070	153.320280	-101.826357
112.788828	153.173741	-102.049620
113.042374	153.023173	-102.279024
113.302705	152.868575	-102.514568
113.569824	152.709947	-102.756253
113.843729	152.547290	-103.004078
114.124420	152.380604	-103.258043
114.411898	152.209888	-103.518149
114.706163	152.035142	-103.784395
115.007215	151.856367	-104.056782
115.315053	151.673562	-104.335309
115.629677	151.486728	-104.619976
115.951088	151.295864	-104.910784
116.279286	151.100970	-105.207733
116.614270	150.902047	-105.510821
116.766020	150.811934	-105.648122
116.924557	150.717791	-105.791564
117.089880	150.619619	-105.941146
117.261990	150.517417	-106.096868
117.440886	150.411186	-106.258730
117.626569	150.300925	-106.426734
117.819039	150.186634	-106.600877
118.018295	150.068314	-106.781161
118.224338	149.945964	-106.967585
118.437167	149.819585	-107.160150
118.656783	149.689176	-107.358855
118.883185	149.554738	-107.563701
119.116375	149.416270	-107.774687
119.356350	149.273773	-107.991813
119.603113	149.127245	-108.215080
119.856662	148.976689	-108.444487
120.116997	148.822103	-108.680035
120.384119	148.663487	-108.921723
120.658028	148.500842	-109.169551
120.938724	148.334167	-109.423520
121.226206	148.163462	-109.683629
121.520474	147.988728	-109.949879
121.821529	147.809965	-110.222269
122.129371	147.627172	-110.500800
122.443999	147.440349	-110.785471
122.765414	147.249497	-111.076282
123.093616	147.054615	-111.373234
123.428604	146.855704	-111.676326
123.580356	146.765596	-111.813629
123.738894	146.671458	-111.957071
123.904219	146.573291	-112.106655
124.076330	146.471095	-112.262379
124.255228	146.364868	-112.424243
124.440913	146.254613	-112.592248
124.633384	146.140327	-112.766393
124.832642	146.022013	-112.946678
125.038687	145.899668	-113.133104
125.251518	145.773294	-113.325670
125.471135	145.642891	-113.524377
125.697540	145.508458	-113.729224
125.930731	145.369995	-113.940212
126.170708	145.227503	-114.157340
126.417472	145.080981	-114.380608
126.671023	144.930430	-114.610017
126.931360	144.775849	-114.845566
127.198484	144.617239	-115.087256
127.472395	144.454599	-115.335086
127.753092	144.287929	-115.589056
128.040575	144.117230	-115.849167
128.334846	143.942501	-116.115418
128.635903	143.763743	-116.387810
128.943746	143.580955	-116.666342
129.258376	143.394138	-116.951015
129.579793	143.203291	-117.241828
129.907996	143.008415	-117.538781
130.242986	142.809509	-117.841875
130.394739	142.719403	-117.979178
130.553278	142.625268	-118.122622
130.718603	142.527104	-118.272206
130.890715	142.424909	-118.427930
131.069614	142.318686	-118.589795
131.255300	142.208432	-118.757801
131.447772	142.094149	-118.931947
131.647030	141.975837	-119.112233
131.853076	141.853495	-119.298659
132.065908	141.727123	-119.491226
132.285526	141.596722	-119.689934
132.511931	141.462292	-119.894782
132.745123	141.323832	-120.105770
132.985101	141.181342	-120.322899
133.231866	141.034822	-120.546168
133.485417	140.884274	-120.775577
133.745755	140.729695	-121.011127
134.012880	140.571087	-121.252817
134.286791	140.408450	-121.500648
134.567489	140.241783	-121.754619
134.854974	140.071086	-122.014731
135.149245	139.896360	-122.280983
135.450303	139.717604	-122.553375
135.758147	139.534819	-122.831908
136.072778	139.348004	-123.116582
136.394195	139.157159	-123.407395
136.722399	138.962285	-123.704349
137.057390	138.763382	-124.007444
137.209143	138.673277	-124.144747
137.367682	138.579143	-124.288191
137.533008	138.480980	-124.437776
137.705121	138.378787	-124.593501
137.884020	138.272564	-124.755366
138.069706	138.162312	-124.923372
138.262178	138.048030	-125.097518
138.461437	137.929719	-125.277804
138.667483	137.807378	-125.464231
138.880315	137.681007	-125.656799
139.099934	137.550607	-125.855506
139.326339	137.416178	-126.060355
139.559531	137.277719	-126.271343
139.799510	137.135230	-126.488472
140.046275	136.988712	-126.711742
140.299827	136.838164	-126.941151
140.560165	136.683587	-127.176702
140.827291	136.524980	-127.418392
141.101202	136.362344	-127.666223
141.381900	136.195678	-127.920195
141.669385	136.024982	-128.180307
141.963657	135.850257	-128.446559
142.264715	135.671502	-128.718952
142.572559	135.488718	-128.997485
142.887191	135.301904	-129.282159
143.208609	135.111061	-129.572973
143.536813	134.916188	-129.869927
143.871804	134.717286	-130.173022
144.023557	134.627182	-130.310326
144.182097	134.533048	-130.453770
144.347423	134.434885	-130.603355
144.519536	134.332693	-130.759080
144.698435	134.226471	-130.920945
144.884121	134.116219	-131.088951
145.076593	134.001938	-131.263097
145.275853	133.883627	-131.443384
145.481898	133.761286	-131.629811
145.694731	133.634916	-131.822378
145.914350	133.504517	-132.021086
146.140755	133.370088	-132.225935
146.373948	133.231629	-132.436923
146.613926	133.089141	-132.654052
146.860692	132.942623	-132.877322
147.114244	132.792076	-133.106732
147.374582	132.637499	-133.342282
147.641708	132.478893	-133.583973
147.915619	132.316257	-133.831805
148.196318	132.149592	-134.085776
148.483803	131.978897	-134.345888
148.778074	131.804172	-134.612141
149.079133	131.625418	-134.884534
149.386977	131.442634	-135.163067
149.701609	131.255821	-135.447741
150.023027	131.064978	-135.738555
150.351232	130.870106	-136.035509
150.686223	130.671204	-136.338604
150.837976	130.581100	-136.475908
150.996515	130.486967	-136.619353
151.161842	130.388804	-136.768937
151.333955	130.286612	-136.924662
151.512854	130.180390	-137.086528
151.698540	130.070138	-137.254534
151.891013	129.955857	-137.428680
152.090272	129.837547	-137.608967
152.296318	129.715207	-137.795394
152.509150	129.588837	-137.987961
152.728769	129.458438	-138.186669
152.955175	129.324009	-138.391518
153.188367	129.185550	-138.602507
153.428346	129.043062	-138.819636
153.675111	128.896545	-139.042906
153.928664	128.745998	-139.272316
154.189002	128.591421	-139.507866
154.456128	128.432815	-139.749557
154.730039	128.270180	-139.997388
155.010738	128.103514	-140.251360
155.298223	127.932820	-140.511472
155.592495	127.758095	-140.777725
155.893553	127.579341	-141.050118
156.201398	127.396558	-141.328651
156.516029	127.209745	-141.613325
156.837448	127.018902	-141.904139
157.165652	126.824030	-142.201094
157.500644	126.625129	-142.504189
157.652397	126.535025	-142.641493
157.810936	126.440892	-142.784937
157.976263	126.342729	-142.934522
158.148375	126.240537	-143.090247
158.327275	126.134315	-143.252112
158.512961	126.024064	-143.420118
158.705434	125.909783	-143.594265
158.904693	125.791472	-143.774551
159.110739	125.669132	-143.960978
159.323571	125.542762	-144.153546
159.543190	125.412363	-144.352254
159.769596	125.277935	-144.557103
160.002788	125.139476	-144.768091
160.242767	124.996989	-144.985221
160.489533	124.850471	-145.208490
160.743085	124.699924	-145.437900
161.003424	124.545348	-145.673451
161.270549	124.386742	-145.915142
161.544461	124.224106	-146.162973
161.825159	124.057441	-146.416945
162.112645	123.886746	-146.677057
162.406916	123.712022	-146.943310
162.707975	123.533268	-147.215703
163.015820	123.350485	-147.494236
163.330451	123.163672	-147.778910
163.651869	122.972830	-148.069724
163.980074	122.777958	-148.366679
164.315065	122.579056	-148.669774
164.466818	122.488953	-148.807078
164.625358	122.394819	-148.950522
164.790684	122.296657	-149.100107
164.962797	122.194465	-149.255832
165.141697	122.088243	-149.417698
165.327383	121.977991	-149.585703
165.519855	121.863711	-149.759850
165.719115	121.745400	-149.940137
165.925161	121.623060	-150.126564
166.137993	121.496691	-150.319131
166.357612	121.366291	-150.517839
166.584018	121.231863	-150.722688
166.817210	121.093405	-150.933677
167.057189	120.950917	-151.150806
167.303955	120.804399	-151.374076
167.557507	120.653853	-151.603486
167.817846	120.499276	-151.839036
168.084971	120.340670	-152.080727
168.358883	120.178035	-152.328559
168.639581	120.011370	-152.582530
168.927067	119.840675	-152.842643
169.221338	119.665951	-153.108895
169.522397	119.487197	-153.381288
169.830242	119.304414	-153.659822
170.144873	119.117601	-153.944496
170.466291	118.926759	-154.235310
170.794496	118.731887	-154.532265
171.129488	118.532985	-154.835360
171.281241	118.442882	-154.972664
171.439780	118.348748	-155.116108
171.605107	118.250586	-155.265693
171.777219	118.148394	-155.421418
171.956119	118.042172	-155.583283
172.141805	117.931920	-155.751289
172.334278	117.817640	-155.925436
172.533537	117.699329	-156.105722
172.739583	117.576989	-156.292150
172.952415	117.450620	-156.484717
173.172035	117.320221	-156.683425
173.398440	117.185792	-156.888274
173.631633	117.047334	-157.099263
173.871612	116.904846	-157.316392
174.118377	116.758329	-157.539662
174.371929	116.607782	-157.769072
174.632268	116.453206	-158.004622
174.899393	116.294600	-158.246313
175.173305	116.131964	-158.494144
175.454004	115.965299	-158.748116
175.741489	115.794604	-159.008228
176.035761	115.619880	-159.274481
176.336819	115.441127	-159.546874
176.644664	115.258343	-159.825408
176.959296	115.071530	-160.110081
177.280714	114.880688	-160.400896
177.608919	114.685816	-160.697850
177.943910	114.486915	-161.000945
178.095663	114.396811	-161.138249
178.254203	114.302678	-161.281694
178.419529	114.204515	-161.431278
178.591642	114.102323	-161.587004
178.770541	113.996101	-161.748869
178.956227	113.885850	-161.916875
179.148700	113.771569	-162.091021
179.347959	113.653259	-162.271308
179.554005	113.530919	-162.457735
179.766838	113.404549	-162.650303
179.986457	113.274150	-162.849011
180.212863	113.139722	-163.053860
180.446055	113.001263	-163.264848
180.686034	112.858776	-163.481978
180.932799	112.712258	-163.705247
181.186352	112.561712	-163.934657
181.446690	112.407135	-164.170208
181.713816	112.248529	-164.411899
181.987728	112.085894	-164.659730
182.268426	111.919229	-164.913702
182.555911	111.748534	-165.173814
182.850183	111.573810	-165.440067
183.151242	111.395056	-165.712460
183.459086	111.212273	-165.990993
183.773718	111.025460	-166.275667
184.095136	110.834618	-166.566482
184.423341	110.639746	-166.863436
184.758332	110.440845	-167.166531
184.910085	110.350741	-167.303835
185.068625	110.256608	-167.447280
185.233951	110.158445	-167.596864
185.406064	110.056253	-167.752589
185.584964	109.950031	-167.914455
185.770650	109.839780	-168.082461
185.963123	109.725499	-168.256607
186.162382	109.607189	-168.436894
186.368428	109.484849	-168.623321
186.581260	109.358479	-168.815889
186.800879	109.228080	-169.014597
187.027285	109.093652	-169.219445
187.260478	108.955193	-169.430434
187.500456	108.812706	-169.647564
187.747222	108.666188	-169.870833
188.000774	108.515642	-170.100243
188.261113	108.361065	-170.335794
188.528238	108.202459	-170.577485
188.802150	108.039824	-170.825316
189.082849	107.873159	-171.079288
189.370334	107.702464	-171.339400
189.664606	107.527740	-171.605653
189.965664	107.348986	-171.878046
190.273509	107.166203	-172.156579
190.588141	106.979390	-172.441253
190.909559	106.788548	-172.732068
191.237764	106.593676	-173.029022
191.572755	106.394774	-173.332117
191.724508	106.304671	-173.469421
191.883048	106.210538	-173.612866
192.048374	106.112375	-173.762450
192.220487	106.010183	-173.918175
192.399386	105.903961	-174.080041
192.585072	105.793710	-174.248047
192.777545	105.679429	-174.422193
192.976804	105.561119	-174.602480
193.182850	105.438779	-174.788907
193.395683	105.312409	-174.981475
193.615302	105.182010	-175.180183
193.841708	105.047582	-175.385031
194.074900	104.909123	-175.596020
194.314879	104.766636	-175.813150
194.561645	104.620118	-176.036419
194.815197	104.469572	-176.265829
195.075535	104.314995	-176.501380
195.342661	104.156389	-176.743071
195.616573	103.993754	-176.990902
195.897271	103.827089	-177.244874
196.184756	103.656394	-177.504986
196.479028	103.481670	-177.771239
196.780087	103.302916	-178.043632
197.087932	103.120133	-178.322165
197.402563	102.933320	-178.606839
197.723981	102.742478	-178.897653
198.052186	102.547606	-179.194608
198.387177	102.348705	-179.497703
198.538931	102.258601	-179.635007
198.697470	102.164468	-179.778451
198.862797	102.066305	-179.928036
199.034909	101.964113	-180.083761
199.213809	101.857891	-180.245627
199.399495	101.747640	-180.413633
199.591968	101.633359	-180.587779
199.791227	101.515049	-180.768066
199.997273	101.392709	-180.954493
200.210105	101.266339	-181.147061
200.429725	101.135940	-181.345769
200.656130	101.001512	-181.550617
200.889323	100.863053	-181.761606
201.129302	100.720566	-181.978736
201.376067	100.574048	-182.202005
201.629619	100.423502	-182.431415
201.889958	100.268925	-182.666966
202.157083	100.110319	-182.908657
202.430995	99.947684	-183.156488
202.711694	99.781019	-183.410460
202.999179	99.610324	-183.670572
203.293451	99.435600	-183.936825
203.594509	99.256846	-184.209218
203.902354	99.074063	-184.487751
204.216986	98.887250	-184.772425
204.538404	98.696408	-185.063239
204.866609	98.501536	-185.360194
205.201600	98.302635	-185.663289
205.353353	98.212531	-185.800593
205.511893	98.118398	-185.944037
205.677219	98.020235	-186.093622
205.849332	97.918043	-186.249347
206.028231	97.811821	-186.411213
206.213918	97.701570	-186.579219
206.406390	97.587289	-186.753365
206.605650	97.468979	-186.933652
206.811695	97.346639	-187.120079
207.024528	97.220269	-187.312647
207.244147	97.089870	-187.511355
207.470553	96.955442	-187.716203
207.703745	96.816984	-187.927192
207.943724	96.674496	-188.144321
208.190490	96.527979	-188.367591
208.444042	96.377432	-188.597001
208.704381	96.222855	-188.832552
208.971506	96.064249	-189.074243
209.245418	95.901614	-189.322074
209.526116	95.734949	-189.576046
209.813602	95.564254	-189.836158
210.107873	95.389530	-190.102411
210.408932	95.210776	-190.374804
210.716777	95.027993	-190.653337
211.031408	94.841180	-190.938011
211.352826	94.650338	-191.228825
211.681031	94.455466	-191.525780
212.016023	94.256565	-191.828875
212.167776	94.166461	-191.966179
212.326315	94.072328	-192.109623
212.491642	93.974165	-192.259208
212.663755	93.871973	-192.414933
212.842654	93.765751	-192.576799
213.028340	93.655500	-192.744805
213.220813	93.541219	-192.918951
213.420072	93.422909	-193.099238
213.626118	93.300569	-193.285665
213.838951	93.174199	-193.478233
214.058570	93.043800	-193.676941
214.284975	92.909372	-193.881789
214.518168	92.770914	-194.092778
214.758147	92.628426	-194.309907
215.004912	92.481909	-194.533177
215.258464	92.331362	-194.762587
215.518803	92.176785	-194.998138
215.785928	92.018180	-195.239829
216.059840	91.855544	-195.487660
216.340539	91.688879	-195.741632
216.628024	91.518184	-196.001744
216.922296	91.343460	-196.267997
217.223354	91.164707	-196.540390
217.531199	90.981923	-196.818923
217.845831	90.795111	-197.103597
218.167249	90.604268	-197.394411
218.495454	90.409396	-197.691366
218.830445	90.210495	-197.994461
218.982198	90.120391	-198.131765
219.140738	90.026258	-198.275209
219.306064	89.928096	-198.424794
219.478177	89.825903	-198.580519
219.657077	89.719682	-198.742385
219.842763	89.609430	-198.910391
220.035235	89.495149	-199.084537
220.234495	89.376839	-199.264824
220.440541	89.254499	-199.451251
220.653373	89.128130	-199.643819
220.872992	88.997731	-199.842527
221.099398	88.863302	-200.047375
221.332590	88.724844	-200.258364
221.572569	88.582356	-200.475493
221.819335	88.435839	-200.698763
222.072887	88.285292	-200.928173
222.333226	88.130716	-201.163724
222.600351	87.972110	-201.405415
222.874263	87.809474	-201.653246
223.154961	87.642809	-201.907218
223.442447	87.472114	-202.167330
223.736718	87.297390	-202.433583
224.037777	87.118637	-202.705976
224.345622	86.935853	-202.984509
224.660253	86.749041	-203.269183
224.981672	86.558198	-203.559997
225.309876	86.363326	-203.856952
225.644868	86.164425	-204.160047
225.796621	86.074321	-204.297351
225.955160	85.980188	-204.440795
226.120487	85.882026	-204.590380
226.292600	85.779833	-204.746105
226.471499	85.673612	-204.907971
226.657185	85.563360	-205.075977
226.849658	85.449080	-205.250123
227.048917	85.330769	-205.430410
227.254963	85.208429	-205.616837
227.467796	85.082060	-205.809405
227.687415	84.951661	-206.008113
227.913821	84.817232	-206.212961
228.147013	84.678774	-206.423950
228.386992	84.536286	-206.641079
228.633757	84.389769	-206.864349
228.887309	84.239222	-207.093759
229.147648	84.084646	-207.329310
229.414774	83.926040	-207.571001
229.688686	83.763404	-207.818832
229.969384	83.596739	-208.072804
230.256869	83.426045	-208.332916
230.551141	83.251320	-208.599169
230.852199	83.072567	-208.871562
231.160044	82.889784	-209.150095
231.474676	82.702971	-209.434769
231.796094	82.512128	-209.725583
232.124299	82.317256	-210.022538
232.459290	82.118355	-210.325633
232.611043	82.028251	-210.462937
232.769583	81.934118	-210.606381
232.934909	81.835956	-210.755966
233.107022	81.733764	-210.911691
233.285922	81.627542	-211.073557
233.471608	81.517290	-211.241563
233.664081	81.403010	-211.415709
233.863340	81.284699	-211.595996
234.069386	81.162359	-211.782423
234.282218	81.035990	-211.974991
234.501837	80.905591	-212.173699
234.728243	80.771162	-212.378547
234.961435	80.632704	-212.589536
235.201414	80.490216	-212.806665
235.448180	80.343699	-213.029935
235.701732	80.193152	-213.259345
235.962071	80.038576	-213.494896
236.229196	79.879970	-213.736587
236.503108	79.717334	-213.984418
236.783807	79.550669	-214.238390
237.071292	79.379975	-214.498502
237.365564	79.205251	-214.764755
237.666622	79.026497	-215.037148
237.974467	78.843714	-215.315681
238.289098	78.656901	-215.600355
238.610517	78.466058	-215.891169
238.938721	78.271187	-216.188124
239.273713	78.072285	-216.491219
239.425466	77.982182	-216.628523
239.584006	77.888048	-216.771967
239.749332	77.789886	-216.921552
239.921445	77.687694	-217.077277
240.100344	77.581472	-217.239143
240.286030	77.471221	-217.407149
240.478503	77.356940	-217.581295
240.677762	77.238629	-217.761582
240.883808	77.116289	-217.948009
241.096641	76.989920	-218.140577
241.316260	76.859521	-218.339285
241.542666	76.725092	-218.544133
241.775858	76.586634	-218.755122
242.015837	76.444146	-218.972251
242.262602	76.297629	-219.195521
242.516155	76.147082	-219.424931
242.776493	75.992506	-219.660482
243.043619	75.833900	-219.902173
243.317531	75.671264	-220.150004
243.598229	75.504599	-220.403976
243.885714	75.333905	-220.664088
244.179986	75.159181	-220.930341
244.481044	74.980427	-221.202734
244.788889	74.797644	-221.481267
245.103521	74.610831	-221.765941
245.424939	74.419989	-222.056755
245.753144	74.225117	-222.353710
246.088135	74.026215	-222.656805
246.239888	73.936112	-222.794109
246.398428	73.841979	-222.937553
246.563754	73.743816	-223.087138
246.735867	73.641624	-223.242863
246.914767	73.535402	-223.404729
247.100453	73.425151	-223.572735
247.292926	73.310870	-223.746881
247.492185	73.192559	-223.927168
247.698231	73.070219	-224.113595
247.911063	72.943850	-224.306163
248.130682	72.813451	-224.504871
248.357088	72.679022	-224.709719
248.590281	72.540564	-224.920708
