-40.008562	201.935945	19.573269
-40.016735	201.830459	19.551896
-40.033123	201.720922	19.534536
-40.057727	201.607335	19.521187
-40.090552	201.489700	19.511843
-40.131600	201.368019	19.506501
-40.180873	201.242294	19.505158
-40.238374	201.112527	19.507808
-40.304107	200.978719	19.514450
-40.378073	200.840872	19.525077
-40.460275	200.698988	19.539688
-40.550717	200.553068	19.558277
-40.649401	200.403115	19.580842
-40.756329	200.249131	19.607378
-40.871505	200.091117	19.637882
-40.994930	199.929074	19.672349
-41.126608	199.763005	19.710777
-41.266542	199.592912	19.753162
-41.414733	199.418796	19.799499
-41.571185	199.240659	19.849785
-41.735899	199.058503	19.904017
-41.908880	198.872329	19.962191
-42.090129	198.682140	20.024304
-42.279649	198.487938	20.090351
-42.477442	198.289723	20.160329
-42.683511	198.087499	20.234236
-42.897859	197.881266	20.312067
-43.120487	197.671027	20.393818
-43.351399	197.456783	20.479488
-43.590597	197.238536	20.569072
-43.838084	197.016289	20.662566
-44.093860	196.790042	20.759969
-44.357931	196.559798	20.861276
-44.630296	196.325559	20.966484
-44.910960	196.087325	21.075591
-45.199923	195.845100	21.188593
-45.497190	195.598886	21.305486
-45.802761	195.348683	21.426269
-46.116639	195.094493	21.550938
-46.438827	194.836319	21.679490
-46.769326	194.574163	21.811922
-47.108139	194.308026	21.948231
-47.455268	194.037910	22.088415
-47.810716	193.763817	22.232471
-48.174483	193.485749	22.380395
-48.546574	193.203708	22.532186
-48.716447	193.075990	22.601694
-48.894645	192.944301	22.675063
-49.081170	192.808643	22.752295
-49.276023	192.669016	22.833386
-49.479204	192.525420	22.918337
-49.690714	192.377858	23.007146
-49.910554	192.226329	23.099811
-50.138726	192.070835	23.196333
-50.375229	191.911376	23.296709
-50.620066	191.747953	23.400939
-50.873236	191.580567	23.509021
-51.134741	191.409220	23.620956
-51.404581	191.233910	23.736740
-51.682758	191.054641	23.856374
-51.969272	190.871412	23.979857
-52.264125	190.684224	24.107187
-52.567316	190.493078	24.238363
-52.878848	190.297976	24.373385
-53.198720	190.098917	24.512251
-53.526934	189.895903	24.654961
-53.863490	189.688934	24.801514
-54.208390	189.478012	24.951908
-54.561634	189.263137	25.106143
-54.923223	189.044310	25.264218
-55.293157	188.821532	25.426132
-55.671438	188.594805	25.591884
-56.058067	188.364127	25.761473
-56.453043	188.129502	25.934899
-56.633053	188.023024	26.014012
-56.821412	187.912599	26.096962
-57.018120	187.798226	26.183746
-57.223178	187.679908	26.274364
-57.436587	187.557644	26.368817
-57.658347	187.431434	26.467103
-57.888458	187.301279	26.569223
-58.126920	187.167179	26.675176
-58.373734	187.029135	26.784962
-58.628900	186.887147	26.898580
-58.892418	186.741215	27.016030
-59.164289	186.591340	27.137311
-59.444514	186.437523	27.262425
-59.733091	186.279763	27.391369
-60.030023	186.118061	27.524144
-60.335309	185.952417	27.660749
-60.648949	185.782832	27.801185
-60.970944	185.609306	27.945450
-61.301294	185.431840	28.093545
-61.640000	185.250434	28.245469
-61.987061	185.065088	28.401222
-62.342479	184.875803	28.560803
-62.706253	184.682580	28.724213
-63.078383	184.485417	28.891451
-63.458871	184.284317	29.062517
-63.847716	184.079280	29.237410
-64.244919	183.870305	29.416130
-64.650480	183.657393	29.598677
-64.834458	183.561009	29.681516
-65.026794	183.460688	29.768182
-65.227489	183.356432	29.858674
-65.436542	183.248240	29.952992
-65.653955	183.136112	30.051136
-65.879726	183.020049	30.153107
-66.113857	182.900050	30.258903
-66.356346	182.776116	30.368526
-66.607196	182.648248	30.481974
-66.866405	182.516444	30.599248
-67.133973	182.380706	30.720347
-67.409901	182.241034	30.845272
-67.694190	182.097428	30.974022
-67.986838	181.949887	31.106597
-68.287847	181.798413	31.242998
-68.597216	181.643005	31.383223
-68.914945	181.483663	31.527273
-69.241035	181.320388	31.675149
-69.575486	181.153181	31.826849
-69.918298	180.982040	31.982373
-70.269471	180.806966	32.141722
-70.629005	180.627960	32.304896
-70.996900	180.445022	32.471894
-71.373156	180.258152	32.642716
-71.757775	180.067349	32.817362
-72.150754	179.872615	32.995833
-72.552096	179.673949	33.178127
-72.961800	179.471352	33.364246
-73.147465	179.379631	33.448600
-73.341493	179.283979	33.536778
-73.543882	179.184397	33.628780
-73.754634	179.080883	33.724606
-73.973748	178.973438	33.824256
-74.201225	178.862063	33.927729
-74.437064	178.746757	34.035025
-74.681265	178.627520	34.146146
-74.933829	178.504353	34.261089
-75.194756	178.377255	34.379857
-75.464045	178.246227	34.502447
-75.741696	178.111269	34.628862
-76.027711	177.972380	34.759099
-76.322088	177.829561	34.893160
-76.624828	177.682812	35.031045
-76.935931	177.532134	35.172752
-77.255397	177.377525	35.318283
-77.583225	177.218987	35.467637
-77.919417	177.056519	35.620815
-78.263972	176.890121	35.777815
-78.616890	176.719794	35.938639
-78.978172	176.545537	36.103286
-79.347816	176.367351	36.271756
-79.725824	176.185236	36.444049
-80.112195	175.999192	36.620165
-80.506930	175.809218	36.800104
-80.910028	175.615316	36.983866
-81.321490	175.417484	37.171451
-81.507905	175.327897	37.256442
-81.702684	175.234380	37.345256
-81.905826	175.136935	37.437893
-82.117332	175.035561	37.534353
-82.337202	174.930259	37.634635
-82.565435	174.821027	37.738741
-82.802032	174.707868	37.846669
-83.046993	174.590779	37.958420
-83.300318	174.469762	38.073994
-83.562006	174.344817	38.193391
-83.832058	174.215943	38.316610
-84.110474	174.083141	38.443653
-84.397254	173.946411	38.574518
-84.692398	173.805752	38.709206
-84.995906	173.661165	38.847717
-85.307778	173.512650	38.990050
-85.628013	173.360206	39.136207
-85.956613	173.203834	39.286186
-86.293577	173.043535	39.439988
-86.638904	172.879307	39.597612
-86.992596	172.711151	39.759060
-87.354652	172.539067	39.924330
-87.725072	172.363055	40.093422
-88.103856	172.183116	40.266338
-88.491004	171.999248	40.443076
-88.886516	171.811453	40.623636
-89.290393	171.619729	40.808020
-89.702633	171.424078	40.996226
-89.889388	171.335462	41.081490
-90.084507	171.242919	41.170576
-90.287990	171.146448	41.263485
-90.499838	171.046049	41.360216
-90.720050	170.941722	41.460770
-90.948626	170.833468	41.565147
-91.185566	170.721286	41.673347
-91.430871	170.605177	41.785369
-91.684540	170.485140	41.901213
-91.946573	170.361175	42.020881
-92.216971	170.233283	42.144371
-92.495733	170.101464	42.271683
-92.782859	169.965717	42.402818
-93.078350	169.826043	42.537776
-93.382205	169.682441	42.676556
-93.694425	169.534911	42.819159
-94.015009	169.383454	42.965585
-94.343957	169.228070	43.115833
-94.681270	169.068759	43.269904
-95.026947	168.905520	43.427797
-95.380988	168.738353	43.589513
-95.743394	168.567260	43.755052
-96.114165	168.392239	43.924413
-96.493300	168.213291	44.097596
-96.880799	168.030415	44.274603
-97.276663	167.843613	44.455432
-97.680891	167.652883	44.640083
-98.093484	167.458225	44.828557
-98.280394	167.370052	44.913939
-98.475669	167.277951	45.003143
-98.679308	167.181923	45.096170
-98.891311	167.081967	45.193020
-99.111679	166.978085	45.293692
-99.340412	166.870275	45.398187
-99.577509	166.758539	45.506504
-99.822971	166.642875	45.618644
-100.076797	166.523284	45.734606
-100.338988	166.399766	45.854391
-100.609543	166.272321	45.977999
-100.888463	166.140948	46.105429
-101.175747	166.005649	46.236682
-101.471396	165.866422	46.371757
-101.775410	165.723269	46.510655
-102.087788	165.576188	46.653375
-102.408531	165.425180	46.799918
-102.737638	165.270246	46.950283
-103.075110	165.111384	47.104471
-103.420947	164.948595	47.262482
-103.775148	164.781879	47.424315
-104.137714	164.611236	47.589970
-104.508644	164.436667	47.759449
-104.887939	164.258170	47.932749
-105.275599	164.075746	48.109873
-105.671623	163.889395	48.290818
-106.076012	163.699117	48.475587
-106.488765	163.504913	48.664178
-106.675746	163.416940	48.749611
-106.871092	163.325040	48.838868
-107.074802	163.229214	48.931946
-107.286877	163.129460	49.028848
-107.507317	163.025780	49.129572
-107.736121	162.918173	49.234118
-107.973290	162.806638	49.342487
-108.218824	162.691177	49.454678
-108.472722	162.571789	49.570692
-108.734985	162.448474	49.690529
-109.005612	162.321232	49.814188
-109.284604	162.190063	49.941670
-109.571961	162.054967	50.072974
-109.867683	161.915945	50.208101
-110.171769	161.772995	50.347050
-110.484220	161.626119	50.489822
-110.805035	161.475315	50.636416
-111.134216	161.320585	50.786833
-111.471760	161.161928	50.941073
-111.817670	160.999344	51.099135
-112.171944	160.832833	51.261019
-112.534583	160.662395	51.426726
-112.905587	160.488031	51.596256
-113.284955	160.309739	51.769608
-113.672688	160.127521	51.946783
-114.068785	159.941376	52.127780
-114.473248	159.751304	52.312600
-114.886075	159.557305	52.501242
-115.073088	159.469424	52.586699
-115.268467	159.377616	52.675978
-115.472210	159.281881	52.769079
-115.684317	159.182219	52.866003
-115.904790	159.078631	52.966750
-116.133627	158.971116	53.071319
-116.370829	158.859673	53.179711
-116.616395	158.744305	53.291925
-116.870326	158.625009	53.407962
-117.132622	158.501786	53.527821
-117.403283	158.374637	53.651503
-117.682308	158.243560	53.779008
-117.969698	158.108557	53.910335
-118.265453	157.969627	54.045484
-118.569572	157.826771	54.184456
-118.882057	157.679987	54.327251
-119.202905	157.529277	54.473868
-119.532119	157.374640	54.624308
-119.869697	157.216076	54.778570
-120.215640	157.053585	54.936654
-120.569948	156.887167	55.098562
-120.932620	156.716823	55.264292
-121.303657	156.542552	55.433844
-121.683059	156.364354	55.607219
-122.070826	156.182229	55.784416
-122.466957	155.996178	55.965436
-122.871453	155.806199	56.150279
-123.284314	155.612294	56.338944
-123.471342	155.524455	56.424411
-123.666735	155.432688	56.513700
-123.870493	155.336995	56.606811
-124.082616	155.237375	56.703746
-124.303104	155.133829	56.804502
-124.531956	155.026355	56.909082
-124.769173	154.914955	57.017483
-125.014754	154.799628	57.129708
-125.268701	154.680374	57.245755
-125.531012	154.557194	57.365624
-125.801688	154.430086	57.489316
-126.080728	154.299052	57.616831
-126.368133	154.164091	57.748168
-126.663903	154.025204	57.883327
-126.968038	153.882389	58.022309
-127.280537	153.735648	58.165114
-127.601401	153.584980	58.311741
-127.930630	153.430385	58.462191
-128.268224	153.271864	58.616463
-128.614182	153.109415	58.774558
-128.968505	152.943040	58.936476
-129.331193	152.772738	59.102215
-129.702245	152.598510	59.271778
-130.081663	152.420354	59.445163
-130.469445	152.238272	59.622371
-130.865591	152.052263	59.803401
-131.270103	151.862328	59.988253
-131.682979	151.668465	60.176928
-131.870014	151.580645	60.262400
-132.065414	151.488897	60.351693
-132.269179	151.393223	60.444809
-132.481309	151.293622	60.541748
-132.701803	151.190095	60.642509
-132.930662	151.082641	60.747093
-133.167886	150.971259	60.855499
-133.413475	150.855952	60.967728
-133.667428	150.736717	61.083779
-133.929746	150.613556	61.203653
-134.200429	150.486467	61.327350
-134.479476	150.355452	61.454869
-134.766888	150.220511	61.586210
-135.062665	150.081642	61.721374
-135.366807	149.938847	61.860361
-135.679313	149.792125	62.003170
-136.000184	149.641477	62.149802
-136.329420	149.486901	62.300256
-136.667021	149.328399	62.454533
-137.012986	149.165970	62.612632
-137.367316	148.999614	62.774554
-137.730011	148.829332	62.940299
-138.101071	148.655122	63.109866
-138.480495	148.476986	63.283255
-138.868284	148.294924	63.460467
-139.264438	148.108934	63.641502
-139.668956	147.919018	63.826359
-140.081839	147.725175	64.015039
-140.268878	147.637363	64.100512
-140.464281	147.545624	64.189807
-140.668049	147.449959	64.282926
-140.880182	147.350367	64.379866
-141.100679	147.246848	64.480629
-141.329542	147.139402	64.585215
-141.566769	147.028030	64.693623
-141.812360	146.912731	64.805854
-142.066317	146.793505	64.921908
-142.328638	146.670352	65.041784
-142.599324	146.543273	65.165482
-142.878375	146.412267	65.293003
-143.165790	146.277334	65.424347
-143.461570	146.138474	65.559513
-143.765715	145.995688	65.698501
-144.078225	145.848974	65.841313
-144.399099	145.698335	65.987946
-144.728338	145.543768	66.138403
-145.065942	145.385274	66.292681
-145.411910	145.222854	66.450783
-145.766244	145.056507	66.612707
-146.128942	144.886234	66.778453
-146.500004	144.712033	66.948022
-146.879432	144.533906	67.121414
-147.267224	144.351852	67.298628
-147.663381	144.165872	67.479664
-148.067903	143.975964	67.664524
-148.480789	143.782130	67.853205
-148.667829	143.694322	67.938679
-148.863234	143.602587	68.027976
-149.067004	143.506926	68.121095
-149.279138	143.407338	68.218036
-149.499637	143.303823	68.318800
-149.728500	143.196381	68.423387
-149.965729	143.085013	68.531796
-150.211322	142.969718	68.644028
-150.465280	142.850496	68.760082
-150.727603	142.727347	68.879959
-150.998290	142.600271	69.003658
-151.277342	142.469269	69.131180
-151.564759	142.334340	69.262525
-151.860541	142.195485	69.397692
-152.164687	142.052702	69.536681
-152.477198	141.905993	69.679493
-152.798074	141.755357	69.826128
-153.127314	141.600795	69.976585
-153.464920	141.442305	70.130865
-153.810890	141.279889	70.288967
-154.165225	141.113546	70.450892
-154.527924	140.943277	70.616639
-154.898988	140.769080	70.786209
-155.278417	140.590957	70.959602
-155.666211	140.408907	71.136817
-156.062369	140.222931	71.317854
-156.466893	140.033027	71.502714
-156.879780	139.839197	71.691397
-157.066821	139.751391	71.776871
-157.262227	139.659658	71.866168
-157.465997	139.563998	71.959287
-157.678132	139.464412	72.056229
-157.898631	139.360899	72.156994
-158.127496	139.253459	72.261581
-158.364725	139.142092	72.369991
-158.610319	139.026799	72.482223
-158.864277	138.907579	72.598277
-159.126601	138.784432	72.718155
-159.397289	138.657359	72.841854
-159.676341	138.526358	72.969377
-159.963759	138.391431	73.100722
-160.259541	138.252577	73.235889
-160.563688	138.109797	73.374879
-160.876200	137.963089	73.517691
-161.197076	137.812455	73.664326
-161.526318	137.657895	73.814784
-161.863924	137.499407	73.969064
-162.209894	137.336993	74.127167
-162.564230	137.170652	74.289092
-162.926930	137.000384	74.454840
-163.297995	136.826189	74.624410
-163.677425	136.648068	74.797803
-164.065219	136.466020	74.975018
-164.461378	136.280045	75.156056
-164.865902	136.090144	75.340917
-165.278791	135.896315	75.529600
-165.465831	135.808510	75.615074
-165.661237	135.716778	75.704371
-165.865008	135.621119	75.797491
-166.077143	135.521534	75.894433
-166.297643	135.418021	75.995198
-166.526507	135.310582	76.099785
-166.763737	135.199217	76.208195
-167.009331	135.083924	76.320427
-167.263290	134.964705	76.436482
-167.525614	134.841559	76.556359
-167.796302	134.714486	76.680059
-168.075355	134.583486	76.807582
-168.362773	134.448560	76.938927
-168.658555	134.309707	77.074094
-168.962703	134.166927	77.213085
-169.275215	134.020221	77.355897
-169.596092	133.869588	77.502532
-169.925333	133.715028	77.652990
-170.262939	133.556541	77.807270
-170.608910	133.394128	77.965373
-170.963246	133.227787	78.127299
-171.325947	133.057520	78.293047
-171.697012	132.883327	78.462617
-172.076442	132.705206	78.636010
-172.464237	132.523159	78.813226
-172.860396	132.337185	78.994264
-173.264920	132.147284	79.179124
-173.677809	131.953457	79.367808
-173.864850	131.865652	79.453282
-174.060256	131.773920	79.542579
-174.264027	131.678262	79.635699
-174.476162	131.578677	79.732641
-174.696662	131.475165	79.833406
-174.925527	131.367726	79.937993
-175.162757	131.256361	80.046403
-175.408351	131.141069	80.158636
-175.662310	131.021850	80.274691
-175.924634	130.898704	80.394568
-176.195322	130.771632	80.518268
-176.474375	130.640633	80.645791
-176.761793	130.505707	80.777136
-177.057576	130.366854	80.912303
-177.361724	130.224075	81.051294
-177.674236	130.077369	81.194106
-177.995113	129.926736	81.340742
-178.324354	129.772176	81.491200
-178.661961	129.613690	81.645480
-179.007932	129.451277	81.803583
-179.362268	129.284937	81.965508
-179.724968	129.114670	82.131256
-180.096034	128.940477	82.300827
-180.475464	128.762357	82.474220
-180.863259	128.580310	82.651436
-181.259418	128.394337	82.832474
-181.663943	128.204436	83.017335
-182.076832	128.010609	83.206018
-182.263873	127.922805	83.291492
-182.459279	127.831073	83.380790
-182.663050	127.735415	83.473909
-182.875185	127.635830	83.570852
-183.095685	127.532318	83.671616
-183.324550	127.424880	83.776204
-183.561780	127.313514	83.884614
-183.807374	127.198222	83.996846
-184.061333	127.079004	84.112901
-184.323657	126.955858	84.232779
-184.594345	126.828786	84.356479
-184.873399	126.697787	84.484001
-185.160817	126.562861	84.615347
-185.456600	126.424009	84.750514
-185.760747	126.281230	84.889504
-186.073259	126.134524	85.032317
-186.394136	125.983891	85.178953
-186.723378	125.829332	85.329410
-187.060985	125.670845	85.483691
-187.406956	125.508433	85.641794
-187.761292	125.342093	85.803719
-188.123993	125.171826	85.969467
-188.495058	124.997633	86.139038
-188.874488	124.819513	86.312431
-189.262283	124.637467	86.489647
-189.658443	124.451493	86.670685
-190.062967	124.261593	86.855546
-190.475856	124.067767	87.044229
-190.662897	123.979962	87.129704
-190.858303	123.888230	87.219001
-191.062074	123.792572	87.312121
-191.274210	123.692987	87.409063
-191.494710	123.589476	87.509828
-191.723575	123.482037	87.614415
-191.960804	123.370672	87.722825
-192.206399	123.255380	87.835058
-192.460358	123.136161	87.951113
-192.722682	123.013016	88.070990
-192.993370	122.885944	88.194690
-193.272424	122.754945	88.322213
-193.559842	122.620019	88.453558
-193.855625	122.481167	88.588726
-194.159772	122.338388	88.727716
-194.472284	122.191682	88.870529
-194.793161	122.041050	89.017164
-195.122403	121.886490	89.167622
-195.460010	121.728004	89.321902
-195.805981	121.565591	89.480005
-196.160317	121.399252	89.641931
-196.523018	121.228985	89.807679
-196.894083	121.054792	89.977250
-197.273513	120.876673	90.150643
-197.661308	120.694626	90.327859
-198.057468	120.508653	90.508897
-198.461992	120.318753	90.693758
-198.874882	120.124926	90.882441
-199.061923	120.037121	90.967916
-199.257329	119.945390	91.057213
-199.461099	119.849732	91.150332
-199.673235	119.750147	91.247275
-199.893735	119.646635	91.348040
-200.122600	119.539197	91.452627
-200.359830	119.427832	91.561037
-200.605424	119.312540	91.673269
-200.859383	119.193321	91.789324
-201.121707	119.070176	91.909202
-201.392396	118.943104	92.032902
-201.671449	118.812105	92.160425
-201.958867	118.677179	92.291770
-202.254650	118.538327	92.426938
-202.558798	118.395548	92.565928
-202.871310	118.248842	92.708741
-203.192187	118.098210	92.855376
-203.521429	117.943650	93.005834
-203.859035	117.785164	93.160114
-204.205006	117.622751	93.318217
-204.559342	117.456412	93.480143
-204.922043	117.286146	93.645891
-205.293109	117.111953	93.815462
-205.672539	116.933833	93.988855
-206.060334	116.751786	94.166070
-206.456494	116.565813	94.347109
-206.861018	116.375913	94.531969
-207.273907	116.182086	94.720653
-207.460948	116.094282	94.806127
-207.656354	116.002550	94.895425
-207.860125	115.906892	94.988544
-208.072261	115.807307	95.085487
-208.292761	115.703796	95.186252
-208.521626	115.596357	95.290839
-208.758855	115.484992	95.399249
-209.004450	115.369700	95.511481
-209.258409	115.250482	95.627536
-209.520733	115.127336	95.747414
-209.791421	115.000264	95.871114
-210.070475	114.869266	95.998637
-210.357893	114.734340	96.129982
-210.653676	114.595488	96.265150
-210.957823	114.452709	96.404140
-211.270336	114.306003	96.546953
-211.591213	114.155370	96.693588
-211.920454	114.000811	96.844046
-212.258061	113.842325	96.998326
-212.604032	113.679912	97.156429
-212.958368	113.513573	97.318355
-213.321069	113.343306	97.484103
-213.692135	113.169113	97.653674
-214.071565	112.990994	97.827067
-214.459360	112.808947	98.004282
-214.855519	112.622974	98.185321
-215.260044	112.433074	98.370182
-215.672933	112.239247	98.558865
-215.859974	112.151443	98.644340
-216.055380	112.059711	98.733637
-216.259151	111.964053	98.826757
-216.471286	111.864468	98.923699
-216.691787	111.760957	99.024464
-216.920652	111.653518	99.129051
-217.157881	111.542153	99.237461
-217.403476	111.426861	99.349693
-217.657435	111.307643	99.465748
-217.919759	111.184497	99.585626
-218.190447	111.057425	99.709326
-218.469501	110.926427	99.836849
-218.756919	110.791501	99.968194
-219.052702	110.652649	100.103362
-219.356849	110.509870	100.242352
-219.669362	110.363164	100.385165
-219.990239	110.212531	100.531800
-220.319480	110.057972	100.682258
-220.657087	109.899486	100.836538
-221.003058	109.737073	100.994641
-221.357394	109.570734	101.156567
-221.720095	109.400468	101.322315
-222.091160	109.226275	101.491886
-222.470591	109.048155	101.665279
-222.858386	108.866108	101.842495
-223.254545	108.680135	102.023533
-223.659070	108.490235	102.208394
-224.071959	108.296408	102.397077
-224.259000	108.208604	102.482552
-224.454406	108.116872	102.571849
-224.658177	108.021214	102.664969
-224.870312	107.921629	102.761911
-225.090813	107.818118	102.862676
-225.319677	107.710679	102.967263
-225.556907	107.599314	103.075673
-225.802502	107.484023	103.187906
-226.056461	107.364804	103.303961
-226.318785	107.241659	103.423838
-226.589473	107.114587	103.547538
-226.868527	106.983588	103.675061
-227.155945	106.848662	103.806406
-227.451728	106.709810	103.941574
-227.755875	106.567031	104.080564
-228.068387	106.420325	104.223377
-228.389265	106.269693	104.370012
-228.718506	106.115133	104.520470
-229.056113	105.956647	104.674751
-229.402084	105.794234	104.832854
-229.756420	105.627895	104.994779
-230.119121	105.457629	105.160527
-230.490186	105.283436	105.330098
-230.869617	105.105316	105.503491
-231.257412	104.923270	105.680707
-231.653571	104.737296	105.861745
-232.058096	104.547396	106.046606
-232.470985	104.353570	106.235289
-232.658026	104.265765	106.320764
-232.853432	104.174034	106.410061
-233.057203	104.078376	106.503181
-233.269338	103.978791	106.600123
-233.489839	103.875279	106.700888
-233.718703	103.767841	106.805475
-233.955933	103.656476	106.913885
-234.201528	103.541184	107.026118
-234.455487	103.421965	107.142173
-234.717811	103.298820	107.262050
-234.988499	103.171748	107.385750
-235.267553	103.040749	107.513273
-235.554971	102.905823	107.644618
-235.850754	102.766971	107.779786
-236.154901	102.624192	107.918776
-236.467413	102.477486	108.061589
-236.788291	102.326854	108.208224
-237.117532	102.172295	108.358682
-237.455139	102.013808	108.512963
-237.801110	101.851396	108.671066
-238.155446	101.685056	108.832991
-238.518147	101.514790	108.998739
-238.889212	101.340597	109.168310
-239.268643	101.162477	109.341703
-239.656438	100.980431	109.518919
-240.052597	100.794458	109.699957
-240.457122	100.604558	109.884818
-240.870011	100.410731	110.073501
-241.057052	100.322926	110.158976
-241.252458	100.231195	110.248273
-241.456229	100.135537	110.341393
-241.668364	100.035952	110.438335
-241.888865	99.932440	110.539100
-242.117729	99.825002	110.643687
-242.354959	99.713637	110.752097
-242.600554	99.598345	110.864330
-242.854513	99.479126	110.980385
-243.116837	99.355981	111.100262
-243.387525	99.228909	111.223962
-243.666579	99.097910	111.351485
-243.953997	98.962985	111.482830
-244.249780	98.824132	111.617998
-244.553927	98.681353	111.756988
-244.866439	98.534648	111.899801
-245.187316	98.384015	112.046436
-245.516558	98.229456	112.196894
-245.854165	98.070970	112.351175
-246.200136	97.908557	112.509278
-246.554472	97.742218	112.671203
-246.917173	97.571951	112.836951
-247.288238	97.397758	113.006522
-247.667669	97.219639	113.179915
-248.055464	97.037592	113.357131
-248.451623	96.851619	113.538169
-248.856148	96.661719	113.723030
-249.269037	96.467892	113.911713
-249.456078	96.380088	113.997188
-249.651484	96.288356	114.086485
-249.855255	96.192698	114.179605
-250.067390	96.093113	114.276547
-250.287891	95.989602	114.377312
-250.516755	95.882163	114.481900
-250.753985	95.770798	114.590309
-250.999580	95.655506	114.702542
-251.253539	95.536288	114.818597
-251.515863	95.413142	114.938474
-251.786551	95.286070	115.062175
-252.065605	95.155072	115.189697
-252.353023	95.020146	115.321042
-252.648806	94.881294	115.456210
-252.952953	94.738515	115.595200
-253.265465	94.591809	115.738013
-253.586342	94.441176	115.884649
-253.915584	94.286617	116.035107
-254.253191	94.128131	116.189387
-254.599162	93.965718	116.347490
-254.953498	93.799379	116.509416
-255.316199	93.629113	116.675164
-255.687264	93.454920	116.844734
-256.066695	93.276800	117.018127
-256.454490	93.094753	117.195343
-256.850649	92.908780	117.376381
-257.255174	92.718880	117.561242
-257.668063	92.525054	117.749925
-257.855104	92.437249	117.835400
-258.050510	92.345518	117.924697
-258.254281	92.249859	118.017817
-258.466416	92.150275	118.114759
-258.686916	92.046763	118.215524
-258.915781	91.939325	118.320112
-259.153011	91.827960	118.428522
-259.398606	91.712668	118.540754
-259.652565	91.593449	118.656809
-259.914889	91.470304	118.776687
-260.185577	91.343232	118.900387
-260.464631	91.212233	119.027909
-260.752049	91.077307	119.159255
-261.047832	90.938455	119.294422
-261.351979	90.795676	119.433413
-261.664491	90.648970	119.576225
-261.985368	90.498338	119.722861
-262.314610	90.343778	119.873319
-262.652217	90.185292	120.027599
-262.998188	90.022880	120.185702
-263.352524	89.856540	120.347628
-263.715225	89.686274	120.513376
-264.086290	89.512081	120.682946
-264.465721	89.333961	120.856340
-264.853516	89.151915	121.033555
-265.249675	88.965942	121.214593
-265.654200	88.776042	121.399454
-266.067089	88.582215	121.588138
-266.254130	88.494410	121.673612
-266.449536	88.402679	121.762909
-266.653307	88.307021	121.856029
-266.865442	88.207436	121.952972
-267.085942	88.103924	122.053736
-267.314807	87.996486	122.158324
-267.552037	87.885121	122.266734
-267.797632	87.769829	122.378966
-268.051591	87.650610	122.495021
-268.313915	87.527465	122.614899
-268.584603	87.400393	122.738599
-268.863657	87.269394	122.866122
-269.151075	87.134469	122.997467
-269.446858	86.995616	123.132634
-269.751005	86.852837	123.271625
-270.063517	86.706132	123.414438
-270.384394	86.555499	123.561073
-270.713636	86.400940	123.711531
-271.051243	86.242454	123.865811
-271.397214	86.080041	124.023914
-271.751550	85.913701	124.185840
-272.114251	85.743435	124.351588
-272.485316	85.569242	124.521158
-272.864747	85.391123	124.694552
-273.252542	85.209076	124.871767
-273.648701	85.023103	125.052806
-274.053226	84.833203	125.237666
-274.466115	84.639376	125.426350
-274.653156	84.551572	125.511824
-274.848562	84.459840	125.601122
-275.052333	84.364182	125.694241
-275.264468	84.264597	125.791184
-275.484968	84.161086	125.891949
-275.713833	84.053647	125.996536
-275.951063	83.942282	126.104946
-276.196658	83.826990	126.217178
-276.450617	83.707772	126.333233
-276.712941	83.584626	126.453111
-276.983629	83.457554	126.576811
-277.262683	83.326556	126.704334
-277.550101	83.191630	126.835679
-277.845884	83.052778	126.970847
-278.150031	82.909999	127.109837
-278.462543	82.763293	127.252650
-278.783420	82.612660	127.399285
-279.112662	82.458101	127.549743
-279.450269	82.299615	127.704023
-279.796240	82.137202	127.862126
-280.150576	81.970863	128.024052
-280.513277	81.800597	128.189800
-280.884342	81.626404	128.359371
-281.263773	81.448284	128.532764
-281.651568	81.266237	128.709979
-282.047727	81.080264	128.891018
-282.452252	80.890364	129.075879
-282.865141	80.696538	129.264562
-283.052182	80.608733	129.350037
-283.247588	80.517001	129.439334
-283.451359	80.421343	129.532454
-283.663494	80.321759	129.629396
-283.883994	80.218247	129.730161
-284.112859	80.110809	129.834748
-284.350089	79.999443	129.943158
-284.595684	79.884152	130.055390
-284.849643	79.764933	130.171445
-285.111967	79.641788	130.291323
-285.382655	79.514716	130.415023
-285.661709	79.383717	130.542546
-285.949127	79.248791	130.673891
-286.244909	79.109939	130.809059
-286.549057	78.967160	130.948049
-286.861569	78.820454	131.090862
-287.182446	78.669822	131.237497
-287.511688	78.515262	131.387955
-287.849295	78.356776	131.542236
-288.195266	78.194364	131.700338
-288.549602	78.028024	131.862264
-288.912303	77.857758	132.028012
-289.283368	77.683565	132.197583
-289.662799	77.505445	132.370976
-290.050594	77.323399	132.548192
-290.446753	77.137425	132.729230
-290.851278	76.947526	132.914091
-291.264167	76.753699	133.102774
-291.451208	76.665894	133.188249
-291.646614	76.574163	133.277546
-291.850385	76.478505	133.370666
-292.062520	76.378920	133.467608
-292.283020	76.275408	133.568373
-292.511885	76.167970	133.672960
-292.749115	76.056605	133.781370
-292.994710	75.941313	133.893603
-293.248669	75.822094	134.009658
-293.510993	75.698949	134.129535
-293.781681	75.571877	134.253235
-294.060735	75.440878	134.380758
-294.348153	75.305953	134.512103
-294.643935	75.167100	134.647271
-294.948083	75.024321	134.786261
-295.260595	74.877615	134.929074
-295.581472	74.726983	135.075709
-295.910714	74.572424	135.226167
-296.248321	74.413938	135.380448
-296.594292	74.251525	135.538551
-296.948628	74.085185	135.700476
-297.311329	73.914919	135.866224
-297.682394	73.740726	136.035795
-298.061825	73.562606	136.209188
-298.449620	73.380560	136.386404
-298.845779	73.194587	136.567442
-299.250304	73.004687	136.752303
-299.663193	72.810860	136.940986
-299.850234	72.723056	137.026461
-300.045640	72.631324	137.115758
-300.249411	72.535666	137.208878
-300.461546	72.436081	137.305820
-300.682046	72.332570	137.406585
-300.910911	72.225131	137.511172
-301.148141	72.113766	137.619582
-301.393736	71.998474	137.731815
-301.647695	71.879256	137.847870
-301.910019	71.756110	137.967747
-302.180707	71.629038	138.091447
-302.459761	71.498039	138.218970
-302.747179	71.363114	138.350315
-303.042961	71.224262	138.485483
