21.280282	245.674193	47.062314
21.275845	245.542123	47.057279
21.275022	245.405250	47.060236
21.277812	245.263575	47.071186
21.284216	245.117101	47.090130
21.294233	244.965829	47.117070
21.307865	244.809763	47.152007
21.325111	244.648903	47.194941
21.345971	244.483252	47.245874
21.370446	244.312812	47.304807
21.398535	244.137585	47.371741
21.430239	243.957574	47.446678
21.465558	243.772779	47.529618
21.504492	243.583203	47.620563
21.547041	243.388849	47.719514
21.593206	243.189718	47.826471
21.642986	242.985812	47.941437
21.696382	242.777134	48.064412
21.753394	242.563685	48.195398
21.814023	242.345468	48.334395
21.878267	242.122484	48.481404
21.946128	241.894736	48.636428
22.017605	241.662225	48.799467
22.092699	241.424955	48.970522
22.171411	241.182926	49.149594
22.253739	240.936141	49.336685
22.339685	240.684602	49.531795
22.429248	240.428312	49.734926
22.522429	240.167271	49.946079
22.619228	239.901483	50.165255
22.719644	239.630949	50.392456
22.823680	239.355672	50.627682
22.931333	239.075653	50.870934
23.042606	238.790895	51.122214
23.157497	238.501400	51.381523
23.276007	238.207170	51.648862
23.398137	237.908206	51.924233
23.523886	237.604512	52.207635
23.653255	237.296089	52.499071
23.786244	236.982939	52.798542
23.922853	236.665065	53.106048
24.063083	236.342469	53.421591
24.206933	236.015152	53.745172
24.354404	235.683117	54.076793
24.421760	235.532997	54.228210
24.492736	235.378162	54.387668
24.567334	235.218613	54.555168
24.645553	235.054351	54.730709
24.727394	234.885376	54.914293
24.812857	234.711691	55.105920
24.901941	234.533295	55.305590
24.994647	234.350190	55.513304
25.090976	234.162377	55.729063
25.190926	233.969856	55.952867
25.294498	233.772629	56.184716
25.401693	233.570697	56.424611
25.512510	233.364060	56.672552
25.626950	233.152720	56.928541
25.745013	232.936677	57.192577
25.866698	232.715933	57.464662
25.992006	232.490489	57.744794
26.120937	232.260344	58.032976
26.253492	232.025502	58.329208
26.389670	231.785961	58.633489
26.529471	231.541724	58.945822
26.672896	231.292792	59.266205
26.819944	231.039165	59.594640
26.970616	230.780844	59.931128
27.124912	230.517830	60.275668
27.282833	230.250125	60.628261
27.444377	229.977729	60.988908
27.609546	229.700644	61.357609
27.778339	229.418870	61.734365
27.853968	229.293216	61.903159
27.933222	229.162875	62.080008
28.016101	229.027847	62.264913
28.102605	228.888133	62.457874
28.192733	228.743733	62.658891
28.286487	228.594647	62.867965
28.383865	228.440877	63.085095
28.484868	228.282422	63.310283
28.589497	228.119282	63.543527
28.697750	227.951459	63.784829
28.809629	227.778953	64.034188
28.925133	227.601763	64.291605
29.044263	227.419892	64.557080
29.167018	227.233338	64.830614
29.293398	227.042103	65.112206
29.423404	226.846187	65.401856
29.557036	226.645590	65.699566
29.694293	226.440313	66.005335
29.835176	226.230357	66.319163
29.979685	226.015721	66.641051
30.127819	225.796406	66.970998
30.279580	225.572413	67.309006
30.434967	225.343742	67.655074
30.593980	225.110394	68.009203
30.756618	224.872368	68.371393
30.922884	224.629666	68.741643
31.092775	224.382288	69.119955
31.266293	224.130235	69.506329
31.345064	224.016075	69.681722
31.427461	223.897241	69.865177
31.513484	223.773731	70.056694
31.603134	223.645548	70.256273
31.696411	223.512689	70.463914
31.793314	223.375157	70.679618
31.893844	223.232951	70.903384
31.998001	223.086071	71.135212
32.105784	222.934517	71.375103
32.217194	222.778290	71.623056
32.332231	222.617390	71.879073
32.450895	222.451817	72.143152
32.573185	222.281571	72.415294
32.699103	222.106653	72.695499
32.828647	221.927062	72.983768
32.961818	221.742799	73.280099
33.098616	221.553865	73.584495
33.239041	221.360258	73.896953
33.383093	221.161980	74.217476
33.530773	220.959031	74.546062
33.682079	220.751411	74.882711
33.837012	220.539120	75.227425
33.995573	220.322158	75.580203
34.157761	220.100526	75.941045
34.323576	219.874224	76.309951
34.493018	219.643251	76.686921
34.666088	219.407609	77.071956
34.842785	219.167297	77.465056
34.922875	219.058490	77.643231
35.006593	218.945013	77.829472
35.093938	218.826867	78.023776
35.184911	218.704052	78.226146
35.279511	218.576569	78.436581
35.377738	218.444416	78.655080
35.479593	218.307594	78.881645
35.585076	218.166103	79.116274
35.694186	218.019944	79.358969
35.806923	217.869117	79.609728
35.923288	217.713621	79.868553
36.043281	217.553456	80.135443
36.166901	217.388624	80.410398
36.294149	217.219123	80.693419
36.425025	217.044954	80.984505
36.559528	216.866117	81.283656
36.697658	216.682613	81.590872
36.839417	216.494440	81.906155
36.984803	216.301600	82.229502
37.133817	216.104092	82.560915
37.286458	215.901917	82.900394
37.442727	215.695075	83.247939
37.602624	215.483565	83.603549
37.766149	215.267388	83.967225
37.933301	215.046544	84.338967
38.104082	214.821033	84.718775
38.278490	214.590855	85.106648
38.456526	214.356010	85.502588
38.537192	214.249657	85.681982
38.621485	214.138639	85.869442
38.709407	214.022953	86.064968
38.800956	213.902601	86.268560
38.896133	213.777582	86.480219
38.994938	213.647897	86.699943
39.097371	213.513545	86.927734
39.203432	213.374527	87.163591
39.313121	213.230843	87.407514
39.426438	213.082492	87.659503
39.543383	212.929476	87.919558
39.663955	212.771793	88.187680
39.788156	212.609443	88.463868
39.915984	212.442428	88.748122
40.047441	212.270746	89.040443
40.182525	212.094399	89.340829
40.321238	211.913385	89.649283
40.463578	211.727706	89.965802
40.609547	211.537361	90.290388
40.759143	211.342349	90.623041
40.912368	211.142672	90.963760
41.069220	210.938330	91.312545
41.229701	210.729321	91.669397
41.393810	210.515647	92.034316
41.561546	210.297307	92.407301
41.732911	210.074302	92.788352
41.907904	209.846631	93.177470
42.086524	209.614294	93.574655
42.167446	209.509062	93.754594
42.251996	209.399164	93.942598
42.340173	209.284600	94.138670
42.431979	209.165371	94.342808
42.527413	209.041477	94.555013
42.626475	208.912917	94.775285
42.729165	208.779692	95.003623
42.835483	208.641802	95.240028
42.945430	208.499246	95.484500
43.059004	208.352025	95.737038
43.176206	208.200139	95.997643
43.297037	208.043588	96.266315
43.421496	207.882371	96.543054
43.549583	207.716490	96.827859
43.681298	207.545943	97.120732
43.816641	207.370731	97.421671
43.955613	207.190854	97.730676
44.098212	207.006311	98.047749
44.244440	206.817104	98.372888
44.394296	206.623232	98.706095
44.547780	206.424694	99.047368
44.704892	206.221492	99.396708
44.865632	206.013624	99.754114
45.030000	205.801092	100.119588
45.197997	205.583894	100.493129
45.369622	205.362032	100.874736
45.544875	205.135505	101.264410
45.723756	204.904313	101.662152
45.804793	204.799590	101.842335
45.889457	204.690201	102.030586
45.977750	204.576148	102.226903
46.069671	204.457430	102.431288
46.165220	204.334048	102.643739
46.264397	204.206000	102.864257
46.367203	204.073288	103.092843
46.473637	203.935911	103.329495
46.583698	203.793869	103.574214
46.697389	203.647162	103.827000
46.814707	203.495791	104.087853
46.935654	203.339754	104.356773
47.060228	203.179053	104.633760
47.188431	203.013688	104.918814
47.320263	202.843657	105.211935
47.455722	202.668962	105.513123
47.594810	202.489602	105.822378
47.737526	202.305577	106.139700
47.883870	202.116888	106.465089
48.033842	201.923534	106.798545
48.187443	201.725515	107.140068
48.344672	201.522832	107.489658
48.505529	201.315484	107.847315
48.670014	201.103471	108.213040
48.838127	200.886794	108.586831
49.009869	200.665452	108.968689
49.185239	200.439445	109.358614
49.364237	200.208774	109.756606
49.445326	200.104282	109.936901
49.530042	199.995126	110.125263
49.618387	199.881305	110.321692
49.710360	199.762820	110.526188
49.805961	199.639670	110.738751
49.905190	199.511855	110.959381
50.008048	199.379376	111.188078
50.114534	199.242232	111.424842
50.224648	199.100424	111.669673
50.338390	198.953951	111.922572
50.455761	198.802814	112.183537
50.576760	198.647012	112.452569
50.701387	198.486545	112.729669
50.829642	198.321414	113.014836
50.961526	198.151618	113.308069
51.097038	197.977158	113.609370
51.236178	197.798033	113.918738
51.378947	197.614244	114.236173
51.525343	197.425791	114.561675
51.675368	197.232672	114.895244
51.829022	197.034889	115.236881
51.986303	196.832442	115.586584
52.147213	196.625330	115.944354
52.311751	196.413554	116.310192
52.479917	196.197113	116.684097
52.651712	195.976008	117.066068
52.827135	195.750238	117.456107
53.006186	195.519804	117.854213
53.087297	195.415418	118.034558
53.172037	195.306367	118.222971
53.260405	195.192652	118.419450
53.352402	195.074272	118.623997
53.448026	194.951228	118.836610
53.547279	194.823519	119.057291
53.650161	194.691146	119.286039
53.756670	194.554108	119.522854
53.866808	194.412406	119.767736
53.980574	194.266040	120.020686
54.097968	194.115009	120.281702
54.218991	193.959313	120.550786
54.343642	193.798953	120.827936
54.471921	193.633929	121.113154
54.603828	193.464240	121.406439
54.739364	193.289887	121.707791
54.878528	193.110869	122.017210
55.021320	192.927187	122.334696
55.167741	192.738840	122.660250
55.317790	192.545829	122.993870
55.471467	192.348154	123.335558
55.628772	192.145814	123.685313
55.789706	191.938810	124.043135
55.954268	191.727141	124.409024
56.122458	191.510808	124.782980
56.294276	191.289810	125.165004
56.469723	191.064148	125.555094
56.648798	190.833822	125.953252
56.729920	190.729483	126.133620
56.814671	190.620481	126.322055
56.903050	190.506813	126.518558
56.995057	190.388482	126.723127
57.090692	190.265485	126.935764
57.189956	190.137825	127.156468
57.292848	190.005500	127.385239
57.399368	189.868511	127.622077
57.509516	189.726857	127.866982
57.623293	189.580539	128.119955
57.740698	189.429556	128.380994
57.861732	189.273909	128.650101
57.986393	189.113598	128.927275
58.114683	188.948622	129.212516
58.246601	188.778982	129.505824
58.382148	188.604677	129.807200
58.521323	188.425708	130.116642
58.664126	188.242075	130.434152
58.810557	188.053777	130.759729
58.960617	187.860815	131.093373
59.114305	187.663188	131.435084
59.271621	187.460897	131.784862
59.432565	187.253942	132.142707
59.597138	187.042322	132.508620
59.765339	186.826038	132.882599
59.937168	186.605089	133.264646
60.112626	186.379476	133.654760
60.291712	186.149199	134.052941
60.372839	186.044882	134.233320
60.457594	185.935901	134.421766
60.545978	185.822256	134.618279
60.637990	185.703946	134.822859
60.733630	185.580972	135.035506
60.832899	185.453333	135.256220
60.935795	185.321030	135.485002
61.042320	185.184063	135.721851
61.152474	185.042431	135.966766
61.266255	184.896135	136.219749
61.383665	184.745174	136.480800
61.504704	184.589549	136.749917
61.629370	184.429260	137.027101
61.757665	184.264306	137.312353
61.889588	184.094688	137.605672
62.025139	183.920406	137.907058
62.164319	183.741459	138.216511
62.307127	183.557848	138.534031
62.453563	183.369572	138.859619
62.603628	183.176632	139.193273
62.757321	182.979028	139.534995
62.914642	182.776759	139.884784
63.075591	182.569826	140.242640
63.240169	182.358228	140.608563
63.408375	182.141966	140.982553
63.580209	181.921040	141.364611
63.755672	181.695450	141.754736
63.934763	181.465194	142.152927
64.015892	181.360888	142.333311
64.100649	181.251917	142.521761
64.189035	181.138281	142.718279
64.281049	181.019981	142.922864
64.376692	180.897017	143.135516
64.475962	180.769388	143.356235
64.578861	180.637095	143.585021
64.685389	180.500138	143.821875
64.795544	180.358516	144.066795
64.909328	180.212230	144.319783
65.026740	180.061280	144.580838
65.147781	179.905665	144.849960
65.272449	179.745386	145.127150
65.400746	179.580442	145.412406
65.532672	179.410834	145.705730
65.668225	179.236562	146.007120
65.807407	179.057625	146.316578
65.950217	178.874024	146.634103
66.096656	178.685758	146.959696
66.246723	178.492828	147.293355
66.400418	178.295234	147.635082
66.557741	178.092976	147.984875
66.718693	177.886053	148.342736
66.883273	177.674465	148.708664
67.051481	177.458213	149.082660
67.223317	177.237297	149.464722
67.398782	177.011717	149.854852
67.577875	176.781472	150.253048
67.659006	176.677170	150.433434
67.743764	176.568203	150.621887
67.832151	176.454572	150.818406
67.924166	176.336277	151.022993
68.019809	176.213317	151.235648
68.119081	176.085693	151.456369
68.221981	175.953405	151.685157
68.328509	175.816452	151.922013
68.438666	175.674835	152.166936
68.552451	175.528553	152.419926
68.669864	175.377607	152.680983
68.790905	175.221997	152.950107
68.915575	175.061722	153.227299
69.043873	174.896783	153.512558
69.175800	174.727180	153.805883
69.311354	174.552912	154.107276
69.450537	174.373980	154.416736
69.593348	174.190383	154.734264
69.739788	174.002123	155.059858
69.889856	173.809197	155.393520
70.043552	173.611608	155.735249
70.200876	173.409354	156.085045
70.361829	173.202435	156.442908
70.526410	172.990853	156.808838
70.694619	172.774605	157.182836
70.866456	172.553694	157.564900
71.041922	172.328118	157.955032
71.221016	172.097878	158.353231
71.302147	171.993578	158.533617
71.386906	171.884613	158.722071
71.475293	171.770984	158.918592
71.567309	171.652691	159.123180
71.662953	171.529733	159.335835
71.762225	171.402111	159.556557
71.865125	171.269825	159.785347
71.971654	171.132874	160.022204
72.081811	170.991259	160.267127
72.195596	170.844980	160.520118
72.313010	170.694036	160.781177
72.434052	170.538428	161.050302
72.558722	170.378155	161.327494
72.687021	170.213218	161.612754
72.818947	170.043617	161.906081
72.954503	169.869351	162.207475
73.093686	169.690421	162.516936
73.236498	169.506827	162.834464
73.382938	169.318568	163.160060
73.533006	169.125645	163.493722
73.686702	168.928057	163.835452
73.844027	168.725805	164.185249
74.004980	168.518889	164.543113
74.169562	168.307309	164.909045
74.337771	168.091064	165.283043
74.509609	167.870154	165.665109
74.685076	167.644580	166.055242
74.864170	167.414342	166.453442
74.945301	167.310043	166.633828
75.030060	167.201080	166.822283
75.118448	167.087452	167.018804
75.210464	166.969159	167.223392
75.306108	166.846203	167.436048
75.405380	166.718582	167.656771
75.508281	166.586296	167.885561
75.614810	166.449346	168.122418
75.724967	166.307732	168.367342
75.838752	166.161454	168.620334
75.956166	166.010511	168.881392
76.077208	165.854904	169.150518
76.201879	165.694632	169.427711
76.330178	165.529696	169.712971
76.462105	165.360096	170.006298
76.597660	165.185831	170.307693
76.736843	165.006902	170.617154
76.879655	164.823308	170.934683
77.026095	164.635051	171.260279
77.176164	164.442128	171.593942
77.329861	164.244542	171.935672
77.487186	164.042291	172.285470
77.648139	163.835376	172.643334
77.812721	163.623796	173.009266
77.980931	163.407552	173.383265
78.152769	163.186643	173.765331
78.328235	162.961071	174.155464
78.507330	162.730834	174.553665
78.588461	162.626535	174.734052
78.673220	162.517572	174.922506
78.761608	162.403944	175.119028
78.853624	162.285652	175.323617
78.949268	162.162696	175.536272
79.048540	162.035075	175.756995
79.151441	161.902790	175.985786
79.257970	161.765841	176.222643
79.368128	161.624227	176.467567
79.481913	161.477949	176.720559
79.599327	161.327007	176.981618
79.720369	161.171400	177.250744
79.845040	161.011129	177.527937
79.973339	160.846193	177.813197
80.105266	160.676593	178.106525
80.240821	160.502329	178.407919
80.380005	160.323400	178.717381
80.522817	160.139807	179.034910
80.669257	159.951550	179.360506
80.819326	159.758628	179.694170
80.973022	159.561042	180.035900
81.130348	159.358792	180.385698
81.291301	159.151877	180.743563
81.455883	158.940298	181.109495
81.624093	158.724054	181.483494
81.795931	158.503146	181.865560
81.971398	158.277574	182.255694
82.150493	158.047337	182.653894
82.231624	157.943038	182.834281
82.316383	157.834075	183.022736
82.404771	157.720448	183.219257
82.496786	157.602156	183.423846
82.592431	157.479200	183.636502
82.691703	157.351580	183.857225
82.794604	157.219295	184.086015
82.901133	157.082346	184.322873
83.011290	156.940733	184.567797
83.125076	156.794455	184.820789
83.242490	156.643512	185.081848
83.363532	156.487906	185.350974
83.488203	156.327635	185.628167
83.616502	156.162699	185.913428
83.748429	155.993100	186.206755
83.883984	155.818836	186.508150
84.023168	155.639907	186.817612
84.165980	155.456314	187.135141
84.312420	155.268057	187.460737
84.462489	155.075136	187.794401
84.616186	154.877550	188.136131
84.773511	154.675299	188.485929
84.934465	154.468385	188.843794
85.099046	154.256806	189.209726
85.267256	154.040562	189.583725
85.439095	153.819655	189.965792
85.614561	153.594083	190.355925
85.793656	153.363846	190.754126
85.874787	153.259548	190.934513
85.959547	153.150585	191.122968
86.047934	153.036957	191.319489
86.139950	152.918666	191.524078
86.235595	152.795710	191.736734
86.334867	152.668090	191.957457
86.437768	152.535805	192.186248
86.544297	152.398856	192.423105
86.654454	152.257242	192.668030
86.768240	152.110965	192.921022
86.885654	151.960022	193.182080
87.006696	151.804416	193.451207
87.131367	151.644145	193.728400
87.259666	151.479210	194.013660
87.391593	151.309610	194.306988
87.527148	151.135346	194.608383
87.666332	150.956418	194.917845
87.809144	150.772825	195.235374
87.955584	150.584568	195.560970
88.105653	150.391646	195.894634
88.259350	150.194061	196.236364
88.416675	149.991810	196.586162
88.577629	149.784896	196.944027
88.742210	149.573317	197.309959
88.910421	149.357074	197.683958
89.082259	149.136166	198.066025
89.257726	148.910594	198.456158
89.436821	148.680358	198.854359
89.517952	148.576059	199.034747
89.602711	148.467096	199.223201
89.691099	148.353469	199.419723
89.783115	148.235178	199.624311
89.878759	148.112222	199.836967
89.978031	147.984601	200.057691
90.080932	147.852317	200.286481
90.187461	147.715368	200.523338
90.297619	147.573754	200.768263
90.411404	147.427477	201.021255
90.528818	147.276534	201.282314
90.649861	147.120928	201.551440
90.774531	146.960657	201.828633
90.902830	146.795722	202.113894
91.034757	146.626122	202.407221
91.170313	146.451858	202.708616
91.309497	146.272930	203.018078
91.452309	146.089337	203.335607
91.598749	145.901080	203.661204
91.748818	145.708159	203.994867
91.902514	145.510573	204.336598
92.059840	145.308323	204.686396
92.220793	145.101408	205.044261
92.385375	144.889830	205.410193
92.553585	144.673586	205.784192
92.725423	144.452679	206.166259
92.900890	144.227107	206.556392
93.079985	143.996870	206.954593
93.161116	143.892572	207.134980
93.245876	143.783609	207.323435
93.334263	143.669982	207.519956
93.426279	143.551690	207.724545
93.521923	143.428734	207.937201
93.621196	143.301114	208.157924
93.724097	143.168830	208.386715
93.830626	143.031881	208.623572
93.940783	142.890267	208.868497
94.054569	142.743990	209.121489
94.171983	142.593047	209.382548
94.293025	142.437441	209.651674
94.417696	142.277170	209.928867
94.545995	142.112235	210.214128
94.677922	141.942635	210.507455
94.813477	141.768371	210.808850
94.952661	141.589443	211.118312
95.095473	141.405850	211.435841
95.241914	141.217593	211.761438
95.391982	141.024672	212.095101
95.545679	140.827086	212.436832
95.703004	140.624836	212.786630
95.863958	140.417922	213.144494
96.028540	140.206343	213.510427
96.196750	139.990099	213.884426
96.368588	139.769192	214.266492
96.544055	139.543620	214.656626
96.723150	139.313384	215.054827
96.804281	139.209085	215.235214
96.889040	139.100122	215.423669
96.977428	138.986495	215.620190
97.069444	138.868204	215.824779
97.165088	138.745248	216.037435
97.264361	138.617628	216.258158
97.367261	138.485343	216.486949
97.473791	138.348394	216.723806
97.583948	138.206781	216.968731
97.697734	138.060503	217.221723
97.815148	137.909561	217.482782
97.936190	137.753954	217.751908
98.060861	137.593683	218.029101
98.189159	137.428748	218.314362
98.321087	137.259149	218.607689
98.456642	137.084885	218.909084
98.595826	136.905957	219.218546
98.738638	136.722364	219.536075
98.885078	136.534107	219.861672
99.035147	136.341185	220.195335
99.188844	136.143600	220.537066
99.346169	135.941350	220.886864
99.507122	135.734435	221.244729
99.671704	135.522856	221.610661
99.839914	135.306613	221.984660
100.011753	135.085705	222.366727
100.187219	134.860133	222.756860
100.366314	134.629897	223.155061
100.447446	134.525599	223.335448
100.532205	134.416636	223.523903
100.620593	134.303009	223.720424
100.712609	134.184717	223.925013
100.808253	134.061761	224.137669
100.907525	133.934141	224.358392
101.010426	133.801856	224.587183
101.116955	133.664907	224.824040
101.227113	133.523294	225.068965
101.340898	133.377016	225.321957
101.458312	133.226074	225.583016
101.579355	133.070468	225.852142
101.704025	132.910197	226.129335
101.832324	132.745262	226.414596
101.964251	132.575662	226.707923
102.099807	132.401398	227.009318
102.238991	132.222470	227.318780
102.381803	132.038877	227.636309
102.528243	131.850620	227.961906
102.678312	131.657699	228.295569
102.832008	131.460113	228.637300
102.989334	131.257863	228.987098
103.150287	131.050949	229.344963
103.314869	130.839370	229.710895
103.483079	130.623127	230.084894
103.654918	130.402219	230.466961
103.830384	130.176647	230.857094
104.009479	129.946411	231.255295
104.090610	129.842112	231.435682
104.175370	129.733150	231.624137
104.263757	129.619522	231.820659
104.355773	129.501231	232.025247
104.451417	129.378275	232.237903
104.550690	129.250655	232.458627
104.653591	129.118370	232.687417
104.760120	128.981421	232.924274
104.870277	128.839808	233.169199
104.984063	128.693530	233.422191
105.101477	128.542588	233.683250
105.222519	128.386982	233.952376
105.347190	128.226711	234.229569
105.475489	128.061776	234.514830
105.607416	127.892176	234.808158
105.742972	127.717912	235.109552
105.882155	127.538984	235.419014
106.024967	127.355391	235.736544
106.171408	127.167134	236.062140
106.321476	126.974213	236.395803
106.475173	126.776627	236.737534
106.632498	126.574377	237.087332
106.793452	126.367462	237.445197
106.958034	126.155883	237.811129
107.126244	125.939640	238.185128
107.298082	125.718733	238.567195
107.473549	125.493161	238.957328
107.652644	125.262924	239.355529
107.733775	125.158626	239.535917
107.818534	125.049663	239.724371
107.906922	124.936036	239.920893
107.998938	124.817745	240.125482
108.094582	124.694789	240.338138
108.193855	124.567168	240.558861
108.296756	124.434884	240.787651
108.403285	124.297935	241.024509
108.513442	124.156321	241.269433
108.627228	124.010044	241.522425
108.744642	123.859102	241.783484
108.865684	123.703495	242.052610
108.990355	123.543224	242.329804
109.118654	123.378289	242.615064
109.250581	123.208690	242.908392
109.386136	123.034426	243.209787
109.525320	122.855497	243.519249
109.668132	122.671905	243.836778
109.814572	122.483648	244.162374
109.964641	122.290726	244.496038
110.118338	122.093141	244.837768
110.275663	121.890891	245.187566
110.436617	121.683976	245.545431
110.601198	121.472397	245.911363
110.769409	121.256154	246.285363
110.941247	121.035246	246.667429
111.116714	120.809674	247.057563
111.295809	120.579438	247.455763
111.376940	120.475140	247.636151
111.461699	120.366177	247.824605
111.550087	120.252550	248.021127
111.642103	120.134258	248.225716
111.737747	120.011302	248.438372
111.837020	119.883682	248.659095
111.939920	119.751398	248.887885
112.046449	119.614449	249.124743
112.156607	119.472835	249.369667
112.270393	119.326557	249.622659
112.387807	119.175615	249.883718
112.508849	119.020009	250.152844
112.633519	118.859738	250.430038
112.761818	118.694803	250.715298
112.893746	118.525203	251.008626
113.029301	118.350939	251.310021
113.168485	118.172011	251.619483
113.311297	117.988419	251.937012
113.457737	117.800161	252.262608
113.607806	117.607240	252.596272
113.761503	117.409654	252.938002
113.918828	117.207404	253.287800
114.079781	117.000490	253.645665
114.244363	116.788911	254.011597
114.412573	116.572668	254.385597
114.584412	116.351760	254.767663
114.759878	116.126188	255.157797
114.938973	115.895952	255.555998
115.020104	115.791653	255.736385
115.104864	115.682691	255.924840
115.193251	115.569063	256.121361
115.285267	115.450772	256.325950
115.380912	115.327816	256.538606
115.480184	115.200196	256.759329
115.583085	115.067911	256.988119
115.689614	114.930962	257.224977
115.799772	114.789349	257.469902
115.913557	114.643071	257.722893
116.030971	114.492129	257.983952
116.152014	114.336523	258.253079
116.276684	114.176252	258.530272
116.404983	114.011317	258.815532
116.536910	113.841717	259.108860
116.672466	113.667453	259.410255
116.811650	113.488525	259.719717
116.954462	113.304932	260.037246
117.100902	113.116675	260.362842
117.250971	112.923754	260.696506
117.404667	112.726168	261.038237
117.561993	112.523918	261.388034
117.722946	112.317003	261.745899
117.887528	112.105425	262.111832
118.055738	111.889181	262.485831
118.227576	111.668274	262.867897
118.403043	111.442702	263.258031
118.582138	111.212466	263.656232
118.663269	111.108167	263.836619
118.748029	110.999204	264.025074
118.836416	110.885577	264.221595
118.928432	110.767286	264.426184
119.024076	110.644330	264.638840
119.123349	110.516710	264.859563
119.226250	110.384425	265.088354
119.332779	110.247476	265.325211
119.442936	110.105863	265.570136
119.556722	109.959585	265.823128
119.674136	109.808643	266.084187
119.795178	109.653036	266.353313
119.919849	109.492766	266.630506
120.048148	109.327830	266.915767
120.180075	109.158231	267.209094
120.315630	108.983967	267.510489
120.454814	108.805039	267.819951
120.597626	108.621446	268.137480
120.744067	108.433189	268.463077
120.894135	108.240268	268.796740
121.047832	108.042682	269.138471
121.205157	107.840432	269.488269
121.366111	107.633517	269.846134
121.530693	107.421938	270.212066
121.698903	107.205695	270.586065
121.870741	106.984788	270.968132
122.046208	106.759216	271.358265
122.225303	106.528979	271.756466
122.306434	106.424681	271.936853
122.391193	106.315718	272.125308
122.479581	106.202091	272.321830
122.571597	106.083799	272.526418
122.667241	105.960844	272.739074
122.766514	105.833223	272.959798
122.869415	105.700939	273.188588
122.975944	105.563990	273.425445
123.086101	105.422376	273.670370
123.199887	105.276099	273.923362
123.317301	105.125157	274.184421
123.438343	104.969550	274.453547
123.563014	104.809279	274.730740
123.691313	104.644344	275.016001
123.823240	104.474745	275.309328
123.958795	104.300481	275.610723
124.097979	104.121552	275.920185
124.240791	103.937960	276.237714
124.387231	103.749703	276.563311
124.537300	103.556781	276.896974
124.690997	103.359196	277.238705
124.848322	103.156945	277.588503
125.009276	102.950031	277.946368
125.173857	102.738452	278.312300
125.342068	102.522209	278.686299
125.513906	102.301301	279.068366
125.689373	102.075729	279.458499
125.868468	101.845493	279.856700
125.949599	101.741195	280.037088
126.034358	101.632232	280.225542
126.122746	101.518605	280.422064
126.214762	101.400313	280.626653
126.310406	101.277357	280.839309
126.409678	101.149737	281.060032
126.512579	101.017452	281.288822
126.619108	100.880503	281.525680
126.729266	100.738890	281.770604
126.843052	100.592612	282.023596
126.960466	100.441670	282.284655
127.081508	100.286064	282.553781
127.206178	100.125793	282.830975
127.334477	99.960858	283.116235
127.466405	99.791258	283.409563
127.601960	99.616994	283.710957
127.741144	99.438066	284.020419
127.883956	99.254473	284.337949
128.030396	99.066216	284.663545
128.180465	98.873295	284.997208
128.334162	98.675709	285.338939
128.491487	98.473459	285.688737
128.652440	98.266545	286.046602
128.817022	98.054966	286.412534
128.985232	97.838723	286.786533
129.157071	97.617815	287.168600
129.332537	97.392243	287.558734
129.511632	97.162007	287.956934
129.592763	97.057708	288.137322
129.677523	96.948746	288.325776
129.765910	96.835118	288.522298
129.857926	96.716827	288.726887
129.953571	96.593871	288.939543
130.052843	96.466251	289.160266
130.155744	96.333966	289.389056
130.262273	96.197017	289.625914
130.372431	96.055404	289.870838
130.486216	95.909126	290.123830
130.603630	95.758184	290.384889
130.724673	95.602578	290.654015
130.849343	95.442307	290.931209
130.977642	95.277372	291.216469
131.109569	95.107772	291.509797
131.245125	94.933508	291.811192
131.384308	94.754580	292.120654
131.527121	94.570987	292.438183
131.673561	94.382730	292.763779
131.823630	94.189809	293.097443
131.977326	93.992223	293.439173
132.134652	93.789973	293.788971
132.295605	93.583058	294.146836
132.460187	93.371480	294.512768
132.628397	93.155236	294.886768
132.800235	92.934329	295.268834
132.975702	92.708757	295.658968
133.154797	92.478520	296.057169
133.235928	92.374222	296.237556
133.320688	92.265259	296.426010
133.409075	92.151632	296.622532
133.501091	92.033341	296.827121
133.596735	91.910385	297.039777
133.696008	91.782764	297.260500
133.798909	91.650480	297.489290
133.905438	91.513531	297.726148
134.015595	91.371917	297.971073
134.129381	91.225640	298.224064
134.246795	91.074698	298.485123
134.367837	90.919091	298.754250
134.492508	90.758820	299.031443
134.620807	90.593885	299.316703
134.752734	90.424286	299.610031
