37.510125	241.684556	8.894302
37.546062	241.530162	8.869053
37.590621	241.371129	8.845841
37.643806	241.207462	8.824659
37.705618	241.039161	8.805499
37.776061	240.866228	8.788354
37.855138	240.688667	8.773218
37.942851	240.506478	8.760084
38.039203	240.319665	8.748944
38.144196	240.128229	8.739792
38.257834	239.932171	8.732620
38.380119	239.731496	8.727422
38.511054	239.526203	8.724191
38.650641	239.316297	8.722920
38.798883	239.101778	8.723603
38.955783	238.882648	8.726232
39.121344	238.658911	8.730801
39.295567	238.430568	8.737303
39.478456	238.197621	8.745732
39.670014	237.960072	8.756082
39.870241	237.717923	8.768345
40.079143	237.471177	8.782516
40.296719	237.219836	8.798588
40.522975	236.963902	8.816554
40.757910	236.703376	8.836410
41.001529	236.438262	8.858147
41.253834	236.168560	8.881762
41.514827	235.894274	8.907247
41.784510	235.615406	8.934596
42.062886	235.331957	8.963804
42.349957	235.043930	8.994865
42.645726	234.751327	9.027774
42.950194	234.454150	9.062524
43.263365	234.152401	9.099110
43.585240	233.846083	9.137527
43.915822	233.535197	9.177770
44.255113	233.219747	9.219832
44.603115	232.899733	9.263709
44.959831	232.575158	9.309396
45.325262	232.246024	9.356888
45.491340	232.097905	9.378767
45.666137	231.945231	9.402444
45.849654	231.788001	9.427917
46.041891	231.626218	9.455182
46.242850	231.459883	9.484239
46.452531	231.288996	9.515085
46.670936	231.113559	9.547717
46.898065	230.933571	9.582134
47.133920	230.749035	9.618335
47.378501	230.559952	9.656315
47.631809	230.366321	9.696075
47.893845	230.168145	9.737611
48.164611	229.965425	9.780922
48.444106	229.758160	9.826006
48.732332	229.546353	9.872860
49.029289	229.330004	9.921484
49.334980	229.109114	9.971875
49.649403	228.883685	10.024031
49.972562	228.653716	10.077950
50.304455	228.419210	10.133631
50.645085	228.180167	10.191072
50.994451	227.936589	10.250271
51.352556	227.688475	10.311227
51.719399	227.435828	10.373937
52.094982	227.178648	10.438400
52.479306	226.916936	10.504614
52.872370	226.650693	10.572579
53.274177	226.379921	10.642291
53.684727	226.104619	10.713750
53.868787	225.981781	10.745885
54.061591	225.854415	10.779764
54.263140	225.722523	10.815386
54.473434	225.586104	10.852752
54.692473	225.445159	10.891860
54.920258	225.299689	10.932710
55.156788	225.149694	10.975301
55.402065	224.995174	11.019632
55.656089	224.836130	11.065703
55.918860	224.672562	11.113513
56.190378	224.504471	11.163061
56.470644	224.331857	11.214347
56.759659	224.154720	11.267371
57.057421	223.973062	11.322131
57.363933	223.786883	11.378628
57.679194	223.596182	11.436860
58.003204	223.400961	11.496826
58.335965	223.201219	11.558527
58.677475	222.996958	11.621962
59.027736	222.788178	11.687130
59.386748	222.574879	11.754031
59.754512	222.357062	11.822664
60.131027	222.134727	11.893028
60.516294	221.907875	11.965123
60.910313	221.676506	12.038949
61.313085	221.440620	12.114505
61.724610	221.200219	12.191790
62.144888	220.955302	12.270804
62.335690	220.844373	12.306713
62.535246	220.728929	12.344349
62.743556	220.608971	12.383714
62.960619	220.484498	12.424806
63.186437	220.355511	12.467626
63.421010	220.222009	12.512174
63.664337	220.083994	12.558448
63.916419	219.941466	12.606450
64.177255	219.794424	12.656178
64.446847	219.642869	12.707633
64.725194	219.486801	12.760814
65.012296	219.326220	12.815721
65.308153	219.161127	12.872354
65.612767	218.991521	12.930713
65.926135	218.817403	12.990798
66.248260	218.638774	13.052608
66.579141	218.455632	13.116143
66.918778	218.267979	13.181403
67.267172	218.075815	13.248388
67.624321	217.879140	13.317097
67.990228	217.677954	13.387531
68.364891	217.472257	13.459689
68.748311	217.262050	13.533571
69.140489	217.047332	13.609177
69.541423	216.828105	13.686507
69.951115	216.604368	13.765561
70.369564	216.376121	13.846337
70.796771	216.143364	13.928837
70.990408	216.037982	13.966245
71.192802	215.928090	14.005376
71.403954	215.813689	14.046230
71.623864	215.694779	14.088807
71.852532	215.571360	14.133107
72.089959	215.443433	14.179129
72.336143	215.310997	14.226874
72.591086	215.174053	14.276341
72.854787	215.032600	14.327531
73.127246	214.886639	14.380443
73.408464	214.736170	14.435078
73.698440	214.581193	14.491435
73.997175	214.421708	14.549514
74.304668	214.257715	14.609315
74.620920	214.089214	14.670839
74.945931	213.916205	14.734084
75.279700	213.738689	14.799051
75.622229	213.556665	14.865740
75.973516	213.370134	14.934151
76.333562	213.179095	15.004284
76.702367	212.983549	15.076139
77.079932	212.783496	15.149715
77.466255	212.578937	15.225012
77.861338	212.369870	15.302031
78.265180	212.156296	15.380772
78.677781	211.938216	15.461234
79.099142	211.715629	15.543417
79.529262	211.488535	15.627322
79.724143	211.385695	15.665343
79.927783	211.278349	15.705086
80.140182	211.166497	15.746550
80.361341	211.050138	15.789734
80.591260	210.929273	15.834640
80.829939	210.803902	15.881268
81.077377	210.674024	15.929616
81.333575	210.539641	15.979685
81.598533	210.400751	16.031475
81.872250	210.257356	16.084987
82.154727	210.109454	16.140219
82.445964	209.957047	16.197172
82.745961	209.800133	16.255846
83.054718	209.638714	16.316242
83.372235	209.472789	16.378358
83.698512	209.302358	16.442195
84.033548	209.127422	16.507752
84.377345	208.947980	16.575031
84.729902	208.764032	16.644030
85.091219	208.575578	16.714751
85.461296	208.382619	16.787192
85.840133	208.185155	16.861353
86.227730	207.983185	16.937236
86.624087	207.776710	17.014839
87.029205	207.565729	17.094163
87.443082	207.350243	17.175208
87.865720	207.130252	17.257973
88.297119	206.905756	17.342459
88.492557	206.804075	17.380736
88.696755	206.697890	17.420734
88.909713	206.587199	17.462452
89.131432	206.472003	17.505891
89.361911	206.352302	17.551050
89.601151	206.228096	17.597930
89.849151	206.099385	17.646531
90.105911	205.966169	17.696852
90.371432	205.828448	17.748894
90.645713	205.686222	17.802656
90.928754	205.539491	17.858139
91.220556	205.388255	17.915342
91.521119	205.232514	17.974266
91.830442	205.072268	18.034911
92.148525	204.907518	18.097275
92.475369	204.738262	18.161361
92.810973	204.564502	18.227167
93.155338	204.386237	18.294693
93.508464	204.203467	18.363940
93.870349	204.016192	18.434907
94.240996	203.824412	18.507595
94.620403	203.628128	18.582003
95.008571	203.427339	18.658131
95.405499	203.222046	18.735981
95.811188	203.012248	18.815550
96.225637	202.797945	18.896840
96.648847	202.579137	18.979850
97.080818	202.355825	19.064581
97.276508	202.254672	19.102966
97.480959	202.149014	19.143072
97.694170	202.038852	19.184898
97.916142	201.924185	19.228445
98.146875	201.805013	19.273712
98.386368	201.681337	19.320699
98.634622	201.553156	19.369407
98.891637	201.420471	19.419835
99.157412	201.283282	19.471983
99.431948	201.141588	19.525852
99.715245	200.995389	19.581441
100.007302	200.844686	19.638751
100.308121	200.689478	19.697781
100.617700	200.529767	19.758531
100.936039	200.365550	19.821002
101.263140	200.196829	19.885193
101.599001	200.023604	19.951104
101.943623	199.845874	20.018736
102.297005	199.663640	20.088088
102.659149	199.476902	20.159160
103.030053	199.285659	20.231953
103.409718	199.089912	20.306466
103.798144	198.889660	20.382700
104.195330	198.684904	20.460654
104.601277	198.475644	20.540328
105.015985	198.261879	20.621722
105.439454	198.043610	20.704837
105.871684	197.820837	20.789673
106.067488	197.719923	20.828104
106.272054	197.614505	20.868256
106.485380	197.504583	20.910128
106.707467	197.390156	20.953721
106.938315	197.271225	20.999034
107.177923	197.147790	21.046067
107.426293	197.019851	21.094821
107.683423	196.887407	21.145294
107.949314	196.750459	21.197489
108.223966	196.609007	21.251403
108.507379	196.463050	21.307038
108.799552	196.312589	21.364393
109.100487	196.157624	21.423469
109.410182	195.998155	21.484264
109.728638	195.834182	21.546781
110.055855	195.665704	21.611017
110.391833	195.492722	21.676974
110.736572	195.315235	21.744651
111.090071	195.133245	21.814048
111.452331	194.946750	21.885166
111.823353	194.755751	21.958004
112.203135	194.560248	22.032562
112.591677	194.360241	22.108841
112.988981	194.155729	22.186840
113.395046	193.946714	22.266559
113.809871	193.733194	22.347999
114.233458	193.515170	22.431158
114.665805	193.292641	22.516039
114.861662	193.191837	22.554490
115.066279	193.086528	22.594662
115.279658	192.976714	22.636554
115.501797	192.862397	22.680167
115.732697	192.743575	22.725499
115.972359	192.620250	22.772552
116.220781	192.492420	22.821326
116.477963	192.360086	22.871819
116.743907	192.223248	22.924033
117.018612	192.081905	22.977968
117.302077	191.936059	23.033622
117.594304	191.785708	23.090997
117.895291	191.630853	23.150092
118.205039	191.471494	23.210908
118.523548	191.307631	23.273443
118.850818	191.139264	23.337700
119.186849	190.966392	23.403676
119.531641	190.789017	23.471373
119.885194	190.607137	23.540790
120.247507	190.420753	23.611927
120.618582	190.229865	23.684784
120.998417	190.034473	23.759362
121.387013	189.834577	23.835660
121.784371	189.630176	23.913679
122.190489	189.421272	23.993418
122.605368	189.207863	24.074877
123.029008	188.989950	24.158056
123.461408	188.767534	24.242956
123.657289	188.666778	24.281416
123.861930	188.561519	24.321596
124.075333	188.451755	24.363497
124.297496	188.337487	24.407118
124.528420	188.218716	24.452460
124.768105	188.095440	24.499521
125.016551	187.967660	24.548303
125.273758	187.835375	24.598806
125.539726	187.698587	24.651028
125.814454	187.557295	24.704971
126.097944	187.411498	24.760634
126.390194	187.261198	24.818018
126.691206	187.106393	24.877121
127.000978	186.947084	24.937945
127.319511	186.783271	25.000490
127.646805	186.614954	25.064754
127.982861	186.442133	25.130739
128.327677	186.264808	25.198444
128.681253	186.082978	25.267870
129.043591	185.896645	25.339016
129.414690	185.705807	25.411882
129.794550	185.510466	25.486468
130.183170	185.310620	25.562775
130.580552	185.106270	25.640802
130.986694	184.897416	25.720549
131.401597	184.684058	25.802017
131.825262	184.466196	25.885205
132.257687	184.243830	25.970113
132.453578	184.143097	26.008577
132.658231	184.037860	26.048761
132.871644	183.928119	26.090666
133.093818	183.813874	26.134290
133.324753	183.695124	26.179636
133.564449	183.571871	26.226701
133.812906	183.444114	26.275487
134.070123	183.311852	26.325993
134.336102	183.175087	26.378219
134.610842	183.033817	26.432166
134.894342	182.888043	26.487833
135.186604	182.737765	26.545220
135.487626	182.582984	26.604327
135.797410	182.423698	26.665155
136.115954	182.259907	26.727703
136.443259	182.091613	26.791971
136.779325	181.918815	26.857960
137.124152	181.741513	26.925669
137.477740	181.559706	26.995098
137.840089	181.373396	27.066248
138.211199	181.182581	27.139118
138.591070	180.987262	27.213708
138.979701	180.787440	27.290018
139.377094	180.583113	27.368049
139.783247	180.374282	27.447800
140.198162	180.160947	27.529271
140.621837	179.943108	27.612463
141.054273	179.720764	27.697375
141.250170	179.620042	27.735840
141.454827	179.514815	27.776026
141.668245	179.405084	27.817932
141.890424	179.290850	27.861559
142.121364	179.172111	27.906906
142.361065	179.048868	27.953973
142.609527	178.921121	28.002760
142.866750	178.788869	28.053268
143.132733	178.652114	28.105496
143.407478	178.510855	28.159444
143.690984	178.365091	28.215113
143.983250	178.214824	28.272501
144.284277	178.060052	28.331611
144.594066	177.900777	28.392440
144.912615	177.736997	28.454990
145.239925	177.568713	28.519260
145.575996	177.395925	28.585250
145.920829	177.218633	28.652961
146.274422	177.036837	28.722391
146.636775	176.850537	28.793543
147.007890	176.659733	28.866414
147.387766	176.464425	28.941006
147.776403	176.264613	29.017318
148.173800	176.060296	29.095350
148.579959	175.851476	29.175103
148.994879	175.638151	29.256576
149.418559	175.420323	29.339769
149.851000	175.197990	29.424683
150.046899	175.097272	29.463149
150.251558	174.992050	29.503336
150.464979	174.882324	29.545243
150.687160	174.768094	29.588870
150.918102	174.649359	29.634217
151.157806	174.526121	29.681285
151.406270	174.398379	29.730073
151.663495	174.266132	29.780582
151.929481	174.129382	29.832810
152.204228	173.988127	29.886759
152.487735	173.842369	29.942428
152.780004	173.692106	29.999818
153.081034	173.537339	30.058928
153.390825	173.378068	30.119758
153.709376	173.214293	30.182308
154.036689	173.046014	30.246579
154.372762	172.873231	30.312570
154.717596	172.695944	30.380282
155.071192	172.514152	30.449713
155.433548	172.327857	30.520865
155.804665	172.137058	30.593737
156.184543	171.941754	30.668330
156.573182	171.741947	30.744643
156.970582	171.537635	30.822676
157.376743	171.328819	30.902429
157.791665	171.115500	30.983903
158.215348	170.897676	31.067097
158.647791	170.675348	31.152011
158.843691	170.574632	31.190478
159.048351	170.469412	31.230664
159.261773	170.359688	31.272572
159.483955	170.245460	31.316199
159.714899	170.126728	31.361547
159.954603	170.003492	31.408615
160.203068	169.875752	31.457404
160.460294	169.743507	31.507912
160.726281	169.606759	31.560141
161.001029	169.465506	31.614091
161.284538	169.319750	31.669760
161.576808	169.169489	31.727150
161.877838	169.014725	31.786260
162.187630	168.855456	31.847091
162.506183	168.691683	31.909642
162.833496	168.523406	31.973913
163.169571	168.350625	32.039904
163.514406	168.173340	32.107616
163.868003	167.991551	32.177047
164.230360	167.805258	32.248200
164.601478	167.614461	32.321072
164.981357	167.419159	32.395665
165.369997	167.219354	32.471978
165.767398	167.015045	32.550012
166.173560	166.806231	32.629765
166.588483	166.592914	32.711239
167.012167	166.375092	32.794433
167.444612	166.152766	32.879348
167.640512	166.052051	32.917815
167.845173	165.946832	32.958002
168.058595	165.837109	32.999909
168.280777	165.722882	33.043537
168.511721	165.604151	33.088885
168.751426	165.480916	33.135953
168.999892	165.353177	33.184742
169.257118	165.220933	33.235251
169.523106	165.084186	33.287480
169.797854	164.942934	33.341429
170.081363	164.797179	33.397099
170.373634	164.646919	33.454489
170.674665	164.492156	33.513599
170.984457	164.332888	33.574430
171.303010	164.169116	33.636981
171.630324	164.000840	33.701252
171.966399	163.828060	33.767244
172.311235	163.650776	33.834955
172.664832	163.468988	33.904387
173.027190	163.282696	33.975540
173.398308	163.091900	34.048412
173.778188	162.896599	34.123005
174.166829	162.696795	34.199319
174.564230	162.492486	34.277352
174.970393	162.283674	34.357106
175.385316	162.070357	34.438580
175.809000	161.852537	34.521775
176.241445	161.630212	34.606689
176.437346	161.529498	34.645156
176.642007	161.424279	34.685343
176.855429	161.314556	34.727251
177.077612	161.200330	34.770878
177.308556	161.081599	34.816227
177.548261	160.958364	34.863295
177.796727	160.830626	34.912083
178.053954	160.698383	34.962592
178.319941	160.561636	35.014822
178.594690	160.420385	35.068771
178.878199	160.274630	35.124441
179.170470	160.124370	35.181831
179.471501	159.969607	35.240941
179.781294	159.810340	35.301772
180.099847	159.646568	35.364323
180.427161	159.478293	35.428594
180.763237	159.305514	35.494586
181.108073	159.128230	35.562298
181.461670	158.946442	35.631730
181.824028	158.760151	35.702882
182.195147	158.569355	35.775755
182.575026	158.374055	35.850348
182.963667	158.174251	35.926661
183.361069	157.969943	36.004695
183.767232	157.761131	36.084449
184.182155	157.547815	36.165923
184.605840	157.329995	36.249117
185.038285	157.107670	36.334032
185.234186	157.006956	36.372499
185.438847	156.901738	36.412686
185.652269	156.792015	36.454594
185.874452	156.677789	36.498222
186.105396	156.559059	36.543570
186.345101	156.435824	36.590638
186.593567	156.308085	36.639427
186.850794	156.175843	36.689936
187.116782	156.039096	36.742165
187.391531	155.897845	36.796114
187.675040	155.752090	36.851784
187.967311	155.601831	36.909174
188.268343	155.447068	36.968285
188.578135	155.287801	37.029115
188.896688	155.124030	37.091666
189.224003	154.955755	37.155938
189.560078	154.782975	37.221929
189.904914	154.605692	37.289641
190.258511	154.423904	37.359073
190.620870	154.237613	37.430226
190.991989	154.046817	37.503099
191.371868	153.851518	37.577692
191.760509	153.651714	37.654005
192.157911	153.447406	37.732039
192.564074	153.238594	37.811792
192.978998	153.025278	37.893267
193.402682	152.807458	37.976461
193.835128	152.585134	38.061376
194.031028	152.484420	38.099843
194.235689	152.379202	38.140030
194.449112	152.269480	38.181938
194.671295	152.155253	38.225565
194.902239	152.036523	38.270913
195.141944	151.913289	38.317982
195.390410	151.785550	38.366770
195.647637	151.653307	38.417279
195.913625	151.516561	38.469509
196.188374	151.375310	38.523458
196.471883	151.229555	38.579128
196.764154	151.079296	38.636518
197.065186	150.924533	38.695629
197.374978	150.765266	38.756459
197.693532	150.601495	38.819010
198.020846	150.433220	38.883282
198.356921	150.260441	38.949273
198.701758	150.083158	39.016985
199.055355	149.901370	39.086417
199.417713	149.715079	39.157570
199.788832	149.524283	39.230443
200.168712	149.328984	39.305036
200.557353	149.129180	39.381349
200.954755	148.924873	39.459383
201.360918	148.716061	39.539137
201.775841	148.502745	39.620611
202.199526	148.284925	39.703805
202.631972	148.062601	39.788720
202.827872	147.961887	39.827187
203.032533	147.856669	39.867374
203.245956	147.746947	39.909282
203.468139	147.632720	39.952909
203.699083	147.513990	39.998258
203.938788	147.390756	40.045326
204.187254	147.263017	40.094115
204.444481	147.130775	40.144624
204.710469	146.994028	40.196853
204.985218	146.852777	40.250802
205.268728	146.707022	40.306472
205.560998	146.556764	40.363862
205.862030	146.402001	40.422973
206.171822	146.242734	40.483804
206.490376	146.078963	40.546355
206.817690	145.910688	40.610626
207.153766	145.737908	40.676617
207.498602	145.560625	40.744329
207.852199	145.378838	40.813761
208.214557	145.192546	40.884914
208.585676	145.001751	40.957787
208.965556	144.806452	41.032380
209.354197	144.606648	41.108693
209.751599	144.402340	41.186727
210.157762	144.193529	41.266481
210.572686	143.980213	41.347955
210.996370	143.762393	41.431150
211.428816	143.540069	41.516064
211.624716	143.439355	41.554531
211.829378	143.334137	41.594718
212.042800	143.224415	41.636626
212.264983	143.110188	41.680254
212.495928	142.991458	41.725602
212.735633	142.868224	41.772670
212.984099	142.740485	41.821459
213.241326	142.608243	41.871968
213.507313	142.471496	41.924197
213.782062	142.330245	41.978147
214.065572	142.184491	42.033817
214.357843	142.034232	42.091207
214.658874	141.879469	42.150317
214.968667	141.720202	42.211148
215.287220	141.556431	42.273699
215.614535	141.388156	42.337970
215.950610	141.215377	42.403962
216.295447	141.038093	42.471674
216.649044	140.856306	42.541106
217.011402	140.670015	42.612258
217.382521	140.479219	42.685131
217.762401	140.283920	42.759724
218.151042	140.084116	42.836037
218.548444	139.879809	42.914071
218.954607	139.670997	42.993825
219.369530	139.457681	43.075299
219.793215	139.239861	43.158494
220.225661	139.017537	43.243409
220.421561	138.916823	43.281876
220.626223	138.811605	43.322063
220.839645	138.701883	43.363970
221.061828	138.587657	43.407598
221.292772	138.468926	43.452946
221.532477	138.345692	43.500015
221.780943	138.217954	43.548803
222.038170	138.085711	43.599312
222.304158	137.948964	43.651541
222.578907	137.807714	43.705491
222.862417	137.661959	43.761161
223.154688	137.511700	43.818551
223.455719	137.356937	43.877661
223.765512	137.197670	43.938492
224.084065	137.033899	44.001043
224.411380	136.865624	44.065314
224.747455	136.692845	44.131306
225.092291	136.515562	44.199018
225.445889	136.333775	44.268450
225.808247	136.147483	44.339603
226.179366	135.956688	44.412475
226.559246	135.761388	44.487068
226.947887	135.561585	44.563382
227.345289	135.357277	44.641416
227.751452	135.148466	44.721169
228.166375	134.935150	44.802644
228.590060	134.717330	44.885838
229.022506	134.495006	44.970753
229.218406	134.394292	45.009220
229.423067	134.289074	45.049407
229.636490	134.179352	45.091315
229.858673	134.065126	45.134942
230.089617	133.946395	45.180291
230.329322	133.823161	45.227359
230.577788	133.695422	45.276148
230.835015	133.563180	45.326657
231.101003	133.426433	45.378886
231.375752	133.285183	45.432835
231.659262	133.139428	45.488505
231.951532	132.989169	45.545895
232.252564	132.834406	45.605006
232.562357	132.675139	45.665837
232.880910	132.511368	45.728388
233.208225	132.343093	45.792659
233.544300	132.170314	45.858650
233.889136	131.993031	45.926362
234.242733	131.811244	45.995795
234.605092	131.624952	46.066947
234.976211	131.434157	46.139820
235.356091	131.238857	46.214413
235.744732	131.039054	46.290726
236.142134	130.834746	46.368760
236.548296	130.625934	46.448514
236.963220	130.412619	46.529988
237.386905	130.194799	46.613183
237.819351	129.972475	46.698097
238.015251	129.871761	46.736564
238.219912	129.766543	46.776752
238.433335	129.656821	46.818659
238.655518	129.542594	46.862287
238.886462	129.423864	46.907635
239.126167	129.300630	46.954703
239.374633	129.172891	47.003492
239.631860	129.040649	47.054001
239.897848	128.903902	47.106230
240.172597	128.762651	47.160180
240.456107	128.616897	47.215850
240.748377	128.466638	47.273240
241.049409	128.311875	47.332350
241.359201	128.152608	47.393181
241.677755	127.988837	47.455732
242.005069	127.820562	47.520003
242.341145	127.647783	47.585995
242.685981	127.470500	47.653707
243.039578	127.288712	47.723139
243.401936	127.102421	47.794291
243.773056	126.911626	47.867164
244.152936	126.716326	47.941757
244.541577	126.516523	48.018071
244.938978	126.312215	48.096104
245.345141	126.103403	48.175858
245.760065	125.890088	48.257332
246.183750	125.672268	48.340527
246.616195	125.449944	48.425442
246.812096	125.349230	48.463909
247.016757	125.244012	48.504096
247.230180	125.134289	48.546003
247.452363	125.020063	48.589631
247.683307	124.901333	48.634979
247.923012	124.778099	48.682048
248.171478	124.650360	48.730836
248.428705	124.518118	48.781345
248.694693	124.381371	48.833575
248.969442	124.240120	48.887524
249.252952	124.094366	48.943194
249.545222	123.944107	49.000584
249.846254	123.789344	49.059695
250.156046	123.630077	49.120525
250.474600	123.466306	49.183076
250.801914	123.298031	49.247348
251.137990	123.125252	49.313339
251.482826	122.947969	49.381051
251.836423	122.766181	49.450483
252.198781	122.579890	49.521636
252.569901	122.389095	49.594509
252.949781	122.193795	49.669102
253.338422	121.993991	49.745415
253.735823	121.789684	49.823449
254.141986	121.580872	49.903203
254.556910	121.367556	49.984677
254.980595	121.149737	50.067871
255.413040	120.927413	50.152786
255.608941	120.826699	50.191253
255.813602	120.721481	50.231440
256.027024	120.611758	50.273348
256.249208	120.497532	50.316976
256.480152	120.378802	50.362324
256.719857	120.255567	50.409392
256.968323	120.127829	50.458181
257.225550	119.995586	50.508690
257.491538	119.858840	50.560919
257.766287	119.717589	50.614869
258.049796	119.571834	50.670538
258.342067	119.421576	50.727929
258.643099	119.266813	50.787039
258.952891	119.107546	50.847870
259.271445	118.943775	50.910421
259.598759	118.775500	50.974692
259.934835	118.602721	51.040684
260.279671	118.425437	51.108396
260.633268	118.243650	51.177828
260.995626	118.057359	51.248980
261.366745	117.866563	51.321853
261.746625	117.671264	51.396446
262.135266	117.471460	51.472759
262.532668	117.267153	51.550793
262.938831	117.058341	51.630547
263.353755	116.845025	51.712021
263.777440	116.627205	51.795216
264.209885	116.404882	51.880131
264.405786	116.304168	51.918598
264.610447	116.198949	51.958785
264.823869	116.089227	52.000692
265.046053	115.975001	52.044320
265.276997	115.856271	52.089668
265.516702	115.733036	52.136736
265.765168	115.605298	52.185525
266.022395	115.473055	52.236034
266.288383	115.336309	52.288263
266.563132	115.195058	52.342213
266.846641	115.049303	52.397883
267.138912	114.899045	52.455273
267.439944	114.744282	52.514383
267.749736	114.585015	52.575214
268.068290	114.421244	52.637765
268.395604	114.252969	52.702036
268.731680	114.080190	52.768028
269.076516	113.902906	52.835740
269.430113	113.721119	52.905172
269.792471	113.534828	52.976325
270.163590	113.344032	53.049197
270.543470	113.148733	53.123790
270.932111	112.948929	53.200104
271.329513	112.744622	53.278137
271.735676	112.535810	53.357891
272.150600	112.322494	53.439366
272.574285	112.104674	53.522560
273.006730	111.882350	53.607475
273.202631	111.781636	53.645942
273.407292	111.676418	53.686129
273.620714	111.566696	53.728037
273.842898	111.452470	53.771664
274.073842	111.333740	53.817013
274.313547	111.210505	53.864081
274.562013	111.082767	53.912870
274.819240	110.950524	53.963379
275.085228	110.813778	54.015608
275.359977	110.672527	54.069557
275.643486	110.526772	54.125227
275.935757	110.376513	54.182617
276.236789	110.221751	54.241728
276.546581	110.062484	54.302558
276.865135	109.898713	54.365110
277.192449	109.730438	54.429381
277.528525	109.557658	54.495372
277.873361	109.380375	54.563084
278.226958	109.198588	54.632517
278.589316	109.012297	54.703669
278.960435	108.821501	54.776542
279.340315	108.626202	54.851135
279.728956	108.426398	54.927448
280.126358	108.222091	55.005482
280.532521	108.013279	55.085236
280.947445	107.799963	55.166710
281.371130	107.582143	55.249905
281.803575	107.359819	55.334819
281.999476	107.259105	55.373286
282.204137	107.153887	55.413474
282.417559	107.044165	55.455381
282.639742	106.929939	55.499009
282.870687	106.811209	55.544357
283.110392	106.687974	55.591425
283.358858	106.560236	55.640214
283.616085	106.427993	55.690723
283.882073	106.291247	55.742952
284.156821	106.149996	55.796902
284.440331	106.004241	55.852572
284.732602	105.853982	55.909962
285.033634	105.699220	55.969072
285.343426	105.539953	56.029903
285.661980	105.376182	56.092454
285.989294	105.207907	56.156725
286.325369	105.035127	56.222717
286.670206	104.857844	56.290429
287.023803	104.676057	56.359861
287.386161	104.489766	56.431013
287.757280	104.298970	56.503886
288.137160	104.103671	56.578479
288.525801	103.903867	56.654793
288.923203	103.699559	56.732826
289.329366	103.490748	56.812580
289.744290	103.277432	56.894054
290.167974	103.059612	56.977249
290.600420	102.837288	57.062164
290.796321	102.736574	57.100631
291.000982	102.631356	57.140818
291.214404	102.521634	57.182725
291.436587	102.407408	57.226353
291.667532	102.288677	57.271701
291.907237	102.165443	57.318770
292.155703	102.037705	57.367558
292.412930	101.905462	57.418067
292.678918	101.768715	57.470297
292.953666	101.627465	57.524246
293.237176	101.481710	57.579916
293.529447	101.331451	57.637306
293.830479	101.176688	57.696417
294.140271	101.017422	57.757247
294.458825	100.853651	57.819798
294.786139	100.685375	57.884070
295.122214	100.512596	57.950061
295.467051	100.335313	58.017773
295.820648	100.153526	58.087205
296.183006	99.967234	58.158358
296.554125	99.776439	58.231231
296.934005	99.581140	58.305824
297.322646	99.381336	58.382137
297.720048	99.177028	58.460171
298.126211	98.968217	58.539925
298.541135	98.754901	58.621399
298.964819	98.537081	58.704593
299.397265	98.314757	58.789508
299.593165	98.214043	58.827975
299.797827	98.108825	58.868162
300.011249	97.999103	58.910070
300.233432	97.884877	58.953698
300.464377	97.766146	58.999046
300.704082	97.642912	59.046114
300.952548	97.515174	59.094903
301.209775	97.382931	59.145412
301.475763	97.246184	59.197641
301.750511	97.104934	59.251591
302.034021	96.959179	59.307260
302.326292	96.808920	59.364651
302.627323	96.654157	59.423761
302.937116	96.494890	59.484592
303.255670	96.331119	59.547143
303.582984	96.162844	59.611414
303.919059	95.990065	59.677406
304.263896	95.812782	59.745117
304.617493	95.630995	59.814550
304.979851	95.444703	59.885702
305.350970	95.253908	59.958575
305.730850	95.058609	60.033168
306.119491	94.858805	60.109481
306.516893	94.654497	60.187515
306.923056	94.445686	60.267269
307.337980	94.232370	60.348743
307.761664	94.014550	60.431938
308.194110	93.792226	60.516853
308.390010	93.691512	60.555319
308.594672	93.586294	60.595507
308.808094	93.476572	60.637414
309.030277	93.362346	60.681042
309.261221	93.243615	60.726390
309.500927	93.120381	60.773458
309.749393	92.992642	60.822247
310.006620	92.860400	60.872756
310.272607	92.723653	60.924985
310.547356	92.582403	60.978935
310.830866	92.436648	61.034605
311.123137	92.286389	61.091995
311.424168	92.131626	61.151105
311.733961	91.972359	61.211936
312.052514	91.808588	61.274487
312.379829	91.640313	61.338758
312.715904	91.467534	61.404750
313.060741	91.290251	61.472462
313.414338	91.108464	61.541894
