-44.054582	225.184111	-24.943253
-44.111551	225.071335	-24.919950
-44.176304	224.954081	-24.901045
-44.248847	224.832350	-24.886531
-44.329184	224.706143	-24.876401
-44.417320	224.575462	-24.870647
-44.513261	224.440308	-24.869263
-44.617010	224.300684	-24.872241
-44.728572	224.156589	-24.879576
-44.847953	224.008027	-24.891259
-44.975156	223.854998	-24.907284
-45.110188	223.697504	-24.927644
-45.253051	223.535546	-24.952332
-45.403751	223.369127	-24.981341
-45.562293	223.198246	-25.014664
-45.728681	223.022906	-25.052296
-45.902919	222.843109	-25.094228
-46.085013	222.658856	-25.140454
-46.274966	222.470148	-25.190968
-46.472783	222.276987	-25.245763
-46.678469	222.079374	-25.304832
-46.892027	221.877311	-25.368169
-47.113462	221.670799	-25.435768
-47.342779	221.459841	-25.507622
-47.579982	221.244437	-25.583725
-47.825075	221.024588	-25.664070
-48.078062	220.800297	-25.748651
-48.338947	220.571566	-25.837462
-48.607735	220.338394	-25.930497
-48.884429	220.100785	-26.027750
-49.169034	219.858739	-26.129215
-49.461553	219.612258	-26.234886
-49.761991	219.361343	-26.344757
-50.070352	219.105997	-26.458822
-50.386639	218.846221	-26.577076
-50.710856	218.582015	-26.699512
-51.043007	218.313382	-26.826126
-51.383096	218.040324	-26.956912
-51.731127	217.762841	-27.091864
-52.087103	217.480935	-27.230977
-52.451027	217.194609	-27.374246
-52.822904	216.903863	-27.521665
-52.991306	216.772999	-27.588862
-53.167666	216.637718	-27.660203
-53.351985	216.498021	-27.735683
-53.544264	216.353907	-27.815303
-53.744506	216.205378	-27.899058
-53.952712	216.052435	-27.986948
-54.168882	215.895078	-28.078970
-54.393020	215.733307	-28.175121
-54.625126	215.567125	-28.275399
-54.865201	215.396530	-28.379803
-55.113248	215.221524	-28.488331
-55.369267	215.042108	-28.600979
-55.633261	214.858282	-28.717746
-55.905231	214.670047	-28.838631
-56.185177	214.477403	-28.963630
-56.473102	214.280352	-29.092743
-56.769007	214.078894	-29.225966
-57.072893	213.873030	-29.363298
-57.384762	213.662761	-29.504737
-57.704615	213.448086	-29.650282
-58.032454	213.229008	-29.799929
-58.368279	213.005526	-29.953678
-58.712092	212.777641	-30.111526
-59.063895	212.545354	-30.273472
-59.423689	212.308666	-30.439514
-59.791475	212.067578	-30.609649
-60.167255	211.822090	-30.783877
-60.551029	211.572202	-30.962195
-60.725740	211.458803	-31.043539
-60.908447	211.341006	-31.128972
-61.099151	211.218811	-31.218491
-61.297853	211.092219	-31.312097
-61.504553	210.961229	-31.409789
-61.719252	210.825843	-31.511566
-61.941950	210.686060	-31.617427
-62.172649	210.541881	-31.727371
-62.411348	210.393306	-31.841398
-62.658047	210.240336	-31.959507
-62.912749	210.082971	-32.081697
-63.175452	209.921210	-32.207968
-63.446159	209.755055	-32.338319
-63.724868	209.584506	-32.472749
-64.011581	209.409563	-32.611258
-64.306299	209.230227	-32.753844
-64.609021	209.046497	-32.900508
-64.919748	208.858374	-33.051248
-65.238481	208.665859	-33.206063
-65.565221	208.468951	-33.364954
-65.899967	208.267651	-33.527920
-66.242721	208.061960	-33.694959
-66.593482	207.851878	-33.866072
-66.952252	207.637404	-34.041257
-67.319031	207.418540	-34.220515
-67.693819	207.195286	-34.403843
-68.076616	206.967642	-34.591243
-68.467424	206.735608	-34.782713
-68.644655	206.630544	-34.869608
-68.829897	206.521091	-34.960573
-69.023150	206.407249	-35.055607
-69.224414	206.289018	-35.154710
-69.433690	206.166398	-35.257882
-69.650978	206.039390	-35.365121
-69.876278	205.907994	-35.476429
-70.109590	205.772209	-35.591805
-70.350914	205.632036	-35.711248
-70.600251	205.487475	-35.834759
-70.857601	205.338527	-35.962337
-71.122964	205.185191	-36.093981
-71.396340	205.027467	-36.229693
-71.677730	204.865356	-36.369470
-71.967134	204.698857	-36.513314
-72.264551	204.527972	-36.661224
-72.569982	204.352700	-36.813199
-72.883428	204.173041	-36.969240
-73.204888	203.988995	-37.129346
-73.534363	203.800563	-37.293518
-73.871852	203.607745	-37.461754
-74.217357	203.410541	-37.634054
-74.570877	203.208950	-37.810419
-74.932412	203.002974	-37.990848
-75.301963	202.792612	-38.175341
-75.679530	202.577865	-38.363898
-76.065113	202.358732	-38.556518
-76.458712	202.135214	-38.753201
-76.637064	202.034005	-38.842350
-76.823432	201.928412	-38.935562
-77.017816	201.818433	-39.032837
-77.220218	201.704070	-39.134174
-77.430636	201.585322	-39.239575
-77.649071	201.462189	-39.349038
-77.875522	201.334672	-39.462563
-78.109991	201.202770	-39.580151
-78.352477	201.066483	-39.701802
-78.602980	200.925812	-39.827515
-78.861500	200.780757	-39.957290
-79.128037	200.631317	-40.091127
-79.402592	200.477493	-40.229026
-79.685164	200.319285	-40.370988
-79.975753	200.156693	-40.517011
-80.274361	199.989717	-40.667096
-80.580986	199.818357	-40.821243
-80.895628	199.642613	-40.979452
-81.218289	199.462486	-41.141722
-81.548967	199.277974	-41.308053
-81.887663	199.089079	-41.478447
-82.234378	198.895800	-41.652901
-82.589110	198.698138	-41.831417
-82.951861	198.496092	-42.013994
-83.322630	198.289663	-42.200632
-83.701418	198.078851	-42.391332
-84.088223	197.863655	-42.586092
-84.483048	197.644076	-42.784913
-84.661920	197.544631	-42.874998
-84.848812	197.440803	-42.969144
-85.043722	197.332592	-43.067350
-85.246650	197.219998	-43.169618
-85.457598	197.103022	-43.275946
-85.676564	196.981662	-43.386335
-85.903549	196.855919	-43.500784
-86.138552	196.725793	-43.619294
-86.381575	196.591285	-43.741865
-86.632616	196.452393	-43.868496
-86.891677	196.309119	-43.999188
-87.158756	196.161463	-44.133941
-87.433854	196.009423	-44.272754
-87.716972	195.853001	-44.415627
-88.008108	195.692196	-44.562561
-88.307264	195.527009	-44.713555
-88.614438	195.357439	-44.868610
-88.929632	195.183486	-45.027725
-89.252845	195.005151	-45.190901
-89.584077	194.822433	-45.358137
-89.923328	194.635333	-45.529433
-90.270599	194.443851	-45.704789
-90.625889	194.247986	-45.884206
-90.989198	194.047739	-46.067682
-91.360526	193.843109	-46.255219
-91.739874	193.634097	-46.446817
-92.127242	193.420703	-46.642474
-92.522629	193.202927	-46.842191
-92.701747	193.104286	-46.932671
-92.888884	193.001262	-47.027212
-93.084041	192.893856	-47.125812
-93.287217	192.782069	-47.228472
-93.498413	192.665899	-47.335192
-93.717629	192.545346	-47.445972
-93.944864	192.420412	-47.560813
-94.180119	192.291096	-47.679713
-94.423393	192.157398	-47.802674
-94.674687	192.019317	-47.929694
-94.934001	191.876855	-48.060774
-95.201334	191.730010	-48.195915
-95.476687	191.578784	-48.335115
-95.760059	191.423175	-48.478375
-96.051451	191.263185	-48.625695
-96.350863	191.098813	-48.777075
-96.658295	190.930058	-48.932515
-96.973746	190.756922	-49.092015
-97.297217	190.579404	-49.255575
-97.628707	190.397504	-49.423195
-97.968218	190.211222	-49.594875
-98.315748	190.020558	-49.770614
-98.671298	189.825512	-49.950414
-99.034868	189.626085	-50.134273
-99.406457	189.422275	-50.322192
-99.786067	189.214084	-50.514171
-100.173696	189.001511	-50.710210
-100.569345	188.784557	-50.910308
-100.748579	188.686281	-51.000957
-100.935832	188.583623	-51.095665
-101.131105	188.476584	-51.194434
-101.334398	188.365162	-51.297262
-101.545711	188.249359	-51.404150
-101.765044	188.129175	-51.515097
-101.992397	188.004609	-51.630105
-102.227770	187.875660	-51.749172
-102.471162	187.742331	-51.872299
-102.722575	187.604619	-51.999486
-102.982007	187.462526	-52.130733
-103.249460	187.316051	-52.266039
-103.524932	187.165195	-52.405405
-103.808424	187.009957	-52.548831
-104.099936	186.850337	-52.696317
-104.399468	186.686335	-52.847862
-104.707020	186.517952	-53.003468
-105.022592	186.345187	-53.163133
-105.346184	186.168041	-53.326857
-105.677796	185.986513	-53.494642
-106.017428	185.800603	-53.666486
-106.365079	185.610312	-53.842390
-106.720751	185.415639	-54.022354
-107.084443	185.216584	-54.206377
-107.456155	185.013148	-54.394460
-107.835886	184.805331	-54.586603
-108.223638	184.593131	-54.782806
-108.619410	184.376551	-54.983068
-108.798698	184.278441	-55.073790
-108.986005	184.175950	-55.168571
-109.181333	184.069077	-55.267411
-109.384681	183.957822	-55.370312
-109.596049	183.842186	-55.477272
-109.815437	183.722169	-55.588292
-110.042845	183.597770	-55.703371
-110.278273	183.468989	-55.822510
-110.521721	183.335827	-55.945709
-110.773189	183.198284	-56.072968
-111.032677	183.056358	-56.204286
-111.300186	182.910052	-56.339665
-111.575714	182.759364	-56.479102
-111.859262	182.604294	-56.622600
-112.150830	182.444843	-56.770157
-112.450419	182.281010	-56.921774
-112.758027	182.112795	-57.077451
-113.073655	181.940200	-57.237187
-113.397304	181.763222	-57.400983
-113.728972	181.581864	-57.568839
-114.068661	181.396123	-57.740754
-114.416369	181.206001	-57.916729
-114.772098	181.011498	-58.096764
-115.135847	180.812613	-58.280859
-115.507616	180.609347	-58.469013
-115.887405	180.401699	-58.661227
-116.275213	180.189670	-58.857500
-116.671043	179.973259	-59.057833
-116.850356	179.875225	-59.148586
-117.037689	179.772810	-59.243399
-117.233043	179.666013	-59.342271
-117.436416	179.554834	-59.445202
-117.647810	179.439274	-59.552194
-117.867224	179.319333	-59.663245
-118.094657	179.195010	-59.778356
-118.330111	179.066305	-59.897526
-118.573585	178.933220	-60.020756
-118.825079	178.795752	-60.148046
-119.084593	178.653903	-60.279396
-119.352128	178.507673	-60.414805
-119.627682	178.357062	-60.554274
-119.911256	178.202068	-60.697802
-120.202851	178.042694	-60.845391
-120.502465	177.878938	-60.997039
-120.810100	177.710800	-61.152746
-121.125755	177.538282	-61.312514
-121.449430	177.361381	-61.476341
-121.781125	177.180099	-61.644227
-122.120840	176.994436	-61.816174
-122.468575	176.804391	-61.992180
-122.824330	176.609965	-62.172246
-123.188105	176.411158	-62.356371
-123.559901	176.207969	-62.544556
-123.939716	176.000398	-62.736801
-124.327552	175.788446	-62.933105
-124.723408	175.572113	-63.133470
-124.902733	175.474113	-63.224236
-125.090078	175.371732	-63.319062
-125.285444	175.264970	-63.417948
-125.488829	175.153826	-63.520893
-125.700235	175.038300	-63.627898
-125.919661	174.918393	-63.738963
-126.147106	174.794105	-63.854087
-126.382572	174.665435	-63.973271
-126.626058	174.532384	-64.096515
-126.877565	174.394952	-64.223819
-127.137091	174.253138	-64.355182
-127.404637	174.106942	-64.490605
-127.680204	173.956366	-64.630087
-127.963790	173.801407	-64.773629
-128.255397	173.642068	-64.921231
-128.555024	173.478347	-65.072893
-128.862671	173.310244	-65.228614
-129.178338	173.137760	-65.388395
-129.502025	172.960895	-65.552235
-129.833732	172.779648	-65.720136
-130.173460	172.594020	-65.892095
-130.521207	172.404010	-66.068115
-130.876975	172.209619	-66.248194
-131.240762	172.010847	-66.432333
-131.612570	171.807693	-66.620532
-131.992398	171.600158	-66.812790
-132.380246	171.388241	-67.009108
-132.776114	171.171943	-67.209486
-132.955445	171.073959	-67.300258
-133.142796	170.971594	-67.395090
-133.338167	170.864847	-67.493982
-133.541558	170.753719	-67.596933
-133.752969	170.638209	-67.703944
-133.972401	170.518318	-67.815015
-134.199852	170.394045	-67.930145
-134.435323	170.265391	-68.049336
-134.678815	170.132356	-68.172585
-134.930327	169.994939	-68.299895
-135.189859	169.853141	-68.431264
-135.457411	169.706962	-68.566693
-135.732983	169.556401	-68.706181
-136.016575	169.401458	-68.849729
-136.308188	169.242135	-68.997337
-136.607820	169.078430	-69.149005
-136.915473	168.910343	-69.304732
-137.231145	168.737875	-69.464519
-137.554838	168.561026	-69.628365
-137.886551	168.379795	-69.796271
-138.226284	168.194183	-69.968237
-138.574038	168.004189	-70.144263
-138.929811	167.809814	-70.324348
-139.293604	167.611058	-70.508493
-139.665418	167.407920	-70.696697
-140.045252	167.200401	-70.888961
-140.433106	166.988500	-71.085285
-140.828980	166.772218	-71.285669
-141.008313	166.674241	-71.376444
-141.195666	166.571883	-71.471279
-141.391040	166.465143	-71.570173
-141.594433	166.354022	-71.673127
-141.805847	166.238520	-71.780141
-142.025281	166.118636	-71.891214
-142.252735	165.994370	-72.006347
-142.488209	165.865724	-72.125540
-142.731704	165.732695	-72.248792
-142.983218	165.595286	-72.376104
-143.242752	165.453495	-72.507476
-143.510307	165.307323	-72.642907
-143.785882	165.156769	-72.782398
-144.069477	165.001834	-72.925949
-144.361092	164.842517	-73.073560
-144.660727	164.678819	-73.225230
-144.968382	164.510740	-73.380959
-145.284058	164.338279	-73.540749
-145.607753	164.161437	-73.704598
-145.939469	163.980214	-73.872507
-146.279204	163.794609	-74.044475
-146.626960	163.604623	-74.220503
-146.982736	163.410255	-74.400591
-147.346532	163.211506	-74.584739
-147.718349	163.008375	-74.772946
-148.098185	162.800863	-74.965213
-148.486042	162.588970	-75.161539
-148.881918	162.372696	-75.361925
-149.061253	162.274722	-75.452702
-149.248607	162.172367	-75.547537
-149.443982	162.065630	-75.646433
-149.647377	161.954512	-75.749388
-149.858792	161.839013	-75.856403
-150.078227	161.719133	-75.967477
-150.305682	161.594871	-76.082612
-150.541157	161.466227	-76.201806
-150.784653	161.333202	-76.325059
-151.036169	161.195796	-76.452372
-151.295704	161.054008	-76.583745
-151.563260	160.907839	-76.719178
-151.838836	160.757289	-76.858670
-152.122432	160.602357	-77.002222
-152.414048	160.443044	-77.149833
-152.713685	160.279349	-77.301505
-153.021341	160.111273	-77.457236
-153.337018	159.938816	-77.617026
-153.660715	159.761977	-77.780877
-153.992431	159.580757	-77.948787
-154.332168	159.395155	-78.120756
-154.679926	159.205172	-78.296785
-155.035703	159.010808	-78.476874
-155.399500	158.812062	-78.661023
-155.771318	158.608935	-78.849231
-156.151155	158.401427	-79.041499
-156.539013	158.189537	-79.237827
-156.934891	157.973265	-79.438214
-157.114226	157.875293	-79.528991
-157.301581	157.772940	-79.623827
-157.496956	157.666205	-79.722723
-157.700352	157.555088	-79.825679
-157.911767	157.439591	-79.932695
-158.131203	157.319711	-80.043770
-158.358659	157.195451	-80.158904
-158.594135	157.066809	-80.278099
-158.837631	156.933786	-80.401353
-159.089147	156.796381	-80.528666
-159.348683	156.654595	-80.660040
-159.616240	156.508427	-80.795473
-159.891816	156.357878	-80.934966
-160.175413	156.202948	-81.078518
-160.467030	156.043636	-81.226130
-160.766666	155.879943	-81.377802
-161.074323	155.711869	-81.533533
-161.390001	155.539413	-81.693325
-161.713698	155.362576	-81.857175
-162.045415	155.181357	-82.025086
-162.385153	154.995757	-82.197056
-162.732911	154.805775	-82.373086
-163.088688	154.611413	-82.553175
-163.452486	154.412668	-82.737324
-163.824304	154.209543	-82.925533
-164.204143	154.002036	-83.117802
-164.592001	153.790147	-83.314130
-164.987879	153.573877	-83.514518
-165.167215	153.475906	-83.605295
-165.354570	153.373553	-83.700131
-165.549946	153.266819	-83.799028
-165.753341	153.155703	-83.901983
-165.964757	153.040206	-84.008999
-166.184193	152.920327	-84.120074
-166.411649	152.796068	-84.235209
-166.647125	152.667426	-84.354404
-166.890621	152.534404	-84.477658
-167.142138	152.397000	-84.604972
-167.401674	152.255214	-84.736346
-167.669231	152.109047	-84.871779
-167.944808	151.958499	-85.011272
-168.228405	151.803570	-85.154825
-168.520022	151.644259	-85.302437
-168.819659	151.480566	-85.454109
-169.127316	151.312492	-85.609841
-169.442994	151.140037	-85.769632
-169.766691	150.963201	-85.933483
-170.098409	150.781983	-86.101394
-170.438147	150.596383	-86.273364
-170.785905	150.406402	-86.449394
-171.141683	150.212040	-86.629484
-171.505481	150.013297	-86.813633
-171.877299	149.810172	-87.001842
-172.257138	149.602665	-87.194111
-172.644996	149.390778	-87.390439
-173.040875	149.174509	-87.590828
-173.220210	149.076537	-87.681605
-173.407566	148.974185	-87.776441
-173.602942	148.867451	-87.875338
-173.806337	148.756335	-87.978294
-174.017753	148.640839	-88.085309
-174.237189	148.520961	-88.196385
-174.464646	148.396701	-88.311520
-174.700122	148.268060	-88.430714
-174.943618	148.135038	-88.553969
-175.195135	147.997634	-88.681283
-175.454671	147.855849	-88.812657
-175.722228	147.709682	-88.948090
-175.997805	147.559134	-89.087583
-176.281402	147.404205	-89.231136
-176.573019	147.244894	-89.378748
-176.872657	147.081202	-89.530420
-177.180314	146.913129	-89.686152
-177.495992	146.740674	-89.845944
-177.819689	146.563838	-90.009795
-178.151407	146.382620	-90.177705
-178.491145	146.197021	-90.349676
-178.838903	146.007041	-90.525706
-179.194681	145.812679	-90.705796
-179.558480	145.613936	-90.889945
-179.930298	145.410811	-91.078155
-180.310137	145.203305	-91.270423
-180.697995	144.991417	-91.466752
-181.093874	144.775149	-91.667140
-181.273210	144.677178	-91.757917
-181.460565	144.574825	-91.852754
-181.655941	144.468091	-91.951650
-181.859337	144.356976	-92.054606
-182.070753	144.241479	-92.161622
-182.290189	144.121601	-92.272697
-182.517645	143.997342	-92.387833
-182.753121	143.868701	-92.507027
-182.996618	143.735679	-92.630282
-183.248134	143.598276	-92.757596
-183.507671	143.456491	-92.888970
-183.775228	143.310324	-93.024403
-184.050805	143.159776	-93.163896
-184.334402	143.004847	-93.307449
-184.626019	142.845537	-93.455061
-184.925657	142.681845	-93.606734
-185.233314	142.513771	-93.762465
-185.548992	142.341317	-93.922257
-185.872689	142.164481	-94.086108
-186.204407	141.983263	-94.254019
-186.544145	141.797664	-94.425990
-186.891903	141.607684	-94.602020
-187.247682	141.413322	-94.782110
-187.611480	141.214579	-94.966259
-187.983299	141.011455	-95.154468
-188.363137	140.803949	-95.346737
-188.750996	140.592061	-95.543066
-189.146875	140.375793	-95.743454
-189.326210	140.277822	-95.834231
-189.513566	140.175469	-95.929068
-189.708942	140.068736	-96.027964
-189.912338	139.957620	-96.130920
-190.123754	139.842124	-96.237936
-190.343190	139.722246	-96.349011
-190.570646	139.597987	-96.464147
-190.806122	139.469346	-96.583341
-191.049619	139.336324	-96.706596
-191.301135	139.198920	-96.833910
-191.560672	139.057135	-96.965284
-191.828229	138.910969	-97.100717
-192.103806	138.760421	-97.240210
-192.387403	138.605492	-97.383763
-192.679020	138.446182	-97.531376
-192.978658	138.282490	-97.683048
-193.286315	138.114417	-97.838780
-193.601993	137.941962	-97.998571
-193.925691	137.765126	-98.162422
-194.257409	137.583908	-98.330333
-194.597147	137.398310	-98.502304
-194.944905	137.208329	-98.678334
-195.300683	137.013968	-98.858424
-195.664481	136.815225	-99.042573
-196.036300	136.612100	-99.230783
-196.416139	136.404594	-99.423052
-196.803997	136.192707	-99.619380
-197.199876	135.976439	-99.819768
-197.379212	135.878468	-99.910546
-197.566567	135.776115	-100.005382
-197.761943	135.669382	-100.104279
-197.965339	135.558267	-100.207235
-198.176755	135.442770	-100.314251
-198.396191	135.322892	-100.425326
-198.623647	135.198633	-100.540461
-198.859124	135.069992	-100.659656
-199.102620	134.936970	-100.782910
-199.354137	134.799566	-100.910224
-199.613674	134.657782	-101.041598
-199.881230	134.511615	-101.177032
-200.156807	134.361068	-101.316525
-200.440405	134.206139	-101.460078
-200.732022	134.046828	-101.607690
-201.031659	133.883136	-101.759362
-201.339317	133.715063	-101.915094
-201.654994	133.542608	-102.074886
-201.978692	133.365772	-102.238737
-202.310410	133.184555	-102.406648
-202.650148	132.998956	-102.578618
-202.997906	132.808976	-102.754649
-203.353685	132.614614	-102.934739
-203.717483	132.415871	-103.118888
-204.089302	132.212747	-103.307097
-204.469140	132.005241	-103.499366
-204.856999	131.793354	-103.695695
-205.252878	131.577085	-103.896083
-205.432213	131.479115	-103.986860
-205.619569	131.376762	-104.081697
-205.814945	131.270028	-104.180593
-206.018341	131.158913	-104.283549
-206.229757	131.043417	-104.390565
-206.449193	130.923539	-104.501641
-206.676649	130.799280	-104.616776
-206.912125	130.670639	-104.735971
-207.155622	130.537617	-104.859225
-207.407139	130.400213	-104.986539
-207.666675	130.258429	-105.117913
-207.934232	130.112262	-105.253346
-208.209809	129.961715	-105.392840
-208.493406	129.806786	-105.536392
-208.785024	129.647475	-105.684005
-209.084661	129.483783	-105.835677
-209.392319	129.315710	-105.991409
-209.707996	129.143255	-106.151201
-210.031694	128.966419	-106.315052
-210.363412	128.785202	-106.482963
-210.703150	128.599603	-106.654933
-211.050908	128.409623	-106.830963
-211.406686	128.215261	-107.011053
-211.770485	128.016518	-107.195203
-212.142303	127.813394	-107.383412
-212.522142	127.605888	-107.575681
-212.910001	127.394001	-107.772010
-213.305880	127.177733	-107.972398
-213.485215	127.079762	-108.063175
-213.672571	126.977409	-108.158012
-213.867947	126.870676	-108.256908
-214.071343	126.759561	-108.359864
-214.282759	126.644064	-108.466880
-214.502195	126.524186	-108.577956
-214.729651	126.399927	-108.693091
-214.965127	126.271286	-108.812285
-215.208624	126.138264	-108.935540
-215.460141	126.000861	-109.062854
-215.719677	125.859076	-109.194228
-215.987234	125.712909	-109.329661
-216.262811	125.562362	-109.469154
-216.546408	125.407433	-109.612707
-216.838026	125.248122	-109.760320
-217.137663	125.084431	-109.911992
-217.445321	124.916357	-110.067724
-217.760998	124.743903	-110.227515
-218.084696	124.567067	-110.391367
-218.416414	124.385849	-110.559277
-218.756152	124.200251	-110.731248
-219.103910	124.010270	-110.907278
-219.459688	123.815909	-111.087368
-219.823487	123.617166	-111.271518
-220.195305	123.414041	-111.459727
-220.575144	123.206536	-111.651996
-220.963003	122.994648	-111.848325
-221.358882	122.778380	-112.048713
-221.538217	122.680409	-112.139490
-221.725573	122.578057	-112.234327
-221.920949	122.471323	-112.333223
-222.124345	122.360208	-112.436179
-222.335761	122.244711	-112.543195
-222.555197	122.124833	-112.654270
-222.782653	122.000574	-112.769405
-223.018129	121.871934	-112.888600
-223.261626	121.738911	-113.011855
-223.513142	121.601508	-113.139169
-223.772679	121.459723	-113.270543
-224.040236	121.313557	-113.405976
-224.315813	121.163009	-113.545469
-224.599410	121.008080	-113.689022
-224.891028	120.848770	-113.836635
-225.190665	120.685078	-113.988307
-225.498323	120.517005	-114.144039
-225.814000	120.344550	-114.303830
-226.137698	120.167714	-114.467681
-226.469416	119.986497	-114.635592
-226.809154	119.800898	-114.807563
-227.156912	119.610918	-114.983593
-227.512690	119.416556	-115.163683
-227.876489	119.217813	-115.347833
-228.248307	119.014689	-115.536042
-228.628146	118.807183	-115.728311
-229.016005	118.595296	-115.924639
-229.411884	118.379027	-116.125028
-229.591219	118.281056	-116.215805
-229.778575	118.178704	-116.310642
-229.973951	118.071970	-116.409538
-230.177347	117.960855	-116.512494
-230.388763	117.845359	-116.619510
-230.608199	117.725481	-116.730585
-230.835655	117.601222	-116.845720
-231.071131	117.472581	-116.964915
-231.314628	117.339559	-117.088170
-231.566144	117.202155	-117.215484
-231.825681	117.060371	-117.346858
-232.093238	116.914204	-117.482291
-232.368815	116.763657	-117.621784
-232.652412	116.608728	-117.765337
-232.944030	116.449417	-117.912950
-233.243667	116.285725	-118.064622
-233.551324	116.117652	-118.220354
-233.867002	115.945198	-118.380145
-234.190700	115.768362	-118.543996
-234.522418	115.587144	-118.711907
-234.862156	115.401545	-118.883878
-235.209914	115.211565	-119.059908
-235.565692	115.017204	-119.239998
-235.929491	114.818461	-119.424148
-236.301309	114.615336	-119.612357
-236.681148	114.407831	-119.804626
-237.069007	114.195943	-120.000954
-237.464886	113.979675	-120.201343
-237.644221	113.881704	-120.292120
-237.831577	113.779352	-120.386956
-238.026953	113.672618	-120.485853
-238.230348	113.561503	-120.588809
-238.441764	113.446006	-120.695825
-238.661201	113.326128	-120.806900
-238.888657	113.201869	-120.922035
-239.124133	113.073228	-121.041230
-239.367630	112.940206	-121.164485
-239.619146	112.802803	-121.291799
-239.878683	112.661018	-121.423172
-240.146240	112.514852	-121.558606
-240.421817	112.364304	-121.698099
-240.705414	112.209375	-121.841652
-240.997032	112.050065	-121.989264
-241.296669	111.886373	-122.140937
-241.604326	111.718300	-122.296669
-241.920004	111.545845	-122.456460
-242.243702	111.369009	-122.620311
-242.575420	111.187792	-122.788222
-242.915158	111.002193	-122.960193
-243.262916	110.812213	-123.136223
-243.618694	110.617851	-123.316313
-243.982493	110.419108	-123.500462
-244.354311	110.215984	-123.688672
-244.734150	110.008478	-123.880941
-245.122009	109.796591	-124.077269
-245.517888	109.580322	-124.277657
-245.697223	109.482351	-124.368435
-245.884579	109.379999	-124.463271
-246.079955	109.273265	-124.562168
-246.283350	109.162150	-124.665124
-246.494766	109.046654	-124.772140
-246.714203	108.926776	-124.883215
-246.941659	108.802517	-124.998350
-247.177135	108.673876	-125.117545
-247.420632	108.540854	-125.240799
-247.672148	108.403450	-125.368114
-247.931685	108.261665	-125.499487
-248.199242	108.115499	-125.634921
-248.474819	107.964952	-125.774414
-248.758416	107.810023	-125.917967
-249.050034	107.650712	-126.065579
-249.349671	107.487020	-126.217252
-249.657328	107.318947	-126.372983
-249.973006	107.146492	-126.532775
-250.296704	106.969656	-126.696626
-250.628422	106.788439	-126.864537
-250.968160	106.602840	-127.036508
-251.315918	106.412860	-127.212538
-251.671696	106.218499	-127.392628
-252.035495	106.019756	-127.576777
-252.407313	105.816631	-127.764987
-252.787152	105.609125	-127.957256
-253.175011	105.397238	-128.153584
-253.570890	105.180970	-128.353972
-253.750225	105.082999	-128.444749
-253.937581	104.980647	-128.539586
-254.132957	104.873913	-128.638483
-254.336352	104.762798	-128.741439
-254.547768	104.647301	-128.848455
-254.767205	104.527423	-128.959530
-254.994661	104.403164	-129.074665
-255.230137	104.274523	-129.193860
-255.473634	104.141501	-129.317114
-255.725150	104.004098	-129.444428
-255.984687	103.862313	-129.575802
-256.252244	103.716147	-129.711236
-256.527821	103.565599	-129.850729
-256.811418	103.410670	-129.994282
-257.103036	103.251360	-130.141894
-257.402673	103.087668	-130.293566
-257.710330	102.919595	-130.449298
-258.026008	102.747140	-130.609090
-258.349706	102.570304	-130.772941
-258.681424	102.389087	-130.940852
-259.021162	102.203488	-131.112823
-259.368920	102.013508	-131.288853
-259.724698	101.819146	-131.468943
-260.088497	101.620403	-131.653092
-260.460315	101.417279	-131.841301
-260.840154	101.209773	-132.033570
-261.228013	100.997886	-132.229899
-261.623892	100.781617	-132.430287
-261.803227	100.683646	-132.521064
-261.990583	100.581294	-132.615901
-262.185959	100.474560	-132.714798
-262.389354	100.363445	-132.817754
-262.600770	100.247949	-132.924769
-262.820207	100.128071	-133.035845
-263.047663	100.003812	-133.150980
-263.283139	99.875171	-133.270175
-263.526636	99.742149	-133.393429
-263.778152	99.604745	-133.520743
-264.037689	99.462960	-133.652117
-264.305246	99.316794	-133.787551
-264.580823	99.166247	-133.927044
-264.864420	99.011318	-134.070597
-265.156038	98.852007	-134.218209
-265.455675	98.688315	-134.369881
-265.763332	98.520242	-134.525613
-266.079010	98.347787	-134.685405
-266.402708	98.170951	-134.849256
-266.734426	97.989734	-135.017167
-267.074164	97.804135	-135.189137
-267.421922	97.614155	-135.365168
-267.777700	97.419794	-135.545258
-268.141499	97.221051	-135.729407
-268.513317	97.017926	-135.917616
-268.893156	96.810420	-136.109885
-269.281015	96.598533	-136.306214
-269.676894	96.382265	-136.506602
-269.856229	96.284294	-136.597379
-270.043585	96.181942	-136.692216
-270.238961	96.075208	-136.791112
-270.442356	95.964093	-136.894069
-270.653773	95.848596	-137.001084
-270.873209	95.728718	-137.112160
-271.100665	95.604459	-137.227295
-271.336141	95.475818	-137.346490
-271.579638	95.342796	-137.469744
-271.831154	95.205393	-137.597058
-272.090691	95.063608	-137.728432
-272.358248	94.917442	-137.863866
-272.633825	94.766894	-138.003359
-272.917422	94.611965	-138.146912
-273.209040	94.452655	-138.294524
-273.508677	94.288963	-138.446196
-273.816334	94.120890	-138.601928
-274.132012	93.948435	-138.761720
-274.455710	93.771599	-138.925571
-274.787428	93.590382	-139.093482
-275.127166	93.404783	-139.265452
-275.474924	93.214803	-139.441483
-275.830702	93.020441	-139.621572
-276.194501	92.821698	-139.805722
-276.566319	92.618574	-139.993931
-276.946158	92.411068	-140.186200
-277.334017	92.199181	-140.382529
-277.729896	91.982912	-140.582917
-277.909231	91.884941	-140.673694
-278.096587	91.782589	-140.768531
-278.291963	91.675855	-140.867427
-278.495358	91.564740	-140.970383
-278.706775	91.449244	-141.077399
-278.926211	91.329366	-141.188475
-279.153667	91.205107	-141.303610
-279.389143	91.076466	-141.422805
-279.632640	90.943444	-141.546059
-279.884156	90.806040	-141.673373
-280.143693	90.664255	-141.804747
-280.411250	90.518089	-141.940180
-280.686827	90.367542	-142.079674
-280.970424	90.212613	-142.223226
-281.262042	90.053302	-142.370839
-281.561679	89.889610	-142.522511
-281.869336	89.721537	-142.678243
-282.185014	89.549082	-142.838035
-282.508712	89.372246	-143.001886
-282.840430	89.191029	-143.169797
-283.180168	89.005430	-143.341767
-283.527926	88.815450	-143.517797
-283.883704	88.621089	-143.697887
-284.247503	88.422346	-143.882037
-284.619321	88.219221	-144.070246
-284.999160	88.011715	-144.262515
-285.387019	87.799828	-144.458844
-285.782898	87.583560	-144.659232
-285.962233	87.485589	-144.750009
-286.149589	87.383237	-144.844846
-286.344965	87.276503	-144.943742
-286.548361	87.165388	-145.046698
-286.759777	87.049891	-145.153714
-286.979213	86.930013	-145.264790
-287.206669	86.805754	-145.379925
-287.442145	86.677113	-145.499119
-287.685642	86.544091	-145.622374
-287.937158	86.406688	-145.749688
-288.196695	86.264903	-145.881062
-288.464252	86.118737	-146.016495
-288.739829	85.968189	-146.155989
-289.023426	85.813260	-146.299541
-289.315044	85.653950	-146.447154
-289.614681	85.490258	-146.598826
-289.922339	85.322185	-146.754558
-290.238016	85.149730	-146.914349
-290.561714	84.972894	-147.078201
-290.893432	84.791677	-147.246112
-291.233170	84.606078	-147.418082
-291.580928	84.416098	-147.594112
-291.936706	84.221736	-147.774202
-292.300505	84.022993	-147.958352
-292.672323	83.819869	-148.146561
-293.052162	83.612363	-148.338830
-293.440021	83.400476	-148.535159
-293.835900	83.184207	-148.735547
-294.015235	83.086236	-148.826324
-294.202591	82.983884	-148.921161
-294.397967	82.877150	-149.020057
-294.601363	82.766035	-149.123013
-294.812779	82.650539	-149.230029
-295.032215	82.530661	-149.341104
-295.259671	82.406402	-149.456240
-295.495147	82.277761	-149.575434
-295.738644	82.144739	-149.698689
-295.990160	82.007335	-149.826003
-296.249697	81.865550	-149.957377
-296.517254	81.719384	-150.092810
-296.792831	81.568837	-150.232303
-297.076428	81.413908	-150.375856
-297.368046	81.254597	-150.523469
-297.667683	81.090905	-150.675141
-297.975341	80.922832	-150.830873
-298.291018	80.750377	-150.990664
