25.016679	242.037939	31.607070
25.066200	241.919026	31.639391
25.121215	241.795455	31.678648
25.181730	241.667229	31.724839
25.247747	241.534347	31.777962
25.319269	241.396812	31.838016
25.396302	241.254625	31.904997
25.478848	241.107787	31.978905
25.566911	240.956300	32.059738
25.660494	240.800164	32.147492
25.759602	240.639382	32.242168
25.864237	240.473954	32.343761
25.974403	240.303883	32.452272
26.090103	240.129168	32.567697
26.211341	239.949813	32.690035
26.338121	239.765817	32.819285
26.470446	239.577183	32.955443
26.608319	239.383911	33.098509
26.751743	239.186004	33.248481
26.900723	238.983462	33.405357
27.055260	238.776287	33.569135
27.215359	238.564480	33.739813
27.381023	238.348043	33.917390
27.552255	238.126977	34.101865
27.729058	237.901283	34.293234
27.911435	237.670963	34.491498
28.099390	237.436017	34.696654
28.292925	237.196449	34.908700
28.492043	236.952258	35.127636
28.696748	236.703446	35.353459
28.907043	236.450015	35.586168
29.122930	236.191966	35.825762
29.344412	235.929301	36.072239
29.571493	235.662020	36.325598
29.804175	235.390126	36.585838
30.042460	235.113619	36.852956
30.286353	234.832500	37.126952
30.535855	234.546773	37.407825
30.790969	234.256437	37.695573
31.051698	233.961494	37.990194
31.170440	233.827950	38.124606
31.294800	233.689802	38.265890
31.424781	233.547049	38.414045
31.560382	233.399693	38.569071
31.701605	233.247734	38.730968
31.848452	233.091173	38.899735
32.000923	232.930010	39.075372
32.159019	232.764246	39.257878
32.322743	232.593882	39.447252
32.492093	232.418918	39.643495
32.667073	232.239355	39.846605
32.847682	232.055193	40.056583
33.033923	231.866434	40.273427
33.225795	231.673077	40.497138
33.423301	231.475124	40.727714
33.626441	231.272575	40.965156
33.835216	231.065431	41.209463
34.049627	230.853692	41.460635
34.269675	230.637360	41.718671
34.495362	230.416434	41.983570
34.726687	230.190915	42.255333
34.963653	229.960804	42.533959
35.206261	229.726102	42.819448
35.454510	229.486809	43.111799
35.708403	229.242926	43.411011
35.967940	228.994454	43.717086
36.233121	228.741393	44.030021
36.503949	228.483743	44.349818
36.627122	228.366913	44.495348
36.755943	228.245496	44.647739
36.890411	228.119492	44.806990
37.030527	227.988901	44.973101
37.176292	227.853724	45.146072
37.327706	227.713961	45.325904
37.484769	227.569612	45.512595
37.647482	227.420677	45.706145
37.815845	227.267158	45.906555
37.989858	227.109054	46.113825
38.169522	226.946365	46.327954
38.354838	226.779092	46.548941
38.545805	226.607235	46.776788
38.742424	226.430794	47.011494
38.944695	226.249770	47.253059
39.152620	226.064163	47.501482
39.366197	225.873973	47.756764
39.585428	225.679200	48.018905
39.810312	225.479846	48.287904
40.040851	225.275909	48.563761
40.277045	225.067391	48.846476
40.518893	224.854291	49.136050
40.766397	224.636611	49.432481
41.019556	224.414350	49.735770
41.278371	224.187508	50.045918
41.542843	223.956086	50.362923
41.812971	223.720085	50.686785
42.088756	223.479504	51.017506
42.213805	223.370575	51.167496
42.344512	223.257068	51.324345
42.480876	223.138981	51.488051
42.622899	223.016316	51.658614
42.770578	222.889072	51.836035
42.923916	222.757249	52.020313
43.082913	222.620849	52.211448
43.247567	222.479869	52.409441
43.417880	222.334312	52.614291
43.593852	222.184177	52.825998
43.775482	222.029464	53.044562
43.962771	221.870173	53.269983
44.155720	221.706304	53.502262
44.354327	221.537858	53.741397
44.558593	221.364835	53.987390
44.768519	221.187234	54.240240
44.984104	221.005056	54.499946
45.205349	220.818300	54.766510
45.432253	220.626968	55.039931
45.664817	220.431059	55.320209
45.903042	220.230572	55.607344
46.146926	220.025510	55.901336
46.396471	219.815871	56.202185
46.651676	219.601656	56.509891
46.912542	219.382864	56.824454
47.179069	219.159497	57.145874
47.451257	218.931555	57.474151
47.729106	218.699036	57.809285
47.855005	218.593749	57.961153
47.986565	218.483887	58.119879
48.123786	218.369449	58.285462
48.266669	218.250436	58.457901
48.415212	218.126847	58.637197
48.569417	217.998683	58.823350
48.729284	217.865944	59.016360
48.894812	217.728631	59.216227
49.066001	217.586742	59.422950
49.242852	217.440279	59.636530
49.425365	217.289241	59.856967
49.613539	217.133628	60.084261
49.807374	216.973440	60.318411
50.006871	216.808677	60.559419
50.212029	216.639339	60.807283
50.422849	216.465426	61.062003
50.639330	216.286939	61.323581
50.861473	216.103876	61.592016
51.089278	215.916239	61.867307
51.322744	215.724027	62.149456
51.561873	215.527240	62.438461
51.806663	215.325879	62.734324
52.057115	215.119943	63.037043
52.313230	214.909434	63.346620
52.575008	214.694350	63.663053
52.842447	214.474692	63.986344
53.115550	214.250460	64.316491
53.394315	214.021655	64.653496
53.520607	213.918029	64.806178
53.652562	213.809829	64.965717
53.790180	213.697056	65.132114
53.933459	213.579708	65.305367
54.082401	213.457787	65.485477
54.237006	213.331292	65.672444
54.397273	213.200224	65.866268
54.563203	213.064582	66.066948
54.734796	212.924368	66.274485
54.912051	212.779579	66.488879
55.094969	212.630218	66.710130
55.283550	212.476283	66.938238
55.477792	212.317774	67.173202
55.677698	212.154692	67.415023
55.883265	211.987036	67.663701
56.094495	211.814806	67.919236
56.311387	211.638003	68.181628
56.533941	211.456626	68.450877
56.762158	211.270675	68.726984
56.996037	211.080151	69.009947
57.235579	210.885053	69.299767
57.480784	210.685382	69.596445
57.731652	210.481137	69.899980
57.988182	210.272319	70.210372
58.250376	210.058928	70.527621
58.518233	209.840964	70.851727
58.791753	209.618427	71.182690
59.070937	209.391317	71.520510
59.197413	209.288447	71.673551
59.329551	209.181003	71.833449
59.467353	209.068987	72.000205
59.610817	208.952397	72.173817
59.759945	208.831235	72.354286
59.914735	208.705500	72.541613
60.075189	208.575192	72.735796
60.241306	208.440312	72.936836
60.413086	208.300859	73.144732
60.590529	208.156833	73.359486
60.773636	208.008234	73.581097
60.962405	207.855063	73.809564
61.156837	207.697319	74.044889
61.356932	207.535002	74.287070
61.562689	207.368113	74.536109
61.774110	207.196650	74.792004
61.991193	207.020614	75.054757
62.213939	206.840005	75.324367
62.442347	206.654824	75.600834
62.676419	206.465069	75.884158
62.916154	206.270741	76.174339
63.161551	206.071840	76.471378
63.412612	205.868367	76.775274
63.669337	205.660321	77.086027
63.931724	205.447702	77.403637
64.199775	205.230511	77.728105
64.473490	205.008747	78.059429
64.752868	204.782411	78.397610
64.879430	204.679885	78.550811
65.011655	204.572787	78.710870
65.149543	204.461115	78.877785
65.293094	204.344871	79.051557
65.442309	204.224055	79.232187
65.597187	204.098666	79.419673
65.757728	203.968705	79.614017
65.923933	203.834172	79.815217
66.095801	203.695067	80.023275
66.273332	203.551389	80.238189
66.456527	203.403139	80.459960
66.645385	203.250316	80.688588
66.839906	203.092921	80.924074
67.040090	202.930954	81.166416
67.245938	202.764414	81.415616
67.457448	202.593301	81.671672
67.674621	202.417616	81.934586
67.897457	202.237358	82.204357
68.125957	202.052528	82.480985
68.360119	201.863125	82.764471
68.599945	201.669150	83.054813
68.845434	201.470602	83.352013
69.096587	201.267482	83.656071
69.353403	201.059789	83.966985
69.615883	200.847524	84.284756
69.884026	200.630686	84.609385
70.157833	200.409277	84.940871
70.437303	200.183295	85.279214
70.563905	200.080927	85.432486
70.696172	199.973986	85.592616
70.834101	199.862473	85.759603
70.977693	199.746387	85.933447
71.126949	199.625729	86.114149
71.281869	199.500499	86.301707
71.442452	199.370697	86.496122
71.608699	199.236323	86.697394
71.780609	199.097377	86.905524
71.958182	198.953859	87.120510
72.141419	198.805768	87.342353
72.330320	198.653106	87.571054
72.524883	198.495871	87.806611
72.725110	198.334064	88.049026
72.931000	198.167684	88.298298
73.142554	197.996732	88.554426
73.359770	197.821208	88.817413
73.582650	197.641112	89.087256
73.811194	197.456443	89.363956
74.045400	197.267202	89.647514
74.285270	197.073389	89.937929
74.530803	196.875003	90.235201
74.782000	196.672045	90.539331
75.038861	196.464515	90.850318
75.301385	196.252413	91.168161
75.569572	196.035738	91.492862
75.843424	195.814492	91.824421
76.122939	195.588673	92.162836
76.249561	195.486377	92.316140
76.381847	195.379509	92.476302
76.519796	195.268069	92.643321
76.663409	195.152056	92.817198
76.812685	195.031472	92.997931
76.967625	194.906315	93.185521
77.128228	194.776586	93.379969
77.294495	194.642286	93.581273
77.466426	194.503413	93.789435
77.644020	194.359968	94.004453
77.827277	194.211952	94.226329
78.016198	194.059363	94.455062
78.210783	193.902202	94.690652
78.411031	193.740469	94.933099
78.616942	193.574163	95.182403
78.828517	193.403286	95.438565
79.045755	193.227836	95.701583
79.268656	193.047815	95.971459
79.497221	192.863221	96.248192
79.731449	192.674054	96.531782
79.971341	192.480316	96.822230
80.216896	192.282006	97.119534
80.468115	192.079123	97.423696
80.724998	191.871669	97.734715
80.987544	191.659642	98.052591
81.255754	191.443043	98.377325
81.529627	191.221872	98.708915
81.809164	190.996130	99.047363
81.935796	190.893867	99.200682
82.068092	190.787033	99.360858
82.206051	190.675627	99.527891
82.349674	190.559648	99.701782
82.498960	190.439097	99.882530
82.653910	190.313975	100.070134
82.814524	190.184280	100.264596
82.980801	190.050014	100.465915
83.152742	189.911175	100.674091
83.330346	189.767765	100.889124
83.513614	189.619782	101.111015
83.702545	189.467228	101.339762
83.897140	189.310101	101.575366
84.097399	189.148403	101.817828
84.303321	188.982132	102.067147
84.514906	188.811289	102.323323
84.732155	188.635875	102.586356
84.955067	188.455888	102.856246
85.183643	188.271329	103.132993
85.417883	188.082198	103.416598
85.657786	187.888495	103.707060
85.903352	187.690220	104.004379
86.154582	187.487372	104.308555
86.411476	187.279953	104.619589
86.674034	187.067962	104.937479
86.942255	186.851399	105.262227
87.216139	186.630263	105.593832
87.495688	186.404556	105.932294
87.622325	186.302310	106.085619
87.754626	186.195491	106.245802
87.892590	186.084101	106.412842
88.036218	185.968138	106.586739
88.185510	185.847603	106.767493
88.340465	185.722497	106.955104
88.501083	185.592819	107.149572
88.667366	185.458568	107.350897
88.839312	185.319746	107.559080
89.016922	185.176351	107.774119
89.200195	185.028385	107.996016
89.389132	184.875847	108.224770
89.583732	184.718736	108.460381
89.783996	184.557054	108.702849
89.989924	184.390800	108.952174
90.201515	184.219974	109.208356
90.418770	184.044575	109.471396
90.641688	183.864605	109.741293
90.870270	183.680062	110.018047
91.104515	183.490948	110.301658
91.344424	183.297262	110.592126
91.589996	183.099003	110.889451
91.841232	182.896173	111.193634
92.098132	182.688770	111.504674
92.360696	182.476796	111.822571
92.628923	182.260249	112.147325
92.902813	182.039131	112.478936
93.182368	181.813441	112.817404
93.309008	181.711202	112.970732
93.441311	181.604391	113.130918
93.579278	181.493008	113.297960
93.722909	181.377053	113.471860
93.872203	181.256526	113.652617
94.027161	181.131427	113.840231
94.187783	181.001756	114.034702
94.354068	180.867514	114.236030
94.526017	180.728699	114.444215
94.703630	180.585312	114.659257
94.886906	180.437354	114.881157
95.075846	180.284823	115.109913
95.270449	180.127721	115.345527
95.470716	179.966046	115.587998
95.676647	179.799800	115.837326
95.888241	179.628981	116.093511
96.105499	179.453591	116.356554
96.328420	179.273628	116.626453
96.557005	179.089094	116.903210
96.791254	178.899987	117.186824
97.031166	178.706309	117.477295
97.276742	178.508059	117.774623
97.527981	178.305236	118.078808
97.784885	178.097842	118.389851
98.047451	177.885876	118.707750
98.315682	177.669337	119.032507
98.589576	177.448227	119.364121
98.869134	177.222545	119.702592
98.995775	177.120310	119.855921
99.128080	177.013502	120.016108
99.266049	176.902123	120.183152
99.409681	176.786172	120.357052
99.558977	176.665649	120.537810
99.713937	176.540554	120.725425
99.874560	176.410887	120.919898
100.040847	176.276648	121.121227
100.212797	176.137837	121.329413
100.390411	175.994454	121.544457
100.573689	175.846499	121.766358
100.762631	175.693972	121.995115
100.957236	175.536873	122.230730
101.157505	175.375203	122.473202
101.363437	175.208960	122.722532
101.575033	175.038145	122.978718
101.792293	174.862759	123.241762
102.015216	174.682800	123.511662
102.243803	174.498270	123.788420
102.478053	174.309167	124.072035
102.717967	174.115493	124.362507
102.963545	173.917246	124.659836
103.214786	173.714428	124.964023
103.471691	173.507037	125.275066
103.734260	173.295075	125.592967
104.002492	173.078541	125.917725
104.276389	172.857435	126.249340
104.555948	172.631757	126.587812
104.682591	172.529523	126.741142
104.814896	172.422718	126.901329
104.952866	172.311340	127.068373
105.096499	172.195391	127.242274
105.245796	172.074869	127.423033
105.400757	171.949776	127.610648
105.561381	171.820111	127.805121
105.727669	171.685874	128.006451
105.899620	171.547065	128.214638
106.077235	171.403684	128.429682
106.260514	171.255731	128.651583
106.449456	171.103206	128.880341
106.644063	170.946109	129.115957
106.844332	170.784440	129.358429
107.050266	170.618199	129.607759
107.261863	170.447387	129.863946
107.479123	170.272002	130.126990
107.702048	170.092045	130.396891
107.930636	169.907517	130.673649
108.164887	169.718416	130.957265
108.404802	169.524744	131.247737
108.650381	169.326499	131.545067
108.901624	169.123683	131.849254
109.158530	168.916294	132.160298
109.421100	168.704334	132.478199
109.689334	168.487802	132.802957
109.963231	168.266698	133.134572
110.242792	168.041022	133.473045
110.369434	167.938789	133.626375
110.501741	167.831984	133.786562
110.639711	167.720608	133.953606
110.783345	167.604659	134.127508
110.932642	167.484139	134.308266
111.087603	167.359047	134.495882
111.248228	167.229382	134.690355
111.414516	167.095146	134.891685
111.586468	166.956338	135.099872
111.764084	166.812958	135.314916
111.947364	166.665006	135.536818
112.136307	166.512482	135.765576
112.330913	166.355386	136.001192
112.531184	166.193718	136.243664
112.737118	166.027478	136.492994
112.948715	165.856667	136.749181
113.165977	165.681283	137.012225
113.388902	165.501327	137.282127
113.617490	165.316800	137.558885
113.851743	165.127700	137.842501
114.091658	164.934029	138.132973
114.337238	164.735785	138.430303
114.588481	164.532970	138.734490
114.845388	164.325583	139.045534
115.107959	164.113623	139.363435
115.376193	163.897092	139.688194
115.650091	163.675989	140.019809
115.929653	163.450314	140.358282
116.056296	163.348082	140.511612
116.188603	163.241278	140.671799
116.326573	163.129902	140.838844
116.470207	163.013954	141.012745
116.619505	162.893434	141.193504
116.774466	162.768342	141.381119
116.935091	162.638678	141.575592
117.101380	162.504442	141.776922
117.273332	162.365635	141.985109
117.450949	162.222255	142.200154
117.634228	162.074304	142.422055
117.823172	161.921780	142.650814
118.017779	161.764685	142.886429
118.218050	161.603017	143.128902
118.423984	161.436778	143.378232
118.635582	161.265967	143.634419
118.852844	161.090584	143.897463
119.075769	160.910628	144.167364
119.304358	160.726101	144.444123
119.538611	160.537002	144.727738
119.778527	160.343331	145.018211
120.024107	160.145089	145.315541
120.275351	159.942274	145.619728
120.532258	159.734887	145.930772
120.794830	159.522928	146.248673
121.063064	159.306398	146.573431
121.336963	159.085295	146.905047
121.616525	158.859620	147.243520
121.743168	158.757388	147.396850
121.875475	158.650585	147.557037
122.013446	158.539209	147.724081
122.157080	158.423261	147.897983
122.306378	158.302741	148.078741
122.461339	158.177650	148.266357
122.621965	158.047986	148.460830
122.788254	157.913751	148.662160
122.960206	157.774944	148.870347
123.137823	157.631564	149.085391
123.321103	157.483613	149.307293
123.510046	157.331090	149.536051
123.704654	157.173995	149.771667
123.904925	157.012327	150.014140
124.110859	156.846088	150.263469
124.322458	156.675277	150.519656
124.539720	156.499895	150.782701
124.762645	156.319940	151.052602
124.991235	156.135413	151.329360
125.225488	155.946314	151.612976
125.465404	155.752643	151.903449
125.710985	155.554401	152.200778
125.962229	155.351586	152.504965
126.219136	155.144200	152.816009
126.481708	154.932241	153.133910
126.749943	154.715711	153.458669
127.023841	154.494609	153.790284
127.303404	154.268934	154.128757
127.430047	154.166703	154.282087
127.562354	154.059899	154.442274
127.700325	153.948523	154.609318
127.843959	153.832576	154.783220
127.993257	153.712056	154.963979
128.148219	153.586965	155.151594
128.308845	153.457301	155.346067
128.475134	153.323066	155.547397
128.647087	153.184259	155.755584
128.824703	153.040880	155.970628
129.007983	152.892928	156.192530
129.196927	152.740405	156.421288
129.391534	152.583310	156.656904
129.591806	152.421643	156.899377
129.797740	152.255405	157.148706
130.009339	152.084594	157.404893
130.226601	151.909211	157.667937
130.449527	151.729256	157.937839
130.678116	151.544730	158.214597
130.912370	151.355631	158.498213
131.152286	151.161961	158.788685
131.397867	150.963718	159.086015
131.649111	150.760904	159.390202
131.906019	150.553517	159.701246
132.168590	150.341559	160.019147
132.436826	150.125029	160.343905
132.710725	149.903927	160.675521
132.990287	149.678253	161.013993
133.116931	149.576021	161.167323
133.249238	149.469217	161.327511
133.387209	149.357842	161.494555
133.530843	149.241894	161.668456
133.680141	149.121375	161.849215
133.835103	148.996283	162.036831
133.995729	148.866620	162.231303
134.162018	148.732385	162.432633
134.333971	148.593578	162.640820
134.511587	148.450199	162.855865
134.694868	148.302248	163.077766
134.883811	148.149725	163.306524
135.078419	147.992630	163.542140
135.278690	147.830963	163.784613
135.484625	147.664724	164.033943
135.696224	147.493913	164.290129
135.913486	147.318531	164.553174
136.136412	147.138576	164.823075
136.365002	146.954049	165.099833
136.599255	146.764951	165.383449
136.839172	146.571280	165.673921
137.084752	146.373038	165.971251
137.335997	146.170224	166.275438
137.592905	145.962837	166.586482
137.855476	145.750879	166.904383
138.123712	145.534349	167.229141
138.397611	145.313247	167.560757
138.677173	145.087573	167.899229
138.803817	144.985342	168.052559
138.936124	144.878538	168.212746
139.074095	144.767162	168.379791
139.217730	144.651215	168.553692
139.367028	144.530696	168.734451
139.521990	144.405604	168.922066
139.682615	144.275941	169.116539
139.848905	144.141706	169.317869
140.020858	144.002899	169.526056
140.198474	143.859520	169.741100
140.381754	143.711568	169.963001
140.570698	143.559046	170.191760
140.765306	143.401951	170.427375
140.965577	143.240284	170.669848
141.171512	143.074045	170.919178
141.383111	142.903234	171.175365
141.600373	142.727852	171.438409
141.823299	142.547897	171.708310
142.051889	142.363371	171.985069
142.286142	142.174272	172.268684
142.526059	141.980602	172.559157
142.771640	141.782360	172.856486
143.022884	141.579545	173.160673
143.279793	141.372159	173.471717
143.542364	141.160201	173.789618
143.810600	140.943671	174.114376
144.084499	140.722569	174.445992
144.364061	140.496895	174.784464
144.490705	140.394663	174.937794
144.623012	140.287860	175.097981
144.760983	140.176484	175.265026
144.904618	140.060537	175.438927
145.053916	139.940017	175.619686
145.208878	139.814926	175.807301
145.369504	139.685263	176.001774
145.535793	139.551028	176.203104
145.707746	139.412221	176.411291
145.885363	139.268842	176.626335
146.068643	139.120891	176.848236
146.257587	138.968368	177.076995
146.452195	138.811273	177.312610
146.652466	138.649606	177.555083
146.858401	138.483367	177.804413
147.070000	138.312557	178.060600
147.287262	138.137174	178.323644
147.510188	137.957219	178.593545
147.738778	137.772693	178.870303
147.973031	137.583595	179.153919
148.212948	137.389924	179.444391
148.458529	137.191682	179.741721
148.709774	136.988868	180.045908
148.966682	136.781481	180.356952
149.229253	136.569523	180.674853
149.497489	136.352993	180.999611
149.771388	136.131891	181.331226
150.050951	135.906217	181.669699
150.177594	135.803986	181.823029
150.309902	135.697182	181.983216
150.447873	135.585807	182.150260
150.591507	135.469859	182.324162
150.740806	135.349340	182.504920
150.895767	135.224249	182.692536
151.056393	135.094586	182.887009
151.222682	134.960350	183.088339
151.394635	134.821543	183.296526
151.572252	134.678164	183.511570
151.755533	134.530213	183.733471
151.944477	134.377690	183.962229
152.139084	134.220595	184.197845
152.339356	134.058929	184.440318
152.545291	133.892690	184.689647
152.756889	133.721879	184.945834
152.974152	133.546497	185.208878
153.197078	133.366542	185.478780
153.425668	133.182016	185.755538
153.659921	132.992917	186.039153
153.899838	132.799247	186.329626
154.145419	132.601005	186.626956
154.396663	132.398191	186.931142
154.653572	132.190804	187.242186
154.916143	131.978846	187.560087
155.184379	131.762316	187.884846
155.458278	131.541214	188.216461
155.737841	131.315540	188.554933
155.864484	131.213309	188.708263
155.996792	131.106505	188.868450
156.134763	130.995130	189.035495
156.278397	130.879182	189.209396
156.427696	130.758663	189.390155
156.582658	130.633572	189.577770
156.743283	130.503909	189.772243
156.909573	130.369673	189.973573
157.081526	130.230866	190.181760
157.259142	130.087487	190.396804
157.442423	129.939536	190.618705
157.631367	129.787013	190.847464
157.825974	129.629919	191.083079
158.026246	129.468252	191.325552
158.232181	129.302013	191.574882
158.443780	129.131202	191.831069
158.661042	128.955820	192.094113
158.883968	128.775865	192.364014
159.112558	128.591339	192.640772
159.346811	128.402240	192.924388
159.586729	128.208570	193.214860
159.832309	128.010328	193.512190
160.083554	127.807514	193.816377
160.340462	127.600128	194.127420
160.603034	127.388169	194.445322
160.871269	127.171639	194.770080
161.145168	126.950538	195.101695
161.424731	126.724864	195.440167
161.551375	126.622632	195.593497
161.683682	126.515828	195.753685
161.821653	126.404453	195.920729
161.965288	126.288506	196.094630
162.114586	126.167986	196.275389
162.269548	126.042895	196.463004
162.430174	125.913232	196.657477
162.596463	125.778997	196.858807
162.768416	125.640190	197.066994
162.946033	125.496810	197.282038
163.129313	125.348860	197.503939
163.318257	125.196337	197.732698
163.512865	125.039242	197.968313
163.713136	124.877575	198.210786
163.919072	124.711336	198.460116
164.130670	124.540526	198.716303
164.347933	124.365143	198.979347
164.570859	124.185189	199.249248
164.799449	124.000662	199.526006
165.033702	123.811564	199.809622
165.273619	123.617893	200.100094
165.519200	123.419651	200.397424
165.770445	123.216837	200.701611
166.027353	123.009451	201.012655
166.289925	122.797493	201.330556
166.558160	122.580963	201.655314
166.832059	122.359861	201.986929
167.111622	122.134187	202.325401
167.238266	122.031955	202.478731
167.370573	121.925152	202.638919
167.508544	121.813776	202.805963
167.652179	121.697829	202.979864
167.801477	121.577310	203.160623
167.956439	121.452218	203.348238
168.117065	121.322555	203.542711
168.283354	121.188320	203.744041
168.455307	121.049513	203.952228
168.632924	120.906134	204.167272
168.816204	120.758183	204.389173
169.005148	120.605660	204.617932
169.199756	120.448565	204.853547
169.400027	120.286898	205.096020
169.605962	120.120660	205.345350
169.817561	119.949849	205.601537
170.034824	119.774466	205.864581
170.257750	119.594512	206.134482
170.486340	119.409986	206.411240
170.720593	119.220887	206.694856
170.960510	119.027217	206.985328
171.206091	118.828975	207.282658
171.457335	118.626160	207.586845
171.714244	118.418774	207.897888
171.976815	118.206816	208.215790
172.245051	117.990286	208.540548
172.518950	117.769184	208.872163
172.798513	117.543510	209.210635
172.925157	117.441279	209.363965
173.057464	117.334475	209.524153
173.195435	117.223100	209.691197
173.339070	117.107152	209.865098
173.488368	116.986633	210.045857
173.643330	116.861542	210.233472
173.803956	116.731879	210.427945
173.970245	116.597643	210.629275
174.142198	116.458836	210.837462
174.319815	116.315457	211.052506
174.503095	116.167506	211.274407
174.692039	116.014983	211.503166
174.886647	115.857889	211.738781
175.086918	115.696222	211.981254
175.292854	115.529983	212.230584
175.504452	115.359173	212.486771
175.721715	115.183790	212.749815
175.944641	115.003835	213.019716
176.173231	114.819309	213.296474
176.407484	114.630211	213.580089
176.647401	114.436540	213.870562
176.892982	114.238298	214.167892
177.144227	114.035484	214.472078
177.401135	113.828098	214.783122
177.663707	113.616140	215.101023
177.931942	113.399610	215.425782
178.205841	113.178508	215.757397
178.485404	112.952834	216.095869
178.612048	112.850602	216.249199
178.744355	112.743799	216.409386
178.882326	112.632423	216.576431
179.025961	112.516476	216.750332
179.175259	112.395957	216.931091
179.330221	112.270865	217.118706
179.490847	112.141202	217.313179
179.657136	112.006967	217.514509
179.829089	111.868160	217.722696
180.006706	111.724781	217.937740
180.189986	111.576830	218.159641
180.378930	111.424307	218.388400
180.573538	111.267212	218.624015
180.773810	111.105545	218.866488
180.979745	110.939307	219.115818
181.191343	110.768496	219.372004
181.408606	110.593113	219.635048
181.631532	110.413159	219.904950
181.860122	110.228632	220.181708
182.094375	110.039534	220.465323
182.334292	109.845864	220.755796
182.579873	109.647622	221.053125
182.831118	109.444807	221.357312
183.088026	109.237421	221.668356
183.350598	109.025463	221.986257
183.618833	108.808933	222.311015
183.892733	108.587831	222.642631
184.172295	108.362157	222.981103
184.298939	108.259926	223.134433
184.431246	108.153122	223.294620
184.569217	108.041747	223.461664
184.712852	107.925799	223.635566
184.862150	107.805280	223.816324
185.017112	107.680189	224.003940
185.177738	107.550526	224.198413
185.344027	107.416290	224.399743
185.515980	107.277483	224.607930
185.693597	107.134104	224.822974
185.876878	106.986153	225.044875
186.065822	106.833630	225.273633
186.260429	106.676536	225.509249
186.460701	106.514869	225.751722
186.666636	106.348630	226.001051
186.878235	106.177819	226.257238
187.095497	106.002437	226.520282
187.318423	105.822482	226.790183
187.547013	105.637956	227.066942
187.781267	105.448858	227.350557
188.021184	105.255187	227.641030
188.266764	105.056945	227.938359
188.518009	104.854131	228.242546
188.774917	104.646745	228.553590
189.037489	104.434787	228.871491
189.305725	104.218257	229.196249
189.579624	103.997155	229.527864
189.859187	103.771481	229.866337
189.985830	103.669249	230.019667
190.118138	103.562446	230.179854
190.256109	103.451070	230.346898
190.399743	103.335123	230.520800
190.549042	103.214604	230.701558
190.704004	103.089512	230.889174
190.864629	102.959849	231.083647
191.030919	102.825614	231.284976
191.202872	102.686807	231.493163
191.380488	102.543428	231.708208
191.563769	102.395477	231.930109
191.752713	102.242954	232.158867
191.947321	102.085859	232.394483
192.147592	101.924192	232.636955
192.353527	101.757954	232.886285
192.565126	101.587143	233.142472
192.782388	101.411760	233.405516
193.005314	101.231806	233.675417
193.233904	101.047279	233.952175
193.468158	100.858181	234.235791
193.708075	100.664511	234.526263
193.953656	100.466269	234.823593
194.204900	100.263454	235.127780
194.461808	100.056068	235.438824
194.724380	99.844110	235.756725
194.992616	99.627580	236.081483
195.266515	99.406478	236.413098
195.546078	99.180804	236.751571
195.672722	99.078573	236.904901
195.805029	98.971769	237.065088
195.943000	98.860394	237.232132
196.086635	98.744446	237.406033
196.235933	98.623927	237.586792
196.390895	98.498836	237.774408
196.551521	98.369173	237.968880
196.717810	98.234937	238.170210
196.889763	98.096130	238.378397
197.067380	97.952751	238.593441
197.250660	97.804800	238.815343
197.439604	97.652277	239.044101
197.634212	97.495183	239.279716
197.834483	97.333516	239.522189
198.040418	97.167277	239.771519
198.252017	96.996467	240.027706
198.469280	96.821084	240.290750
198.692206	96.641129	240.560651
198.920796	96.456603	240.837409
199.155049	96.267505	241.121025
199.394966	96.073834	241.411497
199.640547	95.875592	241.708827
199.891792	95.672778	242.013014
200.148700	95.465392	242.324058
200.411272	95.253434	242.641959
200.679507	95.036904	242.966717
200.953406	94.815802	243.298332
201.232969	94.590128	243.636804
201.359613	94.487896	243.790134
201.491920	94.381093	243.950322
201.629891	94.269717	244.117366
201.773526	94.153770	244.291267
201.922824	94.033251	244.472026
202.077786	93.908159	244.659641
202.238412	93.778496	244.854114
202.404701	93.644261	245.055444
202.576654	93.505454	245.263631
202.754271	93.362075	245.478675
202.937551	93.214124	245.700576
203.126495	93.061601	245.929335
203.321103	92.904506	246.164950
203.521375	92.742839	246.407423
203.727310	92.576601	246.656753
203.938909	92.405790	246.912940
204.156171	92.230408	247.175984
204.379097	92.050453	247.445885
204.607687	91.865927	247.722643
204.841940	91.676828	248.006258
