-21.096247	211.155459	-49.205276
-21.129001	211.001421	-49.176595
-21.165324	210.843111	-49.156221
-21.205223	210.680531	-49.144152
-21.248706	210.513683	-49.140388
-21.295778	210.342570	-49.144925
-21.346446	210.167195	-49.157762
-21.400719	209.987560	-49.178899
-21.458602	209.803669	-49.208332
-21.520103	209.615523	-49.246061
-21.585228	209.423126	-49.292084
-21.653984	209.226480	-49.346399
-21.726378	209.025588	-49.409005
-21.802417	208.820453	-49.479900
-21.882108	208.611076	-49.559082
-21.965457	208.397461	-49.646550
-22.052472	208.179611	-49.742302
-22.143158	207.957528	-49.846337
-22.237523	207.731215	-49.958652
-22.335573	207.500674	-50.079247
-22.437316	207.265909	-50.208120
-22.542756	207.026921	-50.345268
-22.651902	206.783714	-50.490692
-22.764759	206.536291	-50.644388
-22.881335	206.284653	-50.806356
-23.001635	206.028804	-50.976594
-23.125665	205.768746	-51.155100
-23.253433	205.504483	-51.341873
-23.384945	205.236016	-51.536912
-23.520207	204.963349	-51.740215
-23.659224	204.686484	-51.951781
-23.802004	204.405424	-52.171608
-23.948552	204.120171	-52.399694
-24.098874	203.830729	-52.636039
-24.252977	203.537100	-52.880641
-24.410866	203.239287	-53.133499
-24.572548	202.937293	-53.394611
-24.738027	202.631120	-53.663976
-24.907311	202.320771	-53.941593
-25.080404	202.006249	-54.227460
-25.257312	201.687557	-54.521577
-25.438042	201.364697	-54.823942
-25.622598	201.037672	-55.134554
-25.810986	200.706486	-55.453412
-25.895872	200.558399	-55.597858
-25.984597	200.406154	-55.750549
-26.077165	200.249753	-55.911483
-26.173577	200.089195	-56.080660
-26.273837	199.924484	-56.258080
-26.377945	199.755620	-56.443743
-26.485906	199.582603	-56.637647
-26.597720	199.405436	-56.839792
-26.713391	199.224120	-57.050179
-26.832920	199.038655	-57.268805
-26.956310	198.849044	-57.495672
-27.083563	198.655287	-57.730778
-27.214681	198.457386	-57.974124
-27.349666	198.255341	-58.225708
-27.488522	198.049155	-58.485531
-27.631249	197.838828	-58.753591
-27.777850	197.624361	-59.029889
-27.928328	197.405757	-59.314424
-28.082684	197.183015	-59.607196
-28.240920	196.956138	-59.908205
-28.403039	196.725127	-60.217449
-28.569042	196.489982	-60.534930
-28.738932	196.250706	-60.860645
-28.912711	196.007299	-61.194596
-29.090380	195.759763	-61.536782
-29.271942	195.508099	-61.887202
-29.457399	195.252308	-62.245856
-29.646753	194.992392	-62.612744
-29.840005	194.728351	-62.987866
-29.926840	194.610240	-63.156713
-30.017576	194.488006	-63.333794
-30.112214	194.361651	-63.519107
-30.210756	194.231174	-63.712654
-30.313201	194.096577	-63.914433
-30.419551	193.957859	-64.124446
-30.529806	193.815022	-64.342691
-30.643968	193.668067	-64.569168
-30.762037	193.516993	-64.803878
-30.884013	193.361801	-65.046821
-31.009899	193.202492	-65.297996
-31.139693	193.039067	-65.557403
-31.273398	192.871525	-65.825042
-31.411014	192.699868	-66.100913
-31.552542	192.524096	-66.385016
-31.697983	192.344210	-66.677351
-31.847337	192.160210	-66.977918
-32.000604	191.972097	-67.286717
-32.157787	191.779871	-67.603747
-32.318886	191.583533	-67.929009
-32.483900	191.383084	-68.262503
-32.652832	191.178524	-68.604228
-32.825682	190.969854	-68.954185
-33.002450	190.757074	-69.312372
-33.183138	190.540186	-69.678792
-33.367745	190.319188	-70.053442
-33.556273	190.094083	-70.436324
-33.748723	189.864870	-70.827437
-33.836112	189.761040	-71.005151
-33.927422	189.653102	-71.191097
-34.022656	189.541059	-71.385273
-34.121813	189.424910	-71.587681
-34.224893	189.304655	-71.798320
-34.331896	189.180294	-72.017190
-34.442823	189.051829	-72.244291
-34.557675	188.919258	-72.479624
-34.676451	188.782583	-72.723187
-34.799152	188.641804	-72.974981
-34.925778	188.496921	-73.235007
-35.056330	188.347934	-73.503263
-35.190807	188.194843	-73.779751
-35.329210	188.037649	-74.064469
-35.471539	187.876352	-74.357419
-35.617795	187.710952	-74.658600
-35.767978	187.541450	-74.968011
-35.922088	187.367846	-75.285654
-36.080125	187.190139	-75.611528
-36.242090	187.008332	-75.945632
-36.407982	186.822422	-76.287968
-36.577803	186.632412	-76.638535
-36.751553	186.438301	-76.997333
-36.929231	186.240089	-77.364362
-37.110838	186.037777	-77.739622
-37.296375	185.831364	-78.123113
-37.485841	185.620853	-78.514835
-37.679237	185.406241	-78.914788
-37.766892	185.309087	-79.096110
-37.858478	185.207833	-79.285663
-37.953993	185.102480	-79.483447
-38.053440	184.993029	-79.689462
-38.156816	184.879479	-79.903708
-38.264124	184.761830	-80.126185
-38.375362	184.640083	-80.356893
-38.490531	184.514237	-80.595833
-38.609631	184.384294	-80.843004
-38.732662	184.250252	-81.098406
-38.859624	184.112112	-81.362039
-38.990518	183.969874	-81.633903
-39.125343	183.823539	-81.913998
-39.264100	183.673106	-82.202325
-39.406788	183.518576	-82.498883
-39.553408	183.359948	-82.803672
-39.703960	183.197223	-83.116692
-39.858444	183.030401	-83.437944
-40.016860	182.859482	-83.767426
-40.179208	182.684466	-84.105141
-40.345488	182.505353	-84.451086
-40.515701	182.322144	-84.805262
-40.689846	182.134838	-85.167670
-40.867924	181.943436	-85.538310
-41.049935	181.747937	-85.917180
-41.235878	181.548343	-86.304282
-41.425755	181.344653	-86.699615
-41.619564	181.136867	-87.103180
-41.707372	181.042780	-87.286039
-41.799113	180.944598	-87.477129
-41.894788	180.842320	-87.676451
-41.994396	180.735946	-87.884005
-42.097937	180.625477	-88.099789
-42.205411	180.510913	-88.323805
-42.316819	180.392253	-88.556053
-42.432160	180.269498	-88.796532
-42.551434	180.142648	-89.045242
-42.674642	180.011702	-89.302184
-42.801784	179.876661	-89.567358
-42.932859	179.737526	-89.840763
-43.067868	179.594295	-90.122399
-43.206811	179.446969	-90.412267
-43.349687	179.295549	-90.710366
-43.496497	179.140033	-91.016697
-43.647241	178.980423	-91.331259
-43.801918	178.816718	-91.654053
-43.960530	178.648918	-91.985078
-44.123075	178.477024	-92.324335
-44.289555	178.301035	-92.671824
-44.459968	178.120952	-93.027544
-44.634316	177.936774	-93.391495
-44.812598	177.748502	-93.763679
-44.994813	177.556135	-94.144093
-45.180963	177.359674	-94.532740
-45.371048	177.159119	-94.929618
-45.565066	176.954470	-95.334727
-45.652961	176.861784	-95.518259
-45.744790	176.765004	-95.710022
-45.840553	176.664130	-95.910017
-45.940251	176.559162	-96.118243
-46.043883	176.450100	-96.334701
-46.151450	176.336944	-96.559391
-46.262951	176.219694	-96.792312
-46.378386	176.098350	-97.033465
-46.497756	175.972912	-97.282850
-46.621060	175.843381	-97.540466
-46.748299	175.709755	-97.806314
-46.879472	175.572036	-98.080394
-47.014580	175.430223	-98.362706
-47.153622	175.284316	-98.653249
-47.296599	175.134316	-98.952024
-47.443510	174.980222	-99.259030
-47.594356	174.822034	-99.574269
-47.749137	174.659752	-99.897739
-47.907852	174.493377	-100.229440
-48.070501	174.322909	-100.569374
-48.237086	174.148347	-100.917539
-48.407605	173.969691	-101.273936
-48.582058	173.786942	-101.638565
-48.760446	173.600099	-102.011425
-48.942770	173.409163	-102.392517
-49.129027	173.214133	-102.781841
-49.319220	173.015010	-103.179397
-49.513347	172.811794	-103.585184
-49.601289	172.719746	-103.769014
-49.693166	172.623605	-103.961076
-49.788977	172.523370	-104.161369
-49.888723	172.419042	-104.369894
-49.992405	172.310621	-104.586651
-50.100020	172.198106	-104.811640
-50.211571	172.081499	-105.044860
-50.327057	171.960798	-105.286312
-50.446477	171.836003	-105.535996
-50.569832	171.707116	-105.793912
-50.697122	171.574135	-106.060060
-50.828347	171.437061	-106.334440
-50.963507	171.295894	-106.617051
-51.102601	171.150634	-106.907894
-51.245631	171.001280	-107.206969
-51.392595	170.847834	-107.514276
-51.543494	170.690294	-107.829814
-51.698328	170.528661	-108.153585
-51.857097	170.362935	-108.485587
-52.019801	170.193116	-108.825821
-52.186439	170.019204	-109.174287
-52.357013	169.841199	-109.530985
-52.531522	169.659101	-109.895915
-52.709965	169.472910	-110.269076
-52.892343	169.282625	-110.650470
-53.078657	169.088248	-111.040095
-53.268905	168.889778	-111.437952
-53.463088	168.687214	-111.844041
-53.551055	168.595457	-112.028004
-53.642956	168.499606	-112.220199
-53.738793	168.399662	-112.420626
-53.838564	168.295626	-112.629285
-53.942271	168.187496	-112.846175
-54.049912	168.075274	-113.071297
-54.161489	167.958958	-113.304652
-54.277000	167.838550	-113.546238
-54.396447	167.714048	-113.796056
-54.519828	167.585454	-114.054106
-54.647144	167.452767	-114.320388
-54.778396	167.315987	-114.594901
-54.913582	167.175114	-114.877647
-55.052703	167.030148	-115.168624
-55.195759	166.881089	-115.467834
-55.342751	166.727937	-115.775275
-55.493677	166.570693	-116.090948
-55.648538	166.409355	-116.414853
-55.807335	166.243925	-116.746990
-55.970066	166.074402	-117.087359
-56.136732	165.900786	-117.435959
-56.307333	165.723077	-117.792792
-56.481870	165.541275	-118.157856
-56.660341	165.355380	-118.531153
-56.842747	165.165393	-118.912681
-57.029089	164.971312	-119.302441
-57.219365	164.773139	-119.700433
-57.413577	164.570873	-120.106657
-57.501556	164.479247	-120.290680
-57.593470	164.383529	-120.482935
-57.689319	164.283718	-120.683422
-57.789104	164.179814	-120.892141
-57.892823	164.071817	-121.109091
-58.000477	163.959728	-121.334274
-58.112067	163.843545	-121.567688
-58.227591	163.723270	-121.809334
-58.347051	163.598902	-122.059212
-58.470445	163.470441	-122.317323
-58.597775	163.337888	-122.583665
-58.729039	163.201241	-122.858239
-58.864239	163.060502	-123.141045
-59.003373	162.915670	-123.432082
-59.146443	162.766746	-123.731352
-59.293448	162.613728	-124.038854
-59.444388	162.456618	-124.354587
-59.599263	162.295415	-124.678553
-59.758073	162.130119	-125.010750
-59.920818	161.960730	-125.351180
-60.087498	161.787249	-125.699841
-60.258113	161.609675	-126.056734
-60.432663	161.428008	-126.421859
-60.611148	161.242248	-126.795216
-60.793568	161.052396	-127.176805
-60.979924	160.858451	-127.566626
-61.170214	160.660413	-127.964679
-61.364440	160.458283	-128.370964
-61.452425	160.366717	-128.555014
-61.544346	160.271059	-128.747296
-61.640201	160.171308	-128.947809
-61.739992	160.067465	-129.156555
-61.843717	159.959528	-129.373533
-61.951378	159.847499	-129.598742
-62.062974	159.731377	-129.832184
-62.178505	159.611163	-130.073857
-62.297971	159.486856	-130.323762
-62.421372	159.358456	-130.581900
-62.548708	159.225963	-130.848269
-62.679979	159.089377	-131.122870
-62.815185	158.948699	-131.405703
-62.954326	158.803928	-131.696768
-63.097403	158.655065	-131.996065
-63.244414	158.502108	-132.303594
-63.395361	158.345059	-132.619355
-63.550242	158.183918	-132.943348
-63.709059	158.018683	-133.275573
-63.871810	157.849356	-133.616029
-64.038497	157.675936	-133.964718
-64.209119	157.498423	-134.321638
-64.383676	157.316818	-134.686791
-64.562168	157.131120	-135.060175
-64.744595	156.941329	-135.441792
-64.930957	156.747445	-135.831640
-65.121255	156.549469	-136.229720
-65.315487	156.347400	-136.636033
-65.403475	156.255862	-136.820095
-65.495399	156.160232	-137.012389
-65.591257	156.060508	-137.212915
-65.691051	155.956692	-137.421672
-65.794780	155.848783	-137.638662
-65.902444	155.736782	-137.863884
-66.014043	155.620688	-138.097338
-66.129577	155.500501	-138.339023
-66.249046	155.376221	-138.588941
-66.372450	155.247849	-138.847091
-66.499789	155.115384	-139.113472
-66.631063	154.978826	-139.388085
-66.766273	154.838176	-139.670931
-66.905417	154.693433	-139.962008
-67.048497	154.544597	-140.261318
-67.195512	154.391669	-140.568859
-67.346461	154.234647	-140.884632
-67.501346	154.073534	-141.208637
-67.660166	153.908327	-141.540874
-67.822921	153.739028	-141.881343
-67.989611	153.565636	-142.230044
-68.160236	153.388151	-142.586977
-68.334796	153.206574	-142.952142
-68.513292	153.020904	-143.325539
-68.695722	152.831141	-143.707168
-68.882087	152.637286	-144.097028
-69.072388	152.439337	-144.495121
-69.266624	152.237297	-144.901446
-69.354614	152.145771	-145.085513
-69.446539	152.050153	-145.277813
-69.542399	151.950442	-145.478344
-69.642194	151.846639	-145.687107
-69.745924	151.738742	-145.904103
-69.853589	151.626753	-146.129330
-69.965190	151.510672	-146.362789
-70.080725	151.390498	-146.604481
-70.200196	151.266231	-146.854404
-70.323602	151.137871	-147.112559
-70.450942	151.005419	-147.378946
-70.582218	150.868874	-147.653565
-70.717429	150.728236	-147.936416
-70.856575	150.583505	-148.227499
-70.999656	150.434682	-148.526814
-71.146673	150.281767	-148.834360
-71.297624	150.124758	-149.150139
-71.452510	149.963657	-149.474150
-71.611332	149.798463	-149.806393
-71.774088	149.629177	-150.146867
-71.940780	149.455797	-150.495574
-72.111407	149.278325	-150.852512
-72.285968	149.096761	-151.217683
-72.464465	148.911104	-151.591085
-72.646897	148.721354	-151.972720
-72.833264	148.527511	-152.362586
-73.023566	148.329576	-152.760684
-73.217804	148.127548	-153.167014
-73.305794	148.036028	-153.351085
-73.397720	147.940416	-153.543386
-73.493581	147.840710	-153.743920
-73.593377	147.736913	-153.952686
-73.697108	147.629022	-154.169684
-73.804774	147.517039	-154.394914
-73.916375	147.400963	-154.628376
-74.031911	147.280795	-154.870069
-74.151382	147.156533	-155.119995
-74.274789	147.028179	-155.378153
-74.402130	146.895733	-155.644542
-74.533407	146.759194	-155.919164
-74.668619	146.618562	-156.202017
-74.807765	146.473837	-156.493103
-74.950847	146.325020	-156.792420
-75.097864	146.172110	-157.099970
-75.248816	146.015107	-157.415751
-75.403703	145.854012	-157.739764
-75.562525	145.688824	-158.072009
-75.725283	145.519543	-158.412486
-75.891975	145.346170	-158.761196
-76.062603	145.168704	-159.118137
-76.237165	144.987145	-159.483310
-76.415663	144.801493	-159.856715
-76.598095	144.611749	-160.238352
-76.784463	144.417913	-160.628220
-76.974766	144.219983	-161.026321
-77.169004	144.017961	-161.432654
-77.256995	143.926444	-161.616725
-77.348921	143.830834	-161.809028
-77.444782	143.731131	-162.009563
-77.544578	143.627336	-162.218330
-77.648310	143.519448	-162.435329
-77.755976	143.407468	-162.660560
-77.867578	143.291395	-162.894023
-77.983114	143.171229	-163.135718
-78.102586	143.046970	-163.385645
-78.225993	142.918619	-163.643804
-78.353335	142.786175	-163.910194
-78.484611	142.649638	-164.184817
-78.619824	142.509009	-164.467672
-78.758971	142.364287	-164.758758
-78.902053	142.215472	-165.058077
-79.049070	142.062565	-165.365627
-79.200022	141.905565	-165.681410
-79.354910	141.744472	-166.005424
-79.513732	141.579287	-166.337671
-79.676490	141.410009	-166.678149
-79.843183	141.236638	-167.026859
-80.013811	141.059175	-167.383801
-80.188374	140.877619	-167.748976
-80.366872	140.691970	-168.122382
-80.549305	140.502228	-168.504020
-80.735673	140.308394	-168.893890
-80.925976	140.110468	-169.291992
-81.120214	139.908448	-169.698326
-81.208206	139.816932	-169.882397
-81.300132	139.721323	-170.074701
-81.395993	139.621622	-170.275237
-81.495789	139.517828	-170.484004
-81.599521	139.409941	-170.701004
-81.707187	139.297962	-170.926235
-81.818789	139.181890	-171.159699
-81.934326	139.061725	-171.401394
-82.053798	138.937468	-171.651321
-82.177205	138.809118	-171.909481
-82.304547	138.676675	-172.175872
-82.435824	138.540140	-172.450495
-82.571036	138.399512	-172.733350
-82.710183	138.254791	-173.024437
-82.853266	138.105977	-173.323756
-83.000283	137.953071	-173.631307
-83.151236	137.796072	-173.947090
-83.306123	137.634981	-174.271105
-83.464946	137.469797	-174.603352
-83.627704	137.300520	-174.943831
-83.794397	137.127150	-175.292542
-83.965025	136.949688	-175.649484
-84.139588	136.768133	-176.014659
-84.318086	136.582486	-176.388066
-84.500519	136.392746	-176.769704
-84.686887	136.198913	-177.159575
-84.877191	136.000987	-177.557677
-85.071429	135.798969	-177.964012
-85.159421	135.707454	-178.148084
-85.251347	135.611845	-178.340388
-85.347208	135.512145	-178.540924
-85.447005	135.408351	-178.749691
-85.550736	135.300465	-178.966691
-85.658403	135.188486	-179.191923
-85.770005	135.072415	-179.425386
-85.885541	134.952251	-179.667082
-86.005013	134.827994	-179.917010
-86.128420	134.699644	-180.175169
-86.255762	134.567202	-180.441561
-86.387040	134.430667	-180.716184
-86.522252	134.290040	-180.999039
-86.661399	134.145319	-181.290127
-86.804482	133.996507	-181.589446
-86.951499	133.843601	-181.896997
-87.102452	133.686603	-182.212781
-87.257340	133.525512	-182.536796
-87.416162	133.360328	-182.869043
-87.578920	133.191052	-183.209522
-87.745613	133.017683	-183.558233
-87.916241	132.840221	-183.915176
-88.090804	132.658667	-184.280351
-88.269303	132.473020	-184.653758
-88.451736	132.283280	-185.035397
-88.638104	132.089448	-185.425267
-88.828408	131.891523	-185.823370
-89.022646	131.689505	-186.229705
-89.110638	131.597990	-186.413777
-89.202564	131.502382	-186.606081
-89.298425	131.402682	-186.806617
-89.398222	131.298889	-187.015385
-89.501954	131.191003	-187.232385
-89.609620	131.079024	-187.457616
-89.721222	130.962953	-187.691080
-89.836759	130.842789	-187.932776
-89.956231	130.718532	-188.182704
-90.079638	130.590183	-188.440863
-90.206980	130.457741	-188.707255
-90.338257	130.321207	-188.981878
-90.473469	130.180579	-189.264734
-90.612617	130.035859	-189.555821
-90.755699	129.887047	-189.855141
-90.902717	129.734141	-190.162692
-91.053670	129.577143	-190.478475
-91.208557	129.416053	-190.802491
-91.367380	129.250869	-191.134738
-91.530138	129.081593	-191.475217
-91.696831	128.908225	-191.823928
-91.867459	128.730763	-192.180871
-92.042022	128.549209	-192.546046
-92.220521	128.363563	-192.919453
-92.402954	128.173823	-193.301092
-92.589322	127.979991	-193.690963
-92.779626	127.782066	-194.089066
-92.973865	127.580049	-194.495401
-93.061856	127.488534	-194.679473
-93.153782	127.392926	-194.871777
-93.249644	127.293226	-195.072313
-93.349440	127.189433	-195.281081
-93.453172	127.081547	-195.498081
-93.560838	126.969568	-195.723313
-93.672440	126.853497	-195.956776
-93.787977	126.733333	-196.198472
-93.907449	126.609077	-196.448400
-94.030856	126.480728	-196.706560
-94.158198	126.348286	-196.972951
-94.289475	126.211751	-197.247575
-94.424688	126.071124	-197.530430
-94.563835	125.926404	-197.821518
-94.706918	125.777592	-198.120837
-94.853935	125.624687	-198.428389
-95.004888	125.467689	-198.744172
-95.159776	125.306598	-199.068187
-95.318599	125.141415	-199.400435
-95.481357	124.972139	-199.740914
-95.648050	124.798771	-200.089625
-95.818678	124.621309	-200.446568
-95.993241	124.439755	-200.811743
-96.171739	124.254109	-201.185150
-96.354173	124.064369	-201.566789
-96.540541	123.870538	-201.956660
-96.730845	123.672613	-202.354763
-96.925083	123.470596	-202.761098
-97.013075	123.379081	-202.945170
-97.105001	123.283473	-203.137474
-97.200862	123.183773	-203.338010
-97.300659	123.079979	-203.546778
-97.404390	122.972094	-203.763778
-97.512057	122.860115	-203.989010
-97.623659	122.744044	-204.222474
-97.739196	122.623881	-204.464170
-97.858668	122.499624	-204.714097
-97.982075	122.371275	-204.972257
-98.109417	122.238833	-205.238649
-98.240694	122.102299	-205.513272
-98.375907	121.961672	-205.796128
-98.515054	121.816952	-206.087215
-98.658136	121.668139	-206.386535
-98.805154	121.515234	-206.694086
-98.956107	121.358236	-207.009870
-99.110994	121.197146	-207.333885
-99.269817	121.031963	-207.666132
-99.432575	120.862687	-208.006612
-99.599268	120.689318	-208.355323
-99.769896	120.511857	-208.712266
-99.944460	120.330303	-209.077441
-100.122958	120.144657	-209.450848
-100.305391	119.954918	-209.832487
-100.491760	119.761086	-210.222358
-100.682063	119.563161	-210.620461
-100.876302	119.361144	-211.026796
-100.964293	119.269629	-211.210868
-101.056220	119.174021	-211.403172
-101.152081	119.074321	-211.603708
-101.251878	118.970528	-211.812476
-101.355609	118.862642	-212.029476
-101.463276	118.750664	-212.254708
-101.574878	118.634593	-212.488172
-101.690415	118.514429	-212.729868
-101.809887	118.390173	-212.979795
-101.933294	118.261823	-213.237955
-102.060636	118.129382	-213.504347
-102.191913	117.992847	-213.778970
-102.327125	117.852220	-214.061826
-102.466273	117.707500	-214.352914
-102.609355	117.558688	-214.652233
-102.756373	117.405783	-214.959784
-102.907326	117.248785	-215.275568
-103.062213	117.087695	-215.599583
-103.221036	116.922511	-215.931830
-103.383794	116.753236	-216.272310
-103.550487	116.579867	-216.621021
-103.721115	116.402406	-216.977964
-103.895679	116.220852	-217.343139
-104.074177	116.035206	-217.716546
-104.256610	115.845466	-218.098185
-104.442979	115.651634	-218.488056
-104.633282	115.453710	-218.886159
-104.827521	115.251693	-219.292494
-104.915512	115.160178	-219.476566
-105.007439	115.064570	-219.668870
-105.103300	114.964870	-219.869406
-105.203097	114.861077	-220.078174
-105.306828	114.753191	-220.295174
-105.414495	114.641213	-220.520406
-105.526097	114.525142	-220.753870
-105.641634	114.404978	-220.995566
-105.761106	114.280721	-221.245494
-105.884513	114.152372	-221.503653
-106.011855	114.019931	-221.770045
-106.143132	113.883396	-222.044669
-106.278344	113.742769	-222.327524
-106.417492	113.598049	-222.618612
-106.560574	113.449237	-222.917931
-106.707592	113.296332	-223.225483
-106.858545	113.139334	-223.541266
-107.013432	112.978244	-223.865282
-107.172255	112.813060	-224.197529
-107.335013	112.643785	-224.538008
-107.501706	112.470416	-224.886719
-107.672334	112.292955	-225.243662
-107.846898	112.111401	-225.608838
-108.025396	111.925755	-225.982245
-108.207829	111.736016	-226.363884
-108.394198	111.542184	-226.753755
-108.584501	111.344259	-227.151858
-108.778740	111.142242	-227.558193
-108.866731	111.050727	-227.742265
-108.958658	110.955119	-227.934569
-109.054519	110.855419	-228.135105
-109.154316	110.751626	-228.343873
-109.258047	110.643740	-228.560873
-109.365714	110.531762	-228.786105
-109.477316	110.415691	-229.019569
-109.592853	110.295527	-229.261264
-109.712325	110.171271	-229.511192
-109.835732	110.042922	-229.769352
-109.963074	109.910480	-230.035743
-110.094351	109.773946	-230.310367
-110.229563	109.633318	-230.593223
-110.368711	109.488599	-230.884310
-110.511793	109.339786	-231.183630
-110.658811	109.186881	-231.491181
-110.809764	109.029883	-231.806965
-110.964651	108.868793	-232.130980
-111.123474	108.703610	-232.463227
-111.286232	108.534334	-232.803706
-111.452925	108.360966	-233.152418
-111.623553	108.183504	-233.509361
-111.798117	108.001951	-233.874536
-111.976615	107.816304	-234.247943
-112.159048	107.626565	-234.629582
-112.345417	107.432733	-235.019453
-112.535720	107.234808	-235.417556
-112.729959	107.032791	-235.823891
-112.817950	106.941276	-236.007963
-112.909877	106.845669	-236.200267
-113.005738	106.745968	-236.400803
-113.105535	106.642175	-236.609571
-113.209266	106.534290	-236.826571
-113.316933	106.422311	-237.051803
-113.428535	106.306240	-237.285267
-113.544072	106.186076	-237.526963
-113.663544	106.061820	-237.776891
-113.786951	105.933471	-238.035050
-113.914293	105.801029	-238.301442
-114.045570	105.664495	-238.576066
-114.180782	105.523868	-238.858921
-114.319930	105.379148	-239.150009
-114.463012	105.230336	-239.449328
-114.610030	105.077431	-239.756880
-114.760983	104.920433	-240.072663
-114.915870	104.759342	-240.396678
-115.074693	104.594159	-240.728926
-115.237451	104.424883	-241.069405
-115.404144	104.251515	-241.418116
-115.574772	104.074054	-241.775059
-115.749336	103.892500	-242.140234
-115.927834	103.706853	-242.513642
-116.110267	103.517114	-242.895281
-116.296636	103.323282	-243.285152
-116.486939	103.125358	-243.683255
-116.681178	102.923341	-244.089589
-116.769169	102.831826	-244.273662
-116.861096	102.736218	-244.465966
-116.956957	102.636518	-244.666502
-117.056754	102.532725	-244.875270
-117.160485	102.424839	-245.092270
-117.268152	102.312861	-245.317502
-117.379754	102.196790	-245.550965
-117.495291	102.076626	-245.792661
-117.614763	101.952370	-246.042589
-117.738170	101.824020	-246.300749
-117.865512	101.691579	-246.567140
-117.996789	101.555044	-246.841764
-118.132002	101.414417	-247.124620
-118.271149	101.269697	-247.415707
-118.414231	101.120885	-247.715027
-118.561249	100.967980	-248.022578
-118.712202	100.810982	-248.338361
-118.867090	100.649892	-248.662377
-119.025912	100.484709	-248.994624
-119.188670	100.315433	-249.335103
-119.355363	100.142064	-249.683815
-119.525992	99.964603	-250.040758
-119.700555	99.783049	-250.405933
-119.879053	99.597403	-250.779340
-120.061486	99.407664	-251.160979
-120.247855	99.213832	-251.550850
-120.438159	99.015907	-251.948953
-120.632397	98.813890	-252.355288
-120.720388	98.722375	-252.539360
-120.812315	98.626767	-252.731664
-120.908176	98.527067	-252.932200
-121.007973	98.423274	-253.140968
-121.111704	98.315388	-253.357968
-121.219371	98.203410	-253.583200
-121.330973	98.087339	-253.816664
-121.446510	97.967175	-254.058360
-121.565982	97.842919	-254.308287
-121.689389	97.714570	-254.566447
-121.816731	97.582128	-254.832839
-121.948008	97.445594	-255.107462
-122.083221	97.304967	-255.390318
-122.222368	97.160247	-255.681406
-122.365450	97.011435	-255.980725
-122.512468	96.858529	-256.288277
-122.663421	96.701532	-256.604060
-122.818309	96.540441	-256.928075
-122.977131	96.375258	-257.260323
-123.139889	96.205982	-257.600802
-123.306582	96.032614	-257.949513
-123.477211	95.855153	-258.306456
-123.651774	95.673599	-258.671631
-123.830272	95.487952	-259.045039
-124.012705	95.298213	-259.426678
-124.199074	95.104381	-259.816549
-124.389378	94.906457	-260.214652
-124.583616	94.704440	-260.620986
-124.671607	94.612925	-260.805059
-124.763534	94.517317	-260.997363
-124.859395	94.417617	-261.197899
-124.959192	94.313824	-261.406667
-125.062923	94.205938	-261.623667
-125.170590	94.093960	-261.848898
-125.282192	93.977889	-262.082362
-125.397729	93.857725	-262.324058
-125.517201	93.733468	-262.573986
-125.640608	93.605119	-262.832146
-125.767950	93.472678	-263.098537
-125.899227	93.336143	-263.373161
-126.034440	93.195516	-263.656016
-126.173587	93.050796	-263.947104
-126.316670	92.901984	-264.246424
-126.463687	92.749079	-264.553975
-126.614640	92.592081	-264.869758
-126.769528	92.430991	-265.193774
-126.928350	92.265808	-265.526021
-127.091108	92.096532	-265.866500
-127.257801	91.923163	-266.215212
-127.428430	91.745702	-266.572155
-127.602993	91.564148	-266.937330
-127.781491	91.378502	-267.310737
-127.963925	91.188763	-267.692376
-128.150293	90.994931	-268.082247
-128.340597	90.797006	-268.480350
-128.534835	90.594989	-268.886685
-128.622827	90.503474	-269.070757
-128.714753	90.407866	-269.263061
-128.810614	90.308166	-269.463597
-128.910411	90.204373	-269.672365
-129.014142	90.096487	-269.889365
-129.121809	89.984509	-270.114597
-129.233411	89.868438	-270.348061
-129.348948	89.748274	-270.589757
-129.468420	89.624018	-270.839684
-129.591827	89.495669	-271.097844
-129.719169	89.363227	-271.364236
-129.850446	89.226693	-271.638859
-129.985659	89.086066	-271.921715
-130.124806	88.941346	-272.212803
-130.267889	88.792533	-272.512122
-130.414906	88.639628	-272.819673
-130.565859	88.482631	-273.135457
-130.720747	88.321540	-273.459472
-130.879570	88.156357	-273.791720
-131.042327	87.987081	-274.132199
-131.209021	87.813713	-274.480910
-131.379649	87.636252	-274.837853
-131.554212	87.454698	-275.203028
-131.732710	87.269051	-275.576435
-131.915144	87.079312	-275.958074
-132.101512	86.885480	-276.347946
-132.291816	86.687556	-276.746048
-132.486054	86.485539	-277.152383
-132.574046	86.394024	-277.336455
-132.665972	86.298416	-277.528760
-132.761833	86.198716	-277.729296
-132.861630	86.094923	-277.938064
-132.965362	85.987037	-278.155064
-133.073028	85.875058	-278.380295
-133.184630	85.758987	-278.613759
-133.300167	85.638824	-278.855455
-133.419639	85.514567	-279.105383
-133.543046	85.386218	-279.363543
-133.670388	85.253777	-279.629934
-133.801665	85.117242	-279.904558
-133.936878	84.976615	-280.187413
-134.076025	84.831895	-280.478501
-134.219108	84.683083	-280.777820
-134.366125	84.530178	-281.085372
-134.517078	84.373180	-281.401155
-134.671966	84.212090	-281.725171
-134.830789	84.046906	-282.057418
-134.993547	83.877631	-282.397897
-135.160240	83.704262	-282.746609
-135.330868	83.526801	-283.103552
-135.505431	83.345247	-283.468727
-135.683929	83.159601	-283.842134
-135.866363	82.969862	-284.223773
-136.052731	82.776030	-284.613644
-136.243035	82.578105	-285.011747
-136.437273	82.376088	-285.418082
-136.525265	82.284573	-285.602154
-136.617191	82.188965	-285.794458
-136.713052	82.089265	-285.994994
-136.812849	81.985472	-286.203762
-136.916581	81.877586	-286.420762
-137.024247	81.765608	-286.645994
-137.135849	81.649537	-286.879458
-137.251386	81.529373	-287.121154
-137.370858	81.405117	-287.371081
-137.494265	81.276768	-287.629241
-137.621607	81.144326	-287.895633
-137.752884	81.007792	-288.170256
-137.888097	80.867165	-288.453112
-138.027244	80.722445	-288.744199
-138.170327	80.573632	-289.043519
-138.317344	80.420727	-289.351070
-138.468297	80.263730	-289.666854
-138.623185	80.102639	-289.990869
-138.782008	79.937456	-290.323116
-138.944766	79.768180	-290.663596
-139.111459	79.594812	-291.012307
-139.282087	79.417350	-291.369250
-139.456650	79.235797	-291.734425
-139.635148	79.050150	-292.107832
-139.817582	78.860411	-292.489471
-140.003950	78.666579	-292.879342
-140.194254	78.468655	-293.277445
-140.388492	78.266637	-293.683780
-140.476484	78.175122	-293.867852
-140.568410	78.079515	-294.060157
-140.664271	77.979814	-294.260693
-140.764068	77.876021	-294.469461
-140.867800	77.768136	-294.686460
-140.975466	77.656157	-294.911692
-141.087068	77.540086	-295.145156
-141.202605	77.419923	-295.386852
-141.322077	77.295666	-295.636780
-141.445484	77.167317	-295.894940
-141.572826	77.034876	-296.161331
-141.704103	76.898341	-296.435955
-141.839316	76.757714	-296.718810
-141.978463	76.612994	-297.009898
-142.121546	76.464182	-297.309217
-142.268563	76.311277	-297.616769
-142.419516	76.154279	-297.932552
-142.574404	75.993189	-298.256568
-142.733227	75.828005	-298.588815
-142.895985	75.658730	-298.929294
-143.062678	75.485361	-299.278005
-143.233306	75.307900	-299.634949
-143.407869	75.126346	-300.000124
-143.586367	74.940700	-300.373531
-143.768801	74.750960	-300.755170
-143.955169	74.557129	-301.145041
-144.145473	74.359204	-301.543144
-144.339711	74.157187	-301.949479
-144.427703	74.065672	-302.133551
-144.519629	73.970064	-302.325855
-144.615491	73.870364	-302.526391
-144.715287	73.766571	-302.735159
-144.819019	73.658685	-302.952159
-144.926685	73.546707	-303.177391
-145.038287	73.430636	-303.410855
-145.153824	73.310472	-303.652551
-145.273296	73.186216	-303.902478
-145.396703	73.057867	-304.160638
-145.524045	72.925425	-304.427030
-145.655323	72.788891	-304.701653
-145.790535	72.648263	-304.984509
-145.929682	72.503544	-305.275596
-146.072765	72.354731	-305.574916
