-27.206533	203.205762	-41.130148
-27.239347	203.074294	-41.132905
-27.277194	202.938718	-41.143264
-27.320080	202.799035	-41.161222
-27.368008	202.655248	-41.186777
-27.420984	202.507359	-41.219928
-27.479011	202.355369	-41.260673
-27.542094	202.199281	-41.309009
-27.610238	202.039097	-41.364936
-27.683447	201.874818	-41.428452
-27.761725	201.706448	-41.499553
-27.845077	201.533988	-41.578240
-27.933508	201.357440	-41.664510
-28.027022	201.176807	-41.758360
-28.125622	200.992090	-41.859790
-28.229314	200.803291	-41.968798
-28.338102	200.610413	-42.085382
-28.451989	200.413458	-42.209539
-28.570981	200.212428	-42.341269
-28.695081	200.007324	-42.480569
-28.824294	199.798150	-42.627438
-28.958624	199.584906	-42.781875
-29.098074	199.367596	-42.943876
-29.242650	199.146221	-43.113442
-29.392355	198.920783	-43.290570
-29.547193	198.691284	-43.475258
-29.707169	198.457727	-43.667505
-29.872286	198.220114	-43.867309
-30.042548	197.978446	-44.074669
-30.217959	197.732726	-44.289584
-30.398523	197.482956	-44.512051
-30.584244	197.229138	-44.742069
-30.775126	196.971274	-44.979637
-30.971172	196.709366	-45.224753
-31.172387	196.443417	-45.477416
-31.378773	196.173428	-45.737624
-31.590335	195.899402	-46.005376
-31.807077	195.621341	-46.280671
-32.029001	195.339247	-46.563508
-32.256112	195.053121	-46.853884
-32.488413	194.762967	-47.151799
-32.725907	194.468786	-47.457252
-32.968599	194.170581	-47.770241
-33.078254	194.036890	-47.912025
-33.193110	193.899179	-48.061343
-33.313170	193.757446	-48.218195
-33.438435	193.611694	-48.382581
-33.568906	193.461924	-48.554500
-33.704585	193.308136	-48.733952
-33.845473	193.150332	-48.920935
-33.991572	192.988512	-49.115450
-34.142882	192.822677	-49.317497
-34.299406	192.652829	-49.527073
-34.461145	192.478968	-49.744180
-34.628101	192.301095	-49.968817
-34.800274	192.119211	-50.200983
-34.977666	191.933318	-50.440677
-35.160279	191.743416	-50.687900
-35.348113	191.549505	-50.942651
-35.541171	191.351588	-51.204929
-35.739453	191.149665	-51.474734
-35.942961	190.943737	-51.752066
-36.151696	190.733805	-52.036925
-36.365660	190.519870	-52.329309
-36.584853	190.301933	-52.629219
-36.809278	190.079995	-52.936654
-37.038934	189.854057	-53.251613
-37.273825	189.624120	-53.574097
-37.513950	189.390185	-53.904105
-37.759311	189.152253	-54.241637
-38.009910	188.910325	-54.586693
-38.124268	188.800398	-54.744294
-38.243866	188.686476	-54.909419
-38.368703	188.568561	-55.082066
-38.498780	188.446651	-55.262236
-38.634098	188.320748	-55.449929
-38.774657	188.190853	-55.645144
-38.920458	188.056965	-55.847881
-39.071501	187.919085	-56.058141
-39.227786	187.777213	-56.275922
-39.389315	187.631351	-56.501226
-39.556088	187.481498	-56.734051
-39.728105	187.327655	-56.974399
-39.905367	187.169822	-57.222267
-40.087874	187.008000	-57.477658
-40.275627	186.842189	-57.740569
-40.468626	186.672390	-58.011002
-40.666872	186.498602	-58.288956
-40.870365	186.320828	-58.574431
-41.079106	186.139066	-58.867428
-41.293095	185.953318	-59.167945
-41.512333	185.763584	-59.475982
-41.736821	185.569865	-59.791541
-41.966558	185.372160	-60.114620
-42.201545	185.170471	-60.445220
-42.441782	184.964797	-60.783340
-42.687271	184.755140	-61.128980
-42.938011	184.541499	-61.482141
-43.194004	184.323876	-61.842822
-43.310157	184.225346	-62.006530
-43.431563	184.122835	-62.177758
-43.558222	184.016341	-62.356506
-43.690134	183.905866	-62.542775
-43.827299	183.791409	-62.736563
-43.969718	183.672971	-62.937871
-44.117390	183.550552	-63.146700
-44.270316	183.424152	-63.363048
-44.428497	183.293771	-63.586916
-44.591931	183.159410	-63.818304
-44.760620	183.021068	-64.057213
-44.934563	182.878747	-64.303640
-45.113761	182.732445	-64.557588
-45.298214	182.582164	-64.819056
-45.487922	182.427904	-65.088043
-45.682886	182.269664	-65.364551
-45.883105	182.107445	-65.648578
-46.088580	181.941248	-65.940124
-46.299310	181.771071	-66.239191
-46.515297	181.596917	-66.545777
-46.736540	181.418784	-66.859883
-46.963039	181.236674	-67.181508
-47.194795	181.050585	-67.510654
-47.431808	180.860520	-67.847319
-47.674078	180.666476	-68.191503
-47.921605	180.468456	-68.543208
-48.174389	180.266459	-68.902432
-48.432431	180.060485	-69.269175
-48.549371	179.967239	-69.435398
-48.671569	179.870017	-69.609141
-48.799025	179.768818	-69.790403
-48.931739	179.663643	-69.979185
-49.069711	179.554492	-70.175487
-49.212940	179.441365	-70.379308
-49.361428	179.324263	-70.590649
-49.515174	179.203184	-70.809510
-49.674179	179.078130	-71.035890
-49.838441	178.949100	-71.269790
-50.007962	178.816095	-71.511209
-50.182742	178.679114	-71.760148
-50.362780	178.538158	-72.016607
-50.548077	178.393227	-72.280585
-50.738632	178.244321	-72.552083
-50.934447	178.091440	-72.831100
-51.135520	177.934584	-73.117637
-51.341852	177.773753	-73.411694
-51.553443	177.608947	-73.713270
-51.770293	177.440167	-74.022366
-51.992402	177.267413	-74.338982
-52.219770	177.090684	-74.663117
-52.452398	176.909980	-74.994772
-52.690285	176.725303	-75.333946
-52.933432	176.536651	-75.680640
-53.181837	176.344025	-76.034854
-53.435503	176.147426	-76.396588
-53.694428	175.946852	-76.765841
-53.811736	175.856026	-76.933142
-53.934303	175.761226	-77.107962
-54.062130	175.662453	-77.290302
-54.195217	175.559706	-77.480162
-54.333563	175.452985	-77.677541
-54.477170	175.342291	-77.882440
-54.626036	175.227623	-78.094859
-54.780162	175.108982	-78.314797
-54.939548	174.986368	-78.542256
-55.104195	174.859781	-78.777233
-55.274101	174.729220	-79.019731
-55.449267	174.594686	-79.269748
-55.629693	174.456179	-79.527285
-55.815379	174.313698	-79.792342
-56.006325	174.167245	-80.064918
-56.202532	174.016819	-80.345014
-56.403998	173.862419	-80.632630
-56.610725	173.704047	-80.927765
-56.822712	173.541702	-81.230421
-57.039959	173.375384	-81.540596
-57.262467	173.205093	-81.858290
-57.490234	173.030829	-82.183505
-57.723263	172.852593	-82.516239
-57.961551	172.670384	-82.856493
-58.205100	172.484202	-83.204267
-58.453909	172.294048	-83.559560
-58.707979	172.099922	-83.922373
-58.967309	171.901823	-84.292706
-59.084791	171.812100	-84.460479
-59.207534	171.718404	-84.635772
-59.335538	171.620736	-84.818584
-59.468802	171.519096	-85.008916
-59.607326	171.413484	-85.206768
-59.751111	171.303899	-85.412139
-59.900157	171.190342	-85.625030
-60.054463	171.072813	-85.845442
-60.214030	170.951311	-86.073373
-60.378858	170.825837	-86.308823
-60.548946	170.696391	-86.551794
-60.724294	170.562973	-86.802284
-60.904904	170.425582	-87.060294
-61.090773	170.284220	-87.325824
-61.281904	170.138885	-87.598874
-61.478295	169.989578	-87.879444
-61.679947	169.836299	-88.167533
-61.886860	169.679048	-88.463143
-62.099033	169.517825	-88.766272
-62.316467	169.352630	-89.076921
-62.539162	169.183463	-89.395089
-62.767118	169.010324	-89.720778
-63.000334	168.833212	-90.053987
-63.238811	168.652129	-90.394715
-63.482549	168.467075	-90.742963
-63.731547	168.278048	-91.098731
-63.985807	168.085049	-91.462019
-64.245327	167.888078	-91.832827
-64.362893	167.798858	-92.000808
-64.485720	167.705665	-92.176310
-64.613807	167.608501	-92.359332
-64.747155	167.507364	-92.549873
-64.885765	167.402256	-92.747935
-65.029635	167.293177	-92.953516
-65.178766	167.180125	-93.166617
-65.333157	167.063102	-93.387238
-65.492810	166.942107	-93.615379
-65.657724	166.817140	-93.851039
-65.827898	166.688201	-94.094220
-66.003333	166.555291	-94.344920
-66.184029	166.418409	-94.603141
-66.369986	166.277555	-94.868881
-66.561204	166.132730	-95.142141
-66.757683	165.983933	-95.422921
-66.959423	165.831164	-95.711221
-67.166423	165.674423	-96.007041
-67.378685	165.513711	-96.310381
-67.596207	165.349027	-96.621240
-67.818990	165.180372	-96.939620
-68.047035	165.007745	-97.265519
-68.280340	164.831146	-97.598938
-68.518906	164.650576	-97.939877
-68.762733	164.466034	-98.288336
-69.011821	164.277521	-98.644315
-69.266170	164.085036	-99.007814
-69.525780	163.888579	-99.378833
-69.643385	163.799587	-99.546908
-69.766252	163.706623	-99.722504
-69.894379	163.609688	-99.905619
-70.027768	163.508781	-100.096254
-70.166417	163.403902	-100.294409
-70.310327	163.295052	-100.500084
-70.459499	163.182231	-100.713278
-70.613931	163.065438	-100.933993
-70.773624	162.944673	-101.162228
-70.938579	162.819937	-101.397982
-71.108794	162.691229	-101.641257
-71.284270	162.558550	-101.892051
-71.465007	162.421900	-102.150366
-71.651005	162.281278	-102.416200
-71.842265	162.136684	-102.689554
-72.038785	161.988119	-102.970428
-72.240566	161.835582	-103.258822
-72.447608	161.679074	-103.554736
-72.659911	161.518595	-103.858170
-72.877475	161.354144	-104.169124
-73.100300	161.185721	-104.487597
-73.328386	161.013327	-104.813591
-73.561733	160.836962	-105.147105
-73.800342	160.656625	-105.488138
-74.044211	160.472317	-105.836692
-74.293341	160.284037	-106.192765
-74.547732	160.091786	-106.556358
-74.807384	159.895563	-106.927472
-74.925008	159.806675	-107.095589
-75.047894	159.713815	-107.271226
-75.176040	159.616984	-107.454383
-75.309447	159.516181	-107.645060
-75.448116	159.411407	-107.843257
-75.592045	159.302662	-108.048974
-75.741236	159.189945	-108.262211
-75.895687	159.073257	-108.482968
-76.055399	158.952597	-108.711244
-76.220373	158.827966	-108.947041
-76.390607	158.699364	-109.190358
-76.566103	158.566790	-109.441194
-76.746859	158.430245	-109.699551
-76.932877	158.289728	-109.965427
-77.124155	158.145240	-110.238824
-77.320695	157.996780	-110.519740
-77.522496	157.844349	-110.808176
-77.729557	157.687947	-111.104133
-77.941880	157.527573	-111.407609
-78.159464	157.363228	-111.718605
-78.382309	157.194912	-112.037121
-78.610414	157.022624	-112.363157
-78.843781	156.846365	-112.696713
-79.082409	156.666134	-113.037789
-79.326298	156.481932	-113.386385
-79.575448	156.293759	-113.742501
-79.829859	156.101614	-114.106137
-80.089531	155.905498	-114.477292
-80.207164	155.816657	-114.645428
-80.330058	155.723845	-114.821084
-80.458213	155.627061	-115.004260
-80.591630	155.526306	-115.194956
-80.730307	155.421580	-115.393172
-80.874245	155.312882	-115.598908
-81.023444	155.200213	-115.812164
-81.177905	155.083572	-116.032940
-81.337626	154.962960	-116.261235
-81.502609	154.838377	-116.497051
-81.672852	154.709823	-116.740387
-81.848357	154.577297	-116.991242
-82.029122	154.440799	-117.249618
-82.215149	154.300331	-117.515513
-82.406437	154.155891	-117.788928
-82.602986	154.007479	-118.069864
-82.804795	153.855097	-118.358319
-83.011866	153.698742	-118.654295
-83.224198	153.538417	-118.957790
-83.441791	153.374120	-119.268805
-83.664645	153.205852	-119.587340
-83.892760	153.033613	-119.913395
-84.126136	152.857402	-120.246970
-84.364773	152.677220	-120.588065
-84.608671	152.493066	-120.936680
-84.857831	152.304941	-121.292815
-85.112251	152.112845	-121.656470
-85.371932	151.916778	-122.027645
-85.489569	151.827958	-122.195790
-85.612468	151.735167	-122.371454
-85.740627	151.638405	-122.554639
-85.874047	151.537672	-122.745343
-86.012729	151.432967	-122.943568
-86.156671	151.324291	-123.149312
-86.305875	151.211644	-123.362576
-86.460339	151.095025	-123.583361
-86.620065	150.974435	-123.811665
-86.785052	150.849873	-124.047489
-86.955300	150.721340	-124.290833
-87.130808	150.588836	-124.541697
-87.311578	150.452361	-124.800082
-87.497609	150.311914	-125.065986
-87.688901	150.167496	-125.339410
-87.885454	150.019107	-125.620354
-88.087268	149.866746	-125.908818
-88.294343	149.710414	-126.204801
-88.506679	149.550110	-126.508305
-88.724277	149.385835	-126.819329
-88.947135	149.217589	-127.137873
-89.175254	149.045372	-127.463937
-89.408635	148.869183	-127.797520
-89.647276	148.689023	-128.138624
-89.891179	148.504891	-128.487248
-90.140342	148.316789	-128.843391
-90.394767	148.124715	-129.207055
-90.654452	147.928669	-129.578239
-90.772092	147.839860	-129.746387
-90.894992	147.747079	-129.922055
-91.023153	147.650326	-130.105244
-91.156575	147.549603	-130.295952
-91.295259	147.444908	-130.494180
-91.439203	147.336242	-130.699928
-91.588409	147.223604	-130.913197
-91.742875	147.106995	-131.133985
-91.902603	146.986415	-131.362293
-92.067592	146.861864	-131.598121
-92.237841	146.733341	-131.841469
-92.413352	146.600847	-132.092337
-92.594124	146.464381	-132.350725
-92.780157	146.323944	-132.616633
-92.971451	146.179536	-132.890061
-93.168006	146.031157	-133.171009
-93.369822	145.878806	-133.459476
-93.576899	145.722484	-133.755464
-93.789237	145.562190	-134.058972
-94.006836	145.397926	-134.370000
-94.229697	145.229690	-134.688547
-94.457818	145.057482	-135.014615
-94.691200	144.881303	-135.348203
-94.929844	144.701153	-135.689310
-95.173748	144.517032	-136.037938
-95.422914	144.328939	-136.394085
-95.677341	144.136875	-136.757753
-95.937028	143.940840	-137.128940
-96.054668	143.852035	-137.297091
-96.177569	143.759259	-137.472761
-96.305732	143.662511	-137.655951
-96.439155	143.561792	-137.846661
-96.577839	143.457101	-138.044891
-96.721784	143.348440	-138.250641
-96.870991	143.235807	-138.463911
-97.025458	143.119202	-138.684701
-97.185187	142.998627	-138.913010
-97.350176	142.874080	-139.148840
-97.520427	142.745561	-139.392190
-97.695939	142.613072	-139.643060
-97.876712	142.476611	-139.901450
-98.062745	142.336179	-140.167359
-98.254040	142.191775	-140.440789
-98.450596	142.043400	-140.721739
-98.652413	141.891054	-141.010208
-98.859491	141.734736	-141.306198
-99.071830	141.574447	-141.609707
-99.289430	141.410187	-141.920737
-99.512292	141.241956	-142.239286
-99.740414	141.069753	-142.565356
-99.973797	140.893579	-142.898945
-100.212442	140.713433	-143.240054
-100.456347	140.529317	-143.588684
-100.705514	140.341228	-143.944833
-100.959941	140.149169	-144.308502
-101.219630	139.953138	-144.679691
-101.337270	139.864335	-144.847842
-101.460172	139.771561	-145.023513
-101.588334	139.674815	-145.206704
-101.721758	139.574098	-145.397415
-101.860443	139.469410	-145.595646
-102.004389	139.360750	-145.801397
-102.153595	139.248119	-146.014667
-102.308063	139.131517	-146.235458
-102.467792	139.010943	-146.463769
-102.632782	138.886398	-146.699599
-102.803033	138.757882	-146.942950
-102.978545	138.625395	-147.193820
-103.159319	138.488936	-147.452211
-103.345353	138.348506	-147.718121
-103.536648	138.204104	-147.991552
-103.733205	138.055731	-148.272502
-103.935022	137.903387	-148.560973
-104.142100	137.747072	-148.856963
-104.354440	137.586785	-149.160473
-104.572041	137.422527	-149.471504
-104.794902	137.254297	-149.790054
-105.023025	137.082097	-150.116124
-105.256409	136.905925	-150.449714
-105.495054	136.725781	-150.790825
-105.738959	136.541667	-151.139455
-105.988126	136.353581	-151.495605
-106.242554	136.161523	-151.859275
-106.502243	135.965495	-152.230465
-106.619884	135.876693	-152.398616
-106.742786	135.783919	-152.574287
-106.870949	135.687174	-152.757479
-107.004372	135.586458	-152.948190
-107.143057	135.481771	-153.146421
-107.287003	135.373112	-153.352172
-107.436210	135.260482	-153.565443
-107.590679	135.143881	-153.786234
-107.750408	135.023308	-154.014545
-107.915398	134.898764	-154.250376
-108.085649	134.770249	-154.493727
-108.261161	134.637762	-154.744598
-108.441935	134.501305	-155.002989
-108.627969	134.360875	-155.268900
-108.819265	134.216475	-155.542331
-109.015821	134.068103	-155.823282
-109.217639	133.915760	-156.111752
-109.424718	133.759445	-156.407743
-109.637057	133.599159	-156.711254
-109.854658	133.434902	-157.022284
-110.077520	133.266674	-157.340835
-110.305643	133.094474	-157.666906
-110.539027	132.918303	-158.000496
-110.777672	132.738161	-158.341607
-111.021578	132.554047	-158.690237
-111.270745	132.365962	-159.046388
-111.525173	132.173905	-159.410058
-111.784863	131.977878	-159.781248
-111.902503	131.889076	-159.949400
-112.025405	131.796303	-160.125071
-112.153568	131.699559	-160.308263
-112.286992	131.598843	-160.498974
-112.425677	131.494156	-160.697205
-112.569623	131.385498	-160.902957
-112.718830	131.272868	-161.116228
-112.873298	131.156267	-161.337019
-113.033028	131.035695	-161.565330
-113.198018	130.911152	-161.801161
-113.368269	130.782637	-162.044513
-113.543782	130.650151	-162.295384
-113.724555	130.513693	-162.553775
-113.910590	130.373264	-162.819686
-114.101885	130.228864	-163.093117
-114.298442	130.080493	-163.374068
-114.500260	129.928150	-163.662539
-114.707338	129.771836	-163.958530
-114.919678	129.611551	-164.262040
-115.137279	129.447294	-164.573071
-115.360141	129.279066	-164.891622
-115.588264	129.106867	-165.217693
-115.821648	128.930696	-165.551283
-116.060293	128.750554	-165.892394
-116.304199	128.566441	-166.241025
-116.553367	128.378356	-166.597175
-116.807795	128.186300	-166.960846
-117.067484	127.990273	-167.332037
-117.185125	127.901471	-167.500188
-117.308027	127.808699	-167.675860
-117.436190	127.711955	-167.859051
-117.569614	127.611239	-168.049763
-117.708299	127.506552	-168.247994
-117.852245	127.397894	-168.453745
-118.001452	127.285265	-168.667017
-118.155921	127.168664	-168.887808
-118.315650	127.048092	-169.116119
-118.480640	126.923549	-169.351950
-118.650892	126.795034	-169.595302
-118.826404	126.662548	-169.846173
-119.007178	126.526091	-170.104564
-119.193212	126.385662	-170.370475
-119.384508	126.241262	-170.643906
-119.581064	126.092891	-170.924857
-119.782882	125.940549	-171.213328
-119.989961	125.784235	-171.509319
-120.202301	125.623950	-171.812830
-120.419902	125.459693	-172.123861
-120.642764	125.291465	-172.442412
-120.870887	125.119266	-172.768483
-121.104271	124.943096	-173.102073
-121.342916	124.762954	-173.443184
-121.586822	124.578841	-173.791815
-121.835990	124.390756	-174.147966
-122.090418	124.198701	-174.511636
-122.350107	124.002674	-174.882827
-122.467748	123.913872	-175.050978
-122.590650	123.821100	-175.226650
-122.718813	123.724356	-175.409841
-122.852237	123.623640	-175.600553
-122.990922	123.518954	-175.798784
-123.134868	123.410296	-176.004536
-123.284075	123.297666	-176.217807
-123.438544	123.181066	-176.438598
-123.598273	123.060494	-176.666910
-123.763263	122.935950	-176.902741
-123.933515	122.807436	-177.146092
-124.109027	122.674950	-177.396963
-124.289801	122.538493	-177.655355
-124.475835	122.398064	-177.921266
-124.667131	122.253665	-178.194697
-124.863688	122.105293	-178.475648
-125.065505	121.952951	-178.764119
-125.272584	121.796637	-179.060110
-125.484924	121.636352	-179.363621
-125.702525	121.472096	-179.674652
-125.925387	121.303868	-179.993203
-126.153510	121.131669	-180.319274
-126.386894	120.955499	-180.652864
-126.625540	120.775357	-180.993975
-126.869446	120.591244	-181.342606
-127.118613	120.403160	-181.698757
-127.373041	120.211104	-182.062427
-127.632731	120.015077	-182.433618
-127.750372	119.926276	-182.601770
-127.873274	119.833503	-182.777441
-128.001437	119.736759	-182.960633
-128.134861	119.636044	-183.151344
-128.273546	119.531357	-183.349576
-128.417492	119.422699	-183.555327
-128.566699	119.310070	-183.768598
-128.721167	119.193469	-183.989390
-128.880897	119.072897	-184.217701
-129.045887	118.948354	-184.453532
-129.216138	118.819840	-184.696884
-129.391651	118.687354	-184.947755
-129.572424	118.550897	-185.206146
-129.758459	118.410468	-185.472057
-129.949755	118.266068	-185.745488
-130.146311	118.117697	-186.026439
-130.348129	117.965355	-186.314910
-130.555208	117.809041	-186.610901
-130.767548	117.648756	-186.914412
-130.985149	117.484500	-187.225443
-131.208011	117.316272	-187.543994
-131.436134	117.144073	-187.870065
-131.669518	116.967903	-188.203656
-131.908163	116.787761	-188.544767
-132.152070	116.603648	-188.893398
-132.401237	116.415564	-189.249548
-132.655665	116.223508	-189.613219
-132.915355	116.027482	-189.984410
-133.032995	115.938680	-190.152561
-133.155897	115.845908	-190.328233
-133.284060	115.749164	-190.511424
-133.417484	115.648448	-190.702136
-133.556169	115.543762	-190.900367
-133.700116	115.435104	-191.106119
-133.849323	115.322474	-191.319390
-134.003791	115.205874	-191.540182
-134.163520	115.085302	-191.768493
-134.328511	114.960759	-192.004324
-134.498762	114.832244	-192.247675
-134.674275	114.699759	-192.498547
-134.855048	114.563301	-192.756938
-135.041083	114.422873	-193.022849
-135.232378	114.278473	-193.296280
-135.428935	114.130102	-193.577231
-135.630753	113.977760	-193.865702
-135.837832	113.821446	-194.161693
-136.050172	113.661161	-194.465204
-136.267773	113.496905	-194.776235
-136.490635	113.328677	-195.094786
-136.718758	113.156478	-195.420857
-136.952142	112.980308	-195.754448
-137.190787	112.800166	-196.095559
-137.434693	112.616053	-196.444190
-137.683861	112.427969	-196.800340
-137.938289	112.235913	-197.164011
-138.197979	112.039887	-197.535202
-138.315619	111.951085	-197.703353
-138.438521	111.858313	-197.879025
-138.566684	111.761569	-198.062216
-138.700108	111.660853	-198.252928
-138.838793	111.556167	-198.451159
-138.982739	111.447509	-198.656911
-139.131947	111.334880	-198.870182
-139.286415	111.218279	-199.090973
-139.446144	111.097707	-199.319285
-139.611135	110.973164	-199.555116
-139.781386	110.844649	-199.798467
-139.956899	110.712164	-200.049339
-140.137672	110.575707	-200.307730
-140.323707	110.435278	-200.573641
-140.515002	110.290878	-200.847072
-140.711559	110.142507	-201.128023
-140.913377	109.990165	-201.416494
-141.120456	109.833851	-201.712485
-141.332796	109.673566	-202.015996
-141.550397	109.509310	-202.327027
-141.773259	109.341082	-202.645578
-142.001382	109.168883	-202.971649
-142.234766	108.992713	-203.305240
-142.473411	108.812571	-203.646351
-142.717317	108.628458	-203.994981
-142.966485	108.440374	-204.351132
-143.220913	108.248319	-204.714803
-143.480602	108.052292	-205.085994
-143.598243	107.963490	-205.254145
-143.721145	107.870718	-205.429817
-143.849308	107.773974	-205.613008
-143.982732	107.673259	-205.803720
-144.121417	107.568572	-206.001951
-144.265363	107.459914	-206.207703
-144.414571	107.347285	-206.420974
-144.569039	107.230684	-206.641765
-144.728768	107.110112	-206.870077
-144.893759	106.985569	-207.105908
-145.064010	106.857055	-207.349259
-145.239523	106.724569	-207.600131
-145.420296	106.588112	-207.858522
-145.606331	106.447683	-208.124433
-145.797626	106.303284	-208.397864
-145.994183	106.154913	-208.678815
-146.196001	106.002570	-208.967286
-146.403080	105.846257	-209.263277
-146.615420	105.685972	-209.566788
-146.833021	105.521715	-209.877819
-147.055883	105.353488	-210.196370
-147.284006	105.181289	-210.522441
-147.517390	105.005118	-210.856032
-147.756035	104.824977	-211.197143
-147.999941	104.640864	-211.545773
-148.249109	104.452780	-211.901924
-148.503537	104.260724	-212.265595
-148.763226	104.064697	-212.636786
-148.880867	103.975896	-212.804937
-149.003769	103.883123	-212.980609
-149.131932	103.786379	-213.163800
-149.265356	103.685664	-213.354512
-149.404041	103.580977	-213.552743
-149.547987	103.472319	-213.758495
-149.697195	103.359690	-213.971766
-149.851663	103.243090	-214.192557
-150.011392	103.122518	-214.420869
-150.176383	102.997975	-214.656700
-150.346634	102.869460	-214.900051
-150.522147	102.736974	-215.150923
-150.702920	102.600517	-215.409314
-150.888955	102.460089	-215.675225
-151.080250	102.315689	-215.948656
-151.276807	102.167318	-216.229607
-151.478625	102.014976	-216.518078
-151.685704	101.858662	-216.814069
-151.898044	101.698377	-217.117580
-152.115645	101.534121	-217.428611
-152.338507	101.365893	-217.747162
-152.566630	101.193694	-218.073233
-152.800014	101.017524	-218.406824
-153.038659	100.837382	-218.747935
-153.282565	100.653269	-219.096565
-153.531733	100.465185	-219.452716
-153.786161	100.273129	-219.816387
-154.045850	100.077103	-220.187578
-154.163491	99.988301	-220.355729
-154.286393	99.895529	-220.531401
-154.414556	99.798785	-220.714592
-154.547980	99.698069	-220.905304
-154.686665	99.593383	-221.103535
-154.830611	99.484725	-221.309287
-154.979819	99.372096	-221.522558
-155.134287	99.255495	-221.743349
-155.294016	99.134923	-221.971661
-155.459007	99.010380	-222.207492
-155.629258	98.881866	-222.450843
-155.804771	98.749380	-222.701715
-155.985544	98.612923	-222.960106
-156.171579	98.472494	-223.226017
-156.362874	98.328095	-223.499448
-156.559431	98.179723	-223.780399
-156.761249	98.027381	-224.068870
-156.968328	97.871067	-224.364861
-157.180668	97.710782	-224.668372
-157.398269	97.546526	-224.979403
-157.621131	97.378298	-225.297954
-157.849254	97.206099	-225.624025
-158.082638	97.029929	-225.957616
-158.321283	96.849788	-226.298727
-158.565189	96.665675	-226.647358
-158.814357	96.477590	-227.003508
-159.068785	96.285535	-227.367179
-159.328474	96.089508	-227.738370
-159.446115	96.000707	-227.906521
-159.569017	95.907934	-228.082193
-159.697180	95.811190	-228.265384
-159.830604	95.710475	-228.456096
-159.969289	95.605788	-228.654327
-160.113235	95.497130	-228.860079
-160.262443	95.384501	-229.073350
-160.416911	95.267901	-229.294142
-160.576640	95.147329	-229.522453
-160.741631	95.022786	-229.758284
-160.911882	94.894271	-230.001635
-161.087395	94.761785	-230.252507
-161.268168	94.625328	-230.510898
-161.454203	94.484900	-230.776809
-161.645498	94.340500	-231.050240
-161.842055	94.192129	-231.331191
-162.043873	94.039787	-231.619662
-162.250952	93.883473	-231.915653
-162.463292	93.723188	-232.219164
-162.680893	93.558932	-232.530195
-162.903755	93.390704	-232.848746
-163.131878	93.218505	-233.174817
-163.365262	93.042335	-233.508408
-163.603907	92.862193	-233.849519
-163.847813	92.678080	-234.198150
-164.096981	92.489996	-234.554300
-164.351409	92.297940	-234.917971
-164.611098	92.101914	-235.289162
-164.728739	92.013112	-235.457313
-164.851641	91.920340	-235.632985
-164.979804	91.823596	-235.816176
-165.113228	91.722880	-236.006888
-165.251913	91.618194	-236.205119
-165.395859	91.509536	-236.410871
-165.545067	91.396907	-236.624142
-165.699535	91.280306	-236.844934
-165.859264	91.159734	-237.073245
-166.024255	91.035191	-237.309076
-166.194506	90.906677	-237.552427
-166.370019	90.774191	-237.803299
-166.550792	90.637734	-238.061690
-166.736827	90.497305	-238.327601
-166.928122	90.352905	-238.601032
-167.124679	90.204534	-238.881983
-167.326497	90.052192	-239.170454
-167.533576	89.895878	-239.466445
-167.745916	89.735593	-239.769956
-167.963517	89.571337	-240.080987
-168.186379	89.403109	-240.399538
-168.414502	89.230910	-240.725609
-168.647886	89.054740	-241.059200
-168.886531	88.874599	-241.400311
-169.130437	88.690486	-241.748942
-169.379605	88.502401	-242.105092
-169.634033	88.310346	-242.468763
-169.893722	88.114319	-242.839954
-170.011363	88.025518	-243.008105
-170.134265	87.932745	-243.183777
-170.262428	87.836001	-243.366968
-170.395852	87.735286	-243.557680
-170.534537	87.630599	-243.755911
-170.678483	87.521941	-243.961663
-170.827691	87.409312	-244.174934
-170.982159	87.292712	-244.395726
-171.141888	87.172140	-244.624037
-171.306879	87.047597	-244.859868
-171.477130	86.919082	-245.103219
-171.652643	86.786596	-245.354091
-171.833416	86.650139	-245.612482
-172.019451	86.509711	-245.878393
-172.210746	86.365311	-246.151824
-172.407303	86.216940	-246.432775
-172.609121	86.064597	-246.721246
-172.816200	85.908284	-247.017237
-173.028540	85.747999	-247.320748
-173.246141	85.583742	-247.631779
-173.469003	85.415515	-247.950330
-173.697126	85.243316	-248.276401
-173.930510	85.067146	-248.609992
-174.169155	84.887004	-248.951103
-174.413061	84.702891	-249.299734
-174.662229	84.514807	-249.655884
-174.916657	84.322751	-250.019555
-175.176346	84.126724	-250.390746
-175.293987	84.037923	-250.558897
-175.416889	83.945150	-250.734569
-175.545052	83.848407	-250.917761
-175.678476	83.747691	-251.108472
-175.817161	83.643005	-251.306703
-175.961107	83.534347	-251.512455
-176.110315	83.421718	-251.725726
-176.264783	83.305117	-251.946518
-176.424512	83.184545	-252.174829
-176.589503	83.060002	-252.410660
-176.759754	82.931487	-252.654012
-176.935266	82.799002	-252.904883
-177.116040	82.662545	-253.163274
-177.302075	82.522116	-253.429185
-177.493370	82.377716	-253.702616
-177.689927	82.229345	-253.983567
-177.891745	82.077003	-254.272038
-178.098824	81.920689	-254.568029
-178.311164	81.760404	-254.871540
-178.528765	81.596148	-255.182571
-178.751627	81.427920	-255.501122
-178.979750	81.255721	-255.827193
-179.213134	81.079551	-256.160784
-179.451779	80.899409	-256.501895
-179.695685	80.715297	-256.850526
-179.944853	80.527212	-257.206676
-180.199281	80.335157	-257.570347
-180.458970	80.139130	-257.941538
-180.576611	80.050329	-258.109690
-180.699513	79.957556	-258.285361
-180.827676	79.860812	-258.468553
-180.961100	79.760097	-258.659264
-181.099785	79.655410	-258.857496
-181.243731	79.546752	-259.063247
-181.392939	79.434123	-259.276518
-181.547407	79.317522	-259.497310
-181.707136	79.196951	-259.725621
-181.872127	79.072407	-259.961452
-182.042378	78.943893	-260.204804
-182.217890	78.811407	-260.455675
-182.398664	78.674950	-260.714066
-182.584699	78.534522	-260.979977
-182.775994	78.390122	-261.253408
-182.972551	78.241751	-261.534359
-183.174369	78.089408	-261.822830
-183.381448	77.933095	-262.118821
-183.593788	77.772810	-262.422332
-183.811389	77.608553	-262.733363
-184.034251	77.440326	-263.051914
-184.262374	77.268127	-263.377985
-184.495758	77.091956	-263.711576
-184.734403	76.911815	-264.052687
-184.978309	76.727702	-264.401318
-185.227477	76.539618	-264.757469
-185.481905	76.347562	-265.121139
-185.741594	76.151535	-265.492330
-185.859235	76.062734	-265.660482
-185.982137	75.969961	-265.836153
-186.110300	75.873217	-266.019345
-186.243724	75.772502	-266.210056
-186.382409	75.667816	-266.408288
-186.526355	75.559158	-266.614039
-186.675563	75.446528	-266.827310
-186.830031	75.329928	-267.048102
-186.989760	75.209356	-267.276413
-187.154751	75.084813	-267.512244
-187.325002	74.956298	-267.755596
-187.500514	74.823813	-268.006467
-187.681288	74.687356	-268.264858
-187.867323	74.546927	-268.530769
-188.058618	74.402527	-268.804200
-188.255175	74.254156	-269.085151
-188.456993	74.101814	-269.373622
-188.664072	73.945500	-269.669614
-188.876412	73.785215	-269.973125
-189.094013	73.620959	-270.284155
-189.316875	73.452731	-270.602706
-189.544998	73.280532	-270.928777
-189.778382	73.104362	-271.262368
-190.017027	72.924220	-271.603479
-190.260933	72.740107	-271.952110
-190.510101	72.552023	-272.308261
-190.764529	72.359968	-272.671931
-191.024218	72.163941	-273.043122
-191.141859	72.075140	-273.211274
-191.264761	71.982367	-273.386945
-191.392924	71.885623	-273.570137
-191.526348	71.784908	-273.760848
-191.665033	71.680221	-273.959080
-191.808979	71.571563	-274.164831
-191.958187	71.458934	-274.378102
-192.112655	71.342333	-274.598894
-192.272384	71.221762	-274.827205
-192.437375	71.097218	-275.063036
-192.607626	70.968704	-275.306388
-192.783138	70.836218	-275.557259
-192.963912	70.699761	-275.815650
-193.149947	70.559333	-276.081561
-193.341242	70.414933	-276.354992
-193.537799	70.266562	-276.635943
-193.739617	70.114219	-276.924415
