43.890301	209.427944	-42.744823
43.908161	209.276923	-42.760108
43.932488	209.121597	-42.781690
43.963281	208.961967	-42.809570
44.000542	208.798036	-42.843749
44.044272	208.629807	-42.884226
44.094472	208.457282	-42.931003
44.151143	208.280463	-42.984079
44.214286	208.099353	-43.043457
44.283901	207.913954	-43.109136
44.359991	207.724268	-43.181117
44.442554	207.530297	-43.259400
44.531594	207.332045	-43.343987
44.627110	207.129513	-43.434878
44.729104	206.922704	-43.532073
44.837576	206.711619	-43.635573
44.952528	206.496263	-43.745379
45.073960	206.276636	-43.861491
45.201873	206.052741	-43.983911
45.336269	205.824581	-44.112638
45.477148	205.592158	-44.247673
45.624511	205.355475	-44.389017
45.778359	205.114533	-44.536671
45.938693	204.869335	-44.690635
46.105515	204.619884	-44.850909
46.278824	204.366182	-45.017495
46.458622	204.108231	-45.190394
46.644910	203.846033	-45.369604
46.837689	203.579592	-45.555129
47.036960	203.308910	-45.746967
47.242724	203.033988	-45.945120
47.454981	202.754830	-46.149588
47.673733	202.471437	-46.360372
47.898980	202.183813	-46.577473
48.130724	201.891959	-46.800891
48.368965	201.595879	-47.030627
48.613705	201.295574	-47.266682
48.864944	200.991046	-47.509056
49.122684	200.682300	-47.757750
49.386924	200.369336	-48.012764
49.657667	200.052157	-48.274100
49.781212	199.908941	-48.393372
49.911260	199.761514	-48.518966
50.047812	199.609876	-48.650883
50.190869	199.454030	-48.789122
50.340430	199.293976	-48.933685
50.496497	199.129715	-49.084571
50.659069	198.961249	-49.241781
50.828147	198.788578	-49.405315
51.003732	198.611704	-49.575173
51.185823	198.430627	-49.751356
51.374422	198.245349	-49.933864
51.569529	198.055872	-50.122697
51.771144	197.862195	-50.317856
51.979268	197.664320	-50.519340
52.193900	197.462249	-50.727151
52.415042	197.255982	-50.941289
52.642694	197.045521	-51.161753
52.876856	196.830867	-51.388544
53.117529	196.612020	-51.621663
53.364712	196.388982	-51.861109
53.618408	196.161754	-52.106883
53.878615	195.930337	-52.358986
54.145335	195.694733	-52.617418
54.418567	195.454942	-52.882178
54.698313	195.210966	-53.153268
54.984572	194.962805	-53.430688
55.277346	194.710461	-53.714437
55.576634	194.453935	-54.004517
55.882437	194.193228	-54.300927
56.019566	194.076925	-54.433852
56.163211	193.956442	-54.573108
56.313372	193.831780	-54.718695
56.470048	193.702941	-54.870613
56.633241	193.569923	-55.028863
56.802950	193.432729	-55.193444
56.979175	193.291358	-55.364357
57.161917	193.145810	-55.541603
57.351176	192.996087	-55.725180
57.546952	192.842189	-55.915089
57.749245	192.684116	-56.111331
57.958055	192.521869	-56.313906
58.173383	192.355449	-56.522813
58.395229	192.184855	-56.738052
58.623592	192.010089	-56.959625
58.858474	191.831151	-57.187531
59.099874	191.648041	-57.421770
59.347792	191.460761	-57.662343
59.602229	191.269309	-57.909249
59.863185	191.073688	-58.162489
60.130660	190.873898	-58.422062
60.404654	190.669938	-58.687970
60.685168	190.461810	-58.960212
60.972201	190.249514	-59.238788
61.265754	190.033050	-59.523698
61.565827	189.812420	-59.814943
61.872421	189.587624	-60.112523
62.185534	189.358661	-60.416438
62.327694	189.254976	-60.554424
62.476374	189.147126	-60.698745
62.631575	189.035111	-60.849401
62.793296	188.918931	-61.006392
62.961539	188.798588	-61.169719
63.136302	188.674079	-61.339381
63.317587	188.545408	-61.515378
63.505393	188.412572	-61.697711
63.699720	188.275573	-61.886380
63.900568	188.134411	-62.081384
64.107938	187.989086	-62.282724
64.321829	187.839599	-62.490400
64.542241	187.685948	-62.704411
64.769176	187.528136	-62.924759
65.002632	187.366162	-63.151443
65.242610	187.200026	-63.384462
65.489109	187.029728	-63.623818
65.742131	186.855270	-63.869510
66.001675	186.676650	-64.121539
66.267741	186.493869	-64.379904
66.540329	186.306928	-64.644605
66.819440	186.115827	-64.915643
67.105073	185.920566	-65.193017
67.397228	185.721145	-65.476728
67.695906	185.517564	-65.766775
68.001107	185.309824	-66.063160
68.312830	185.097925	-66.365881
68.631077	184.881867	-66.674939
68.775328	184.784055	-66.815027
68.926101	184.682084	-66.961451
69.083398	184.575955	-67.114212
69.247218	184.465668	-67.273311
69.417561	184.351222	-67.438747
69.594427	184.232619	-67.610519
69.777816	184.109857	-67.788629
69.967729	183.982938	-67.973077
70.164165	183.851861	-68.163861
70.367124	183.716627	-68.360983
70.576606	183.577235	-68.564442
70.792611	183.433685	-68.774239
71.015140	183.285979	-68.990373
71.244193	183.134115	-69.212844
71.479769	182.978094	-69.441653
71.721868	182.817916	-69.676799
71.970491	182.653582	-69.918283
72.225637	182.485091	-70.166104
72.487308	182.312443	-70.420263
72.755501	182.135638	-70.680760
73.030219	181.954678	-70.947594
73.311460	181.769561	-71.220766
73.599225	181.580288	-71.500276
73.893514	181.386859	-71.786123
74.194327	181.189274	-72.078309
74.501663	180.987533	-72.376832
74.815524	180.781637	-72.681693
75.135908	180.571585	-72.992892
75.281069	180.476467	-73.133892
75.432755	180.377195	-73.281229
75.590964	180.273767	-73.434905
75.755697	180.166183	-73.594919
75.926955	180.054445	-73.761270
76.104736	179.938551	-73.933960
76.289042	179.818502	-74.112988
76.479872	179.694298	-74.298354
76.677226	179.565939	-74.490057
76.881104	179.433425	-74.688099
77.091506	179.296756	-74.892479
77.308432	179.155932	-75.103197
77.531883	179.010954	-75.320254
77.761858	178.861820	-75.543648
77.998357	178.708532	-75.773381
78.241381	178.551089	-76.009451
78.490929	178.389491	-76.251860
78.747001	178.223739	-76.500607
79.009597	178.053832	-76.755692
79.278718	177.879771	-77.017116
79.554363	177.701556	-77.284878
79.836533	177.519186	-77.558978
80.125227	177.332661	-77.839416
80.420445	177.141983	-78.126192
80.722188	176.947150	-78.419307
81.030455	176.748163	-78.718760
81.345247	176.545022	-79.024552
81.666563	176.337727	-79.336682
81.812130	176.243839	-79.478087
81.964221	176.145798	-79.625831
82.122837	176.043603	-79.779913
82.287978	175.937254	-79.940334
82.459643	175.826752	-80.107093
82.637833	175.712095	-80.280190
82.822547	175.593284	-80.459626
83.013786	175.470320	-80.645400
83.211549	175.343201	-80.837513
83.415837	175.211929	-81.035964
83.626649	175.076503	-81.240753
83.843986	174.936924	-81.451881
84.067848	174.793190	-81.669348
84.298234	174.645303	-81.893153
84.535145	174.493263	-82.123296
84.778581	174.337068	-82.359778
85.028541	174.176720	-82.602598
85.285026	174.012219	-82.851757
85.548036	173.843564	-83.107254
85.817570	173.670755	-83.369090
86.093629	173.493793	-83.637264
86.376212	173.312677	-83.911777
86.665320	173.127408	-84.192629
86.960953	172.937985	-84.479819
87.263111	172.744409	-84.773347
87.571793	172.546679	-85.073214
87.887000	172.344796	-85.379420
88.208732	172.138760	-85.691964
88.354482	172.045433	-85.833552
88.506757	171.947953	-85.981478
88.665556	171.846320	-86.135743
88.830880	171.740533	-86.296347
89.002729	171.630593	-86.463289
89.181103	171.516500	-86.636569
89.366001	171.398253	-86.816189
89.557424	171.275854	-87.002147
89.755372	171.149301	-87.194443
89.959845	171.018594	-87.393078
90.170842	170.883735	-87.598052
90.388365	170.744722	-87.809364
90.612412	170.601556	-88.027015
90.842983	170.454237	-88.251005
91.080080	170.302765	-88.481333
91.323701	170.147140	-88.718000
91.573848	169.987361	-88.961006
91.830519	169.823429	-89.210350
92.093715	169.655345	-89.466032
92.363435	169.483107	-89.728054
92.639681	169.306716	-89.996414
92.922451	169.126171	-90.271113
93.211746	168.941474	-90.552150
93.507566	168.752624	-90.839526
93.809911	168.559620	-91.133241
94.118781	168.362464	-91.433294
94.434175	168.161154	-91.739686
94.756094	167.955692	-92.052417
94.901927	167.862620	-92.194087
95.054285	167.765396	-92.342096
95.213167	167.664018	-92.496443
95.378575	167.558487	-92.657130
95.550507	167.448804	-92.824155
95.728964	167.334967	-92.997518
95.913946	167.216977	-93.177221
96.105453	167.094835	-93.363262
96.303484	166.968539	-93.555642
96.508041	166.838091	-93.754360
96.719122	166.703489	-93.959417
96.936728	166.564735	-94.170813
97.160859	166.421827	-94.388547
97.391515	166.274767	-94.612621
97.628696	166.123553	-94.843032
97.872402	165.968187	-95.079783
98.122633	165.808668	-95.322872
98.379388	165.644996	-95.572300
98.642668	165.477171	-95.828067
98.912474	165.305193	-96.090172
99.188804	165.129062	-96.358617
99.471659	164.948778	-96.633399
99.761039	164.764341	-96.914521
100.056943	164.575751	-97.201981
100.359373	164.383009	-97.495780
100.668328	164.186114	-97.795918
100.983807	163.985065	-98.102394
101.305811	163.779864	-98.415209
101.451682	163.686909	-98.556917
101.604077	163.589800	-98.704963
101.762998	163.488539	-98.859348
101.928443	163.383125	-99.020072
102.100413	163.273558	-99.187135
102.278908	163.159838	-99.360536
102.463928	163.041966	-99.540276
102.655473	162.919940	-99.726355
102.853542	162.793762	-99.918773
103.058137	162.663431	-100.117529
103.269257	162.528947	-100.322624
103.486901	162.390310	-100.534057
103.711070	162.247520	-100.751830
103.941765	162.100577	-100.975941
104.178984	161.949482	-101.206391
104.422728	161.794234	-101.443179
104.672997	161.634832	-101.686307
104.929791	161.471279	-101.935773
105.193110	161.303572	-102.191578
105.462953	161.131712	-102.453721
105.739322	160.955700	-102.722203
106.022215	160.775535	-102.997024
106.311634	160.591217	-103.278184
106.607577	160.402746	-103.565683
106.910046	160.210122	-103.859520
107.219039	160.013345	-104.159696
107.534557	159.812416	-104.466210
107.856600	159.607334	-104.779064
108.002488	159.514431	-104.920789
108.154900	159.417376	-105.068852
108.313838	159.316168	-105.223254
108.479300	159.210807	-105.383995
108.651288	159.101293	-105.551075
108.829800	158.987627	-105.724493
109.014837	158.869807	-105.904251
109.206399	158.747835	-106.090346
109.404486	158.621710	-106.282781
109.609098	158.491433	-106.481555
109.820235	158.357002	-106.686667
110.037897	158.218419	-106.898118
110.262084	158.075683	-107.115907
110.492795	157.928794	-107.340036
110.730032	157.777752	-107.570503
110.973794	157.622557	-107.807309
111.224080	157.463210	-108.050453
111.480891	157.299710	-108.299937
111.744228	157.132057	-108.555759
112.014089	156.960252	-108.817920
112.290475	156.784293	-109.086419
112.573386	156.604182	-109.361258
112.862822	156.419918	-109.642435
113.158783	156.231501	-109.929951
113.461269	156.038932	-110.223805
113.770280	155.842210	-110.523999
114.085816	155.641335	-110.830531
114.407876	155.436307	-111.143402
114.553772	155.343428	-111.285134
114.706192	155.246397	-111.433205
114.865138	155.145213	-111.587615
115.030608	155.039876	-111.748364
115.202603	154.930387	-111.915451
115.381123	154.816745	-112.088878
115.566168	154.698949	-112.268643
115.757738	154.577002	-112.454746
115.955833	154.450901	-112.647189
116.160453	154.320648	-112.845970
116.371598	154.186242	-113.051090
116.589268	154.047683	-113.262549
116.813463	153.904971	-113.480346
117.044182	153.758107	-113.704483
117.281427	153.607089	-113.934958
117.525196	153.451919	-114.171771
117.775491	153.292597	-114.414924
118.032310	153.129121	-114.664415
118.295654	152.961493	-114.920245
118.565524	152.789712	-115.182414
118.841918	152.613778	-115.450921
119.124837	152.433692	-115.725768
119.414281	152.249452	-116.006953
119.710250	152.061060	-116.294477
120.012744	151.868515	-116.588339
120.321763	151.671818	-116.888540
120.637306	151.470968	-117.195080
120.959375	151.265964	-117.507959
121.105274	151.173097	-117.649695
121.257698	151.076077	-117.797770
121.416647	150.974904	-117.952184
121.582121	150.869578	-118.112936
121.754120	150.760100	-118.280027
121.932644	150.646468	-118.453457
122.117692	150.528684	-118.633225
122.309266	150.406748	-118.819332
122.507365	150.280658	-119.011779
122.711988	150.150416	-119.210563
122.923137	150.016021	-119.415687
123.140810	149.877473	-119.627149
123.365008	149.734773	-119.844950
123.595732	149.587919	-120.069090
123.832980	149.436913	-120.299569
124.076753	149.281755	-120.536386
124.327051	149.122443	-120.779542
124.583874	148.958979	-121.029037
124.847222	148.791362	-121.284871
125.117095	148.619592	-121.547043
125.393493	148.443670	-121.815554
125.676415	148.263594	-122.090404
125.965863	148.079366	-122.371593
126.261836	147.890985	-122.659120
126.564333	147.698452	-122.952986
126.873356	147.501766	-123.253191
127.188903	147.300927	-123.559735
127.510976	147.095935	-123.872617
127.656876	147.003072	-124.014355
127.809302	146.906057	-124.162431
127.968253	146.804889	-124.316846
128.133728	146.699569	-124.477600
128.305729	146.590095	-124.644693
128.484254	146.476469	-124.818124
128.669304	146.358690	-124.997894
128.860880	146.236758	-125.184003
129.058980	146.110674	-125.376451
129.263605	145.980437	-125.575237
129.474755	145.846047	-125.780363
129.692430	145.707504	-125.991827
129.916630	145.564809	-126.209629
130.147355	145.417961	-126.433771
130.384605	145.266960	-126.664251
130.628380	145.111806	-126.901070
130.878679	144.952500	-127.144228
131.135504	144.789040	-127.393724
131.398854	144.621429	-127.649559
131.668728	144.449664	-127.911733
131.945128	144.273747	-128.180246
132.228052	144.093676	-128.455098
132.517502	143.909453	-128.736288
132.813476	143.721078	-129.023817
133.115975	143.528549	-129.317685
133.424999	143.331868	-129.617891
133.740548	143.131034	-129.924437
134.062623	142.926048	-130.237321
134.208524	142.833188	-130.379059
134.360950	142.736175	-130.527136
134.519902	142.635009	-130.681552
134.685378	142.529691	-130.842307
134.857379	142.420220	-131.009400
135.035905	142.306596	-131.182832
135.220956	142.188819	-131.362603
135.412533	142.066890	-131.548713
135.610634	141.940808	-131.741161
135.815259	141.810573	-131.939949
136.026410	141.676185	-132.145074
136.244086	141.537645	-132.356539
136.468287	141.394952	-132.574343
136.699012	141.248106	-132.798485
136.936263	141.097107	-133.028966
137.180039	140.941956	-133.265786
137.430339	140.782652	-133.508944
137.687165	140.619195	-133.758441
137.950515	140.451586	-134.014277
138.220390	140.279823	-134.276452
138.496791	140.103908	-134.544966
138.779716	139.923840	-134.819818
139.069166	139.739620	-135.101009
139.365141	139.551247	-135.388539
139.667641	139.358721	-135.682407
139.976666	139.162042	-135.982615
140.292216	138.961210	-136.289161
140.614291	138.756226	-136.602045
140.760192	138.663367	-136.743784
140.912619	138.566355	-136.891862
141.071571	138.465190	-137.046278
141.237047	138.359873	-137.207033
141.409049	138.250403	-137.374126
141.587576	138.136780	-137.547559
141.772627	138.019005	-137.727330
141.964203	137.897076	-137.913440
142.162305	137.770995	-138.105889
142.366931	137.640762	-138.304676
142.578082	137.506375	-138.509803
142.795758	137.367836	-138.721268
143.019959	137.225144	-138.939072
143.250685	137.078299	-139.163214
143.487936	136.927301	-139.393695
143.731712	136.772151	-139.630515
143.982013	136.612848	-139.873674
144.238839	136.449392	-140.123172
144.502190	136.281784	-140.379008
144.772065	136.110023	-140.641183
145.048466	135.934109	-140.909697
145.331391	135.754042	-141.184550
145.620842	135.569823	-141.465741
145.916817	135.381450	-141.753271
146.219318	135.188925	-142.047140
146.528343	134.992248	-142.347348
146.843893	134.791417	-142.653894
147.165968	134.586434	-142.966780
147.311870	134.493575	-143.108518
147.464297	134.396564	-143.256596
147.623249	134.295400	-143.411012
147.788726	134.190083	-143.571767
147.960728	134.080614	-143.738861
148.139254	133.966991	-143.912294
148.324306	133.849216	-144.092065
148.515882	133.727288	-144.278176
148.713984	133.601208	-144.470624
148.918610	133.470974	-144.669412
149.129762	133.336588	-144.874539
149.347438	133.198050	-145.086004
149.571639	133.055358	-145.303808
149.802365	132.908514	-145.527950
150.039617	132.757517	-145.758432
150.283393	132.602367	-145.995252
150.533694	132.443064	-146.238411
150.790520	132.279609	-146.487909
151.053870	132.112001	-146.743745
151.323746	131.940240	-147.005921
151.600147	131.764327	-147.274435
151.883073	131.584261	-147.549287
152.172523	131.400042	-147.830479
152.468499	131.211670	-148.118009
152.770999	131.019146	-148.411878
153.080025	130.822468	-148.712086
153.395575	130.621638	-149.018633
153.717651	130.416656	-149.331518
153.863553	130.323797	-149.473257
154.015980	130.226786	-149.621335
154.174932	130.125622	-149.775751
154.340408	130.020306	-149.936506
154.512410	129.910836	-150.103600
154.690937	129.797214	-150.277033
154.875989	129.679439	-150.456804
155.067565	129.557512	-150.642915
155.265667	129.431431	-150.835364
155.470293	129.301198	-151.034151
155.681445	129.166812	-151.239278
155.899121	129.028274	-151.450743
156.123322	128.885583	-151.668547
156.354049	128.738739	-151.892690
156.591300	128.587742	-152.123171
156.835076	128.432592	-152.359992
157.085377	128.273290	-152.603151
157.342203	128.109835	-152.852649
157.605554	127.942227	-153.108485
157.875430	127.770467	-153.370660
158.151831	127.594553	-153.639175
158.434757	127.414487	-153.914027
158.724207	127.230268	-154.195219
159.020183	127.041897	-154.482749
159.322684	126.849373	-154.776619
159.631709	126.652696	-155.076826
159.947260	126.451866	-155.383373
160.269335	126.246884	-155.696258
160.415237	126.154025	-155.837997
160.567664	126.057014	-155.986075
160.726616	125.955850	-156.140492
160.892093	125.850534	-156.301247
161.064095	125.741065	-156.468341
161.242621	125.627443	-156.641774
161.427673	125.509668	-156.821545
161.619250	125.387740	-157.007655
161.817351	125.261660	-157.200104
162.021978	125.131427	-157.398892
162.233129	124.997042	-157.604019
162.450806	124.858503	-157.815484
162.675007	124.715812	-158.033288
162.905733	124.568968	-158.257431
163.142985	124.417971	-158.487912
163.386761	124.262822	-158.724733
163.637062	124.103520	-158.967892
163.893888	123.940065	-159.217390
164.157239	123.772457	-159.473226
164.427115	123.600696	-159.735402
164.703516	123.424783	-160.003916
164.986442	123.244717	-160.278769
165.275892	123.060499	-160.559960
165.571868	122.872127	-160.847491
165.874369	122.679603	-161.141360
166.183394	122.482926	-161.441568
166.498945	122.282097	-161.748114
166.821020	122.077114	-162.061000
166.966922	121.984256	-162.202739
167.119349	121.887245	-162.350817
167.278301	121.786081	-162.505233
167.443778	121.680765	-162.665988
167.615780	121.571296	-162.833082
167.794307	121.457674	-163.006515
167.979358	121.339899	-163.186286
168.170935	121.217972	-163.372397
168.369037	121.091891	-163.564846
168.573663	120.961658	-163.763634
168.784815	120.827273	-163.968760
169.002491	120.688734	-164.180225
169.226693	120.546043	-164.398029
169.457419	120.399199	-164.622172
169.694670	120.248203	-164.852654
169.938446	120.093053	-165.089474
170.188747	119.933751	-165.332633
170.445573	119.770296	-165.582131
170.708924	119.602689	-165.837968
170.978800	119.430928	-166.100143
171.255201	119.255015	-166.368657
171.538127	119.074949	-166.643510
171.827578	118.890731	-166.924702
172.123554	118.702359	-167.212232
172.426054	118.509835	-167.506102
172.735080	118.313158	-167.806309
173.050630	118.112329	-168.112856
173.372706	117.907346	-168.425742
173.518608	117.814488	-168.567481
173.671035	117.717477	-168.715558
173.829987	117.616313	-168.869975
173.995464	117.510997	-169.030730
174.167466	117.401528	-169.197824
174.345992	117.287906	-169.371257
174.531044	117.170131	-169.551028
174.722621	117.048204	-169.737139
174.920722	116.922124	-169.929588
175.125349	116.791891	-170.128375
175.336501	116.657505	-170.333502
175.554177	116.518967	-170.544967
175.778378	116.376276	-170.762771
176.009105	116.229432	-170.986914
176.246356	116.078435	-171.217396
176.490132	115.923286	-171.454216
176.740433	115.763984	-171.697375
176.997259	115.600529	-171.946873
177.260610	115.432921	-172.202710
177.530486	115.261161	-172.464885
177.806887	115.085248	-172.733399
178.089813	114.905182	-173.008252
178.379264	114.720963	-173.289444
178.675239	114.532592	-173.576974
178.977740	114.340068	-173.870844
179.286766	114.143391	-174.171051
179.602316	113.942561	-174.477598
179.924392	113.737579	-174.790484
180.070294	113.644721	-174.932223
180.222721	113.547710	-175.080300
180.381673	113.446546	-175.234717
180.547150	113.341230	-175.395472
180.719152	113.231761	-175.562566
180.897678	113.118139	-175.735999
181.082730	113.000364	-175.915770
181.274307	112.878437	-176.101881
181.472408	112.752356	-176.294330
181.677035	112.622124	-176.493117
181.888186	112.487738	-176.698244
182.105863	112.349199	-176.909709
182.330064	112.206508	-177.127513
182.560791	112.059664	-177.351656
182.798042	111.908668	-177.582138
183.041818	111.753518	-177.818958
183.292119	111.594216	-178.062117
183.548945	111.430762	-178.311615
183.812296	111.263154	-178.567452
184.082172	111.091394	-178.829627
184.358573	110.915480	-179.098141
184.641499	110.735415	-179.372994
184.930950	110.551196	-179.654186
185.226925	110.362825	-179.941716
185.529426	110.170301	-180.235586
185.838452	109.973624	-180.535794
186.154002	109.772794	-180.842340
186.476078	109.567812	-181.155226
186.621980	109.474954	-181.296965
186.774407	109.377943	-181.445042
186.933359	109.276779	-181.599459
187.098836	109.171463	-181.760214
187.270838	109.061994	-181.927308
187.449364	108.948372	-182.100741
187.634416	108.830597	-182.280512
187.825993	108.708670	-182.466623
188.024094	108.582589	-182.659072
188.228721	108.452357	-182.857860
188.439872	108.317971	-183.062986
188.657549	108.179433	-183.274451
188.881750	108.036741	-183.492255
189.112477	107.889897	-183.716398
189.349728	107.738901	-183.946880
189.593504	107.583752	-184.183700
189.843805	107.424449	-184.426859
190.100631	107.260995	-184.676357
190.363982	107.093387	-184.932194
190.633858	106.921627	-185.194369
190.910259	106.745714	-185.462883
191.193185	106.565648	-185.737736
191.482636	106.381429	-186.018928
191.778611	106.193058	-186.306458
192.081112	106.000534	-186.600328
192.390138	105.803857	-186.900536
192.705688	105.603027	-187.207082
193.027764	105.398045	-187.519968
193.173666	105.305187	-187.661707
193.326093	105.208176	-187.809784
193.485045	105.107012	-187.964201
193.650522	105.001696	-188.124956
193.822524	104.892227	-188.292050
194.001050	104.778605	-188.465483
194.186102	104.660830	-188.645254
194.377679	104.538903	-188.831365
194.575780	104.412823	-189.023814
194.780407	104.282590	-189.222602
194.991558	104.148204	-189.427728
195.209235	104.009666	-189.639193
195.433436	103.866974	-189.856998
195.664163	103.720131	-190.081140
195.901414	103.569134	-190.311622
196.145190	103.413985	-190.548442
196.395491	103.254683	-190.791601
196.652317	103.091228	-191.041099
196.915668	102.923620	-191.296936
197.185544	102.751860	-191.559111
197.461945	102.575947	-191.827626
197.744871	102.395881	-192.102478
198.034322	102.211662	-192.383670
198.330297	102.023291	-192.671201
198.632798	101.830767	-192.965070
198.941824	101.634090	-193.265278
199.257374	101.433261	-193.571824
199.579450	101.228278	-193.884710
199.725352	101.135420	-194.026449
199.877779	101.038409	-194.174527
200.036731	100.937245	-194.328943
200.202208	100.831929	-194.489698
200.374210	100.722460	-194.656792
200.552736	100.608838	-194.830225
200.737788	100.491063	-195.009997
200.929365	100.369136	-195.196107
201.127466	100.243056	-195.388556
201.332093	100.112823	-195.587344
201.543245	99.978437	-195.792470
201.760921	99.839899	-196.003936
201.985122	99.697208	-196.221740
202.215849	99.550364	-196.445883
202.453100	99.399367	-196.676364
202.696876	99.244218	-196.913184
202.947177	99.084916	-197.156344
203.204003	98.921461	-197.405841
203.467354	98.753853	-197.661678
203.737230	98.582093	-197.923853
204.013631	98.406180	-198.192368
204.296557	98.226114	-198.467221
204.586008	98.041895	-198.748412
204.881984	97.853524	-199.035943
205.184484	97.661000	-199.329812
205.493510	97.464323	-199.630020
205.809060	97.263494	-199.936567
206.131136	97.058511	-200.249452
206.277038	96.965653	-200.391191
206.429465	96.868642	-200.539269
206.588417	96.767479	-200.693685
206.753894	96.662162	-200.854440
206.925896	96.552693	-201.021534
207.104423	96.439071	-201.194967
207.289474	96.321296	-201.374739
207.481051	96.199369	-201.560849
207.679153	96.073289	-201.753298
207.883779	95.943056	-201.952086
208.094931	95.808670	-202.157212
208.312607	95.670132	-202.368678
208.536808	95.527441	-202.586482
208.767535	95.380597	-202.810625
209.004786	95.229600	-203.041106
209.248562	95.074451	-203.277927
209.498863	94.915149	-203.521086
209.755689	94.751694	-203.770584
210.019040	94.584086	-204.026420
210.288916	94.412326	-204.288596
210.565317	94.236413	-204.557110
210.848243	94.056347	-204.831963
211.137694	93.872129	-205.113154
211.433670	93.683757	-205.400685
211.736170	93.491233	-205.694554
212.045196	93.294556	-205.994762
212.360746	93.093727	-206.301309
212.682822	92.888745	-206.614194
212.828724	92.795886	-206.755933
212.981151	92.698875	-206.904011
213.140103	92.597712	-207.058427
213.305580	92.492395	-207.219183
213.477582	92.382926	-207.386277
213.656109	92.269304	-207.559709
213.841160	92.151530	-207.739481
214.032737	92.029602	-207.925591
214.230839	91.903522	-208.118040
214.435465	91.773289	-208.316828
214.646617	91.638903	-208.521955
214.864293	91.500365	-208.733420
215.088494	91.357674	-208.951224
215.319221	91.210830	-209.175367
215.556472	91.059834	-209.405848
215.800248	90.904684	-209.642669
216.050549	90.745382	-209.885828
216.307375	90.581927	-210.135326
216.570727	90.414320	-210.391162
216.840602	90.242559	-210.653338
217.117003	90.066646	-210.921852
217.399929	89.886580	-211.196705
217.689380	89.702362	-211.477896
217.985356	89.513990	-211.765427
218.287856	89.321466	-212.059296
218.596882	89.124790	-212.359504
218.912433	88.923960	-212.666051
219.234508	88.718978	-212.978936
219.380410	88.626120	-213.120675
219.532837	88.529109	-213.268753
219.691789	88.427945	-213.423169
219.857266	88.322629	-213.583925
220.029268	88.213159	-213.751019
220.207795	88.099537	-213.924451
220.392846	87.981763	-214.104223
220.584423	87.859835	-214.290333
220.782525	87.733755	-214.482782
220.987151	87.603522	-214.681570
221.198303	87.469137	-214.886697
221.415979	87.330598	-215.098162
221.640181	87.187907	-215.315966
221.870907	87.041063	-215.540109
222.108158	86.890067	-215.770590
222.351934	86.734917	-216.007411
222.602236	86.575615	-216.250570
222.859062	86.412160	-216.500068
223.122413	86.244553	-216.755904
223.392289	86.072792	-217.018080
223.668689	85.896879	-217.286594
223.951615	85.716814	-217.561447
224.241066	85.532595	-217.842639
224.537042	85.344224	-218.130169
224.839542	85.151700	-218.424038
225.148568	84.955023	-218.724246
225.464119	84.754193	-219.030793
225.786194	84.549211	-219.343678
225.932096	84.456353	-219.485417
226.084523	84.359342	-219.633495
226.243475	84.258178	-219.787911
226.408952	84.152862	-219.948667
226.580954	84.043393	-220.115761
226.759481	83.929771	-220.289194
226.944533	83.811996	-220.468965
227.136109	83.690069	-220.655075
227.334211	83.563988	-220.847524
227.538837	83.433756	-221.046312
227.749989	83.299370	-221.251439
227.967665	83.160832	-221.462904
228.191867	83.018140	-221.680708
228.422593	82.871297	-221.904851
228.659844	82.720300	-222.135333
228.903620	82.565151	-222.372153
229.153922	82.405848	-222.615312
229.410748	82.242394	-222.864810
229.674099	82.074786	-223.120647
229.943975	81.903026	-223.382822
230.220376	81.727113	-223.651336
230.503301	81.547047	-223.926189
230.792752	81.362828	-224.207381
231.088728	81.174457	-224.494911
231.391229	80.981933	-224.788780
231.700254	80.785256	-225.088988
232.015805	80.584426	-225.395535
232.337880	80.379444	-225.708420
232.483782	80.286586	-225.850159
232.636209	80.189575	-225.998237
232.795161	80.088411	-226.152654
232.960638	79.983095	-226.313409
233.132640	79.873626	-226.480503
233.311167	79.760004	-226.653936
233.496219	79.642229	-226.833707
233.687795	79.520302	-227.019817
233.885897	79.394222	-227.212266
234.090524	79.263989	-227.411054
234.301675	79.129603	-227.616181
234.519351	78.991065	-227.827646
234.743553	78.848374	-228.045450
234.974279	78.701530	-228.269593
235.211530	78.550533	-228.500075
235.455307	78.395384	-228.736895
235.705608	78.236082	-228.980054
235.962434	78.072627	-229.229552
236.225785	77.905019	-229.485389
236.495661	77.733259	-229.747564
236.772062	77.557346	-230.016078
237.054988	77.377280	-230.290931
237.344438	77.193061	-230.572123
237.640414	77.004690	-230.859653
237.942915	76.812166	-231.153522
238.251940	76.615489	-231.453730
238.567491	76.414660	-231.760277
238.889566	76.209677	-232.073163
239.035468	76.116819	-232.214901
239.187895	76.019808	-232.362979
239.346847	75.918645	-232.517396
239.512324	75.813328	-232.678151
239.684326	75.703859	-232.845245
239.862853	75.590237	-233.018678
240.047905	75.472462	-233.198449
240.239481	75.350535	-233.384559
240.437583	75.224455	-233.577009
240.642210	75.094222	-233.775796
240.853361	74.959836	-233.980923
241.071038	74.821298	-234.192388
241.295239	74.678607	-234.410192
241.525965	74.531763	-234.634335
241.763217	74.380766	-234.864817
242.006993	74.225617	-235.101637
242.257294	74.066315	-235.344796
242.514120	73.902860	-235.594294
242.777471	73.735252	-235.850131
243.047347	73.563492	-236.112306
243.323748	73.387579	-236.380820
243.606674	73.207513	-236.655673
243.896124	73.023295	-236.936865
244.192100	72.834923	-237.224395
244.494601	72.642399	-237.518264
244.803626	72.445722	-237.818472
245.119177	72.244893	-238.125019
245.441252	72.039911	-238.437905
245.587155	71.947052	-238.579644
245.739582	71.850041	-238.727721
245.898534	71.748878	-238.882138
246.064011	71.643561	-239.042893
246.236012	71.534092	-239.209987
246.414539	71.420470	-239.383420
246.599591	71.302696	-239.563191
246.791168	71.180768	-239.749302
246.989269	71.054688	-239.941751
247.193896	70.924455	-240.140538
247.405047	70.790070	-240.345665
247.622724	70.651531	-240.557130
247.846925	70.508840	-240.774934
248.077651	70.361996	-240.999077
248.314903	70.211000	-241.229559
248.558679	70.055850	-241.466379
248.808980	69.896548	-241.709538
249.065806	69.733093	-241.959036
