-16.080147	212.287310	-0.286915
-16.090442	212.185012	-0.315207
-16.109894	212.078698	-0.343677
-16.138503	211.968370	-0.372343
-16.176269	211.854030	-0.401221
-16.223193	211.735678	-0.430325
-16.279274	211.613316	-0.459672
-16.344514	211.486947	-0.489278
-16.418911	211.356571	-0.519158
-16.502468	211.222191	-0.549328
-16.595182	211.083807	-0.579803
-16.697056	210.941421	-0.610597
-16.808088	210.795035	-0.641727
-16.928279	210.644650	-0.673206
-17.057630	210.490268	-0.705049
-17.196140	210.331890	-0.737271
-17.343809	210.169519	-0.769886
-17.500637	210.003155	-0.802907
-17.666625	209.832800	-0.836349
-17.841773	209.658456	-0.870224
-18.026080	209.480123	-0.904546
-18.219547	209.297805	-0.939327
-18.422173	209.111502	-0.974581
-18.633960	208.921216	-1.010319
-18.854905	208.726948	-1.046554
-19.085011	208.528701	-1.083298
-19.324276	208.326475	-1.120561
-19.572702	208.120272	-1.158355
-19.830287	207.910093	-1.196692
-20.097032	207.695942	-1.235581
-20.372937	207.477818	-1.275034
-20.658002	207.255723	-1.315059
-20.952227	207.029660	-1.355668
-21.255612	206.799629	-1.396870
-21.568158	206.565632	-1.438673
-21.889864	206.327671	-1.481088
-22.220730	206.085748	-1.524122
-22.560757	205.839863	-1.567785
-22.909944	205.590019	-1.612084
-23.268293	205.336217	-1.657028
-23.635802	205.078459	-1.702624
-24.012472	204.816746	-1.748881
-24.398304	204.551081	-1.795804
-24.793297	204.281464	-1.843402
-25.197451	204.007897	-1.891681
-25.382202	203.883848	-1.913569
-25.576115	203.755852	-1.936147
-25.779190	203.623910	-1.959420
-25.991427	203.488021	-1.983388
-26.212826	203.348187	-2.008056
-26.443388	203.204409	-2.033426
-26.683111	203.056686	-2.059500
-26.931998	202.905021	-2.086282
-27.190047	202.749413	-2.113773
-27.457258	202.589863	-2.141976
-27.733633	202.426372	-2.170895
-28.019170	202.258942	-2.200530
-28.313871	202.087571	-2.230886
-28.617735	201.912262	-2.261963
-28.930762	201.733015	-2.293764
-29.252953	201.549831	-2.326292
-29.584307	201.362710	-2.359549
-29.924825	201.171653	-2.393537
-30.274507	200.976661	-2.428257
-30.633354	200.777735	-2.463713
-31.001364	200.574875	-2.499906
-31.378539	200.368082	-2.536837
-31.764878	200.157357	-2.574510
-32.160383	199.942701	-2.612925
-32.565052	199.724114	-2.652085
-32.978886	199.501597	-2.691992
-33.401885	199.275151	-2.732646
-33.834050	199.044777	-2.774051
-34.030850	198.940296	-2.792849
-34.236816	198.831888	-2.812400
-34.451948	198.719552	-2.832703
-34.676246	198.603290	-2.853760
-34.909709	198.483102	-2.875572
-35.152339	198.358987	-2.898138
-35.404135	198.230947	-2.921460
-35.665097	198.098982	-2.945539
-35.935225	197.963092	-2.970375
-36.214520	197.823277	-2.995968
-36.502981	197.679538	-3.022319
-36.800609	197.531875	-3.049430
-37.107404	197.380288	-3.077300
-37.423365	197.224778	-3.105931
-37.748493	197.065345	-3.135322
-38.082788	196.901990	-3.165474
-38.426251	196.734712	-3.196389
-38.778880	196.563512	-3.228066
-39.140677	196.388391	-3.260506
-39.511641	196.209349	-3.293710
-39.891773	196.026385	-3.327678
-40.281072	195.839501	-3.362411
-40.679539	195.648697	-3.397909
-41.087174	195.453973	-3.434173
-41.503976	195.255330	-3.471203
-41.929947	195.052767	-3.509000
-42.365085	194.846286	-3.547564
-42.809392	194.635886	-3.586896
-43.010915	194.540644	-3.604716
-43.221606	194.441484	-3.623305
-43.441465	194.338406	-3.642662
-43.670493	194.231410	-3.662788
-43.908690	194.120497	-3.683683
-44.156055	194.005667	-3.705348
-44.412588	193.886919	-3.727781
-44.678291	193.764255	-3.750985
-44.953162	193.637673	-3.774958
-45.237202	193.507175	-3.799701
-45.530410	193.372760	-3.825214
-45.832788	193.234429	-3.851497
-46.144334	193.092182	-3.878551
-46.465050	192.946018	-3.906376
-46.794934	192.795939	-3.934971
-47.133988	192.641944	-3.964337
-47.482211	192.484033	-3.994475
-47.839603	192.322207	-4.025384
-48.206164	192.156465	-4.057065
-48.581894	191.986809	-4.089517
-48.966794	191.813237	-4.122741
-49.360864	191.635750	-4.156737
-49.764102	191.454349	-4.191506
-50.176511	191.269034	-4.227046
-50.598088	191.079804	-4.263359
-51.028836	190.886659	-4.300445
-51.468753	190.689601	-4.338303
-51.917840	190.488629	-4.376935
-52.121347	190.397642	-4.394434
-52.334023	190.302740	-4.412706
-52.555870	190.203926	-4.431752
-52.786886	190.101197	-4.451570
-53.027073	189.994556	-4.472162
-53.276429	189.884001	-4.493528
-53.534955	189.769532	-4.515666
-53.802651	189.651151	-4.538579
-54.079518	189.528856	-4.562264
-54.365554	189.402649	-4.586724
-54.660760	189.272528	-4.611957
-54.965137	189.138494	-4.637964
-55.278683	189.000548	-4.664744
-55.601400	188.858689	-4.692299
-55.933287	188.712917	-4.720627
-56.274344	188.563232	-4.749729
-56.624571	188.409635	-4.779605
-56.983968	188.252126	-4.810256
-57.352536	188.090704	-4.841680
-57.730274	187.925370	-4.873878
-58.117182	187.756123	-4.906851
-58.513261	187.582965	-4.940598
-58.918510	187.405894	-4.975119
-59.332930	187.224911	-5.010415
-59.756520	187.040016	-5.046485
-60.189280	186.851210	-5.083330
-60.631211	186.658491	-5.120949
-61.082312	186.461861	-5.159342
-61.286686	186.372815	-5.176734
-61.500229	186.279858	-5.194900
-61.722943	186.182989	-5.213841
-61.954828	186.082208	-5.233557
-62.195883	185.977516	-5.254047
-62.446109	185.868912	-5.275312
-62.705506	185.756397	-5.297352
-62.974073	185.639970	-5.320166
-63.251811	185.519632	-5.343755
-63.538720	185.395383	-5.368119
-63.834799	185.267222	-5.393258
-64.140049	185.135150	-5.419171
-64.454469	184.999167	-5.445860
-64.778061	184.859272	-5.473323
-65.110823	184.715466	-5.501561
-65.452756	184.567750	-5.530574
-65.803859	184.416122	-5.560362
-66.164133	184.260583	-5.590925
-66.533578	184.101132	-5.622262
-66.912194	183.937771	-5.654375
-67.299981	183.770499	-5.687263
-67.696938	183.599316	-5.720925
-68.103067	183.424222	-5.755363
-68.518366	183.245217	-5.790576
-68.942836	183.062302	-5.826564
-69.376477	182.875475	-5.863326
-69.819288	182.684738	-5.900864
-70.271271	182.490090	-5.939177
-70.476029	182.401927	-5.956533
-70.689959	182.309853	-5.974663
-70.913059	182.213869	-5.993569
-71.145331	182.113974	-6.013250
-71.386773	182.010168	-6.033706
-71.637386	181.902452	-6.054938
-71.897170	181.790825	-6.076944
-72.166126	181.675288	-6.099726
-72.444252	181.555840	-6.123282
-72.731549	181.432481	-6.147614
-73.028017	181.305212	-6.172721
-73.333656	181.174032	-6.198604
-73.648466	181.038942	-6.225261
-73.972447	180.899941	-6.252694
-74.305599	180.757030	-6.280902
-74.647921	180.610208	-6.309885
-74.999415	180.459476	-6.339643
-75.360080	180.304833	-6.370176
-75.729916	180.146280	-6.401485
-76.108923	179.983817	-6.433569
-76.497101	179.817443	-6.466428
-76.894450	179.647159	-6.500063
-77.300970	179.472964	-6.534472
-77.716662	179.294859	-6.569657
-78.141524	179.112843	-6.605617
-78.575557	178.926918	-6.642353
-79.018761	178.737082	-6.679863
-79.471137	178.543336	-6.718149
-79.676069	178.455574	-6.735493
-79.890171	178.363902	-6.753612
-80.113445	178.268319	-6.772506
-80.345891	178.168827	-6.792176
-80.587507	178.065424	-6.812621
-80.838294	177.958111	-6.833841
-81.098253	177.846888	-6.855836
-81.367382	177.731754	-6.878607
-81.645683	177.612711	-6.902153
-81.933154	177.489757	-6.926474
-82.229797	177.362893	-6.951571
-82.535611	177.232118	-6.977443
-82.850596	177.097434	-7.004090
-83.174752	176.958839	-7.031512
-83.508080	176.816334	-7.059710
-83.850578	176.669919	-7.088683
-84.202247	176.519594	-7.118432
-84.563088	176.365359	-7.148956
-84.933100	176.207213	-7.180255
-85.312283	176.045158	-7.212329
-85.700637	175.879192	-7.245179
-86.098162	175.709316	-7.278804
-86.504858	175.535530	-7.313205
-86.920726	175.357834	-7.348381
-87.345764	175.176228	-7.384332
-87.779974	174.990711	-7.421058
-88.223355	174.801285	-7.458560
-88.675907	174.607948	-7.496838
-88.880917	174.520369	-7.514177
-89.095099	174.428879	-7.532292
-89.318451	174.333479	-7.551183
-89.550975	174.234170	-7.570849
-89.792669	174.130950	-7.591290
-90.043535	174.023820	-7.612506
-90.303572	173.912780	-7.634498
-90.572781	173.797830	-7.657265
-90.851160	173.678970	-7.680808
-91.138711	173.556200	-7.705126
-91.435432	173.429520	-7.730219
-91.741325	173.298929	-7.756088
-92.056390	173.164429	-7.782732
-92.380625	173.026019	-7.810151
-92.714031	172.883699	-7.838346
-93.056609	172.737468	-7.867316
-93.408358	172.587328	-7.897061
-93.769278	172.433278	-7.927582
-94.139369	172.275317	-7.958878
-94.518632	172.113447	-7.990950
-94.907065	171.947667	-8.023797
-95.304670	171.777976	-8.057419
-95.711446	171.604376	-8.091817
-96.127393	171.426866	-8.126990
-96.552511	171.245445	-8.162938
-96.986801	171.060115	-8.199662
-97.430262	170.870875	-8.237161
-97.882894	170.677725	-8.275436
-98.087939	170.590228	-8.292774
-98.302156	170.498821	-8.310888
-98.525544	170.403504	-8.329777
-98.758103	170.304277	-8.349442
-98.999833	170.201140	-8.369882
-99.250735	170.094094	-8.391097
-99.510808	169.983137	-8.413088
-99.780052	169.868270	-8.435854
-100.058467	169.749494	-8.459396
-100.346053	169.626807	-8.483713
-100.642811	169.500211	-8.508805
-100.948739	169.369704	-8.534673
-101.263839	169.235288	-8.561316
-101.588111	169.096961	-8.588734
-101.921553	168.954725	-8.616928
-102.264166	168.808578	-8.645897
-102.615951	168.658522	-8.675642
-102.976907	168.504556	-8.706162
-103.347034	168.346680	-8.737457
-103.726333	168.184894	-8.769528
-104.114803	168.019198	-8.802374
-104.512443	167.849591	-8.835995
-104.919255	167.676076	-8.870392
-105.335239	167.498650	-8.905564
-105.760393	167.317314	-8.941512
-106.194719	167.132068	-8.978235
-106.638216	166.942912	-9.015733
-107.090884	166.749847	-9.054007
-107.295946	166.662387	-9.071345
-107.510178	166.571018	-9.089459
-107.733582	166.475739	-9.108348
-107.966158	166.376550	-9.128012
-108.207904	166.273451	-9.148452
-108.458822	166.166442	-9.169667
-108.718911	166.055523	-9.191658
-108.988171	165.940694	-9.214423
-109.266602	165.821956	-9.237965
-109.554205	165.699307	-9.262281
-109.850979	165.572748	-9.287373
-110.156924	165.442280	-9.313241
-110.472040	165.307901	-9.339884
-110.796327	165.169613	-9.367302
-111.129786	165.027415	-9.395495
-111.472416	164.881307	-9.424464
-111.824217	164.731288	-9.454209
-112.185189	164.577360	-9.484728
-112.555333	164.419523	-9.516023
-112.934647	164.257775	-9.548094
-113.323133	164.092117	-9.580940
-113.720791	163.922549	-9.614561
-114.127619	163.749071	-9.648958
-114.543619	163.571684	-9.684130
-114.968790	163.390386	-9.720077
-115.403132	163.205179	-9.756800
-115.846645	163.016062	-9.794298
-116.299330	162.823035	-9.832572
-116.504398	162.735592	-9.849910
-116.718639	162.644240	-9.868023
-116.942050	162.548978	-9.886912
-117.174633	162.449806	-9.906577
-117.416386	162.346725	-9.927016
-117.667311	162.239733	-9.948231
-117.927408	162.128831	-9.970222
-118.196675	162.014020	-9.992988
-118.475114	161.895298	-10.016529
-118.762724	161.772667	-10.040846
-119.059505	161.646125	-10.065938
-119.365457	161.515674	-10.091805
-119.680581	161.381313	-10.118448
-120.004876	161.243042	-10.145866
-120.338342	161.100861	-10.174059
-120.680979	160.954770	-10.203028
-121.032787	160.804770	-10.232773
-121.393767	160.650859	-10.263292
-121.763918	160.493038	-10.294587
-122.143240	160.331308	-10.326658
-122.531734	160.165667	-10.359504
-122.929398	159.996117	-10.393125
-123.336234	159.822657	-10.427522
-123.752241	159.645287	-10.462694
-124.177420	159.464007	-10.498641
-124.611769	159.278817	-10.535364
-125.055290	159.089717	-10.572862
-125.507982	158.896707	-10.611135
-125.713054	158.809273	-10.628474
-125.927298	158.717929	-10.646587
-126.150712	158.622675	-10.665476
-126.383298	158.523510	-10.685140
-126.625055	158.420436	-10.705580
-126.875984	158.313452	-10.726795
-127.136083	158.202559	-10.748786
-127.405354	158.087755	-10.771551
-127.683796	157.969041	-10.795093
-127.971409	157.846418	-10.819409
-128.268194	157.719884	-10.844501
-128.574150	157.589441	-10.870369
-128.889277	157.455088	-10.897012
-129.213575	157.316825	-10.924430
-129.547044	157.174651	-10.952623
-129.889685	157.028569	-10.981592
-130.241497	156.878576	-11.011337
-130.602480	156.724673	-11.041856
-130.972634	156.566860	-11.073151
-131.351960	156.405138	-11.105222
-131.740457	156.239505	-11.138068
-132.138125	156.069963	-11.171689
-132.544964	155.896511	-11.206086
-132.960974	155.719149	-11.241258
-133.386156	155.537876	-11.277205
-133.820509	155.352695	-11.313928
-134.264033	155.163603	-11.351426
-134.716729	154.970601	-11.389700
-134.921802	154.883170	-11.407038
-135.136047	154.791829	-11.425151
-135.359463	154.696579	-11.444040
-135.592051	154.597418	-11.463705
-135.833809	154.494348	-11.484144
-136.084739	154.387367	-11.505359
-136.344840	154.276477	-11.527350
-136.614113	154.161677	-11.550116
-136.892556	154.042967	-11.573657
-137.180171	153.920347	-11.597974
-137.476957	153.793817	-11.623066
-137.782914	153.663377	-11.648933
-138.098043	153.529027	-11.675576
-138.422343	153.390768	-11.702994
-138.755814	153.248598	-11.731188
-139.098456	153.102519	-11.760157
-139.450269	152.952530	-11.789901
-139.811254	152.798631	-11.820421
-140.181410	152.640822	-11.851716
-140.560737	152.479103	-11.883786
-140.949235	152.313474	-11.916632
-141.346905	152.143935	-11.950253
-141.753745	151.970486	-11.984650
-142.169757	151.793128	-12.019822
-142.594941	151.611859	-12.055770
-143.029295	151.426681	-12.092492
-143.472821	151.237593	-12.129991
-143.925518	151.044595	-12.168264
-144.130592	150.957165	-12.185602
-144.344838	150.865826	-12.203716
-144.568255	150.770577	-12.222605
-144.800843	150.671418	-12.242269
-145.042602	150.568349	-12.262709
-145.293533	150.461371	-12.283924
-145.553635	150.350482	-12.305915
-145.822908	150.235684	-12.328680
-146.101352	150.116975	-12.352222
-146.388967	149.994357	-12.376538
-146.685754	149.867829	-12.401630
-146.991712	149.737390	-12.427498
-147.306841	149.603042	-12.454141
-147.631142	149.464784	-12.481559
-147.964613	149.322617	-12.509752
-148.307256	149.176539	-12.538721
-148.659070	149.026551	-12.568466
-149.020055	148.872654	-12.598985
-149.390212	148.714846	-12.630281
-149.769540	148.553129	-12.662351
-150.158039	148.387502	-12.695197
-150.555709	148.217965	-12.728818
-150.962551	148.044518	-12.763215
-151.378563	147.867161	-12.798387
-151.803747	147.685894	-12.834335
-152.238102	147.500717	-12.871057
-152.681629	147.311631	-12.908556
-153.134327	147.118634	-12.946829
-153.339401	147.031206	-12.964167
-153.553647	146.939867	-12.982281
-153.777064	146.844619	-13.001170
-154.009653	146.745461	-13.020834
-154.251412	146.642393	-13.041274
-154.502343	146.535415	-13.062489
-154.762445	146.424527	-13.084480
-155.031719	146.309729	-13.107245
-155.310163	146.191021	-13.130787
-155.597779	146.068404	-13.155103
-155.894566	145.941876	-13.180195
-156.200524	145.811439	-13.206063
-156.515654	145.677092	-13.232706
-156.839955	145.538834	-13.260124
-157.173427	145.396667	-13.288318
-157.516070	145.250590	-13.317286
-157.867884	145.100603	-13.347031
-158.228870	144.946707	-13.377551
-158.599027	144.788900	-13.408846
-158.978355	144.627183	-13.440916
-159.366854	144.461557	-13.473762
-159.764525	144.292021	-13.507383
-160.171367	144.118574	-13.541780
-160.587380	143.941218	-13.576952
-161.012564	143.759952	-13.612900
-161.446919	143.574776	-13.649623
-161.890446	143.385690	-13.687121
-162.343144	143.192695	-13.725394
-162.548219	143.105267	-13.742733
-162.762465	143.013928	-13.760846
-162.985882	142.918680	-13.779735
-163.218471	142.819523	-13.799399
-163.460231	142.716455	-13.819839
-163.711162	142.609477	-13.841054
-163.971264	142.498590	-13.863045
-164.240538	142.383792	-13.885811
-164.518982	142.265085	-13.909352
-164.806598	142.142467	-13.933669
-165.103385	142.015940	-13.958761
-165.409344	141.885503	-13.984628
-165.724473	141.751156	-14.011271
-166.048774	141.612899	-14.038689
-166.382246	141.470733	-14.066883
-166.724890	141.324656	-14.095852
-167.076704	141.174670	-14.125596
-167.437690	141.020773	-14.156116
-167.807847	140.862967	-14.187411
-168.187175	140.701251	-14.219482
-168.575675	140.535625	-14.252327
-168.973346	140.366089	-14.285949
-169.380188	140.192643	-14.320345
-169.796201	140.015287	-14.355518
-170.221385	139.834021	-14.391465
-170.655741	139.648846	-14.428188
-171.099268	139.459760	-14.465686
-171.551966	139.266765	-14.503960
-171.757041	139.179337	-14.521298
-171.971287	139.087999	-14.539411
-172.194704	138.992751	-14.558300
-172.427293	138.893593	-14.577965
-172.669053	138.790526	-14.598405
-172.919984	138.683548	-14.619620
-173.180086	138.572661	-14.641610
-173.449360	138.457863	-14.664376
-173.727804	138.339156	-14.687917
-174.015420	138.216539	-14.712234
-174.312208	138.090012	-14.737326
-174.618166	137.959575	-14.763193
-174.933296	137.825228	-14.789836
-175.257597	137.686972	-14.817254
-175.591069	137.544805	-14.845448
-175.933712	137.398729	-14.874417
-176.285527	137.248742	-14.904161
-176.646513	137.094846	-14.934681
-177.016670	136.937040	-14.965976
-177.395998	136.775324	-14.998047
-177.784498	136.609698	-15.030893
-178.182169	136.440162	-15.064514
-178.589011	136.266716	-15.098911
-179.005024	136.089360	-15.134083
-179.430208	135.908095	-15.170030
-179.864564	135.722919	-15.206753
-180.308091	135.533834	-15.244251
-180.760789	135.340839	-15.282525
-180.965864	135.253411	-15.299863
-181.180110	135.162073	-15.317977
-181.403528	135.066825	-15.336866
-181.636117	134.967668	-15.356530
-181.877876	134.864600	-15.376970
-182.128808	134.757623	-15.398185
-182.388910	134.646735	-15.420175
-182.658183	134.531938	-15.442941
-182.936628	134.413231	-15.466483
-183.224244	134.290614	-15.490799
-183.521032	134.164087	-15.515891
-183.826990	134.033650	-15.541759
-184.142120	133.899303	-15.568402
-184.466421	133.761047	-15.595820
-184.799893	133.618880	-15.624013
-185.142536	133.472804	-15.652982
-185.494351	133.322818	-15.682727
-185.855337	133.168921	-15.713247
-186.225494	133.011115	-15.744542
-186.604822	132.849399	-15.776612
-186.993322	132.683773	-15.809458
-187.390993	132.514238	-15.843079
-187.797835	132.340792	-15.877476
-188.213848	132.163436	-15.912648
-188.639033	131.982171	-15.948596
-189.073388	131.796996	-15.985319
-189.516915	131.607910	-16.022817
-189.969614	131.414915	-16.061090
-190.174689	131.327487	-16.078429
-190.388935	131.236149	-16.096542
-190.612352	131.140902	-16.115431
-190.844941	131.041744	-16.135096
-191.086701	130.938677	-16.155535
-191.337632	130.831699	-16.176750
-191.597734	130.720812	-16.198741
-191.867008	130.606015	-16.221507
-192.145453	130.487307	-16.245048
-192.433069	130.364690	-16.269365
-192.729856	130.238164	-16.294457
-193.035815	130.107727	-16.320324
-193.350944	129.973380	-16.346967
-193.675245	129.835124	-16.374385
-194.008717	129.692957	-16.402579
-194.351361	129.546881	-16.431548
-194.703176	129.396894	-16.461292
-195.064162	129.242998	-16.491812
-195.434319	129.085192	-16.523107
-195.813647	128.923476	-16.555178
-196.202147	128.757850	-16.588024
-196.599817	128.588315	-16.621645
-197.006660	128.414869	-16.656042
-197.422673	128.237513	-16.691214
-197.847857	128.056248	-16.727161
-198.282213	127.871073	-16.763884
-198.725740	127.681987	-16.801382
-199.178438	127.488992	-16.839656
-199.383513	127.401564	-16.856994
-199.597760	127.310227	-16.875108
-199.821177	127.214979	-16.893997
-200.053766	127.115821	-16.913661
-200.295526	127.012754	-16.934101
-200.546457	126.905776	-16.955316
-200.806559	126.794889	-16.977306
-201.075833	126.680092	-17.000072
-201.354277	126.561385	-17.023613
-201.641894	126.438768	-17.047930
-201.938681	126.312241	-17.073022
-202.244639	126.181804	-17.098890
-202.559769	126.047457	-17.125532
-202.884070	125.909201	-17.152951
-203.217542	125.767034	-17.181144
-203.560186	125.620958	-17.210113
-203.912000	125.470972	-17.239858
-204.272986	125.317076	-17.270377
-204.643143	125.159270	-17.301673
-205.022472	124.997554	-17.333743
-205.410971	124.831928	-17.366589
-205.808642	124.662392	-17.400210
-206.215484	124.488946	-17.434607
-206.631498	124.311591	-17.469779
-207.056682	124.130326	-17.505727
-207.491038	123.945150	-17.542449
-207.934565	123.756065	-17.579948
-208.387263	123.563070	-17.618221
-208.592338	123.475642	-17.635559
-208.806584	123.384304	-17.653673
-209.030002	123.289056	-17.672562
-209.262591	123.189899	-17.692226
-209.504350	123.086831	-17.712666
-209.755282	122.979854	-17.733881
-210.015384	122.868967	-17.755872
-210.284658	122.754169	-17.778638
-210.563102	122.635462	-17.802179
-210.850718	122.512845	-17.826496
-211.147506	122.386319	-17.851588
-211.453464	122.255882	-17.877455
-211.768594	122.121535	-17.904098
-212.092895	121.983279	-17.931516
-212.426367	121.841112	-17.959710
-212.769011	121.695036	-17.988679
-213.120825	121.545050	-18.018423
-213.481811	121.391153	-18.048943
-213.851968	121.233347	-18.080238
-214.231297	121.071631	-18.112308
-214.619796	120.906006	-18.145154
-215.017467	120.736470	-18.178776
-215.424309	120.563024	-18.213172
-215.840323	120.385669	-18.248345
-216.265507	120.204403	-18.284292
-216.699863	120.019228	-18.321015
-217.143390	119.830143	-18.358513
-217.596088	119.637148	-18.396787
-217.801163	119.549720	-18.414125
-218.015409	119.458382	-18.432238
-218.238827	119.363134	-18.451127
-218.471416	119.263977	-18.470792
-218.713175	119.160909	-18.491232
-218.964107	119.053932	-18.512447
-219.224209	118.943044	-18.534437
-219.493483	118.828247	-18.557203
-219.771927	118.709540	-18.580744
-220.059543	118.586923	-18.605061
-220.356331	118.460396	-18.630153
-220.662289	118.329960	-18.656020
-220.977419	118.195613	-18.682663
-221.301720	118.057356	-18.710081
-221.635192	117.915190	-18.738275
-221.977836	117.769114	-18.767244
-222.329650	117.619127	-18.796988
-222.690636	117.465231	-18.827508
-223.060793	117.307425	-18.858803
-223.440122	117.145709	-18.890874
-223.828621	116.980083	-18.923720
-224.226292	116.810548	-18.957341
-224.633134	116.637102	-18.991738
-225.049148	116.459747	-19.026910
-225.474332	116.278481	-19.062857
-225.908688	116.093306	-19.099580
-226.352215	115.904221	-19.137079
-226.804913	115.711226	-19.175352
-227.009988	115.623798	-19.192690
-227.224234	115.532460	-19.210804
-227.447652	115.437212	-19.229693
-227.680241	115.338055	-19.249357
-227.922000	115.234987	-19.269797
-228.172932	115.128010	-19.291012
-228.433034	115.017122	-19.313003
-228.702308	114.902325	-19.335768
-228.980752	114.783618	-19.359310
-229.268368	114.661001	-19.383626
-229.565156	114.534474	-19.408718
-229.871114	114.404037	-19.434586
-230.186244	114.269691	-19.461229
-230.510545	114.131434	-19.488647
-230.844017	113.989268	-19.516841
-231.186661	113.843191	-19.545810
-231.538475	113.693205	-19.575554
-231.899461	113.539309	-19.606074
-232.269618	113.381503	-19.637369
-232.648947	113.219787	-19.669439
-233.037446	113.054161	-19.702285
-233.435117	112.884626	-19.735907
-233.841959	112.711180	-19.770303
-234.257973	112.533824	-19.805475
-234.683157	112.352559	-19.841423
-235.117513	112.167384	-19.878146
-235.561040	111.978299	-19.915644
-236.013738	111.785303	-19.953918
-236.218813	111.697876	-19.971256
-236.433059	111.606538	-19.989369
-236.656477	111.511290	-20.008258
-236.889066	111.412132	-20.027923
-237.130825	111.309065	-20.048362
-237.381757	111.202088	-20.069577
-237.641859	111.091200	-20.091568
-237.911133	110.976403	-20.114334
-238.189577	110.857696	-20.137875
-238.477193	110.735079	-20.162192
-238.773981	110.608552	-20.187284
-239.079939	110.478115	-20.213151
-239.395069	110.343769	-20.239794
-239.719370	110.205512	-20.267212
-240.052842	110.063346	-20.295406
-240.395486	109.917269	-20.324375
-240.747300	109.767283	-20.354119
-241.108286	109.613387	-20.384639
-241.478444	109.455581	-20.415934
-241.857772	109.293865	-20.448005
-242.246272	109.128239	-20.480851
-242.643942	108.958703	-20.514472
-243.050784	108.785258	-20.548869
-243.466798	108.607902	-20.584041
-243.891982	108.426637	-20.619988
-244.326338	108.241462	-20.656711
-244.769865	108.052376	-20.694209
-245.222563	107.859381	-20.732483
-245.427638	107.771953	-20.749821
-245.641884	107.680616	-20.767935
-245.865302	107.585368	-20.786824
-246.097891	107.486210	-20.806488
-246.339651	107.383143	-20.826928
-246.590582	107.276165	-20.848143
-246.850684	107.165278	-20.870133
-247.119958	107.050481	-20.892899
-247.398402	106.931774	-20.916441
-247.686019	106.809157	-20.940757
-247.982806	106.682630	-20.965849
-248.288764	106.552193	-20.991717
-248.603894	106.417847	-21.018360
-248.928195	106.279590	-21.045778
-249.261667	106.137424	-21.073971
-249.604311	105.991347	-21.102940
-249.956125	105.841361	-21.132685
-250.317111	105.687465	-21.163204
-250.687269	105.529659	-21.194500
-251.066597	105.367943	-21.226570
-251.455097	105.202317	-21.259416
-251.852767	105.032781	-21.293037
-252.259609	104.859336	-21.327434
-252.675623	104.681980	-21.362606
-253.100807	104.500715	-21.398554
-253.535163	104.315540	-21.435277
-253.978690	104.126454	-21.472775
-254.431388	103.933459	-21.511048
-254.636463	103.846031	-21.528387
-254.850710	103.754694	-21.546500
-255.074127	103.659446	-21.565389
-255.306716	103.560288	-21.585053
-255.548476	103.457221	-21.605493
-255.799407	103.350243	-21.626708
-256.059509	103.239356	-21.648699
-256.328783	103.124559	-21.671465
-256.607228	103.005852	-21.695006
-256.894844	102.883235	-21.719323
-257.191631	102.756708	-21.744415
-257.497589	102.626271	-21.770282
-257.812719	102.491925	-21.796925
-258.137020	102.353668	-21.824343
-258.470492	102.211502	-21.852537
-258.813136	102.065425	-21.881506
-259.164951	101.915439	-21.911250
-259.525936	101.761543	-21.941770
-259.896094	101.603737	-21.973065
-260.275422	101.442021	-22.005136
-260.663922	101.276395	-22.037982
-261.061592	101.106859	-22.071603
-261.468435	100.933414	-22.106000
-261.884448	100.756058	-22.141172
-262.309632	100.574793	-22.177119
-262.743988	100.389617	-22.213842
-263.187515	100.200532	-22.251340
-263.640213	100.007537	-22.289614
-263.845288	99.920109	-22.306952
-264.059535	99.828771	-22.325066
-264.282952	99.733524	-22.343955
-264.515541	99.634366	-22.363619
-264.757301	99.531299	-22.384059
-265.008232	99.424321	-22.405274
-265.268334	99.313434	-22.427264
-265.537608	99.198637	-22.450030
-265.816053	99.079930	-22.473571
-266.103669	98.957313	-22.497888
-266.400456	98.830786	-22.522980
-266.706414	98.700349	-22.548848
-267.021544	98.566002	-22.575490
-267.345845	98.427746	-22.602909
-267.679317	98.285579	-22.631102
-268.021961	98.139503	-22.660071
-268.373776	97.989517	-22.689816
-268.734761	97.835621	-22.720335
-269.104919	97.677815	-22.751630
-269.484247	97.516099	-22.783701
-269.872747	97.350473	-22.816547
-270.270417	97.180937	-22.850168
-270.677260	97.007492	-22.884565
-271.093273	96.830136	-22.919737
-271.518457	96.648871	-22.955685
-271.952813	96.463695	-22.992407
-272.396340	96.274610	-23.029906
-272.849038	96.081615	-23.068179
-273.054113	95.994187	-23.085517
-273.268360	95.902849	-23.103631
-273.491777	95.807602	-23.122520
-273.724366	95.708444	-23.142184
-273.966126	95.605377	-23.162624
-274.217057	95.498399	-23.183839
-274.477159	95.387512	-23.205830
-274.746433	95.272715	-23.228596
-275.024878	95.154008	-23.252137
-275.312494	95.031391	-23.276453
-275.609281	94.904864	-23.301546
-275.915239	94.774427	-23.327413
-276.230369	94.640080	-23.354056
-276.554670	94.501824	-23.381474
-276.888142	94.359657	-23.409668
-277.230786	94.213581	-23.438637
-277.582601	94.063595	-23.468381
-277.943587	93.909699	-23.498901
-278.313744	93.751893	-23.530196
-278.693072	93.590177	-23.562266
-279.081572	93.424551	-23.595112
-279.479243	93.255015	-23.628734
-279.886085	93.081570	-23.663130
-280.302098	92.904214	-23.698302
-280.727282	92.722949	-23.734250
-281.161638	92.537773	-23.770973
-281.605165	92.348688	-23.808471
-282.057863	92.155693	-23.846745
-282.262938	92.068265	-23.864083
-282.477185	91.976927	-23.882196
-282.700602	91.881680	-23.901085
-282.933191	91.782522	-23.920750
-283.174951	91.679455	-23.941189
-283.425882	91.572477	-23.962405
-283.685984	91.461590	-23.984395
-283.955258	91.346793	-24.007161
-284.233703	91.228086	-24.030702
-284.521319	91.105469	-24.055019
-284.818106	90.978942	-24.080111
-285.124065	90.848505	-24.105978
-285.439194	90.714158	-24.132621
-285.763495	90.575902	-24.160039
-286.096968	90.433735	-24.188233
-286.439611	90.287659	-24.217202
-286.791426	90.137673	-24.246946
-287.152412	89.983777	-24.277466
-287.522569	89.825971	-24.308761
-287.901897	89.664255	-24.340832
-288.290397	89.498629	-24.373678
-288.688068	89.329093	-24.407299
-289.094910	89.155647	-24.441696
-289.510923	88.978292	-24.476868
-289.936108	88.797027	-24.512815
-290.370463	88.611851	-24.549538
-290.813990	88.422766	-24.587036
-291.266689	88.229771	-24.625310
-291.471764	88.142343	-24.642648
-291.686010	88.051005	-24.660762
-291.909427	87.955758	-24.679651
-292.142016	87.856600	-24.699315
-292.383776	87.753532	-24.719755
-292.634707	87.646555	-24.740970
-292.894809	87.535668	-24.762961
-293.164083	87.420871	-24.785726
-293.442528	87.302163	-24.809268
-293.730144	87.179547	-24.833584
-294.026931	87.053020	-24.858676
-294.332890	86.922583	-24.884544
-294.648019	86.788236	-24.911187
-294.972320	86.649980	-24.938605
-295.305793	86.507813	-24.966798
-295.648436	86.361737	-24.995767
-296.000251	86.211751	-25.025512
-296.361237	86.057855	-25.056032
-296.731394	85.900048	-25.087327
-297.110722	85.738333	-25.119397
-297.499222	85.572707	-25.152243
-297.896893	85.403171	-25.185865
-298.303735	85.229725	-25.220261
-298.719748	85.052370	-25.255433
-299.144933	84.871104	-25.291381
-299.579288	84.685929	-25.328104
-300.022815	84.496844	-25.365602
-300.475514	84.303849	-25.403876
-300.680589	84.216421	-25.421214
-300.894835	84.125083	-25.439327
-301.118252	84.029835	-25.458216
-301.350841	83.930678	-25.477881
-301.592601	83.827610	-25.498320
-301.843532	83.720633	-25.519535
-302.103634	83.609746	-25.541526
-302.372908	83.494949	-25.564292
-302.651353	83.376241	-25.587833
-302.938969	83.253624	-25.612150
-303.235756	83.127098	-25.637242
-303.541715	82.996661	-25.663109
-303.856844	82.862314	-25.689752
-304.181145	82.724058	-25.717170
-304.514618	82.581891	-25.745364
