49.938078	213.871877	-45.200268
49.937965	213.751639	-45.226510
49.944497	213.626972	-45.258770
49.957674	213.497877	-45.297051
49.977493	213.364356	-45.341355
50.003954	213.226411	-45.391685
50.037057	213.084044	-45.448044
50.076799	212.937257	-45.510434
50.123180	212.786051	-45.578857
50.176199	212.630429	-45.653316
50.235854	212.470392	-45.733813
50.302146	212.305942	-45.820352
50.375072	212.137081	-45.912934
50.454631	211.963810	-46.011562
50.540824	211.786133	-46.116239
50.633648	211.604050	-46.226966
50.733102	211.417564	-46.343748
50.839186	211.226676	-46.466585
50.951898	211.031389	-46.595480
51.071238	210.831703	-46.730437
51.197205	210.627622	-46.871457
51.329797	210.419146	-47.018542
51.469014	210.206279	-47.171696
51.614855	209.989021	-47.330921
51.767318	209.767374	-47.496218
51.926403	209.541341	-47.667591
52.092108	209.310924	-47.845042
52.264434	209.076123	-48.028573
52.443379	208.836942	-48.218186
52.628941	208.593382	-48.413884
52.821121	208.345445	-48.615670
53.019918	208.093133	-48.823545
53.225329	207.836447	-49.037512
53.437356	207.575391	-49.257573
53.655996	207.309965	-49.483731
53.881249	207.040171	-49.715987
54.113114	206.766012	-49.954344
54.351590	206.487490	-50.198805
54.596678	206.204606	-50.449371
54.848374	205.917362	-50.706045
55.106680	205.625760	-50.968828
55.371594	205.329803	-51.237724
55.643116	205.029492	-51.512734
55.921245	204.724829	-51.793860
56.046332	204.589075	-51.920051
56.178026	204.448972	-52.052361
56.316325	204.304522	-52.190791
56.461230	204.155723	-52.335343
56.612739	204.002579	-52.486017
56.770853	203.845088	-52.642814
56.935571	203.683253	-52.805736
57.106894	203.517074	-52.974782
57.284820	203.346552	-53.149955
57.469350	203.171688	-53.331254
57.660483	202.992483	-53.518682
57.858219	202.808937	-53.712238
58.062558	202.621052	-53.911923
58.273499	202.428828	-54.117739
58.491043	202.232266	-54.329687
58.715188	202.031367	-54.547766
58.945936	201.826132	-54.771979
59.183285	201.616562	-55.002326
59.427235	201.402658	-55.238808
59.677786	201.184421	-55.481426
59.934938	200.961851	-55.730180
60.198690	200.734949	-55.985072
60.469043	200.503717	-56.246102
60.745996	200.268154	-56.513272
61.029549	200.028263	-56.786582
61.319702	199.784044	-57.066032
61.616455	199.535497	-57.351624
61.919806	199.282625	-57.643359
62.058158	199.167821	-57.776322
62.203108	199.048692	-57.915428
62.354657	198.925238	-58.060678
62.512805	198.797460	-58.212073
62.677553	198.665359	-58.369613
62.848899	198.528934	-58.533298
63.026843	198.388186	-58.703128
63.211387	198.243116	-58.879105
63.402529	198.093723	-59.061228
63.600269	197.940009	-59.249498
63.804608	197.781973	-59.443914
64.015545	197.619617	-59.644479
64.233081	197.452940	-59.851191
64.457215	197.281943	-60.064051
64.687947	197.106626	-60.283059
64.925278	196.926990	-60.508217
65.169206	196.743035	-60.739523
65.419732	196.554761	-60.976980
65.676857	196.362170	-61.220586
65.940579	196.165261	-61.470342
66.210899	195.964035	-61.726249
66.487817	195.758491	-61.988307
66.771333	195.548632	-62.256516
67.061446	195.334456	-62.530877
67.358157	195.115965	-62.811389
67.661466	194.893159	-63.098054
67.971373	194.666038	-63.390872
68.287876	194.434603	-63.689842
68.431492	194.329814	-63.825467
68.581705	194.220712	-63.967245
68.738515	194.107297	-64.115177
68.901923	193.989568	-64.269262
69.071929	193.867526	-64.429501
69.248532	193.741171	-64.595894
69.431732	193.610503	-64.768442
69.621530	193.475523	-64.947143
69.817925	193.336230	-65.132000
70.020917	193.192626	-65.323010
70.230507	193.044709	-65.520176
70.446694	192.892480	-65.723496
70.669479	192.735939	-65.932972
70.898861	192.575088	-66.148603
71.134840	192.409924	-66.370388
71.377417	192.240450	-66.598330
71.626591	192.066665	-66.832427
71.882362	191.888569	-67.072680
72.144731	191.706163	-67.319088
72.413697	191.519447	-67.571653
72.689260	191.328420	-67.830374
72.971421	191.133083	-68.095251
73.260179	190.933437	-68.366285
73.555534	190.729481	-68.643475
73.857486	190.521216	-68.926822
74.166036	190.308641	-69.216326
74.481183	190.091758	-69.511987
74.802927	189.870566	-69.813805
74.948747	189.770419	-69.950579
75.101164	189.665964	-70.093511
75.260178	189.557200	-70.242600
75.425789	189.444128	-70.397847
75.597998	189.326747	-70.559251
75.776804	189.205059	-70.726813
75.962207	189.079063	-70.900533
76.154207	188.948758	-71.080410
76.352805	188.814146	-71.266445
76.558000	188.675226	-71.458637
76.769793	188.531998	-71.656988
76.988183	188.384462	-71.861496
77.213170	188.232620	-72.072163
77.444754	188.076469	-72.288987
77.682936	187.916011	-72.511970
77.927715	187.751247	-72.741111
78.179091	187.582174	-72.976410
78.437065	187.408795	-73.217867
78.701635	187.231109	-73.465483
78.972804	187.049116	-73.719257
79.250569	186.862816	-73.979189
79.534932	186.672209	-74.245280
79.825893	186.477296	-74.517530
80.123450	186.278076	-74.795938
80.427605	186.074550	-75.080505
80.738357	185.866717	-75.371231
81.055707	185.654579	-75.668115
81.379654	185.438134	-75.971159
81.526426	185.340113	-76.108454
81.679795	185.237787	-76.251908
81.839762	185.131154	-76.401521
82.006326	185.020216	-76.557294
82.179488	184.904972	-76.719225
82.359247	184.785422	-76.887315
82.545603	184.661565	-77.061564
82.738557	184.533404	-77.241973
82.938108	184.400936	-77.428540
83.144256	184.264163	-77.621267
83.357002	184.123084	-77.820153
83.576345	183.977699	-78.025198
83.802286	183.828009	-78.236402
84.034824	183.674013	-78.453766
84.273959	183.515712	-78.677289
84.519692	183.353105	-78.906971
84.772023	183.186192	-79.142812
85.030951	183.014975	-79.384813
85.296476	182.839452	-79.632973
85.568599	182.659623	-79.887292
85.847319	182.475490	-80.147771
86.132636	182.287051	-80.414409
86.424551	182.094307	-80.687207
86.723064	181.897258	-80.966164
87.028174	181.695903	-81.251281
87.339881	181.490244	-81.542557
87.658186	181.280280	-81.839993
87.983089	181.066010	-82.143588
88.130279	180.968960	-82.281124
88.284068	180.867605	-82.424820
88.444454	180.761945	-82.574675
88.611437	180.651980	-82.730689
88.785018	180.537710	-82.892864
88.965196	180.419135	-83.061198
89.151972	180.296256	-83.235691
89.345345	180.169072	-83.416345
89.545316	180.037582	-83.603158
89.751884	179.901789	-83.796130
89.965050	179.761690	-83.995263
90.184813	179.617287	-84.200555
90.411174	179.468579	-84.412007
90.644133	179.315566	-84.629619
90.883689	179.158249	-84.853390
91.129842	178.996627	-85.083321
91.382593	178.830700	-85.319412
91.641941	178.660469	-85.561663
91.907887	178.485933	-85.810073
92.180431	178.307092	-86.064644
92.459572	178.123947	-86.325374
92.745310	177.936498	-86.592264
93.037647	177.744743	-86.865313
93.336580	177.548685	-87.144523
93.642111	177.348322	-87.429892
93.954240	177.143654	-87.721422
94.272967	176.934682	-88.019111
94.598290	176.721406	-88.322960
94.745667	176.624798	-88.460608
94.899642	176.523885	-88.604415
95.060214	176.418668	-88.754383
95.227384	176.309146	-88.910510
95.401151	176.195320	-89.072797
95.581515	176.077190	-89.241244
95.768478	175.954755	-89.415851
95.962038	175.828016	-89.596618
96.162195	175.696973	-89.783545
96.368950	175.561625	-89.976632
96.582303	175.421973	-90.175879
96.802253	175.278017	-90.381286
97.028801	175.129757	-90.592852
97.261946	174.977192	-90.810579
97.501689	174.820323	-91.034466
97.748029	174.659149	-91.264512
98.000968	174.493672	-91.500719
98.260503	174.323890	-91.743086
98.526636	174.149804	-91.991612
98.799367	173.971414	-92.246299
99.078696	173.788719	-92.507145
99.364622	173.601720	-92.774152
99.657145	173.410417	-93.047318
99.956266	173.214810	-93.326645
100.261985	173.014899	-93.612131
100.574302	172.810683	-93.903778
100.893216	172.602163	-94.201584
101.218727	172.389339	-94.505551
101.366187	172.292932	-94.643250
101.520245	172.192221	-94.787110
101.680900	172.087205	-94.937130
101.848153	171.977886	-95.093309
102.022004	171.864262	-95.255649
102.202452	171.746334	-95.424149
102.389497	171.624102	-95.598809
102.583141	171.497566	-95.779628
102.783382	171.366726	-95.966608
102.990220	171.231581	-96.159748
103.203656	171.092133	-96.359048
103.423690	170.948380	-96.564508
103.650322	170.800323	-96.776128
103.883551	170.647963	-96.993908
104.123377	170.491298	-97.217848
104.369801	170.330329	-97.447949
104.622823	170.165056	-97.684209
104.882443	169.995478	-97.926629
105.148660	169.821597	-98.175210
105.421474	169.643412	-98.429950
105.700887	169.460923	-98.690851
105.986897	169.274129	-98.957911
106.279504	169.083032	-99.231132
106.578709	168.887630	-99.510513
106.884512	168.687924	-99.796053
107.196912	168.483915	-100.087754
107.515911	168.275601	-100.385615
107.841506	168.062983	-100.689636
107.989004	167.966668	-100.827360
108.143099	167.866048	-100.971244
108.303791	167.761125	-101.121288
108.471081	167.651897	-101.277492
108.644969	167.538365	-101.439856
108.825455	167.420529	-101.608380
109.012538	167.298390	-101.783064
109.206219	167.171946	-101.963909
109.406497	167.041198	-102.150913
109.613373	166.906146	-102.344078
109.826847	166.766790	-102.543402
110.046918	166.623131	-102.748887
110.273587	166.475167	-102.960532
110.506854	166.322899	-103.178337
110.746718	166.166327	-103.402302
110.993180	166.005451	-103.632427
111.246239	165.840271	-103.868712
111.505896	165.670787	-104.111157
111.772151	165.496999	-104.359763
112.045003	165.318908	-104.614528
112.324453	165.136512	-104.875454
112.610501	164.949812	-105.142539
112.903146	164.758808	-105.415785
113.202389	164.563500	-105.695191
113.508230	164.363888	-105.980757
113.820668	164.159972	-106.272483
114.139704	163.951753	-106.570369
114.465337	163.739229	-106.874416
114.612851	163.642955	-107.012151
114.766963	163.542377	-107.156046
114.927672	163.437495	-107.306101
115.094979	163.328309	-107.462316
115.268884	163.214820	-107.624691
115.449386	163.097026	-107.793227
115.636486	162.974928	-107.967923
115.830184	162.848527	-108.148778
116.030479	162.717821	-108.335794
116.237372	162.582811	-108.528970
116.450863	162.443498	-108.728306
116.670951	162.299880	-108.933802
116.897637	162.151959	-109.145459
117.130920	161.999733	-109.363275
117.370801	161.843204	-109.587252
117.617280	161.682370	-109.817388
117.870357	161.517233	-110.053685
118.130031	161.347791	-110.296142
118.396302	161.174046	-110.544759
118.669172	160.995997	-110.799536
118.948639	160.813643	-111.060473
119.234703	160.626986	-111.327570
119.527365	160.436025	-111.600828
119.826625	160.240760	-111.880245
120.132483	160.041191	-112.165823
120.444938	159.837318	-112.457561
120.763991	159.629141	-112.755459
121.089641	159.416660	-113.059517
121.237163	159.320405	-113.197257
121.391282	159.219846	-113.341157
121.551999	159.114983	-113.491217
121.719314	159.005817	-113.647438
121.893226	158.892346	-113.809819
122.073736	158.774571	-113.978359
122.260844	158.652493	-114.153060
122.454549	158.526110	-114.333921
122.654852	158.395424	-114.520942
122.861753	158.260434	-114.714124
123.075251	158.121139	-114.913465
123.295347	157.977541	-115.118966
123.522040	157.829639	-115.330628
123.755331	157.677433	-115.548450
123.995220	157.520922	-115.772432
124.241706	157.360108	-116.002574
124.494790	157.194990	-116.238876
124.754472	157.025568	-116.481338
125.020751	156.851842	-116.729960
125.293628	156.673812	-116.984743
125.573103	156.491479	-117.245685
125.859175	156.304841	-117.512788
126.151845	156.113899	-117.786051
126.451113	155.918653	-118.065474
126.756978	155.719104	-118.351057
127.069441	155.515250	-118.642800
127.388501	155.307093	-118.940703
127.714160	155.094631	-119.244767
127.861685	154.998385	-119.382509
128.015807	154.897835	-119.526412
128.176528	154.792981	-119.676475
128.343846	154.683823	-119.832698
128.517762	154.570361	-119.995081
128.698275	154.452595	-120.163624
128.885386	154.330526	-120.338327
129.079095	154.204152	-120.519191
129.279401	154.073474	-120.706214
129.486305	153.938493	-120.899398
129.699807	153.799207	-121.098742
129.919906	153.655617	-121.304246
130.146603	153.507724	-121.515910
130.379897	153.355527	-121.733734
130.619790	153.199025	-121.957718
130.866279	153.038220	-122.187863
131.119367	152.873111	-122.424167
131.379052	152.703698	-122.666632
131.645335	152.529981	-122.915257
131.918215	152.351960	-123.170042
132.197693	152.169635	-123.430987
132.483769	151.983006	-123.698092
132.776443	151.792073	-123.971357
133.075714	151.596836	-124.250782
133.381582	151.397296	-124.536368
133.694049	151.193451	-124.828114
134.013113	150.985302	-125.126020
134.338774	150.772850	-125.430085
134.486301	150.676608	-125.567829
134.640425	150.576061	-125.711733
134.801147	150.471211	-125.861797
134.968467	150.362057	-126.018021
135.142384	150.248599	-126.180405
135.322899	150.130838	-126.348949
135.510012	150.008772	-126.523654
135.703722	149.882402	-126.704518
135.904030	149.751728	-126.891543
136.110935	149.616751	-127.084728
136.324438	149.477469	-127.284073
136.544539	149.333884	-127.489578
136.771238	149.185994	-127.701243
137.004534	149.033801	-127.919069
137.244428	148.877304	-128.143054
137.490919	148.716502	-128.373200
137.744008	148.551397	-128.609505
138.003695	148.381988	-128.851971
138.269979	148.208275	-129.100597
138.542861	148.030258	-129.355383
138.822341	147.847937	-129.616329
139.108418	147.661312	-129.883436
139.401093	147.470384	-130.156702
139.700366	147.275151	-130.436129
140.006236	147.075614	-130.721715
140.318704	146.871774	-131.013462
140.637770	146.663629	-131.311369
140.963433	146.451181	-131.615436
141.110960	146.354940	-131.753180
141.265085	146.254396	-131.897085
141.425808	146.149548	-132.047149
141.593128	146.040396	-132.203374
141.767046	145.926940	-132.365759
141.947562	145.809180	-132.534303
142.134675	145.687116	-132.709008
142.328386	145.560748	-132.889873
142.528695	145.430076	-133.076899
142.735601	145.295100	-133.270084
142.949105	145.155820	-133.469429
143.169206	145.012237	-133.674935
143.395905	144.864349	-133.886601
143.629202	144.712158	-134.104427
143.869097	144.555662	-134.328413
144.115589	144.394863	-134.558559
144.368679	144.229759	-134.794865
144.628366	144.060352	-135.037331
144.894651	143.886641	-135.285958
145.167534	143.708626	-135.540744
145.447014	143.526307	-135.801691
145.733092	143.339684	-136.068798
146.025768	143.148757	-136.342065
146.325041	142.953526	-136.621492
146.630912	142.753991	-136.907079
146.943381	142.550153	-137.198827
147.262447	142.342010	-137.496734
147.588111	142.129563	-137.800802
147.735639	142.033324	-137.938546
147.889764	141.932780	-138.082451
148.050487	141.827933	-138.232515
148.217808	141.718782	-138.388740
148.391726	141.605326	-138.551125
148.572242	141.487567	-138.719670
148.759356	141.365504	-138.894376
148.953067	141.239137	-139.075241
149.153376	141.108466	-139.262266
149.360282	140.973491	-139.455452
149.573787	140.834212	-139.654798
149.793888	140.690629	-139.860303
150.020588	140.542743	-140.071969
150.253885	140.390552	-140.289795
150.493780	140.234057	-140.513782
150.740272	140.073259	-140.743928
150.993362	139.908156	-140.980235
151.253050	139.738750	-141.222701
151.519336	139.565040	-141.471328
151.792219	139.387025	-141.726115
152.071699	139.204707	-141.987062
152.357778	139.018085	-142.254169
152.650454	138.827159	-142.527436
152.949727	138.631929	-142.806863
153.255599	138.432395	-143.092451
153.568068	138.228557	-143.384199
153.887134	138.020415	-143.682106
154.212798	137.807970	-143.986174
154.360326	137.711730	-144.123919
154.514452	137.611187	-144.267823
154.675175	137.506340	-144.417888
154.842496	137.397189	-144.574113
155.016414	137.283734	-144.736498
155.196930	137.165976	-144.905043
155.384044	137.043913	-145.079749
155.577755	136.917546	-145.260614
155.778064	136.786876	-145.447640
155.984971	136.651901	-145.640825
156.198475	136.512622	-145.840171
156.418577	136.369040	-146.045677
156.645277	136.221154	-146.257343
156.878574	136.068963	-146.475169
157.118469	135.912469	-146.699156
157.364962	135.751671	-146.929302
157.618052	135.586569	-147.165609
157.877740	135.417163	-147.408075
158.144026	135.243453	-147.656702
158.416909	135.065439	-147.911489
158.696390	134.883121	-148.172436
158.982468	134.696500	-148.439544
159.275144	134.505574	-148.712811
159.574418	134.310344	-148.992238
159.880290	134.110811	-149.277826
160.192759	133.906973	-149.569574
160.511826	133.698832	-149.867482
160.837490	133.486387	-150.171550
160.985018	133.390148	-150.309294
161.139143	133.289605	-150.453199
161.299867	133.184758	-150.603264
161.467187	133.075607	-150.759489
161.641106	132.962152	-150.921874
161.821622	132.844394	-151.090419
162.008736	132.722331	-151.265124
162.202447	132.595965	-151.445990
162.402756	132.465294	-151.633016
162.609663	132.330320	-151.826201
162.823168	132.191041	-152.025547
163.043270	132.047459	-152.231053
163.269969	131.899573	-152.442719
163.503267	131.747383	-152.660546
163.743162	131.590889	-152.884532
163.989654	131.430091	-153.114678
164.242745	131.264989	-153.350985
164.502433	131.095583	-153.593452
164.768718	130.921873	-153.842079
165.041602	130.743860	-154.096866
165.321083	130.561542	-154.357813
165.607161	130.374920	-154.624920
165.899837	130.183995	-154.898188
166.199111	129.988765	-155.177615
166.504983	129.789232	-155.463203
166.817452	129.585395	-155.754951
167.136519	129.377254	-156.052859
167.462183	129.164808	-156.356927
167.609711	129.068570	-156.494671
167.763837	128.968027	-156.638576
167.924560	128.863180	-156.788641
168.091881	128.754029	-156.944866
168.265799	128.640575	-157.107251
168.446316	128.522816	-157.275796
168.633429	128.400753	-157.450502
168.827141	128.274387	-157.631367
169.027450	128.143717	-157.818393
169.234357	128.008742	-158.011579
169.447861	127.869464	-158.210924
169.667963	127.725882	-158.416430
169.894663	127.577996	-158.628097
170.127961	127.425806	-158.845923
170.367856	127.269312	-159.069909
170.614348	127.108514	-159.300056
170.867439	126.943412	-159.536362
171.127127	126.774006	-159.778829
171.393412	126.600297	-160.027456
171.666296	126.422283	-160.282243
171.945777	126.239966	-160.543190
172.231855	126.053344	-160.810298
172.524531	125.862419	-161.083565
172.823805	125.667189	-161.362993
173.129677	125.467656	-161.648580
173.442146	125.263819	-161.940328
173.761213	125.055678	-162.238236
174.086877	124.843233	-162.542304
174.234405	124.746994	-162.680049
174.388531	124.646451	-162.823954
174.549254	124.541604	-162.974018
174.716575	124.432453	-163.130243
174.890494	124.318999	-163.292629
175.071010	124.201240	-163.461174
175.258124	124.079178	-163.635879
175.451835	123.952811	-163.816745
175.652144	123.822141	-164.003770
175.859051	123.687167	-164.196956
176.072556	123.547889	-164.396302
176.292658	123.404307	-164.601808
176.519358	123.256421	-164.813474
176.752655	123.104231	-165.031301
176.992550	122.947737	-165.255287
177.239043	122.786939	-165.485434
177.492133	122.621837	-165.721740
177.751821	122.452431	-165.964207
178.018107	122.278722	-166.212834
178.290990	122.100708	-166.467621
178.570471	121.918390	-166.728568
178.856550	121.731769	-166.995676
179.149226	121.540844	-167.268943
179.448500	121.345614	-167.548371
179.754371	121.146081	-167.833958
180.066841	120.942244	-168.125706
180.385907	120.734103	-168.423614
180.711572	120.521658	-168.727682
180.859100	120.425419	-168.865427
181.013226	120.324876	-169.009331
181.173949	120.220029	-169.159396
181.341270	120.110879	-169.315621
181.515188	119.997424	-169.478007
181.695705	119.879666	-169.646552
181.882818	119.757603	-169.821257
182.076530	119.631237	-170.002123
182.276839	119.500567	-170.189148
182.483746	119.365592	-170.382334
182.697250	119.226314	-170.581680
182.917352	119.082732	-170.787186
183.144052	118.934846	-170.998852
183.377350	118.782656	-171.216679
183.617245	118.626162	-171.440665
183.863737	118.465364	-171.670812
184.116828	118.300262	-171.907118
184.376516	118.130857	-172.149585
184.642801	117.957147	-172.398212
184.915685	117.779134	-172.652999
185.195166	117.596816	-172.913946
185.481244	117.410195	-173.181054
185.773921	117.219269	-173.454321
186.073195	117.024040	-173.733749
186.379066	116.824507	-174.019336
186.691535	116.620670	-174.311084
187.010602	116.412528	-174.608992
187.336267	116.200083	-174.913060
187.483795	116.103845	-175.050805
187.637920	116.003302	-175.194710
187.798644	115.898455	-175.344774
187.965965	115.789304	-175.500999
188.139883	115.675850	-175.663385
188.320399	115.558091	-175.831930
188.507513	115.436029	-176.006635
188.701225	115.309663	-176.187501
188.901534	115.178992	-176.374526
189.108441	115.044018	-176.567712
189.321945	114.904740	-176.767058
189.542047	114.761158	-176.972564
189.768747	114.613272	-177.184230
190.002044	114.461082	-177.402057
190.241939	114.304588	-177.626043
190.488432	114.143790	-177.856190
190.741523	113.978688	-178.092496
191.001211	113.809283	-178.334963
191.267496	113.635573	-178.583590
191.540380	113.457559	-178.838377
191.819861	113.275242	-179.099324
192.105939	113.088620	-179.366432
192.398615	112.897695	-179.639699
192.697889	112.702466	-179.919127
193.003761	112.502933	-180.204714
193.316230	112.299095	-180.496462
193.635297	112.090954	-180.794370
193.960962	111.878509	-181.098438
194.108490	111.782271	-181.236183
194.262615	111.681728	-181.380088
194.423338	111.576881	-181.530153
194.590659	111.467730	-181.686378
194.764578	111.354276	-181.848763
194.945094	111.236517	-182.017308
195.132208	111.114455	-182.192013
195.325919	110.988088	-182.372879
195.526229	110.857418	-182.559905
195.733135	110.722444	-182.753090
195.946640	110.583166	-182.952436
196.166742	110.439584	-183.157942
196.393442	110.291698	-183.369609
196.626739	110.139508	-183.587435
196.866634	109.983014	-183.811421
197.113127	109.822216	-184.041568
197.366217	109.657114	-184.277875
197.625905	109.487709	-184.520341
197.892191	109.313999	-184.768968
198.165074	109.135985	-185.023755
198.444555	108.953668	-185.284703
198.730634	108.767046	-185.551810
199.023310	108.576121	-185.825077
199.322584	108.380892	-186.104505
199.628456	108.181359	-186.390093
199.940925	107.977521	-186.681840
200.259992	107.769380	-186.979748
200.585656	107.556935	-187.283816
200.733184	107.460697	-187.421561
200.887310	107.360154	-187.565466
201.048033	107.255307	-187.715531
201.215354	107.146156	-187.871756
201.389273	107.032702	-188.034141
201.569789	106.914943	-188.202686
201.756903	106.792881	-188.377392
201.950614	106.666514	-188.558257
202.150924	106.535844	-188.745283
202.357830	106.400870	-188.938469
202.571335	106.261592	-189.137815
202.791437	106.118010	-189.343321
203.018137	105.970124	-189.554987
203.251434	105.817934	-189.772813
203.491329	105.661440	-189.996799
203.737822	105.500642	-190.226946
203.990912	105.335540	-190.463253
204.250600	105.166135	-190.705719
204.516886	104.992425	-190.954346
204.789769	104.814411	-191.209134
205.069250	104.632094	-191.470081
205.355329	104.445472	-191.737188
205.648005	104.254547	-192.010455
205.947279	104.059318	-192.289883
206.253151	103.859785	-192.575471
206.565620	103.655947	-192.867219
206.884687	103.447806	-193.165127
207.210351	103.235361	-193.469195
207.357879	103.139123	-193.606939
207.512005	103.038580	-193.750844
207.672728	102.933733	-193.900909
207.840049	102.824582	-194.057134
208.013968	102.711128	-194.219519
208.194484	102.593369	-194.388064
208.381598	102.471307	-194.562770
208.575309	102.344941	-194.743635
208.775618	102.214270	-194.930661
208.982525	102.079296	-195.123847
209.196030	101.940018	-195.323193
209.416132	101.796436	-195.528699
209.642832	101.648550	-195.740365
209.876129	101.496360	-195.958191
210.116024	101.339866	-196.182178
210.362517	101.179068	-196.412324
210.615607	101.013966	-196.648631
210.875295	100.844561	-196.891098
211.141581	100.670851	-197.139725
211.414464	100.492837	-197.394512
211.693945	100.310520	-197.655459
211.980024	100.123899	-197.922566
212.272700	99.932973	-198.195834
212.571974	99.737744	-198.475261
212.877846	99.538211	-198.760849
213.190315	99.334374	-199.052597
213.509382	99.126232	-199.350505
213.835046	98.913787	-199.654573
213.982574	98.817549	-199.792317
214.136700	98.717006	-199.936222
214.297423	98.612159	-200.086287
214.464744	98.503009	-200.242512
214.638663	98.389554	-200.404897
214.819179	98.271795	-200.573443
215.006293	98.149733	-200.748148
215.200004	98.023367	-200.929014
215.400313	97.892696	-201.116039
215.607220	97.757722	-201.309225
215.820725	97.618444	-201.508571
216.040827	97.474862	-201.714077
216.267527	97.326976	-201.925743
216.500824	97.174786	-202.143569
216.740719	97.018292	-202.367556
216.987212	96.857494	-202.597702
217.240302	96.692392	-202.834009
217.499990	96.522987	-203.076476
217.766276	96.349277	-203.325103
218.039159	96.171264	-203.579890
218.318640	95.988946	-203.840837
218.604719	95.802325	-204.107944
218.897395	95.611399	-204.381212
219.196669	95.416170	-204.660639
219.502541	95.216637	-204.946227
219.815010	95.012800	-205.237975
220.134077	94.804659	-205.535883
220.459741	94.592214	-205.839951
220.607269	94.495975	-205.977696
220.761395	94.395432	-206.121600
220.922118	94.290585	-206.271665
221.089439	94.181435	-206.427890
221.263357	94.067980	-206.590275
221.443874	93.950222	-206.758821
221.630988	93.828159	-206.933526
221.824699	93.701793	-207.114392
222.025008	93.571122	-207.301417
222.231915	93.436148	-207.494603
222.445420	93.296870	-207.693949
222.665522	93.153288	-207.899455
222.892221	93.005402	-208.111121
223.125519	92.853212	-208.328948
223.365414	92.696718	-208.552934
223.611907	92.535920	-208.783081
223.864997	92.370818	-209.019387
224.124685	92.201413	-209.261854
224.390971	92.027703	-209.510481
224.663854	91.849690	-209.765268
224.943335	91.667372	-210.026215
225.229414	91.480751	-210.293323
225.522090	91.289825	-210.566590
225.821364	91.094596	-210.846018
226.127235	90.895063	-211.131605
226.439705	90.691226	-211.423353
226.758772	90.483085	-211.721261
227.084436	90.270640	-212.025329
227.231964	90.174401	-212.163074
227.386090	90.073858	-212.306979
227.546813	89.969011	-212.457043
227.714134	89.859861	-212.613269
227.888052	89.746406	-212.775654
228.068569	89.628648	-212.944199
228.255682	89.506585	-213.118904
228.449394	89.380219	-213.299770
228.649703	89.249548	-213.486796
228.856610	89.114574	-213.679981
229.070114	88.975296	-213.879327
229.290217	88.831714	-214.084833
229.516916	88.683828	-214.296499
229.750214	88.531638	-214.514326
229.990109	88.375144	-214.738312
230.236602	88.214346	-214.968459
230.489692	88.049245	-215.204765
230.749380	87.879839	-215.447232
231.015666	87.706129	-215.695859
231.288549	87.528116	-215.950646
231.568030	87.345798	-216.211593
231.854109	87.159177	-216.478701
232.146785	86.968251	-216.751968
232.446059	86.773022	-217.031396
232.751930	86.573489	-217.316983
233.064400	86.369652	-217.608731
233.383466	86.161511	-217.906639
233.709131	85.949066	-218.210707
233.856659	85.852827	-218.348452
234.010785	85.752284	-218.492357
234.171508	85.647437	-218.642422
234.338829	85.538287	-218.798647
234.512747	85.424832	-218.961032
234.693263	85.307074	-219.129577
234.880377	85.185011	-219.304283
235.074089	85.058645	-219.485148
235.274398	84.927975	-219.672174
235.481305	84.793000	-219.865360
235.694809	84.653722	-220.064705
235.914911	84.510140	-220.270211
236.141611	84.362254	-220.481878
236.374909	84.210064	-220.699704
236.614804	84.053570	-220.923690
236.861296	83.892772	-221.153837
237.114387	83.727671	-221.390144
237.374075	83.558265	-221.632610
237.640360	83.384555	-221.881237
237.913244	83.206542	-222.136024
238.192725	83.024224	-222.396972
238.478803	82.837603	-222.664079
238.771480	82.646678	-222.937346
239.070754	82.451448	-223.216774
239.376625	82.251915	-223.502362
239.689094	82.048078	-223.794110
240.008161	81.839937	-224.092017
240.333826	81.627492	-224.396086
240.481354	81.531253	-224.533830
240.635479	81.430710	-224.677735
240.796203	81.325864	-224.827800
240.963524	81.216713	-224.984025
241.137442	81.103258	-225.146410
241.317958	80.985500	-225.314955
241.505072	80.863437	-225.489661
241.698784	80.737071	-225.670526
241.899093	80.606401	-225.857552
242.106000	80.471426	-226.050738
242.319504	80.332148	-226.250084
242.539606	80.188566	-226.455590
242.766306	80.040680	-226.667256
242.999604	79.888490	-226.885082
243.239499	79.731996	-227.109069
243.485991	79.571198	-227.339215
243.739082	79.406097	-227.575522
243.998770	79.236691	-227.817989
244.265055	79.062981	-228.066616
244.537939	78.884968	-228.321403
244.817420	78.702650	-228.582350
245.103498	78.516029	-228.849457
245.396175	78.325104	-229.122725
245.695449	78.129874	-229.402152
246.001320	77.930341	-229.687740
246.313789	77.726504	-229.979488
246.632856	77.518363	-230.277396
246.958521	77.305918	-230.581464
247.106049	77.209679	-230.719208
247.260174	77.109136	-230.863113
247.420898	77.004290	-231.013178
247.588219	76.895139	-231.169403
247.762137	76.781684	-231.331788
247.942653	76.663926	-231.500334
248.129767	76.541863	-231.675039
248.323479	76.415497	-231.855904
248.523788	76.284827	-232.042930
248.730695	76.149853	-232.236116
248.944199	76.010574	-232.435462
249.164301	75.866992	-232.640968
249.391001	75.719106	-232.852634
249.624298	75.566916	-233.070460
249.864193	75.410422	-233.294447
250.110686	75.249625	-233.524593
250.363777	75.084523	-233.760900
250.623465	74.915117	-234.003367
250.889750	74.741408	-234.251994
251.162634	74.563394	-234.506781
251.442115	74.381077	-234.767728
251.728193	74.194455	-235.034835
252.020870	74.003530	-235.308103
252.320143	73.808300	-235.587530
252.626015	73.608767	-235.873118
252.938484	73.404930	-236.164866
253.257551	73.196789	-236.462774
253.583216	72.984344	-236.766842
253.730744	72.888105	-236.904587
253.884869	72.787562	-237.048491
254.045592	72.682716	-237.198556
254.212913	72.573565	-237.354781
254.386832	72.460110	-237.517166
254.567348	72.342352	-237.685712
254.754462	72.220290	-237.860417
254.948174	72.093923	-238.041283
255.148483	71.963253	-238.228308
255.355390	71.828279	-238.421494
255.568894	71.689000	-238.620840
255.788996	71.545418	-238.826346
256.015696	71.397532	-239.038012
256.248993	71.245342	-239.255839
256.488888	71.088849	-239.479825
256.735381	70.928051	-239.709972
