11.991115	206.673907	-38.242048
11.988175	206.586764	-38.238350
11.987965	206.495524	-38.243357
11.990483	206.400188	-38.257068
11.995730	206.300758	-38.279486
12.003705	206.197235	-38.310610
12.014408	206.089620	-38.350441
12.027840	205.977915	-38.398980
12.043999	205.862122	-38.456228
12.062886	205.742241	-38.522186
12.084501	205.618275	-38.596853
12.108843	205.490225	-38.680232
12.135912	205.358093	-38.772322
12.165708	205.221879	-38.873125
12.198231	205.081585	-38.982642
12.233481	204.937213	-39.100872
12.271457	204.788765	-39.227816
12.312160	204.636241	-39.363477
12.355589	204.479643	-39.507853
12.401745	204.318974	-39.660947
12.450626	204.154233	-39.822758
12.502233	203.985423	-39.993287
12.556565	203.812545	-40.172536
12.613623	203.635601	-40.360504
12.673407	203.454593	-40.557194
12.735916	203.269520	-40.762604
12.801150	203.080386	-40.976737
12.869109	202.887192	-41.199592
12.939793	202.689939	-41.431171
13.013201	202.488628	-41.671474
13.089335	202.283262	-41.920503
13.168193	202.073841	-42.178257
13.249775	201.860367	-42.444737
13.334082	201.642842	-42.719945
13.421113	201.421267	-43.003881
13.510868	201.195644	-43.296546
13.603347	200.965974	-43.597940
13.698550	200.732259	-43.908064
13.796477	200.494500	-44.226919
13.897128	200.252699	-44.554506
14.000502	200.006857	-44.890825
14.106600	199.756976	-45.235877
14.215422	199.503057	-45.589662
14.326967	199.245103	-45.952183
14.441236	198.983113	-46.323439
14.558228	198.717091	-46.703430
14.677944	198.447037	-47.092159
14.800383	198.172953	-47.489625
14.855481	198.050524	-47.668441
14.913303	197.924068	-47.855996
14.973847	197.793584	-48.052290
15.037115	197.659074	-48.257323
15.103106	197.520538	-48.471096
15.171821	197.377978	-48.693608
15.243258	197.231393	-48.924860
15.317419	197.080784	-49.164853
15.394303	196.926153	-49.413586
15.473910	196.767499	-49.671061
15.556241	196.604824	-49.937277
15.641294	196.438128	-50.212234
15.729071	196.267412	-50.495934
15.819571	196.092676	-50.788376
15.912794	195.913922	-51.089560
16.008740	195.731149	-51.399488
16.107409	195.544359	-51.718159
16.208802	195.353553	-52.045573
16.312917	195.158730	-52.381731
16.419756	194.959892	-52.726634
16.529318	194.757040	-53.080281
16.641603	194.550174	-53.442673
16.756612	194.339294	-53.813810
16.874343	194.124402	-54.193693
16.994798	193.905498	-54.582322
17.117976	193.682583	-54.979697
17.243877	193.455658	-55.385818
17.372502	193.224723	-55.800686
17.431020	193.120050	-55.989416
17.492262	193.011369	-56.186894
17.556227	192.898679	-56.393119
17.622915	192.781981	-56.608092
17.692327	192.661275	-56.831812
17.764462	192.536563	-57.064280
17.839320	192.407843	-57.305496
17.916901	192.275116	-57.555461
17.997206	192.138383	-57.814173
18.080234	191.997644	-58.081634
18.165985	191.852899	-58.357844
18.254460	191.704149	-58.642802
18.345658	191.551393	-58.936509
18.439580	191.394633	-59.238966
18.536225	191.233868	-59.550171
18.635593	191.069100	-59.870125
18.737685	190.900327	-60.198829
18.842500	190.727551	-60.536283
18.950039	190.550772	-60.882486
19.060301	190.369989	-61.237439
19.173286	190.185205	-61.601142
19.288995	189.996418	-61.973596
19.407427	189.803629	-62.354799
19.528583	189.606839	-62.744753
19.652463	189.406047	-63.143458
19.779066	189.201255	-63.550913
19.908392	188.992462	-63.967119
20.040442	188.779669	-64.392076
20.100325	188.683343	-64.584782
20.162931	188.583018	-64.786239
20.228261	188.478693	-64.996447
20.296315	188.370368	-65.215406
20.367092	188.258044	-65.443117
20.440593	188.141721	-65.679580
20.516817	188.021399	-65.924793
20.595765	187.897079	-66.178759
20.677437	187.768759	-66.441476
20.761832	187.636441	-66.712945
20.848951	187.500125	-66.993166
20.938794	187.359810	-67.282139
21.031360	187.215497	-67.579863
21.126650	187.067186	-67.886340
21.224664	186.914877	-68.201568
21.325402	186.758571	-68.525549
21.428863	186.598267	-68.858282
21.535048	186.433966	-69.199768
21.643956	186.265667	-69.550005
21.755589	186.093371	-69.908995
21.869945	185.917079	-70.276738
21.987025	185.736790	-70.653233
22.106828	185.552504	-71.038481
22.229356	185.364221	-71.432481
22.354607	185.171943	-71.835234
22.482582	184.975668	-72.246740
22.613281	184.775397	-72.666999
22.746704	184.571130	-73.096010
22.807163	184.478646	-73.290410
22.870346	184.382166	-73.493564
22.936253	184.281691	-73.705470
23.004884	184.177220	-73.926129
23.076239	184.068754	-74.155541
23.150317	183.956293	-74.393707
23.227119	183.839836	-74.640626
23.306646	183.719384	-74.896297
23.388896	183.594937	-75.160723
23.473870	183.466494	-75.433901
23.561568	183.334057	-75.715833
23.651989	183.197625	-76.006518
23.745135	183.057198	-76.305956
23.841005	182.912776	-76.614148
23.939598	182.764359	-76.931093
24.040916	182.611947	-77.256792
24.144957	182.455541	-77.591244
24.251722	182.295141	-77.934450
24.361212	182.130746	-78.286409
24.473425	181.962357	-78.647121
24.588362	181.789973	-79.016588
24.706023	181.613595	-79.394808
24.826408	181.433223	-79.781781
24.949517	181.248856	-80.177509
25.075350	181.060496	-80.581990
25.203907	180.868142	-80.995225
25.335188	180.671794	-81.417213
25.469192	180.471451	-81.847955
25.529903	180.380722	-82.043102
25.593338	180.285998	-82.247003
25.659497	180.187280	-82.459657
25.728380	180.084569	-82.681066
25.799987	179.977865	-82.911228
25.874318	179.867166	-83.150144
25.951373	179.752475	-83.397814
26.031152	179.633789	-83.654238
26.113654	179.511110	-83.919416
26.198881	179.384438	-84.193348
26.286832	179.253772	-84.476034
26.377507	179.119113	-84.767474
26.470906	178.980460	-85.067668
26.567029	178.837814	-85.376616
26.665876	178.691175	-85.694318
26.767448	178.540542	-86.020774
26.871743	178.385917	-86.355984
26.978762	178.227297	-86.699948
27.088505	178.064685	-87.052667
27.200972	177.898080	-87.414139
27.316164	177.727481	-87.784365
27.434079	177.552890	-88.163346
27.554719	177.374305	-88.551081
27.678082	177.191728	-88.947570
27.804170	177.005157	-89.352813
27.932981	176.814593	-89.766810
28.064517	176.620037	-90.189561
28.198777	176.421487	-90.621067
28.259599	176.331556	-90.816548
28.323146	176.237631	-91.020784
28.389417	176.139714	-91.233774
28.458412	176.037804	-91.455518
28.530131	175.931902	-91.686016
28.604574	175.822006	-91.925268
28.681741	175.708118	-92.173275
28.761632	175.590237	-92.430036
28.844247	175.468363	-92.695552
28.929587	175.342496	-92.969821
29.017650	175.212637	-93.252845
29.108438	175.078785	-93.544623
29.201949	174.940940	-93.845156
29.298185	174.799103	-94.154443
29.397145	174.653273	-94.472484
29.498829	174.503450	-94.799279
29.603237	174.349635	-95.134829
29.710369	174.191827	-95.479133
29.820225	174.030027	-95.832192
29.932806	173.864234	-96.194004
30.048110	173.694448	-96.564571
30.166139	173.520670	-96.943893
30.286891	173.342900	-97.331969
30.410368	173.161137	-97.728799
30.536569	172.975381	-98.134384
30.665494	172.785633	-98.548723
30.797143	172.591892	-98.971816
30.931516	172.394159	-99.403664
30.992389	172.304591	-99.599296
31.055986	172.211030	-99.803683
31.122307	172.113477	-100.016824
31.191352	172.011931	-100.238720
31.263121	171.906393	-100.469370
31.337614	171.796863	-100.708774
31.414832	171.683340	-100.956933
31.494773	171.565824	-101.213846
31.577439	171.444317	-101.479514
31.662829	171.318817	-101.753936
31.750943	171.189324	-102.037113
31.841781	171.055840	-102.329044
31.935343	170.918362	-102.629729
32.031629	170.776893	-102.939169
32.130640	170.631431	-103.257363
32.232374	170.481977	-103.584312
32.336833	170.328531	-103.920015
32.444016	170.171092	-104.264473
32.553923	170.009661	-104.617685
32.666554	169.844237	-104.979652
32.781909	169.674821	-105.350373
32.899989	169.501413	-105.729848
33.020792	169.324013	-106.118079
33.144320	169.142621	-106.515063
33.270571	168.957236	-106.920802
33.399547	168.767859	-107.335295
33.531247	168.574489	-107.758543
33.665671	168.377128	-108.190546
33.726567	168.287724	-108.386247
33.790186	168.194329	-108.590702
33.856530	168.096941	-108.803912
33.925597	167.995561	-109.025876
33.997389	167.890189	-109.256595
34.071905	167.780824	-109.496068
34.149145	167.667468	-109.744296
34.229110	167.550119	-110.001278
34.311798	167.428777	-110.267015
34.397211	167.303444	-110.541506
34.485347	167.174119	-110.824752
34.576208	167.040801	-111.116752
34.669793	166.903491	-111.417507
34.766102	166.762189	-111.727016
34.865135	166.616894	-112.045280
34.966893	166.467608	-112.372298
35.071374	166.314329	-112.708071
35.178580	166.157058	-113.052599
35.288510	165.995795	-113.405880
35.401164	165.830540	-113.767917
35.516542	165.661292	-114.138708
35.634644	165.488052	-114.518253
35.755471	165.310820	-114.906553
35.879021	165.129596	-115.303607
36.005296	164.944380	-115.709416
36.134295	164.755172	-116.123980
36.266018	164.561971	-116.547298
36.400465	164.364779	-116.979370
36.461370	164.275451	-117.175102
36.525000	164.182130	-117.379589
36.591354	164.084818	-117.592830
36.660432	163.983513	-117.814825
36.732234	163.878216	-118.045575
36.806760	163.768927	-118.285080
36.884010	163.655646	-118.533339
36.963985	163.538373	-118.790353
37.046684	163.417107	-119.056121
37.132106	163.291850	-119.330644
37.220253	163.162600	-119.613921
37.311124	163.029358	-119.905953
37.404720	162.892125	-120.206739
37.501039	162.750898	-120.516280
37.600083	162.605680	-120.834575
37.701850	162.456470	-121.161625
37.806342	162.303267	-121.497429
37.913558	162.146073	-121.841988
38.023498	161.984886	-122.195302
38.136163	161.819707	-122.557370
38.251551	161.650536	-122.928193
38.369664	161.477373	-123.307770
38.490501	161.300218	-123.696101
38.614061	161.119071	-124.093188
38.740347	160.933931	-124.499028
38.869356	160.744800	-124.913624
39.001089	160.551676	-125.336974
39.135547	160.354560	-125.769078
39.196457	160.265266	-125.964824
39.260091	160.171980	-126.169325
39.326449	160.074702	-126.382580
39.395532	159.973431	-126.604590
39.467339	159.868169	-126.835354
39.541870	159.758914	-127.074873
39.619125	159.645668	-127.323146
39.699104	159.528429	-127.580174
39.781807	159.407198	-127.845956
39.867235	159.281975	-128.120493
39.955386	159.152760	-128.403785
40.046262	159.019553	-128.695831
40.139862	158.882353	-128.996632
40.236186	158.741162	-129.306187
40.335234	158.595978	-129.624497
40.437007	158.446803	-129.951561
40.541503	158.293635	-130.287380
40.648724	158.136475	-130.631953
40.758669	157.975323	-130.985281
40.871338	157.810179	-131.347364
40.986731	157.641043	-131.718201
41.104848	157.467915	-132.097792
41.225690	157.290794	-132.486138
41.349255	157.109682	-132.883239
41.475545	156.924577	-133.289094
41.604559	156.735481	-133.703704
41.736297	156.542392	-134.127068
41.870759	156.345311	-134.559187
41.931671	156.256033	-134.754940
41.995308	156.162762	-134.959447
42.061668	156.065500	-135.172709
42.130753	155.964245	-135.394725
42.202562	155.858998	-135.625495
42.277095	155.749759	-135.865021
42.354352	155.636528	-136.113301
42.434333	155.519305	-136.370335
42.517039	155.398090	-136.636124
42.602468	155.272882	-136.910667
42.690622	155.143683	-137.193966
42.781500	155.010491	-137.486018
42.875102	154.873308	-137.786825
42.971428	154.732132	-138.096387
43.070478	154.586964	-138.414703
43.172253	154.437805	-138.741774
43.276752	154.284653	-139.077600
43.383974	154.127509	-139.422180
43.493921	153.966373	-139.775514
43.606593	153.801244	-140.137603
43.721988	153.632124	-140.508447
43.840107	153.459012	-140.888045
43.960951	153.281907	-141.276398
44.084519	153.100811	-141.673505
44.210810	152.915722	-142.079367
44.339826	152.726642	-142.493983
44.471567	152.533569	-142.917354
44.606031	152.336504	-143.349480
44.666944	152.247233	-143.545235
44.730582	152.153969	-143.749745
44.796943	152.056714	-143.963010
44.866029	151.955466	-144.185029
44.937838	151.850226	-144.415802
45.012372	151.740994	-144.655331
45.089630	151.627770	-144.903614
45.169613	151.510554	-145.160651
45.252319	151.389346	-145.426443
45.337750	151.264146	-145.700989
45.425904	151.134954	-145.984290
45.516783	151.001770	-146.276346
45.610386	150.864593	-146.577156
45.706713	150.723425	-146.886721
45.805765	150.578264	-147.205040
45.907540	150.429112	-147.532114
46.012040	150.275967	-147.867942
46.119264	150.118830	-148.212525
46.229211	149.957701	-148.565863
46.341884	149.792580	-148.927955
46.457280	149.623467	-149.298801
46.575400	149.450362	-149.678403
46.696245	149.273265	-150.066758
46.819813	149.092176	-150.463869
46.946106	148.907094	-150.869733
47.075123	148.718021	-151.284353
47.206864	148.524955	-151.707727
47.341330	148.327898	-152.139855
47.402243	148.238630	-152.335612
47.465881	148.145369	-152.540123
47.532243	148.048117	-152.753389
47.601329	147.946873	-152.975410
47.673139	147.841636	-153.206185
47.747674	147.732408	-153.445714
47.824932	147.619187	-153.693999
47.904915	147.501974	-153.951037
47.987622	147.380769	-154.216831
48.073053	147.255572	-154.491378
48.161208	147.126384	-154.774681
48.252087	146.993202	-155.066738
48.345691	146.856029	-155.367549
48.442018	146.714864	-155.677115
48.541070	146.569707	-155.995436
48.642846	146.420558	-156.322511
48.747346	146.267416	-156.658341
48.854570	146.110283	-157.002925
48.964518	145.949157	-157.356264
49.077191	145.784039	-157.718357
49.192588	145.614930	-158.089205
49.310709	145.441828	-158.468808
49.431554	145.264734	-158.857165
49.555123	145.083648	-159.254277
49.681416	144.898570	-159.660143
49.810433	144.709500	-160.074764
49.942175	144.516438	-160.498139
50.076641	144.319383	-160.930269
50.137555	144.230117	-161.126026
50.201193	144.136858	-161.330538
50.267555	144.039607	-161.543805
50.336641	143.938364	-161.765826
50.408451	143.833129	-161.996602
50.482986	143.723902	-162.236132
50.560245	143.610683	-162.484417
50.640227	143.493472	-162.741456
50.722935	143.372268	-163.007250
50.808366	143.247073	-163.281798
50.896521	143.117885	-163.565101
50.987401	142.984706	-163.857159
51.081004	142.847534	-164.157971
51.177332	142.706371	-164.467538
51.276384	142.561215	-164.785859
51.378160	142.412067	-165.112935
51.482660	142.258927	-165.448765
51.589885	142.101795	-165.793350
51.699833	141.940671	-166.146689
51.812506	141.775555	-166.508783
51.927903	141.606447	-166.879632
52.046024	141.433346	-167.259235
52.166869	141.256254	-167.647593
52.290438	141.075169	-168.044705
52.416732	140.890093	-168.450572
52.545750	140.701024	-168.865193
52.677491	140.507964	-169.288569
52.811957	140.310911	-169.720700
52.872871	140.221645	-169.916458
52.936509	140.128387	-170.120970
53.002872	140.031136	-170.334237
53.071958	139.929894	-170.556258
53.143768	139.824660	-170.787034
53.218303	139.715433	-171.026564
53.295562	139.602215	-171.274850
53.375545	139.485004	-171.531889
53.458252	139.363802	-171.797683
53.543683	139.238607	-172.072232
53.631839	139.109420	-172.355535
53.722718	138.976241	-172.647593
53.816322	138.839070	-172.948406
53.912650	138.697907	-173.257973
54.011702	138.552752	-173.576294
54.113478	138.403605	-173.903370
54.217978	138.250466	-174.239201
54.325203	138.093335	-174.583786
54.435152	137.932211	-174.937126
54.547824	137.767096	-175.299220
54.663221	137.597988	-175.670069
54.781343	137.424889	-176.049672
54.902188	137.247797	-176.438030
55.025757	137.066713	-176.835143
55.152051	136.881637	-177.241010
55.281069	136.692569	-177.655632
55.412810	136.499509	-178.079008
55.547277	136.302457	-178.511139
55.608190	136.213192	-178.706897
55.671829	136.119934	-178.911409
55.738191	136.022684	-179.124676
55.807277	135.921442	-179.346698
55.879088	135.816208	-179.577474
55.953622	135.706982	-179.817004
56.030881	135.593764	-180.065289
56.110864	135.476553	-180.322329
56.193571	135.355351	-180.588123
56.279003	135.230157	-180.862672
56.367158	135.100970	-181.145976
56.458038	134.967792	-181.438034
56.551642	134.830621	-181.738846
56.647970	134.689458	-182.048413
56.747022	134.544304	-182.366735
56.848798	134.395157	-182.693811
56.953298	134.242018	-183.029642
57.060523	134.084887	-183.374227
57.170472	133.923764	-183.727567
57.283144	133.758649	-184.089662
57.398541	133.589541	-184.460511
57.516663	133.416442	-184.840114
57.637508	133.239351	-185.228472
57.761077	133.058267	-185.625585
57.887371	132.873192	-186.031452
58.016389	132.684124	-186.446074
58.148131	132.491064	-186.869451
58.282597	132.294013	-187.301582
58.343511	132.204747	-187.497339
58.407149	132.111489	-187.701852
58.473511	132.014240	-187.915119
58.542598	131.912998	-188.137140
58.614408	131.807764	-188.367916
58.688943	131.698538	-188.607447
58.766202	131.585320	-188.855732
58.846185	131.468110	-189.112772
58.928892	131.346908	-189.378567
59.014323	131.221713	-189.653115
59.102479	131.092527	-189.936419
59.193358	130.959349	-190.228477
59.286962	130.822178	-190.529290
59.383290	130.681016	-190.838857
59.482342	130.535861	-191.157178
59.584118	130.386714	-191.484255
59.688619	130.233575	-191.820086
59.795843	130.076445	-192.164671
59.905792	129.915322	-192.518011
60.018465	129.750207	-192.880105
60.133862	129.581100	-193.250954
60.251983	129.408000	-193.630558
60.372829	129.230909	-194.018916
60.496398	129.049826	-194.416029
60.622692	128.864751	-194.821896
60.751710	128.675683	-195.236518
60.883452	128.482624	-195.659895
61.017918	128.285572	-196.092026
61.078832	128.196306	-196.287784
61.142470	128.103049	-196.492296
61.208832	128.005799	-196.705563
61.277918	127.904557	-196.927585
61.349729	127.799324	-197.158361
61.424264	127.690098	-197.397892
61.501523	127.576880	-197.646177
61.581506	127.459670	-197.903217
61.664213	127.338467	-198.169011
61.749644	127.213273	-198.443560
61.837800	127.084087	-198.726863
61.928679	126.950909	-199.018922
62.022283	126.813738	-199.319734
62.118611	126.672576	-199.629301
62.217663	126.527421	-199.947623
62.319439	126.378275	-200.274699
62.423940	126.225136	-200.610530
62.531164	126.068005	-200.955116
62.641113	125.906882	-201.308456
62.753786	125.741767	-201.670550
62.869183	125.572660	-202.041399
62.987304	125.399561	-202.421003
63.108150	125.222470	-202.809361
63.231719	125.041387	-203.206474
63.358013	124.856311	-203.612341
63.487031	124.667244	-204.026963
63.618773	124.474185	-204.450340
63.753239	124.277133	-204.882471
63.814153	124.187868	-205.078229
63.877791	124.094610	-205.282741
63.944153	123.997360	-205.496008
64.013239	123.896119	-205.718030
64.085050	123.790885	-205.948806
64.159585	123.681659	-206.188337
64.236844	123.568441	-206.436622
64.316827	123.451231	-206.693662
64.399534	123.330029	-206.959456
64.484965	123.204835	-207.234005
64.573121	123.075648	-207.517309
64.664000	122.942470	-207.809367
64.757604	122.805300	-208.110179
64.853932	122.664137	-208.419746
64.952984	122.518983	-208.738068
65.054761	122.369836	-209.065145
65.159261	122.216697	-209.400975
65.266486	122.059567	-209.745561
65.376434	121.898444	-210.098901
65.489107	121.733329	-210.460995
65.604504	121.564222	-210.831845
65.722625	121.391123	-211.211448
65.843471	121.214032	-211.599806
65.967040	121.032949	-211.996919
66.093334	120.847873	-212.402787
66.222352	120.658806	-212.817409
66.354094	120.465747	-213.240785
66.488560	120.268695	-213.672916
66.549474	120.179430	-213.868674
66.613112	120.086172	-214.073186
66.679474	119.988922	-214.286454
66.748561	119.887681	-214.508475
66.820371	119.782447	-214.739251
66.894906	119.673221	-214.978782
66.972165	119.560003	-215.227067
67.052148	119.442793	-215.484107
67.134855	119.321591	-215.749902
67.220286	119.196397	-216.024450
67.308442	119.067211	-216.307754
67.399322	118.934032	-216.599812
67.492925	118.796862	-216.900625
67.589253	118.655699	-217.210192
67.688305	118.510545	-217.528514
67.790082	118.361398	-217.855590
67.894582	118.208260	-218.191421
68.001807	118.051129	-218.536006
68.111755	117.890006	-218.889346
68.224428	117.724891	-219.251441
68.339825	117.555784	-219.622290
68.457947	117.382685	-220.001894
68.578792	117.205594	-220.390252
68.702362	117.024511	-220.787365
68.828655	116.839436	-221.193232
68.957673	116.650368	-221.607854
69.089415	116.457309	-222.031231
69.223881	116.260257	-222.463362
69.284795	116.170992	-222.659120
69.348433	116.077734	-222.863632
69.414795	115.980485	-223.076899
69.483882	115.879243	-223.298921
69.555692	115.774009	-223.529697
69.630227	115.664783	-223.769228
69.707486	115.551565	-224.017513
69.787469	115.434355	-224.274553
69.870176	115.313153	-224.540347
69.955608	115.187959	-224.814896
70.043763	115.058773	-225.098200
70.134643	114.925595	-225.390258
70.228247	114.788424	-225.691070
70.324575	114.647262	-226.000637
70.423627	114.502107	-226.318959
70.525403	114.352961	-226.646036
70.629903	114.199822	-226.981866
70.737128	114.042691	-227.326452
70.847077	113.881568	-227.679792
70.959750	113.716454	-228.041886
71.075147	113.547347	-228.412736
71.193268	113.374248	-228.792339
71.314113	113.197156	-229.180698
71.437683	113.016073	-229.577810
71.563976	112.830998	-229.983678
71.692994	112.641931	-230.398300
71.824736	112.448871	-230.821676
71.959202	112.251820	-231.253807
72.020116	112.162554	-231.449565
72.083754	112.069297	-231.654078
72.150117	111.972047	-231.867345
72.219203	111.870805	-232.089366
72.291014	111.765572	-232.320142
72.365548	111.656346	-232.559673
72.442807	111.543128	-232.807958
72.522790	111.425918	-233.064998
72.605498	111.304716	-233.330793
72.690929	111.179522	-233.605342
72.779084	111.050335	-233.888645
72.869964	110.917157	-234.180703
72.963568	110.779987	-234.481516
73.059896	110.638824	-234.791083
73.158948	110.493670	-235.109405
73.260724	110.344523	-235.436481
73.365225	110.191385	-235.772312
73.472449	110.034254	-236.116897
73.582398	109.873131	-236.470237
73.695071	109.708016	-236.832332
73.810468	109.538909	-237.203181
73.928589	109.365810	-237.582785
74.049435	109.188719	-237.971143
74.173004	109.007636	-238.368256
74.299298	108.822561	-238.774123
74.428316	108.633493	-239.188745
74.560058	108.440434	-239.612122
74.694524	108.243382	-240.044253
74.755438	108.154117	-240.240011
74.819076	108.060859	-240.444523
74.885438	107.963610	-240.657790
74.954524	107.862368	-240.879812
75.026335	107.757134	-241.110588
75.100870	107.647908	-241.350119
75.178129	107.534691	-241.598404
75.258112	107.417481	-241.855444
75.340819	107.296278	-242.121238
75.426250	107.171084	-242.395787
75.514406	107.041898	-242.679091
75.605285	106.908720	-242.971149
75.698889	106.771549	-243.271961
75.795217	106.630387	-243.581529
75.894269	106.485232	-243.899850
75.996045	106.336086	-244.226927
76.100546	106.182947	-244.562758
76.207771	106.025816	-244.907343
76.317719	105.864694	-245.260683
76.430392	105.699579	-245.622778
76.545789	105.530472	-245.993627
76.663910	105.357373	-246.373231
76.784756	105.180282	-246.761589
76.908325	104.999199	-247.158702
77.034619	104.814123	-247.564569
77.163637	104.625056	-247.979191
77.295379	104.431997	-248.402567
77.429845	104.234945	-248.834698
77.490759	104.145680	-249.030456
77.554397	104.052422	-249.234969
77.620759	103.955172	-249.448236
77.689846	103.853931	-249.670257
77.761656	103.748697	-249.901034
77.836191	103.639471	-250.140564
77.913450	103.526253	-250.388850
77.993433	103.409043	-250.645889
78.076140	103.287841	-250.911684
78.161571	103.162647	-251.186233
78.249727	103.033461	-251.469536
78.340607	102.900282	-251.761594
78.434210	102.763112	-252.062407
78.530538	102.621950	-252.371974
78.629590	102.476795	-252.690296
78.731367	102.327648	-253.017372
78.835867	102.174510	-253.353203
78.943092	102.017379	-253.697789
79.053041	101.856256	-254.051129
79.165713	101.691141	-254.413223
79.281110	101.522034	-254.784072
79.399232	101.348935	-255.163676
79.520077	101.171844	-255.552034
79.643647	100.990761	-255.949147
79.769940	100.805686	-256.355015
79.898958	100.616619	-256.769637
80.030700	100.423559	-257.193013
80.165166	100.226508	-257.625144
80.226080	100.137242	-257.820902
80.289718	100.043985	-258.025414
80.356080	99.946735	-258.238681
80.425167	99.845493	-258.460703
80.496977	99.740260	-258.691479
80.571512	99.631034	-258.931010
80.648771	99.517816	-259.179295
80.728754	99.400606	-259.436335
80.811461	99.279404	-259.702130
80.896893	99.154210	-259.976678
80.985048	99.025023	-260.259982
81.075928	98.891845	-260.552040
81.169532	98.754675	-260.852853
81.265860	98.613512	-261.162420
81.364912	98.468358	-261.480742
81.466688	98.319211	-261.807818
81.571188	98.166072	-262.143649
81.678413	98.008942	-262.488234
81.788362	97.847819	-262.841574
81.901035	97.682704	-263.203669
82.016432	97.513597	-263.574518
82.134553	97.340498	-263.954122
82.255398	97.163407	-264.342480
82.378968	96.982324	-264.739593
82.505261	96.797249	-265.145460
82.634279	96.608181	-265.560082
82.766021	96.415122	-265.983459
82.900487	96.218070	-266.415590
82.961401	96.128805	-266.611348
83.025039	96.035547	-266.815860
83.091402	95.938298	-267.029127
83.160488	95.837056	-267.251149
83.232299	95.731822	-267.481925
83.306833	95.622596	-267.721456
83.384092	95.509378	-267.969741
83.464075	95.392168	-268.226781
83.546783	95.270966	-268.492575
83.632214	95.145772	-268.767124
83.720369	95.016586	-269.050428
83.811249	94.883408	-269.342486
83.904853	94.746237	-269.643298
84.001181	94.605075	-269.952866
84.100233	94.459920	-270.271187
84.202009	94.310774	-270.598264
84.306510	94.157635	-270.934095
84.413734	94.000504	-271.278680
84.523683	93.839382	-271.632020
84.636356	93.674267	-271.994115
84.751753	93.505160	-272.364964
84.869874	93.332061	-272.744567
84.990720	93.154970	-273.132926
85.114289	92.973886	-273.530038
85.240583	92.788811	-273.935906
85.369601	92.599744	-274.350528
85.501343	92.406684	-274.773904
85.635809	92.209633	-275.206035
85.696723	92.120368	-275.401793
85.760361	92.027110	-275.606306
85.826723	91.929860	-275.819573
85.895809	91.828619	-276.041594
85.967620	91.723385	-276.272371
86.042155	91.614159	-276.511901
86.119414	91.500941	-276.760187
86.199397	91.383731	-277.017226
86.282104	91.262529	-277.283021
86.367535	91.137335	-277.557570
86.455691	91.008149	-277.840873
86.546570	90.874970	-278.132931
86.640174	90.737800	-278.433744
86.736502	90.596638	-278.743311
86.835554	90.451483	-279.061633
86.937331	90.302336	-279.388709
87.041831	90.149198	-279.724540
87.149056	89.992067	-280.069126
87.259004	89.830944	-280.422466
87.371677	89.665829	-280.784560
87.487074	89.496722	-281.155409
87.605195	89.323623	-281.535013
87.726041	89.146532	-281.923371
87.849610	88.965449	-282.320484
87.975904	88.780374	-282.726351
88.104922	88.591307	-283.140973
88.236664	88.398247	-283.564350
88.371130	88.201196	-283.996481
88.432044	88.111930	-284.192239
88.495682	88.018673	-284.396751
88.562044	87.921423	-284.610018
88.631131	87.820181	-284.832040
88.702941	87.714948	-285.062816
88.777476	87.605722	-285.302347
88.854735	87.492504	-285.550632
88.934718	87.375294	-285.807672
89.017425	87.254092	-286.073466
89.102856	87.128898	-286.348015
89.191012	86.999711	-286.631319
89.281892	86.866533	-286.923377
89.375495	86.729363	-287.224190
89.471823	86.588200	-287.533757
89.570876	86.443046	-287.852079
89.672652	86.293899	-288.179155
89.777152	86.140760	-288.514986
89.884377	85.983630	-288.859571
89.994326	85.822507	-289.212911
90.106998	85.657392	-289.575006
90.222396	85.488285	-289.945855
90.340517	85.315186	-290.325459
90.461362	85.138095	-290.713817
90.584932	84.957012	-291.110930
90.711225	84.771937	-291.516797
90.840243	84.582869	-291.931419
90.971985	84.389810	-292.354796
91.106451	84.192758	-292.786927
91.167365	84.103493	-292.982685
91.231003	84.010235	-293.187197
91.297366	83.912986	-293.400464
91.366452	83.811744	-293.622486
91.438263	83.706510	-293.853262
91.512797	83.597284	-294.092793
91.590056	83.484066	-294.341078
91.670039	83.366856	-294.598118
91.752746	83.245654	-294.863912
91.838178	83.120460	-295.138461
91.926333	82.991274	-295.421765
92.017213	82.858096	-295.713823
92.110817	82.720925	-296.014635
92.207145	82.579763	-296.324203
92.306197	82.434608	-296.642524
92.407973	82.285462	-296.969601
92.512474	82.132323	-297.305431
92.619698	81.975192	-297.650017
92.729647	81.814070	-298.003357
92.842320	81.648955	-298.365452
92.957717	81.479848	-298.736301
93.075838	81.306749	-299.115904
93.196683	81.129658	-299.504263
93.320253	80.948574	-299.901375
93.446547	80.763499	-300.307243
93.575564	80.574432	-300.721865
93.707306	80.381372	-301.145241
93.841772	80.184321	-301.577372
93.902686	80.095055	-301.773130
93.966325	80.001798	-301.977643
94.032687	79.904548	-302.190910
94.101773	79.803307	-302.412931
94.173584	79.698073	-302.643707
94.248119	79.588847	-302.883238
94.325377	79.475629	-303.131523
94.405360	79.358419	-303.388563
94.488068	79.237217	-303.654358
94.573499	79.112023	-303.928907
94.661655	78.982837	-304.212210
94.752534	78.849658	-304.504268
94.846138	78.712488	-304.805081
94.942466	78.571326	-305.114648
95.041518	78.426171	-305.432970
95.143294	78.277024	-305.760046
95.247795	78.123886	-306.095877
95.355019	77.966755	-306.440463
95.464968	77.805632	-306.793803
95.577641	77.640517	-307.155897
95.693038	77.471410	-307.526746
95.811159	77.298311	-307.906350
95.932005	77.121220	-308.294708
96.055574	76.940137	-308.691821
96.181868	76.755062	-309.097688
96.310886	76.565994	-309.512310
96.442628	76.372935	-309.935687
96.577094	76.175884	-310.367818
96.638008	76.086618	-310.563576
96.701646	75.993361	-310.768088
96.768008	75.896111	-310.981355
96.837095	75.794869	-311.203377
96.908905	75.689635	-311.434153
96.983440	75.580410	-311.673684
97.060699	75.467192	-311.921969
97.140682	75.349982	-312.179009
97.223389	75.228780	-312.444803
97.308820	75.103585	-312.719352
97.396976	74.974399	-313.002656
97.487855	74.841221	-313.294714
