49.875181	227.621179	43.809157
49.929754	227.539891	43.834393
49.990981	227.453957	43.865472
50.058863	227.363377	43.902391
50.133404	227.268151	43.945149
50.214604	227.168281	43.993745
50.302465	227.063766	44.048177
50.396990	226.954609	44.108444
50.498180	226.840810	44.174543
50.606036	226.722369	44.246475
50.720561	226.599288	44.324238
50.841757	226.471566	44.407829
50.969625	226.339207	44.497249
51.104166	226.202209	44.592495
51.245383	226.060573	44.693565
51.393278	225.914302	44.800460
51.547852	225.763394	44.913177
51.709106	225.607852	45.031715
51.877044	225.447676	45.156073
52.051665	225.282867	45.286249
52.232973	225.113426	45.422242
52.420969	224.939353	45.564051
52.615654	224.760650	45.711674
52.817030	224.577316	45.865111
53.025099	224.389354	46.024359
53.239863	224.196764	46.189418
53.461323	223.999546	46.360287
53.689480	223.797702	46.536963
53.924337	223.591232	46.719447
54.165895	223.380137	46.907736
54.414156	223.164419	47.101830
54.669121	222.944077	47.301727
54.930793	222.719113	47.507427
55.199171	222.489528	47.718928
55.474259	222.255322	47.936228
55.756057	222.016496	48.159327
56.044567	221.773052	48.388224
56.339792	221.524989	48.622917
56.641731	221.272309	48.863406
56.950387	221.015013	49.109689
57.265761	220.753101	49.361766
57.587855	220.486575	49.619634
57.734568	220.365596	49.737276
57.888003	220.240004	49.860708
58.048160	220.109799	49.989930
58.215040	219.974981	50.124943
58.388644	219.835551	50.265744
58.568973	219.691509	50.412335
58.756027	219.542855	50.564714
58.949806	219.389591	50.722882
59.150312	219.231715	50.886837
59.357545	219.069230	51.056579
59.571505	218.902134	51.232108
59.792194	218.730429	51.413424
60.019612	218.554115	51.600525
60.253759	218.373192	51.793412
60.494637	218.187661	51.992084
60.742245	217.997522	52.196541
60.996585	217.802775	52.406782
61.257656	217.603421	52.622808
61.525460	217.399460	52.844616
61.799998	217.190893	53.072208
62.081269	216.977719	53.305583
62.369274	216.759940	53.544740
62.664015	216.537556	53.789679
62.965491	216.310567	54.040400
63.273703	216.078974	54.296902
63.588652	215.842776	54.559186
63.910338	215.601975	54.827249
64.238762	215.356570	55.101093
64.387752	215.245435	55.225395
64.543480	215.129696	55.355476
64.705948	215.009355	55.491337
64.875154	214.884412	55.632977
65.051100	214.754866	55.780396
65.233786	214.620719	55.933595
65.423212	214.481969	56.092573
65.619378	214.338619	56.257329
65.822284	214.190666	56.427865
66.031931	214.038113	56.604179
66.248319	213.880958	56.786271
66.471447	213.719203	56.974142
66.701318	213.552847	57.167791
66.937930	213.381890	57.367218
67.181283	213.206333	57.572422
67.431379	213.026176	57.783405
67.688217	212.841418	58.000165
67.951798	212.652061	58.222703
68.222122	212.458105	58.451018
68.499188	212.259549	58.685111
68.782998	212.056393	58.924980
69.073551	211.848639	59.170627
69.370848	211.636286	59.422050
69.674889	211.419334	59.679250
69.985675	211.197783	59.942227
70.303204	210.971634	60.210981
70.627478	210.740887	60.485510
70.958497	210.505542	60.765817
71.108504	210.398980	60.892870
71.265255	210.287820	61.025700
71.428752	210.172062	61.164306
71.598994	210.051707	61.308688
71.775981	209.926755	61.458845
71.959714	209.797205	61.614779
72.150193	209.663057	61.776489
72.347418	209.524313	61.943974
72.551388	209.380971	62.117236
72.762104	209.233033	62.296273
72.979566	209.080497	62.481086
73.203775	208.923365	62.671674
73.434730	208.761636	62.868038
73.672431	208.595310	63.070178
73.916878	208.424387	63.278093
74.168072	208.248868	63.491784
74.426013	208.068752	63.711250
74.690700	207.884040	63.936492
74.962134	207.694732	64.167509
75.240315	207.500828	64.404301
75.525243	207.302327	64.646869
75.816918	207.099231	64.895212
76.115340	206.891538	65.149330
76.420510	206.679250	65.409223
76.732426	206.462366	65.674891
77.051091	206.240886	65.946335
77.376502	206.014810	66.223553
77.708662	205.784139	66.506547
77.859147	205.679674	66.634769
78.016380	205.570612	66.768767
78.180362	205.456956	66.908539
78.351090	205.338704	67.054086
78.528567	205.215857	67.205409
78.712792	205.088415	67.362506
78.903764	204.956377	67.525378
79.101485	204.819744	67.694025
79.305954	204.678516	67.868446
79.517170	204.532693	68.048643
79.735135	204.382275	68.234615
79.959848	204.227262	68.426361
80.191309	204.067654	68.623882
80.429518	203.903451	68.827178
80.674476	203.734654	69.036249
80.926182	203.561261	69.251094
81.184636	203.383273	69.471714
81.449838	203.200691	69.698109
81.721789	203.013514	69.930279
82.000489	202.821743	70.168223
82.285936	202.625376	70.411942
82.578133	202.424415	70.661436
82.877078	202.218860	70.916705
83.182771	202.008710	71.177748
83.495213	201.793965	71.444566
83.814404	201.574626	71.717158
84.140343	201.350693	71.995525
84.473031	201.122165	72.279667
84.623747	201.018655	72.408394
84.781210	200.910551	72.542896
84.945423	200.797853	72.683172
85.116385	200.680560	72.829223
85.294095	200.558673	72.981049
85.478554	200.432192	73.138649
85.669762	200.301116	73.302024
85.867719	200.165447	73.471173
86.072425	200.025183	73.646097
86.283880	199.880325	73.826796
86.502083	199.730873	74.013269
86.727036	199.576826	74.205516
86.958738	199.418186	74.403538
87.197188	199.254951	74.607335
87.442388	199.087123	74.816906
87.694336	198.914700	75.032252
87.953034	198.737683	75.253373
88.218481	198.556073	75.480267
88.490676	198.369868	75.712937
88.769621	198.179069	75.951381
89.055315	197.983676	76.195599
89.347758	197.783689	76.445592
89.646950	197.579109	76.701360
89.952891	197.369934	76.962902
90.265582	197.156166	77.230219
90.585021	196.937803	77.503310
90.911210	196.714847	77.782175
91.244148	196.487297	78.066815
91.394973	196.384222	78.195763
91.552547	196.276554	78.330485
91.716871	196.164291	78.470981
91.887943	196.047435	78.617252
92.065765	195.925985	78.769297
92.250336	195.799942	78.927117
92.441657	195.669304	79.090712
92.639726	195.534073	79.260081
92.844545	195.394248	79.435224
93.056114	195.249830	79.616142
93.274431	195.100817	79.802834
93.499498	194.947211	79.995301
93.731314	194.789011	80.193542
93.969879	194.626217	80.397558
94.215194	194.458830	80.607349
94.467258	194.286849	80.822913
94.726071	194.110274	81.044253
94.991634	193.929105	81.271366
95.263946	193.743343	81.504255
95.543007	193.552987	81.742917
95.828818	193.358038	81.987355
96.121378	193.158495	82.237566
96.420687	192.954358	82.493552
96.726746	192.745627	82.755313
97.039554	192.532303	83.022848
97.359111	192.314386	83.296158
97.685418	192.091874	83.575242
98.018474	191.864769	83.860100
98.169352	191.761893	83.989145
98.326978	191.654423	84.123963
98.491355	191.542359	84.264556
98.662480	191.425701	84.410924
98.840355	191.304450	84.563066
99.024980	191.178606	84.720983
99.216353	191.048168	84.884674
99.414477	190.913136	85.054139
99.619349	190.773511	85.229379
99.830971	190.629292	85.410394
100.049343	190.480479	85.597183
100.274464	190.327073	85.789746
100.506334	190.169074	85.988084
100.744954	190.006481	86.192196
100.990323	189.839294	86.402083
101.242442	189.667514	86.617744
101.501310	189.491140	86.839180
101.766928	189.310173	87.066390
102.039294	189.124612	87.299375
102.318411	188.934458	87.538134
102.604277	188.739710	87.782668
102.896892	188.540369	88.032976
103.196257	188.336434	88.289058
103.502371	188.127906	88.550915
103.815235	187.914784	88.818547
104.134848	187.697069	89.091953
104.461211	187.474760	89.371133
104.794323	187.247858	89.656088
104.945225	187.145071	89.785175
105.102877	187.037691	89.920036
105.267278	186.925718	90.060672
105.438429	186.809151	90.207083
105.616329	186.687990	90.359267
105.800978	186.562236	90.517227
105.992377	186.431889	90.680961
106.190526	186.296948	90.850469
106.395424	186.157413	91.025751
106.607071	186.013285	91.206809
106.825468	185.864564	91.393640
107.050615	185.711249	91.586246
107.282511	185.553341	91.784627
107.521156	185.390839	91.988782
107.766551	185.223744	92.198711
108.018696	185.052055	92.414415
108.277590	184.875773	92.635894
108.543233	184.694897	92.863147
108.815626	184.509428	93.096174
109.094769	184.319366	93.334976
109.380661	184.124710	93.579552
109.673302	183.925460	93.829903
109.972693	183.721618	94.086028
110.278833	183.513181	94.347928
110.591723	183.300152	94.615602
110.911363	183.082528	94.889051
111.237752	182.860312	95.168274
111.570890	182.633502	95.453272
111.721804	182.530756	95.582378
111.879468	182.423417	95.717258
112.043880	182.311485	95.857913
112.215043	182.194959	96.004342
112.392955	182.073839	96.156546
112.577616	181.948127	96.314524
112.769027	181.817820	96.478277
112.967188	181.682921	96.647804
113.172098	181.543428	96.823106
113.383757	181.399341	97.004182
113.602166	181.250661	97.191032
113.827325	181.097388	97.383657
114.059233	180.939521	97.582057
114.297890	180.777061	97.786231
114.543297	180.610007	97.996179
114.795454	180.438360	98.211902
115.054360	180.262120	98.433400
115.320016	180.081286	98.660672
115.592421	179.895859	98.893718
115.871575	179.705838	99.132539
116.157480	179.511224	99.377134
116.450133	179.312016	99.627504
116.749537	179.108215	99.883648
117.055689	178.899821	100.145567
117.368592	178.686833	100.413260
117.688243	178.469252	100.686728
118.014645	178.247077	100.965970
118.347795	178.020309	101.250986
118.498715	177.917582	101.380101
118.656384	177.810262	101.514990
118.820802	177.698348	101.655653
118.991970	177.581841	101.802091
119.169888	177.460740	101.954303
119.354555	177.335046	102.112290
119.545971	177.204759	102.276051
119.744137	177.069878	102.445586
119.949053	176.930404	102.620896
120.160718	176.786336	102.801981
120.379132	176.637675	102.988840
120.604297	176.484421	103.181474
120.836210	176.326573	103.379882
121.074874	176.164132	103.584064
121.320286	175.997097	103.794021
121.572449	175.825469	104.009752
121.831360	175.649248	104.231258
122.097022	175.468433	104.458539
122.369432	175.283024	104.691593
122.648593	175.093023	104.930423
122.934503	174.898428	105.175026
123.227162	174.699239	105.425405
123.526571	174.495457	105.681557
123.832730	174.287082	105.943485
124.145638	174.074113	106.211186
124.465295	173.856551	106.484662
124.791702	173.634396	106.763913
125.124859	173.407647	107.048938
125.275781	173.304928	107.178056
125.433452	173.197616	107.312949
125.597873	173.085711	107.453616
125.769044	172.969213	107.600057
125.946964	172.848120	107.752273
126.131634	172.722435	107.910264
126.323053	172.592156	108.074029
126.521221	172.457284	108.243568
126.726139	172.317818	108.418882
126.937807	172.173759	108.599970
127.156224	172.025107	108.786833
127.381391	171.871861	108.979470
127.613308	171.714022	109.177882
127.851973	171.551589	109.382068
128.097389	171.384563	109.592029
128.349554	171.212944	109.807764
128.608468	171.036731	110.029274
128.874132	170.855925	110.256558
129.146546	170.670525	110.489617
129.425709	170.480532	110.728450
129.711621	170.285946	110.973057
130.004283	170.086766	111.223439
130.303695	169.882993	111.479596
130.609856	169.674626	111.741527
130.922767	169.461666	112.009232
131.242427	169.244113	112.282712
131.568837	169.021966	112.561967
131.901996	168.795226	112.846995
132.052919	168.692511	112.976115
132.210592	168.585203	113.111009
132.375014	168.473302	113.251678
132.546186	168.356807	113.398121
132.724107	168.235719	113.550339
132.908778	168.110037	113.708331
133.100198	167.979762	113.872098
133.298368	167.844894	114.041639
133.503288	167.705432	114.216954
133.714957	167.561377	114.398045
133.933375	167.412729	114.584909
134.158543	167.259487	114.777548
134.390461	167.101652	114.975961
134.629128	166.939223	115.180149
134.874544	166.772201	115.390112
135.126711	166.600585	115.605849
135.385626	166.424376	115.827360
135.651291	166.243574	116.054646
135.923706	166.058179	116.287706
136.202870	165.868189	116.526541
136.488784	165.673607	116.771150
136.781448	165.474431	117.021534
137.080861	165.270662	117.277692
137.387023	165.062299	117.539625
137.699935	164.849343	117.807332
138.019596	164.631794	118.080813
138.346007	164.409651	118.360070
138.679168	164.182915	118.645100
138.830092	164.080202	118.774221
138.987765	163.972896	118.909116
139.152188	163.860996	119.049785
139.323360	163.744503	119.196229
139.501282	163.623417	119.348448
139.685953	163.497737	119.506440
139.877374	163.367464	119.670208
140.075545	163.232598	119.839750
140.280465	163.093138	120.015066
140.492134	162.949084	120.196157
140.710553	162.800438	120.383022
140.935722	162.647197	120.575662
141.167640	162.489364	120.774076
141.406307	162.326937	120.978265
141.651725	162.159917	121.188228
141.903891	161.988303	121.403966
142.162808	161.812096	121.625478
142.428473	161.631296	121.852764
142.700889	161.445902	122.085825
142.980054	161.255914	122.324661
143.265968	161.061334	122.569271
143.558632	160.862160	122.819655
143.858045	160.658392	123.075814
144.164208	160.450032	123.337748
144.477121	160.237077	123.605456
144.796783	160.019530	123.878938
145.123195	159.797389	124.158195
145.456356	159.570654	124.443226
145.607280	159.467942	124.572347
145.764953	159.360637	124.707242
145.929376	159.248738	124.847912
146.100549	159.132246	124.994356
146.278471	159.011161	125.146575
146.463143	158.885482	125.304569
146.654564	158.755209	125.468336
146.852734	158.620343	125.637878
147.057655	158.480884	125.813195
147.269325	158.336832	125.994286
147.487744	158.188186	126.181152
147.712913	158.034947	126.373792
147.944831	157.877114	126.572206
148.183499	157.714688	126.776396
148.428916	157.547668	126.986359
148.681083	157.376056	127.202097
148.940000	157.199849	127.423609
149.205666	157.019050	127.650896
149.478082	156.833657	127.883958
149.757247	156.643670	128.122794
150.043161	156.449090	128.367404
150.335826	156.249917	128.617789
150.635239	156.046151	128.873948
150.941403	155.837791	129.135882
151.254315	155.624837	129.403590
151.573978	155.407291	129.677073
151.900390	155.185150	129.956330
152.233551	154.958417	130.241362
152.384475	154.855705	130.370483
152.542149	154.748400	130.505378
152.706572	154.636502	130.646048
152.877745	154.520010	130.792493
153.055667	154.398925	130.944712
153.240339	154.273246	131.102705
153.431760	154.142974	131.266473
153.629931	154.008109	131.436015
153.834851	153.868650	131.611332
154.046521	153.724598	131.792423
154.264940	153.575952	131.979289
154.490109	153.422714	132.171929
154.722028	153.264881	132.370344
154.960696	153.102456	132.574533
155.206114	152.935436	132.784497
155.458281	152.763824	133.000235
155.717197	152.587618	133.221748
155.982863	152.406819	133.449035
156.255279	152.221426	133.682096
156.534444	152.031440	133.920932
156.820359	151.836861	134.165543
157.113024	151.637688	134.415928
157.412437	151.433922	134.672087
157.718601	151.225562	134.934021
158.031514	151.012609	135.201730
158.351176	150.795063	135.475212
158.677588	150.572923	135.754470
159.010750	150.346190	136.039502
159.161674	150.243478	136.168623
159.319348	150.136174	136.303518
159.483771	150.024275	136.444188
159.654944	149.907784	136.590633
159.832866	149.786699	136.742852
160.017538	149.661020	136.900845
160.208959	149.530748	137.064613
160.407130	149.395883	137.234156
160.612050	149.256425	137.409473
160.823720	149.112373	137.590564
161.042140	148.963727	137.777430
161.267309	148.810489	137.970070
161.499227	148.652656	138.168485
161.737895	148.490231	138.372674
161.983313	148.323212	138.582638
162.235480	148.151600	138.798376
162.494397	147.975394	139.019889
162.760063	147.794595	139.247176
163.032479	147.609202	139.480237
163.311644	147.419217	139.719074
163.597559	147.224637	139.963684
163.890224	147.025465	140.214069
164.189637	146.821699	140.470229
164.495801	146.613339	140.732163
164.808714	146.400386	140.999871
165.128376	146.182840	141.273354
165.454788	145.960701	141.552612
165.787950	145.733968	141.837643
165.938874	145.631256	141.966765
166.096548	145.523951	142.101660
166.260971	145.412053	142.242330
166.432144	145.295562	142.388775
166.610066	145.174477	142.540994
166.794738	145.048798	142.698987
166.986160	144.918527	142.862755
167.184330	144.783662	143.032298
167.389251	144.644203	143.207615
167.600921	144.500151	143.388706
167.819340	144.351506	143.575572
168.044509	144.198267	143.768212
168.276428	144.040435	143.966627
168.515096	143.878010	144.170816
168.760514	143.710991	144.380780
169.012681	143.539379	144.596518
169.271598	143.363173	144.818031
169.537264	143.182374	145.045318
169.809680	142.996982	145.278380
170.088845	142.806996	145.517216
170.374760	142.612417	145.761827
170.667424	142.413244	146.012212
170.966838	142.209478	146.268371
171.273002	142.001119	146.530305
171.585915	141.788166	146.798014
171.905577	141.570620	147.071497
172.231990	141.348480	147.350754
172.565151	141.121748	147.635786
172.716075	141.019036	147.764907
172.873749	140.911731	147.899803
173.038172	140.799833	148.040473
173.209345	140.683342	148.186918
173.387267	140.562257	148.339137
173.571939	140.436579	148.497130
173.763361	140.306307	148.660898
173.961532	140.171442	148.830441
174.166452	140.031983	149.005758
174.378122	139.887932	149.186849
174.596542	139.739286	149.373715
174.821711	139.586048	149.566355
175.053629	139.428216	149.764770
175.292297	139.265790	149.968959
175.537715	139.098771	150.178923
175.789882	138.927159	150.394661
176.048799	138.750954	150.616174
176.314465	138.570155	150.843461
176.586881	138.384762	151.076523
176.866046	138.194777	151.315359
177.151961	138.000197	151.559970
177.444626	137.801025	151.810355
177.744040	137.597259	152.066514
178.050203	137.388900	152.328448
178.363116	137.175947	152.596157
178.682779	136.958401	152.869640
179.009191	136.736261	153.148897
179.342353	136.509529	153.433929
179.493277	136.406817	153.563050
179.650950	136.299512	153.697946
179.815374	136.187614	153.838616
179.986547	136.071123	153.985061
180.164469	135.950038	154.137280
180.349141	135.824360	154.295273
180.540562	135.694088	154.459041
180.738733	135.559223	154.628584
180.943654	135.419765	154.803901
181.155324	135.275713	154.984992
181.373743	135.127067	155.171858
181.598912	134.973829	155.364498
181.830831	134.815997	155.562913
182.069499	134.653571	155.767102
182.314917	134.486553	155.977066
182.567084	134.314940	156.192805
182.826001	134.138735	156.414317
183.091667	133.957936	156.641604
183.364083	133.772544	156.874666
183.643248	133.582558	157.113502
183.929163	133.387979	157.358113
184.221827	133.188806	157.608498
184.521241	132.985040	157.864658
184.827405	132.776681	158.126592
185.140318	132.563728	158.394300
185.459980	132.346182	158.667783
185.786392	132.124043	158.947041
186.119554	131.897310	159.232073
186.270478	131.794599	159.361194
186.428152	131.687294	159.496089
186.592575	131.575396	159.636759
186.763748	131.458904	159.783204
186.941670	131.337819	159.935423
187.126342	131.212141	160.093417
187.317764	131.081870	160.257185
187.515935	130.947004	160.426727
187.720855	130.807546	160.602044
187.932525	130.663494	160.783135
188.150945	130.514849	160.970001
188.376114	130.361610	161.162642
188.608032	130.203778	161.361057
188.846700	130.041353	161.565246
189.092118	129.874334	161.775210
189.344285	129.702722	161.990948
189.603202	129.526516	162.212461
189.868868	129.345718	162.439748
190.141284	129.160325	162.672810
190.420450	128.970339	162.911646
190.706365	128.775760	163.156256
190.999029	128.576588	163.406641
191.298443	128.372822	163.662801
191.604606	128.164463	163.924735
191.917519	127.951510	164.192444
192.237182	127.733964	164.465927
192.563594	127.511824	164.745184
192.896756	127.285092	165.030216
193.047680	127.182380	165.159337
193.205354	127.075076	165.294233
193.369777	126.963177	165.434903
193.540950	126.846686	165.581347
193.718872	126.725601	165.733566
193.903544	126.599923	165.891560
194.094965	126.469651	166.055328
194.293136	126.334786	166.224870
194.498057	126.195328	166.400187
194.709727	126.051276	166.581279
194.928146	125.902631	166.768145
195.153315	125.749392	166.960785
195.385234	125.591560	167.159200
195.623902	125.429135	167.363389
195.869320	125.262116	167.573353
196.121487	125.090504	167.789091
196.380404	124.914298	168.010604
196.646070	124.733499	168.237891
196.918486	124.548107	168.470953
197.197651	124.358121	168.709789
197.483566	124.163542	168.954400
197.776231	123.964370	169.204785
198.075645	123.760604	169.460944
198.381808	123.552244	169.722878
198.694721	123.339292	169.990587
199.014384	123.121746	170.264070
199.340796	122.899606	170.543327
199.673957	122.672873	170.828359
199.824882	122.570162	170.957481
199.982555	122.462857	171.092376
200.146979	122.350959	171.233046
200.318151	122.234468	171.379491
200.496074	122.113383	171.531710
200.680746	121.987705	171.689703
200.872167	121.857433	171.853471
201.070338	121.722568	172.023014
201.275258	121.583109	172.198331
201.486928	121.439058	172.379422
201.705348	121.290412	172.566288
201.930517	121.137174	172.758929
202.162436	120.979342	172.957343
202.401104	120.816916	173.161533
202.646522	120.649898	173.371496
202.898689	120.478285	173.587235
203.157606	120.302080	173.808747
203.423272	120.121281	174.036035
203.695688	119.935889	174.269096
203.974853	119.745903	174.507933
204.260768	119.551324	174.752543
204.553432	119.352151	175.002928
204.852846	119.148385	175.259088
205.159010	118.940026	175.521022
205.471923	118.727073	175.788730
205.791585	118.509527	176.062213
206.117997	118.287388	176.341471
206.451159	118.060655	176.626503
206.602083	117.957944	176.755624
206.759757	117.850639	176.890520
206.924180	117.738741	177.031190
207.095353	117.622250	177.177634
207.273275	117.501165	177.329853
207.457947	117.375486	177.487847
207.649369	117.245215	177.651615
207.847540	117.110350	177.821157
208.052460	116.970891	177.996474
208.264130	116.826839	178.177566
208.482550	116.678194	178.364432
208.707719	116.524956	178.557072
208.939637	116.367124	178.755487
209.178306	116.204698	178.959676
209.423723	116.037679	179.169640
209.675890	115.866067	179.385378
209.934807	115.689862	179.606891
210.200473	115.509063	179.834178
210.472889	115.323670	180.067240
210.752055	115.133685	180.306076
211.037970	114.939106	180.550687
211.330634	114.739933	180.801072
211.630048	114.536167	181.057231
211.936211	114.327808	181.319165
212.249125	114.114855	181.586874
212.568787	113.897309	181.860357
212.895199	113.675170	182.139614
213.228361	113.448437	182.424646
213.379285	113.345726	182.553767
213.536959	113.238421	182.688663
213.701382	113.126523	182.829333
213.872555	113.010031	182.975778
214.050477	112.888946	183.127997
214.235149	112.763268	183.285990
214.426570	112.632997	183.449758
214.624741	112.498131	183.619301
214.829662	112.358673	183.794618
215.041332	112.214621	183.975709
215.259751	112.065976	184.162575
215.484920	111.912737	184.355215
215.716839	111.754905	184.553630
215.955507	111.592480	184.757820
216.200925	111.425461	184.967783
216.453092	111.253849	185.183522
216.712009	111.077644	185.405034
216.977675	110.896845	185.632322
217.250091	110.711452	185.865383
217.529256	110.521467	186.104219
217.815171	110.326887	186.348830
218.107836	110.127715	186.599215
218.407250	109.923949	186.855375
218.713413	109.715590	187.117309
219.026326	109.502637	187.385017
219.345989	109.285091	187.658500
219.672401	109.062952	187.937758
220.005563	108.836219	188.222790
220.156487	108.733507	188.351911
220.314160	108.626203	188.486806
220.478584	108.514305	188.627477
220.649757	108.397813	188.773921
220.827679	108.276728	188.926140
221.012351	108.151050	189.084134
221.203772	108.020778	189.247902
221.401943	107.885913	189.417444
221.606864	107.746455	189.592761
221.818534	107.602403	189.773853
222.036953	107.453758	189.960718
222.262122	107.300519	190.153359
222.494041	107.142687	190.351774
222.732709	106.980262	190.555963
222.978127	106.813243	190.765927
223.230294	106.641631	190.981665
223.489211	106.465425	191.203178
223.754877	106.284626	191.430465
224.027293	106.099234	191.663527
224.306458	105.909248	191.902363
224.592373	105.714669	192.146973
224.885037	105.515497	192.397359
225.184451	105.311731	192.653518
225.490615	105.103372	192.915452
225.803528	104.890419	193.183161
226.123190	104.672873	193.456644
226.449603	104.450733	193.735901
226.782764	104.224001	194.020933
226.933688	104.121289	194.150054
227.091362	104.013985	194.284950
227.255785	103.902086	194.425620
227.426958	103.785595	194.572065
227.604881	103.664510	194.724284
227.789552	103.538832	194.882277
227.980974	103.408560	195.046045
228.179145	103.273695	195.215588
228.384065	103.134237	195.390905
228.595735	102.990185	195.571996
228.814155	102.841540	195.758862
229.039324	102.688301	195.951502
229.271243	102.530469	196.149917
229.509911	102.368044	196.354106
229.755328	102.201025	196.564070
230.007496	102.029413	196.779809
230.266412	101.853207	197.001321
230.532079	101.672408	197.228608
230.804494	101.487016	197.461670
231.083660	101.297030	197.700506
231.369575	101.102451	197.945117
231.662239	100.903279	198.195502
231.961653	100.699513	198.451662
232.267817	100.491153	198.713596
232.580730	100.278201	198.981304
232.900392	100.060655	199.254787
233.226804	99.838515	199.534045
233.559966	99.611782	199.819077
233.710890	99.509071	199.948198
233.868564	99.401766	200.083093
234.032987	99.289868	200.223764
234.204160	99.173377	200.370208
234.382082	99.052292	200.522427
234.566754	98.926614	200.680421
234.758176	98.796342	200.844189
234.956346	98.661477	201.013731
235.161267	98.522019	201.189048
235.372937	98.377967	201.370139
235.591357	98.229321	201.557005
235.816526	98.076083	201.749646
236.048444	97.918251	201.948061
236.287112	97.755826	202.152250
236.532530	97.588807	202.362214
236.784697	97.417195	202.577952
237.043614	97.240989	202.799465
237.309280	97.060190	203.026752
237.581696	96.874798	203.259814
237.860862	96.684812	203.498650
238.146776	96.490233	203.743260
238.439441	96.291060	203.993645
238.738855	96.087295	204.249805
239.045018	95.878935	204.511739
239.357931	95.665983	204.779448
239.677594	95.448437	205.052931
240.004006	95.226297	205.332188
240.337168	94.999564	205.617220
240.488092	94.896853	205.746341
240.645766	94.789548	205.881237
240.810189	94.677650	206.021907
240.981362	94.561159	206.168352
241.159284	94.440074	206.320571
241.343956	94.314395	206.478564
241.535377	94.184124	206.642332
241.733548	94.049259	206.811875
241.938469	93.909800	206.987192
242.150139	93.765749	207.168283
242.368558	93.617103	207.355149
242.593727	93.463865	207.547789
242.825646	93.306033	207.746204
243.064314	93.143607	207.950393
243.309732	92.976589	208.160357
243.561899	92.804976	208.376095
243.820816	92.628771	208.597608
244.086482	92.447972	208.824895
244.358898	92.262580	209.057957
244.638063	92.072594	209.296793
244.923978	91.878015	209.541404
245.216643	91.678842	209.791789
245.516057	91.475076	210.047949
245.822220	91.266717	210.309883
246.135133	91.053764	210.577591
246.454796	90.836218	210.851074
246.781208	90.614079	211.130332
247.114369	90.387346	211.415364
247.265294	90.284635	211.544485
247.422967	90.177330	211.679380
247.587391	90.065432	211.820050
247.758563	89.948940	211.966495
247.936486	89.827856	212.118714
248.121158	89.702177	212.276708
248.312579	89.571906	212.440476
248.510750	89.437041	212.610018
248.715670	89.297582	212.785335
248.927340	89.153530	212.966426
249.145760	89.004885	213.153292
249.370929	88.851647	213.345933
249.602848	88.693815	213.544348
249.841516	88.531389	213.748537
250.086933	88.364370	213.958501
250.339101	88.192758	214.174239
250.598017	88.016553	214.395752
250.863684	87.835754	214.623039
251.136100	87.650361	214.856101
251.415265	87.460376	215.094937
251.701180	87.265797	215.339547
251.993844	87.066624	215.589932
252.293258	86.862858	215.846092
252.599422	86.654499	216.108026
252.912335	86.441546	216.375735
253.231997	86.224000	216.649218
253.558409	86.001861	216.928475
253.891571	85.775128	217.213507
254.042495	85.672417	217.342628
254.200169	85.565112	217.477524
254.364592	85.453214	217.618194
254.535765	85.336722	217.764638
254.713687	85.215637	217.916857
254.898359	85.089959	218.074851
255.089781	84.959688	218.238619
255.287952	84.824822	218.408161
255.492872	84.685364	218.583478
255.704542	84.541312	218.764570
255.922962	84.392667	218.951436
256.148131	84.239428	219.144076
256.380049	84.081596	219.342491
256.618717	83.919171	219.546680
256.864135	83.752152	219.756644
257.116302	83.580540	219.972382
257.375219	83.404335	220.193895
257.640885	83.223536	220.421182
257.913301	83.038143	220.654244
258.192467	82.848158	220.893080
258.478382	82.653578	221.137691
258.771046	82.454406	221.388076
259.070460	82.250640	221.644235
259.376623	82.042281	221.906169
259.689536	81.829328	222.173878
260.009199	81.611782	222.447361
260.335611	81.389643	222.726618
260.668773	81.162910	223.011650
260.819697	81.060198	223.140772
260.977371	80.952894	223.275667
261.141794	80.840996	223.416337
261.312967	80.724504	223.562782
261.490889	80.603419	223.715001
261.675561	80.477741	223.872994
261.866982	80.347469	224.036762
262.065153	80.212604	224.206305
262.270074	80.073146	224.381622
262.481744	79.929094	224.562713
262.700163	79.780449	224.749579
262.925332	79.627210	224.942220
263.157251	79.469378	225.140634
263.395919	79.306953	225.344824
263.641337	79.139934	225.554788
263.893504	78.968322	225.770526
264.152421	78.792116	225.992039
264.418087	78.611317	226.219326
