23.185242	211.794210	-23.688236
23.200212	211.678254	-23.670310
23.221557	211.558169	-23.658888
23.249283	211.433957	-23.653966
23.283394	211.305618	-23.655541
23.323895	211.173156	-23.663608
23.370792	211.036572	-23.678165
23.424089	210.895868	-23.699206
23.483792	210.751045	-23.726729
23.549906	210.602107	-23.760730
23.622436	210.449053	-23.801203
23.701387	210.291887	-23.848147
23.786763	210.130610	-23.901557
23.878570	209.965224	-23.961429
23.976813	209.795730	-24.027760
24.081496	209.622131	-24.100546
24.192625	209.444429	-24.179783
24.310204	209.262624	-24.265468
24.434238	209.076720	-24.357597
24.564733	208.886717	-24.456166
24.701692	208.692619	-24.561171
24.845121	208.494426	-24.672610
24.995025	208.292141	-24.790479
25.151407	208.085766	-24.914773
25.314273	207.875303	-25.045491
25.483628	207.660754	-25.182628
25.659475	207.442120	-25.326181
25.841820	207.219404	-25.476147
26.030666	206.992609	-25.632522
26.226018	206.761735	-25.795304
26.427881	206.526785	-25.964490
26.636258	206.287761	-26.140075
26.851154	206.044664	-26.322058
27.072572	205.797497	-26.510435
27.300517	205.546262	-26.705203
27.534994	205.290961	-26.906360
27.776005	205.031595	-27.113903
28.023555	204.768167	-27.327828
28.277647	204.500679	-27.548134
28.538286	204.229132	-27.774817
28.805475	203.953528	-28.007875
29.079219	203.673870	-28.247305
29.359519	203.390159	-28.493106
29.646381	203.102398	-28.745273
29.939807	202.810588	-29.003806
30.239801	202.514732	-29.268702
30.374890	202.382580	-29.388231
30.516551	202.246385	-29.514120
30.664787	202.106147	-29.646367
30.819598	201.961867	-29.784971
30.980987	201.813546	-29.929933
31.148955	201.661184	-30.081249
31.323504	201.504783	-30.238921
31.504634	201.344344	-30.402947
31.692347	201.179867	-30.573325
31.886645	201.011353	-30.750056
32.087529	200.838804	-30.933137
32.295000	200.662219	-31.122569
32.509059	200.481601	-31.318351
32.729709	200.296949	-31.520481
32.956950	200.108265	-31.728959
33.190784	199.915550	-31.943784
33.431211	199.718804	-32.164955
33.678234	199.518028	-32.392472
33.931854	199.313224	-32.626333
34.192071	199.104392	-32.866538
34.458887	198.891533	-33.113087
34.732304	198.674648	-33.365978
35.012322	198.453738	-33.625211
35.298943	198.228804	-33.890785
35.592168	197.999847	-34.162699
35.891997	197.766867	-34.440953
36.198433	197.529865	-34.725547
36.511477	197.288843	-35.016479
36.654261	197.179387	-35.149265
36.803653	197.065911	-35.288388
36.959656	196.948416	-35.433849
37.122268	196.826903	-35.585647
37.291491	196.701372	-35.743783
37.467325	196.571824	-35.908254
37.649770	196.438258	-36.079062
37.838827	196.300675	-36.256207
38.034497	196.159076	-36.439687
38.236780	196.013461	-36.629503
38.445676	195.863831	-36.825654
38.661186	195.710185	-37.028141
38.883311	195.552524	-37.236962
39.112050	195.390850	-37.452118
39.347405	195.225161	-37.673609
39.589375	195.055459	-37.901434
39.837962	194.881743	-38.135593
40.093165	194.704015	-38.376087
40.354985	194.522275	-38.622913
40.623423	194.336523	-38.876074
40.898479	194.146759	-39.135567
41.180153	193.952985	-39.401394
41.468447	193.755200	-39.673554
41.763359	193.553405	-39.952046
42.064891	193.347600	-40.236871
42.373043	193.137785	-40.528029
42.687816	192.923962	-40.825519
43.009210	192.706131	-41.129341
43.155029	192.607511	-41.267220
43.307471	192.504884	-41.411432
43.466534	192.398249	-41.561975
43.632219	192.287607	-41.718850
43.804526	192.172957	-41.882057
43.983455	192.054300	-42.051595
44.169007	191.931637	-42.227465
44.361181	191.804966	-42.409666
44.559978	191.674289	-42.598199
44.765398	191.539606	-42.793063
44.977441	191.400917	-42.994258
45.196107	191.258221	-43.201785
45.421397	191.111520	-43.415643
45.653311	190.960814	-43.635831
45.891848	190.806102	-43.862351
46.137009	190.647384	-44.095202
46.388794	190.484662	-44.334384
46.647204	190.317935	-44.579897
46.912238	190.147204	-44.831741
47.183896	189.972468	-45.089916
47.462180	189.793727	-45.354421
47.747088	189.610983	-45.625257
48.038621	189.424235	-45.902424
48.336780	189.233483	-46.185921
48.641564	189.038728	-46.475749
48.952973	188.839970	-46.771907
49.271009	188.637208	-47.074396
49.595670	188.430444	-47.383216
49.742802	188.336838	-47.523181
49.896560	188.239229	-47.669476
50.056944	188.137618	-47.822102
50.223954	188.032005	-47.981058
50.397590	187.922389	-48.146344
50.577853	187.808771	-48.317961
50.764743	187.691151	-48.495908
50.958258	187.569528	-48.680186
51.158401	187.443904	-48.870794
51.365170	187.314278	-49.067732
51.578565	187.180650	-49.271000
51.798588	187.043021	-49.480599
52.025237	186.901390	-49.696528
52.258513	186.755757	-49.918787
52.498417	186.606123	-50.147377
52.744947	186.452488	-50.382296
52.998104	186.294851	-50.623546
53.257888	186.133214	-50.871127
53.524300	185.967575	-51.125037
53.797339	185.797935	-51.385278
54.077005	185.624295	-51.651849
54.363299	185.446653	-51.924750
54.656220	185.265011	-52.203981
54.955769	185.079368	-52.489542
55.261945	184.889725	-52.781434
55.574749	184.696081	-53.079655
55.894180	184.498437	-53.384207
56.220239	184.296793	-53.695089
56.367964	184.205480	-53.835942
56.522316	184.110167	-53.983125
56.683296	184.010854	-54.136638
56.850904	183.907541	-54.296481
57.025139	183.800228	-54.462654
57.206003	183.688914	-54.635158
57.393495	183.573601	-54.813991
57.587615	183.454288	-54.999155
57.788362	183.330976	-55.190649
57.995738	183.203663	-55.388473
58.209742	183.072351	-55.592627
58.430374	182.937039	-55.803111
58.657634	182.797727	-56.019925
58.891523	182.654416	-56.243069
59.132039	182.507105	-56.472544
59.379184	182.355795	-56.708349
59.632957	182.200485	-56.950483
59.893359	182.041176	-57.198948
60.160388	181.877867	-57.453743
60.434046	181.710559	-57.714868
60.714332	181.539251	-57.982323
61.001247	181.363944	-58.256109
61.294790	181.184638	-58.536224
61.594962	181.001333	-58.822670
61.901762	180.814029	-59.115445
62.215190	180.622725	-59.414551
62.535247	180.427423	-59.719987
62.861932	180.228121	-60.031753
63.009929	180.137853	-60.172992
63.164554	180.043585	-60.320562
63.325808	179.945319	-60.474462
63.493690	179.843053	-60.634692
63.668201	179.736789	-60.801252
63.849340	179.626525	-60.974142
64.037108	179.512263	-61.153362
64.231505	179.394002	-61.338913
64.432530	179.271742	-61.530793
64.640184	179.145484	-61.729004
64.854467	179.015226	-61.933544
65.075378	178.880970	-62.144415
65.302918	178.742715	-62.361616
65.537087	178.600461	-62.585147
65.777884	178.454208	-62.815009
66.025310	178.303957	-63.051200
66.279365	178.149707	-63.293722
66.540048	177.991459	-63.542573
66.807361	177.829211	-63.797755
67.081302	177.662965	-64.059267
67.361871	177.492721	-64.327109
67.649070	177.318478	-64.601281
67.942897	177.140236	-64.881783
68.243353	176.957996	-65.168616
68.550438	176.771757	-65.461778
68.864152	176.581520	-65.761271
69.184494	176.387284	-66.067094
69.511466	176.189050	-66.379247
69.659588	176.099256	-66.520657
69.814339	176.005464	-66.668398
69.975719	175.907673	-66.822468
70.143728	175.805884	-66.982869
70.318366	175.700097	-67.149600
70.499633	175.590311	-67.322661
70.687528	175.476527	-67.502052
70.882053	175.358744	-67.687773
71.083206	175.236963	-67.879825
71.290988	175.111184	-68.078206
71.505399	174.981406	-68.282918
71.726439	174.847630	-68.493960
71.954108	174.709856	-68.711332
72.188406	174.568083	-68.935034
72.429333	174.422312	-69.165066
72.676888	174.272542	-69.401429
72.931073	174.118774	-69.644122
73.191886	173.961008	-69.893144
73.459329	173.799244	-70.148497
73.733400	173.633481	-70.410181
74.014100	173.463720	-70.678194
74.301429	173.289961	-70.952537
74.595388	173.112203	-71.233211
74.895975	172.930448	-71.520215
75.203191	172.744694	-71.813549
75.517036	172.554941	-72.113213
75.837510	172.361191	-72.419207
76.164612	172.163442	-72.731532
76.312793	172.073864	-72.873018
76.467603	171.980288	-73.020834
76.629041	171.882714	-73.174981
76.797109	171.781142	-73.335458
76.971805	171.675571	-73.502264
77.153131	171.566002	-73.675401
77.341085	171.452435	-73.854869
77.535668	171.334870	-74.040666
77.736881	171.213307	-74.232794
77.944722	171.087745	-74.431251
78.159193	170.958186	-74.636039
78.380292	170.824628	-74.847157
78.608020	170.687072	-75.064606
78.842378	170.545518	-75.288384
79.083364	170.399965	-75.518493
79.330980	170.250415	-75.754931
79.585224	170.096866	-75.997700
79.846097	169.939320	-76.246800
80.113600	169.777775	-76.502229
80.387731	169.612232	-76.763989
80.668491	169.442691	-77.032078
80.955881	169.269152	-77.306498
81.249899	169.091614	-77.587248
81.550547	168.910079	-77.874329
81.857823	168.724545	-78.167739
82.171729	168.535014	-78.467480
82.492263	168.341484	-78.773551
82.819427	168.143956	-79.085952
82.967634	168.054476	-79.227472
83.122471	167.960999	-79.375322
83.283936	167.863523	-79.529502
83.452031	167.762049	-79.690013
83.626754	167.656577	-79.856854
83.808107	167.547107	-80.030025
83.996088	167.433638	-80.209526
84.190699	167.316172	-80.395358
84.391939	167.194708	-80.587519
84.599808	167.069245	-80.786011
84.814305	166.939785	-80.990833
85.035432	166.806326	-81.201985
85.263188	166.668870	-81.419468
85.497573	166.527415	-81.643280
85.738587	166.381962	-81.873423
85.986230	166.232511	-82.109896
86.240502	166.079063	-82.352699
86.501403	165.921616	-82.601832
86.768933	165.760171	-82.857296
87.043092	165.594728	-83.119090
87.323880	165.425286	-83.387214
87.611297	165.251847	-83.661668
87.905343	165.074410	-83.942452
88.206019	164.892975	-84.229567
88.513323	164.707542	-84.523011
88.827256	164.518110	-84.822786
89.147819	164.324681	-85.128891
89.475010	164.127253	-85.441327
89.623230	164.037818	-85.582862
89.778079	163.944385	-85.730728
89.939557	163.846954	-85.884923
90.107664	163.745525	-86.045449
90.282400	163.640098	-86.212305
90.463765	163.530673	-86.385492
90.651759	163.417249	-86.565008
90.846382	163.299828	-86.750855
91.047635	163.178409	-86.943032
91.255516	163.052991	-87.141539
91.470026	162.923576	-87.346376
91.691166	162.790163	-87.557544
91.918934	162.652751	-87.775041
92.153332	162.511342	-87.998869
92.394358	162.365934	-88.229027
92.642014	162.216529	-88.465516
92.896299	162.063125	-88.708334
93.157212	161.905724	-88.957483
93.424755	161.744324	-89.212962
93.698927	161.578926	-89.474771
93.979728	161.409531	-89.742910
94.267158	161.236137	-90.017380
94.561217	161.058746	-90.298180
94.861905	160.877356	-90.585309
95.169222	160.691968	-90.878770
95.483168	160.502583	-91.178560
95.803743	160.309199	-91.484681
96.130948	160.111817	-91.797131
96.279173	160.022402	-91.938673
96.434028	159.928990	-92.086546
96.595512	159.831579	-92.240748
96.763624	159.730170	-92.401281
96.938366	159.624763	-92.568144
97.119737	159.515359	-92.741337
97.307737	159.401956	-92.920861
97.502366	159.284555	-93.106714
97.703624	159.163156	-93.298898
97.911511	159.037759	-93.497412
98.126027	158.908364	-93.702256
98.347173	158.774972	-93.913431
98.574947	158.637581	-94.130935
98.809350	158.496192	-94.354770
99.050383	158.350805	-94.584935
99.298044	158.201420	-94.821430
99.552335	158.048037	-95.064256
99.813254	157.890656	-95.313411
100.080803	157.729277	-95.568897
100.354981	157.563901	-95.830713
100.635787	157.394526	-96.098859
100.923223	157.221153	-96.373336
101.217288	157.043782	-96.654143
101.517982	156.862413	-96.941279
101.825305	156.677046	-97.234747
102.139257	156.487681	-97.534544
102.459838	156.294318	-97.840671
102.787049	156.096957	-98.153129
102.935277	156.007552	-98.294674
103.090134	155.914148	-98.442550
103.251620	155.816747	-98.596755
103.419736	155.715347	-98.757291
103.594480	155.609950	-98.924157
103.775854	155.500554	-99.097354
103.963856	155.387161	-99.276880
104.158488	155.269769	-99.462737
104.359749	155.148380	-99.654924
104.567639	155.022992	-99.853441
104.782157	154.893607	-100.058288
105.003305	154.760223	-100.269466
105.231082	154.622842	-100.486973
105.465488	154.481462	-100.710811
105.706523	154.336085	-100.940979
105.954188	154.186709	-101.177478
106.208481	154.033336	-101.420306
106.469403	153.875964	-101.669465
106.736954	153.714595	-101.924954
107.011135	153.549227	-102.186773
107.291944	153.379862	-102.454923
107.579383	153.206499	-102.729402
107.873451	153.029137	-103.010212
108.174147	152.847778	-103.297352
108.481473	152.662420	-103.590822
108.795428	152.473065	-103.890623
109.116012	152.279711	-104.196753
109.443225	152.082360	-104.509214
109.591454	151.992959	-104.650761
109.746312	151.899559	-104.798638
109.907800	151.802162	-104.952845
110.075917	151.700767	-105.113382
110.250662	151.595373	-105.280249
110.432037	151.485982	-105.453447
110.620041	151.372593	-105.632975
110.814674	151.255206	-105.818833
111.015936	151.133820	-106.011021
111.223827	151.008437	-106.209540
111.438347	150.879056	-106.414388
111.659496	150.745677	-106.625567
111.887274	150.608299	-106.843076
112.121681	150.466924	-107.066916
112.362718	150.321551	-107.297085
112.610383	150.172180	-107.533585
112.864678	150.018811	-107.776415
113.125601	149.861443	-108.025575
113.393154	149.700078	-108.281066
113.667335	149.534715	-108.542886
113.948146	149.365354	-108.811037
114.235586	149.191995	-109.085518
114.529655	149.014638	-109.366329
114.830353	148.833283	-109.653471
115.137680	148.647929	-109.946942
115.451636	148.458578	-110.246744
115.772221	148.265229	-110.552876
116.099435	148.067882	-110.865338
116.247665	147.978483	-111.006886
116.402524	147.885085	-111.154763
116.564012	147.787690	-111.308971
116.732129	147.686297	-111.469509
116.906875	147.580905	-111.636377
117.088251	147.471516	-111.809575
117.276255	147.358129	-111.989104
117.470889	147.240743	-112.174962
117.672151	147.119360	-112.367151
117.880043	146.993979	-112.565670
118.094563	146.864599	-112.770520
118.315713	146.731222	-112.981699
118.543492	146.593847	-113.199209
118.777900	146.452474	-113.423049
119.018936	146.307102	-113.653219
119.266602	146.157733	-113.889720
119.520897	146.004366	-114.132550
119.781822	145.847001	-114.381711
120.049375	145.685637	-114.637202
120.323557	145.520276	-114.899023
120.604368	145.350917	-115.167175
120.891809	145.177560	-115.441656
121.185878	145.000205	-115.722468
121.486577	144.818851	-116.009610
121.793904	144.633500	-116.303083
122.107861	144.444151	-116.602885
122.428446	144.250804	-116.909018
122.755661	144.053459	-117.221481
122.903891	143.964060	-117.363028
123.058751	143.870664	-117.510906
123.220239	143.773269	-117.665114
123.388357	143.671877	-117.825652
123.563103	143.566486	-117.992521
123.744479	143.457098	-118.165719
123.932483	143.343711	-118.345248
124.127117	143.226327	-118.531107
124.328380	143.104945	-118.723296
124.536271	142.979564	-118.921816
124.750792	142.850186	-119.126665
124.971942	142.716809	-119.337845
125.199721	142.579435	-119.555355
125.434129	142.438063	-119.779195
125.675167	142.292692	-120.009366
125.922833	142.143324	-120.245867
126.177128	141.989958	-120.488697
126.438053	141.832593	-120.737859
126.705606	141.671231	-120.993350
126.979788	141.505871	-121.255171
127.260600	141.336512	-121.523323
127.548041	141.163156	-121.797805
127.842110	140.985802	-122.078617
128.142809	140.804449	-122.365760
128.450137	140.619099	-122.659232
128.764094	140.429751	-122.959035
129.084680	140.236405	-123.265168
129.411895	140.039060	-123.577631
129.560125	139.949662	-123.719179
129.714985	139.856266	-123.867057
129.876473	139.758872	-124.021265
130.044591	139.657480	-124.181803
130.219337	139.552090	-124.348672
130.400713	139.442702	-124.521870
130.588718	139.329316	-124.701399
130.783351	139.211932	-124.887258
130.984614	139.090550	-125.079448
131.192506	138.965170	-125.277967
131.407027	138.835792	-125.482817
131.628177	138.702416	-125.693997
131.855956	138.565042	-125.911507
132.090365	138.423670	-126.135348
132.331402	138.278300	-126.365518
132.579068	138.128932	-126.602019
132.833364	137.975566	-126.844850
133.094288	137.818202	-127.094011
133.361842	137.656840	-127.349503
133.636024	137.491480	-127.611324
133.916836	137.322122	-127.879476
134.204277	137.148766	-128.153958
134.498347	136.971413	-128.434771
134.799045	136.790061	-128.721913
135.106373	136.604711	-129.015386
135.420330	136.415363	-129.315189
135.740917	136.222017	-129.621322
136.068132	136.024673	-129.933785
136.216362	135.935275	-130.075333
136.371222	135.841879	-130.223211
136.532710	135.744486	-130.377419
136.700828	135.643094	-130.537957
136.875574	135.537704	-130.704826
137.056950	135.428316	-130.878025
137.244955	135.314930	-131.057554
137.439589	135.197546	-131.243413
137.640852	135.076164	-131.435602
137.848744	134.950785	-131.634122
138.063265	134.821407	-131.838972
138.284415	134.688031	-132.050152
138.512194	134.550657	-132.267662
138.746602	134.409285	-132.491502
138.987640	134.263916	-132.721673
139.235306	134.114548	-132.958174
139.489602	133.961182	-133.201005
139.750526	133.803818	-133.450166
140.018080	133.642457	-133.705658
140.292262	133.477097	-133.967480
140.573074	133.307739	-134.235632
140.860515	133.134383	-134.510114
141.154585	132.957030	-134.790926
141.455284	132.775678	-135.078069
141.762612	132.590328	-135.371541
142.076569	132.400981	-135.671344
142.397155	132.207635	-135.977477
142.724370	132.010291	-136.289941
142.872601	131.920894	-136.431489
143.027460	131.827498	-136.579367
143.188949	131.730104	-136.733575
143.357066	131.628712	-136.894113
143.531813	131.523322	-137.060982
143.713189	131.413935	-137.234181
143.901193	131.300549	-137.413710
144.095827	131.183165	-137.599569
144.297090	131.061783	-137.791758
144.504982	130.936404	-137.990278
144.719503	130.807026	-138.195128
144.940654	130.673650	-138.406308
145.168433	130.536276	-138.623818
145.402841	130.394905	-138.847659
145.643878	130.249535	-139.077829
145.891545	130.100167	-139.314330
146.145840	129.946802	-139.557161
146.406765	129.789438	-139.806323
146.674319	129.628076	-140.061814
146.948501	129.462717	-140.323636
147.229313	129.293359	-140.591788
147.516754	129.120004	-140.866270
147.810824	128.942650	-141.147082
148.111523	128.761298	-141.434225
148.418851	128.575949	-141.727698
148.732808	128.386601	-142.027501
149.053394	128.193256	-142.333634
149.380609	127.995912	-142.646097
149.528840	127.906514	-142.787645
149.683699	127.813118	-142.935523
149.845188	127.715725	-143.089731
150.013305	127.614333	-143.250270
150.188052	127.508943	-143.417138
150.369428	127.399555	-143.590337
150.557433	127.286170	-143.769866
150.752067	127.168786	-143.955725
150.953330	127.047404	-144.147915
151.161222	126.922025	-144.346434
151.375743	126.792647	-144.551284
151.596893	126.659271	-144.762464
151.824672	126.521897	-144.979975
152.059080	126.380526	-145.203815
152.300118	126.235156	-145.433986
152.547784	126.085789	-145.670487
152.802080	125.932423	-145.913318
153.063004	125.775059	-146.162479
153.330558	125.613698	-146.417971
153.604741	125.448338	-146.679793
153.885552	125.278980	-146.947945
154.172993	125.105625	-147.222427
154.467063	124.928271	-147.503239
154.767762	124.746920	-147.790382
155.075090	124.561570	-148.083854
155.389047	124.372223	-148.383658
155.709633	124.178877	-148.689791
156.036849	123.981534	-149.002254
156.185079	123.892136	-149.143802
156.339939	123.798740	-149.291680
156.501427	123.701346	-149.445888
156.669545	123.599955	-149.606427
156.844292	123.494565	-149.773295
157.025667	123.385177	-149.946494
157.213672	123.271791	-150.126023
157.408306	123.154408	-150.311882
157.609569	123.033026	-150.504072
157.817461	122.907646	-150.702591
158.031982	122.778269	-150.907441
158.253132	122.644893	-151.118621
158.480912	122.507519	-151.336132
158.715320	122.366148	-151.559972
158.956357	122.220778	-151.790143
159.204024	122.071410	-152.026644
159.458319	121.918045	-152.269475
159.719244	121.760681	-152.518636
159.986797	121.599320	-152.774128
160.260980	121.433960	-153.035950
160.541792	121.264602	-153.304101
160.829233	121.091247	-153.578584
161.123303	120.913893	-153.859396
161.424002	120.732542	-154.146539
161.731330	120.547192	-154.440011
162.045287	120.357845	-154.739814
162.365873	120.164499	-155.045948
162.693088	119.967156	-155.358411
162.841319	119.877758	-155.499959
162.996178	119.784362	-155.647837
163.157667	119.686969	-155.802045
163.325784	119.585577	-155.962584
163.500531	119.480187	-156.129452
163.681907	119.370799	-156.302651
163.869912	119.257414	-156.482180
164.064546	119.140030	-156.668039
164.265809	119.018648	-156.860229
164.473701	118.893269	-157.058748
164.688222	118.763891	-157.263598
164.909372	118.630515	-157.474778
165.137151	118.493142	-157.692289
165.371560	118.351770	-157.916129
165.612597	118.206400	-158.146300
165.860263	118.057033	-158.382801
166.114559	117.903667	-158.625632
166.375484	117.746304	-158.874793
166.643037	117.584942	-159.130285
166.917220	117.419582	-159.392107
167.198032	117.250225	-159.660259
167.485472	117.076869	-159.934741
167.779542	116.899516	-160.215553
168.080241	116.718164	-160.502696
168.387569	116.532815	-160.796168
168.701527	116.343467	-161.095972
169.022113	116.150122	-161.402105
169.349328	115.952778	-161.714568
169.497558	115.863380	-161.856116
169.652418	115.769985	-162.003994
169.813907	115.672591	-162.158202
169.982024	115.571199	-162.318741
170.156771	115.465809	-162.485609
170.338147	115.356422	-162.658808
170.526151	115.243036	-162.838337
170.720785	115.125652	-163.024196
170.922048	115.004271	-163.216386
171.129940	114.878891	-163.414905
171.344462	114.749513	-163.619755
171.565612	114.616138	-163.830935
171.793391	114.478764	-164.048446
172.027799	114.337392	-164.272286
172.268837	114.192023	-164.502457
172.516503	114.042655	-164.738958
172.770799	113.889290	-164.981789
173.031723	113.731926	-165.230950
173.299277	113.570564	-165.486442
173.573460	113.405205	-165.748264
173.854271	113.235847	-166.016416
174.141712	113.062492	-166.290898
174.435782	112.885138	-166.571710
174.736481	112.703787	-166.858853
175.043809	112.518437	-167.152326
175.357766	112.329090	-167.452129
175.678352	112.135744	-167.758262
176.005568	111.938401	-168.070725
176.153798	111.849003	-168.212273
176.308658	111.755607	-168.360151
176.470146	111.658213	-168.514359
176.638264	111.556822	-168.674898
176.813011	111.451432	-168.841766
176.994386	111.342044	-169.014965
177.182391	111.228658	-169.194494
177.377025	111.111275	-169.380353
177.578288	110.989893	-169.572543
177.786180	110.864513	-169.771063
178.000701	110.735136	-169.975912
178.221851	110.601760	-170.187092
178.449631	110.464386	-170.404603
178.684039	110.323015	-170.628443
178.925076	110.177645	-170.858614
179.172743	110.028278	-171.095115
179.427038	109.874912	-171.337946
179.687963	109.717548	-171.587107
179.955517	109.556187	-171.842599
180.229699	109.390827	-172.104421
180.510511	109.221470	-172.372573
180.797952	109.048114	-172.647055
181.092022	108.870761	-172.927867
181.392721	108.689409	-173.215010
181.700049	108.504060	-173.508483
182.014006	108.314712	-173.808286
182.334592	108.121367	-174.114419
182.661807	107.924023	-174.426882
182.810038	107.834625	-174.568430
182.964897	107.741230	-174.716308
183.126386	107.643836	-174.870516
183.294504	107.542444	-175.031055
183.469250	107.437054	-175.197923
183.650626	107.327667	-175.371122
183.838631	107.214281	-175.550651
184.033265	107.096897	-175.736510
184.234528	106.975516	-175.928700
184.442420	106.850136	-176.127220
184.656941	106.720758	-176.332069
184.878091	106.587383	-176.543250
185.105870	106.450009	-176.760760
185.340279	106.308637	-176.984600
185.581316	106.163268	-177.214771
185.828983	106.013900	-177.451272
186.083278	105.860535	-177.694103
186.344203	105.703171	-177.943265
186.611756	105.541809	-178.198756
186.885939	105.376450	-178.460578
187.166751	105.207092	-178.728730
187.454192	105.033737	-179.003212
187.748262	104.856383	-179.284024
188.048961	104.675032	-179.571167
188.356289	104.489682	-179.864640
188.670246	104.300335	-180.164443
188.990832	104.106989	-180.470576
189.318047	103.909646	-180.783039
189.466278	103.820248	-180.924587
189.621137	103.726852	-181.072465
189.782626	103.629458	-181.226673
189.950743	103.528067	-181.387212
190.125490	103.422677	-181.554080
190.306866	103.313289	-181.727279
190.494871	103.199904	-181.906808
190.689505	103.082520	-182.092668
190.890768	102.961138	-182.284857
191.098660	102.835758	-182.483377
191.313181	102.706381	-182.688227
191.534331	102.573005	-182.899407
191.762110	102.435632	-183.116917
191.996518	102.294260	-183.340757
192.237556	102.148890	-183.570928
192.485222	101.999523	-183.807429
192.739518	101.846157	-184.050260
193.000442	101.688793	-184.299422
193.267996	101.527432	-184.554913
193.542179	101.362072	-184.816735
193.822991	101.192715	-185.084887
194.110431	101.019359	-185.359369
194.404501	100.842006	-185.640181
194.705200	100.660654	-185.927324
195.012528	100.475305	-186.220797
195.326485	100.285957	-186.520600
195.647072	100.092612	-186.826733
195.974287	99.895268	-187.139197
196.122517	99.805870	-187.280744
196.277377	99.712475	-187.428622
196.438865	99.615081	-187.582831
196.606983	99.513689	-187.743369
196.781730	99.408299	-187.910238
196.963106	99.298912	-188.083436
197.151110	99.185526	-188.262965
197.345744	99.068142	-188.448825
197.547007	98.946761	-188.641014
197.754899	98.821381	-188.839534
197.969420	98.692003	-189.044384
198.190571	98.558628	-189.255564
198.418350	98.421254	-189.473074
198.652758	98.279882	-189.696915
198.893796	98.134513	-189.927085
199.141462	97.985145	-190.163586
199.395758	97.831780	-190.406417
199.656682	97.674416	-190.655579
199.924236	97.513054	-190.911070
200.198419	97.347695	-191.172892
200.479230	97.178337	-191.441044
200.766671	97.004982	-191.715526
201.060741	96.827628	-191.996339
201.361440	96.646277	-192.283481
201.668768	96.460927	-192.576954
201.982725	96.271580	-192.876757
202.303311	96.078234	-193.182890
202.630527	95.880891	-193.495354
202.778757	95.791493	-193.636901
202.933617	95.698097	-193.784779
203.095105	95.600703	-193.938988
203.263223	95.499312	-194.099526
203.437970	95.393922	-194.266395
203.619345	95.284534	-194.439594
203.807350	95.171149	-194.619123
204.001984	95.053765	-194.804982
204.203247	94.932383	-194.997171
204.411139	94.807004	-195.195691
204.625660	94.677626	-195.400541
204.846810	94.544250	-195.611721
205.074590	94.406877	-195.829231
205.308998	94.265505	-196.053072
205.550035	94.120135	-196.283242
205.797702	93.970768	-196.519743
206.051997	93.817402	-196.762574
206.312922	93.660039	-197.011736
206.580476	93.498677	-197.267227
206.854658	93.333317	-197.529049
207.135470	93.163960	-197.797201
207.422911	92.990604	-198.071683
207.716981	92.813251	-198.352496
208.017680	92.631899	-198.639638
208.325008	92.446550	-198.933111
208.638965	92.257202	-199.232914
208.959551	92.063857	-199.539047
209.286766	91.866513	-199.851511
209.434997	91.777116	-199.993059
209.589856	91.683720	-200.140937
209.751345	91.586326	-200.295145
209.919463	91.484934	-200.455683
210.094209	91.379545	-200.622552
210.275585	91.270157	-200.795751
210.463590	91.156771	-200.975280
210.658224	91.039387	-201.161139
210.859487	90.918006	-201.353328
211.067379	90.792626	-201.551848
211.281900	90.663248	-201.756698
211.503050	90.529873	-201.967878
211.730829	90.392499	-202.185388
211.965238	90.251128	-202.409229
212.206275	90.105758	-202.639400
212.453942	89.956390	-202.875900
212.708237	89.803025	-203.118732
212.969162	89.645661	-203.367893
213.236715	89.484300	-203.623384
213.510898	89.318940	-203.885206
213.791710	89.149582	-204.153358
214.079151	88.976227	-204.427840
214.373221	88.798873	-204.708653
214.673920	88.617522	-204.995795
214.981248	88.432172	-205.289268
215.295205	88.242825	-205.589071
215.615791	88.049479	-205.895204
215.943006	87.852136	-206.207668
216.091237	87.762738	-206.349216
216.246096	87.669342	-206.497094
216.407585	87.571949	-206.651302
216.575702	87.470557	-206.811840
216.750449	87.365167	-206.978709
216.931825	87.255779	-207.151908
217.119830	87.142394	-207.331437
217.314464	87.025010	-207.517296
217.515727	86.903628	-207.709485
217.723619	86.778249	-207.908005
217.938140	86.648871	-208.112855
218.159290	86.515495	-208.324035
218.387069	86.378122	-208.541545
218.621477	86.236750	-208.765386
218.862515	86.091380	-208.995557
219.110181	85.942013	-209.232058
219.364477	85.788647	-209.474889
219.625401	85.631284	-209.724050
219.892955	85.469922	-209.979542
220.167138	85.304563	-210.241363
220.447950	85.135205	-210.509515
220.735390	84.961849	-210.783998
221.029460	84.784496	-211.064810
221.330159	84.603144	-211.351953
221.637487	84.417795	-211.645425
221.951444	84.228447	-211.945228
222.272031	84.035102	-212.251362
222.599246	83.837758	-212.563825
222.747476	83.748361	-212.705373
222.902336	83.654965	-212.853251
223.063824	83.557571	-213.007459
223.231942	83.456179	-213.167997
223.406689	83.350790	-213.334866
223.588065	83.241402	-213.508065
223.776069	83.128016	-213.687594
223.970703	83.010633	-213.873453
224.171966	82.889251	-214.065643
224.379858	82.763871	-214.264162
224.594379	82.634494	-214.469012
224.815530	82.501118	-214.680192
225.043309	82.363744	-214.897703
225.277717	82.222373	-215.121543
225.518755	82.077003	-215.351714
225.766421	81.927635	-215.588215
226.020717	81.774270	-215.831046
226.281641	81.616906	-216.080207
226.549195	81.455545	-216.335699
226.823377	81.290185	-216.597520
227.104189	81.120828	-216.865672
227.391630	80.947472	-217.140155
227.685700	80.770118	-217.420967
227.986399	80.588767	-217.708110
228.293727	80.403417	-218.001582
228.607684	80.214070	-218.301385
228.928270	80.020724	-218.607519
229.255486	79.823381	-218.919982
229.403716	79.733983	-219.061530
229.558576	79.640587	-219.209408
229.720064	79.543194	-219.363616
229.888182	79.441802	-219.524155
230.062928	79.336412	-219.691023
230.244304	79.227025	-219.864222
230.432309	79.113639	-220.043751
230.626943	78.996255	-220.229610
230.828206	78.874873	-220.421800
231.036098	78.749494	-220.620319
231.250619	78.620116	-220.825169
231.471769	78.486740	-221.036349
231.699549	78.349367	-221.253860
231.933957	78.207995	-221.477700
