-49.690891	207.133083	1.014978
-49.708593	207.038940	1.022169
-49.735379	206.940620	1.029547
-49.771249	206.838124	1.037113
-49.816205	206.731453	1.044868
-49.870246	206.620609	1.052813
-49.933374	206.505593	1.060950
-50.005589	206.386407	1.069280
-50.086891	206.263052	1.077804
-50.177282	206.135529	1.086524
-50.276761	206.003841	1.095441
-50.385330	205.867987	1.104555
-50.502989	205.727971	1.113869
-50.629739	205.583793	1.123384
-50.765580	205.435454	1.133100
-50.910512	205.282956	1.143018
-51.064538	205.126301	1.153141
-51.227656	204.965491	1.163470
-51.399869	204.800525	1.174005
-51.581175	204.631406	1.184747
-51.771577	204.458136	1.195699
-51.971075	204.280716	1.206860
-52.179669	204.099147	1.218233
-52.397359	203.913430	1.229818
-52.624148	203.723568	1.241617
-52.860035	203.529561	1.253631
-53.105020	203.331411	1.265860
-53.359105	203.129120	1.278306
-53.622290	202.922689	1.290970
-53.894576	202.712119	1.303853
-54.175964	202.497412	1.316956
-54.466453	202.278570	1.330281
-54.766045	202.055593	1.343828
-55.074741	201.828484	1.357598
-55.392540	201.597244	1.371593
-55.719445	201.361874	1.385813
-56.055454	201.122375	1.400260
-56.400570	200.878750	1.414934
-56.754792	200.631000	1.429837
-57.118121	200.379125	1.444969
-57.490558	200.123129	1.460331
-57.872104	199.863011	1.475925
-58.262759	199.598775	1.491751
-58.662523	199.330420	1.507810
-59.071399	199.057950	1.524104
-59.257775	198.934623	1.531474
-59.453263	198.807182	1.539079
-59.657862	198.675627	1.546921
-59.871574	198.539960	1.554998
-60.094398	198.400180	1.563313
-60.326334	198.256289	1.571864
-60.567384	198.108288	1.580653
-60.817546	197.956176	1.589679
-61.076822	197.799955	1.598944
-61.345212	197.639625	1.608447
-61.622717	197.475187	1.618190
-61.909335	197.306642	1.628171
-62.205068	197.133990	1.638393
-62.509916	196.957232	1.648854
-62.823880	196.776369	1.659556
-63.146959	196.591401	1.670499
-63.479154	196.402329	1.681683
-63.820465	196.209154	1.693108
-64.170892	196.011876	1.704776
-64.530437	195.810497	1.716685
-64.899098	195.605016	1.728837
-65.276877	195.395435	1.741232
-65.663774	195.181754	1.753870
-66.059788	194.963973	1.766752
-66.464921	194.742095	1.779877
-66.879173	194.516118	1.793247
-67.302543	194.286045	1.806861
-67.735033	194.051875	1.820720
-67.931746	193.945741	1.827002
-68.137579	193.835511	1.833530
-68.352531	193.721186	1.840304
-68.576604	193.602767	1.847322
-68.809796	193.480253	1.854587
-69.052109	193.353645	1.862097
-69.303542	193.222944	1.869854
-69.564095	193.088149	1.877856
-69.833769	192.949260	1.886105
-70.112564	192.806279	1.894599
-70.400480	192.659206	1.903341
-70.697517	192.508040	1.912329
-71.003675	192.352783	1.921563
-71.318954	192.193434	1.931045
-71.643355	192.029993	1.940773
-71.976877	191.862462	1.950749
-72.319522	191.690840	1.960972
-72.671288	191.515128	1.971442
-73.032176	191.335326	1.982160
-73.402186	191.151435	1.993125
-73.781318	190.963454	2.004338
-74.169573	190.771384	2.015799
-74.566950	190.575225	2.027507
-74.973450	190.374978	2.039464
-75.389073	190.170643	2.051669
-75.813819	189.962220	2.064122
-76.247688	189.749710	2.076824
-76.690681	189.533113	2.089774
-76.891558	189.435062	2.095638
-77.101559	189.332925	2.101751
-77.320683	189.226701	2.108112
-77.548931	189.116391	2.114723
-77.786302	189.001994	2.121582
-78.032797	188.883512	2.128690
-78.288416	188.760944	2.136047
-78.553159	188.634290	2.143652
-78.827026	188.503550	2.151507
-79.110017	188.368725	2.159611
-79.402132	188.229815	2.167964
-79.703371	188.086820	2.176566
-80.013734	187.939740	2.185417
-80.333222	187.788575	2.194518
-80.661834	187.633325	2.203867
-80.999570	187.473991	2.213466
-81.346430	187.310572	2.223315
-81.702416	187.143069	2.233412
-82.067525	186.971482	2.243759
-82.441760	186.795811	2.254356
-82.825119	186.616056	2.265202
-83.217603	186.432218	2.276298
-83.619212	186.244296	2.287643
-84.029945	186.052291	2.299238
-84.449804	185.856203	2.311082
-84.878788	185.656031	2.323177
-85.316896	185.451777	2.335521
-85.764130	185.243440	2.348115
-85.966786	185.149110	2.353818
-86.178567	185.050698	2.359771
-86.399474	184.948204	2.365975
-86.629506	184.841627	2.372428
-86.868663	184.730968	2.379131
-87.116945	184.616227	2.386084
-87.374353	184.497403	2.393287
-87.640887	184.374497	2.400740
-87.916546	184.247510	2.408442
-88.201330	184.116440	2.416395
-88.495240	183.981288	2.424598
-88.798276	183.842055	2.433051
-89.110437	183.698739	2.441754
-89.431724	183.551343	2.450707
-89.762136	183.399864	2.459910
-90.101674	183.244304	2.469363
-90.450338	183.084662	2.479066
-90.808128	182.920939	2.489019
-91.175043	182.753134	2.499223
-91.551084	182.581249	2.509676
-91.936251	182.405282	2.520380
-92.330544	182.225233	2.531334
-92.733963	182.041104	2.542538
-93.146508	181.852894	2.553993
-93.568179	181.660602	2.565697
-93.998975	181.464230	2.577652
-94.438898	181.263777	2.589857
-94.887947	181.059244	2.602312
-95.091387	180.966614	2.607954
-95.303953	180.869904	2.613846
-95.525646	180.769113	2.619988
-95.756464	180.664242	2.626381
-95.996409	180.555290	2.633023
-96.245480	180.442257	2.639916
-96.503677	180.325144	2.647060
-96.771000	180.203951	2.654454
-97.047450	180.078677	2.662098
-97.333025	179.949323	2.669992
-97.627727	179.815888	2.678137
-97.931555	179.678373	2.686532
-98.244510	179.536778	2.695178
-98.566590	179.391102	2.704073
-98.897797	179.241347	2.713220
-99.238130	179.087511	2.722616
-99.587590	178.929595	2.732263
-99.946176	178.767598	2.742161
-100.313888	178.601522	2.752308
-100.690726	178.431366	2.762707
-101.076691	178.257129	2.773355
-101.471783	178.078813	2.784254
-101.876000	177.896416	2.795403
-102.289344	177.709940	2.806803
-102.711815	177.519384	2.818454
-103.143412	177.324748	2.830354
-103.584135	177.126032	2.842505
-104.033985	176.923236	2.854907
-104.237777	176.831380	2.860525
-104.450695	176.735445	2.866393
-104.672739	176.635430	2.872511
-104.903911	176.531335	2.878880
-105.144208	176.423161	2.885500
-105.393632	176.310907	2.892370
-105.652183	176.194573	2.899490
-105.919860	176.074159	2.906861
-106.196664	175.949666	2.914482
-106.482594	175.821093	2.922354
-106.777651	175.688441	2.930476
-107.081834	175.551709	2.938849
-107.395144	175.410897	2.947472
-107.717580	175.266006	2.956346
-108.049143	175.117035	2.965470
-108.389833	174.963984	2.974845
-108.739649	174.806854	2.984470
-109.098592	174.645645	2.994346
-109.466661	174.480356	3.004472
-109.843857	174.310987	3.014849
-110.230180	174.137539	3.025476
-110.625629	173.960012	3.036353
-111.030205	173.778405	3.047481
-111.443907	173.592718	3.058860
-111.866736	173.402952	3.070489
-112.298692	173.209107	3.082369
-112.739774	173.011183	3.094499
-113.189983	172.809179	3.106880
-113.393934	172.717675	3.112488
-113.607010	172.622092	3.118347
-113.829214	172.522430	3.124456
-114.060544	172.418689	3.130816
-114.301001	172.310868	3.137427
-114.550585	172.198968	3.144288
-114.809295	172.082989	3.151399
-115.077132	171.962930	3.158761
-115.354095	171.838792	3.166374
-115.640186	171.710575	3.174237
-115.935403	171.578278	3.182350
-116.239747	171.441902	3.190714
-116.553217	171.301447	3.199329
-116.875814	171.156913	3.208194
-117.207538	171.008299	3.217310
-117.548388	170.855606	3.226676
-117.898366	170.698834	3.236293
-118.257470	170.537982	3.246160
-118.625700	170.373051	3.256278
-119.003058	170.204041	3.266646
-119.389542	170.030952	3.277265
-119.785153	169.853784	3.288134
-120.189890	169.672536	3.299254
-120.603755	169.487209	3.310624
-121.026746	169.297803	3.322245
-121.458864	169.104318	3.334117
-121.900108	168.906754	3.346239
-122.350480	168.705110	3.358611
-122.554502	168.613767	3.364216
-122.767651	168.518345	3.370071
-122.989926	168.418843	3.376177
-123.221329	168.315262	3.382534
-123.461858	168.207603	3.389140
-123.711514	168.095864	3.395998
-123.970296	167.980046	3.403106
-124.238206	167.860148	3.410465
-124.515242	167.736172	3.418074
-124.801405	167.608116	3.425933
-125.096694	167.475982	3.434043
-125.401111	167.339768	3.442404
-125.714654	167.199475	3.451015
-126.037324	167.055103	3.459877
-126.369121	166.906652	3.468989
-126.710044	166.754121	3.478352
-127.060095	166.597512	3.487966
-127.419272	166.436823	3.497830
-127.787576	166.272055	3.507944
-128.165006	166.103209	3.518309
-128.551564	165.930283	3.528925
-128.947248	165.753278	3.539791
-129.352059	165.572194	3.550908
-129.765997	165.387030	3.562275
-130.189061	165.197788	3.573892
-130.621252	165.004467	3.585761
-131.062571	164.807066	3.597880
-131.513015	164.605586	3.610249
-131.717070	164.514316	3.615852
-131.930252	164.418967	3.621706
-132.152560	164.319538	3.627811
-132.383995	164.216031	3.634166
-132.624557	164.108444	3.640771
-132.874246	163.996779	3.647627
-133.133061	163.881034	3.654734
-133.401004	163.761210	3.662091
-133.678073	163.637307	3.669699
-133.964269	163.509325	3.677557
-134.259591	163.377264	3.685666
-134.564041	163.241124	3.694026
-134.877617	163.100905	3.702636
-135.200320	162.956607	3.711496
-135.532150	162.808230	3.720607
-135.873107	162.655774	3.729969
-136.223190	162.499238	3.739581
-136.582401	162.338624	3.749444
-136.950738	162.173930	3.759557
-137.328202	162.005158	3.769921
-137.714792	161.832306	3.780535
-138.110510	161.655375	3.791400
-138.515354	161.474366	3.802515
-138.929325	161.289277	3.813881
-139.352423	161.100109	3.825498
-139.784648	160.906862	3.837365
-140.226000	160.709537	3.849482
-140.676478	160.508132	3.861850
-140.880548	160.416895	3.867453
-141.093744	160.321578	3.873307
-141.316067	160.222183	3.879411
-141.547517	160.118709	3.885765
-141.788094	160.011156	3.892370
-142.037798	159.899524	3.899226
-142.296628	159.783812	3.906332
-142.564586	159.664022	3.913689
-142.841670	159.540153	3.921296
-143.127881	159.412204	3.929154
-143.423218	159.280177	3.937262
-143.727683	159.144070	3.945621
-144.041274	159.003885	3.954230
-144.363992	158.859620	3.963090
-144.695837	158.711277	3.972201
-145.036809	158.558854	3.981562
-145.386908	158.402352	3.991173
-145.746133	158.241772	4.001036
-146.114485	158.077112	4.011148
-146.491964	157.908373	4.021512
-146.878570	157.735556	4.032126
-147.274303	157.558659	4.042990
-147.679162	157.377683	4.054105
-148.093149	157.192628	4.065470
-148.516262	157.003494	4.077086
-148.948502	156.810282	4.088953
-149.389869	156.612990	4.101070
-149.840362	156.411619	4.113438
-150.044438	156.320397	4.119040
-150.257642	156.225096	4.124894
-150.479972	156.125716	4.130997
-150.711428	156.022257	4.137352
-150.952012	155.914719	4.143956
-151.201723	155.803102	4.150812
-151.460560	155.687406	4.157918
-151.728524	155.567630	4.165274
-152.005615	155.443776	4.172881
-152.291833	155.315843	4.180739
-152.587177	155.183831	4.188847
-152.891649	155.047740	4.197206
-153.205247	154.907570	4.205815
-153.527972	154.763321	4.214675
-153.859824	154.614992	4.223785
-154.200802	154.462585	4.233146
-154.550908	154.306099	4.242758
-154.910140	154.145534	4.252619
-155.278499	153.980889	4.262732
-155.655985	153.812166	4.273095
-156.042598	153.639364	4.283709
-156.438337	153.462482	4.294573
-156.843204	153.281522	4.305688
-157.257197	153.096483	4.317053
-157.680317	152.907364	4.328669
-158.112564	152.714167	4.340535
-158.553938	152.516890	4.352652
-159.004438	152.315535	4.365020
-159.208518	152.224320	4.370622
-159.421724	152.129026	4.376475
-159.644057	152.029653	4.382579
-159.875517	151.926201	4.388933
-160.116104	151.818670	4.395538
-160.365817	151.707059	4.402393
-160.624658	151.591370	4.409499
-160.892625	151.471602	4.416856
-161.169719	151.347755	4.424463
-161.455940	151.219829	4.432320
-161.751287	151.087824	4.440428
-162.055762	150.951739	4.448787
-162.369363	150.811576	4.457396
-162.692091	150.667334	4.466256
-163.023946	150.519013	4.475366
-163.364928	150.366613	4.484727
-163.715037	150.210133	4.494338
-164.074272	150.049575	4.504200
-164.442634	149.884938	4.514313
-164.820124	149.716221	4.524676
-165.206739	149.543426	4.535289
-165.602482	149.366552	4.546153
-166.007352	149.185599	4.557268
-166.421348	149.000566	4.568633
-166.844471	148.811455	4.580249
-167.276721	148.618265	4.592115
-167.718098	148.420995	4.604232
-168.168602	148.219647	4.616600
-168.372683	148.128435	4.622202
-168.585890	148.033144	4.628055
-168.808225	147.933774	4.634159
-169.039686	147.830325	4.640513
-169.280274	147.722797	4.647118
-169.529989	147.611190	4.653973
-169.788831	147.495504	4.661079
-170.056800	147.375739	4.668435
-170.333895	147.251895	4.676042
-170.620118	147.123972	4.683900
-170.915467	146.991970	4.692008
-171.219943	146.855889	4.700366
-171.533545	146.715729	4.708976
-171.856275	146.571490	4.717835
-172.188131	146.423172	4.726945
-172.529115	146.270775	4.736306
-172.879225	146.114299	4.745918
-173.238461	145.953744	4.755780
-173.606825	145.789110	4.765892
-173.984316	145.620397	4.776255
-174.370933	145.447605	4.786869
-174.766677	145.270734	4.797733
-175.171548	145.089784	4.808847
-175.585546	144.904755	4.820212
-176.008671	144.715647	4.831828
-176.440922	144.522459	4.843695
-176.882300	144.325193	4.855811
-177.332806	144.123848	4.868179
-177.536887	144.032638	4.873781
-177.750095	143.937348	4.879634
-177.972430	143.837980	4.885738
-178.203892	143.734532	4.892092
-178.444481	143.627006	4.898697
-178.694197	143.515400	4.905552
-178.953039	143.399716	4.912658
-179.221009	143.279952	4.920014
-179.498105	143.156110	4.927621
-179.784328	143.028188	4.935479
-180.079677	142.896187	4.943587
-180.384154	142.760108	4.951945
-180.697757	142.619949	4.960555
-181.020488	142.475712	4.969414
-181.352345	142.327395	4.978524
-181.693328	142.175000	4.987885
-182.043439	142.018525	4.997497
-182.402677	141.857971	5.007358
-182.771041	141.693339	5.017471
-183.148532	141.524627	5.027834
-183.535150	141.351837	5.038447
-183.930895	141.174967	5.049312
-184.335767	140.994018	5.060426
-184.749765	140.808991	5.071791
-185.172890	140.619884	5.083407
-185.605143	140.426699	5.095273
-186.046522	140.229434	5.107390
-186.497027	140.028090	5.119758
-186.701109	139.936880	5.125360
-186.914318	139.841592	5.131213
-187.136653	139.742224	5.137317
-187.368115	139.638777	5.143671
-187.608705	139.531251	5.150276
-187.858420	139.419646	5.157131
-188.117263	139.303962	5.164237
-188.385233	139.184199	5.171593
-188.662329	139.060358	5.179200
-188.948552	138.932437	5.187058
-189.243902	138.800437	5.195166
-189.548379	138.664358	5.203524
-189.861983	138.524200	5.212133
-190.184713	138.379963	5.220993
-190.516571	138.231647	5.230103
-190.857555	138.079252	5.239464
-191.207666	137.922778	5.249075
-191.566904	137.762225	5.258937
-191.935268	137.597593	5.269050
-192.312760	137.428883	5.279413
-192.699378	137.256093	5.290026
-193.095123	137.079224	5.300890
-193.499995	136.898276	5.312005
-193.913994	136.713249	5.323370
-194.337120	136.524143	5.334986
-194.769372	136.330958	5.346852
-195.210751	136.133694	5.358969
-195.661257	135.932351	5.371336
-195.865339	135.841141	5.376939
-196.078548	135.745853	5.382792
-196.300884	135.646485	5.388896
-196.532346	135.543039	5.395250
-196.772935	135.435513	5.401854
-197.022651	135.323909	5.408710
-197.281494	135.208225	5.415816
-197.549464	135.088462	5.423172
-197.826561	134.964621	5.430779
-198.112784	134.836700	5.438636
-198.408134	134.704701	5.446744
-198.712611	134.568622	5.455103
-199.026215	134.428465	5.463712
-199.348946	134.284228	5.472572
-199.680803	134.135912	5.481682
-200.021787	133.983518	5.491043
-200.371898	133.827044	5.500654
-200.731136	133.666491	5.510516
-201.099501	133.501860	5.520628
-201.476993	133.333149	5.530991
-201.863611	133.160360	5.541605
-202.259357	132.983491	5.552469
-202.664229	132.802543	5.563584
-203.078228	132.617517	5.574949
-203.501353	132.428411	5.586565
-203.933606	132.235226	5.598431
-204.374985	132.037963	5.610548
-204.825491	131.836620	5.622915
-205.029573	131.745411	5.628518
-205.242782	131.650122	5.634371
-205.465118	131.550755	5.640474
-205.696580	131.447308	5.646828
-205.937170	131.339783	5.653433
-206.186886	131.228179	5.660288
-206.445729	131.112495	5.667394
-206.713698	130.992733	5.674751
-206.990795	130.868891	5.682358
-207.277018	130.740971	5.690215
-207.572369	130.608971	5.698323
-207.876846	130.472893	5.706682
-208.190450	130.332735	5.715291
-208.513180	130.188499	5.724150
-208.845038	130.040184	5.733261
-209.186022	129.887789	5.742621
-209.536133	129.731316	5.752233
-209.895371	129.570763	5.762095
-210.263736	129.406132	5.772207
-210.641228	129.237421	5.782570
-211.027847	129.064632	5.793184
-211.423592	128.887763	5.804048
-211.828464	128.706816	5.815162
-212.242463	128.521789	5.826528
-212.665589	128.332684	5.838143
-213.097841	128.139499	5.850010
-213.539221	127.942236	5.862126
-213.989727	127.740893	5.874494
-214.193809	127.649684	5.880096
-214.407018	127.554395	5.885949
-214.629354	127.455028	5.892053
-214.860816	127.351582	5.898407
-215.101405	127.244056	5.905012
-215.351122	127.132452	5.911867
-215.609965	127.016769	5.918973
-215.877934	126.897006	5.926329
-216.155031	126.773165	5.933936
-216.441254	126.645245	5.941794
-216.736605	126.513245	5.949902
-217.041082	126.377167	5.958260
-217.354686	126.237009	5.966869
-217.677416	126.092773	5.975729
-218.009274	125.944458	5.984839
-218.350258	125.792063	5.994200
-218.700370	125.635590	6.003811
-219.059608	125.475037	6.013673
-219.427973	125.310406	6.023786
-219.805464	125.141695	6.034149
-220.192083	124.968906	6.044762
-220.587828	124.792038	6.055626
-220.992700	124.611090	6.066741
-221.406699	124.426064	6.078106
-221.829825	124.236958	6.089722
-222.262078	124.043774	6.101588
-222.703457	123.846510	6.113705
-223.153964	123.645168	6.126073
-223.358046	123.553959	6.131675
-223.571255	123.458670	6.137528
-223.793590	123.359303	6.143632
-224.025053	123.255857	6.149986
-224.265642	123.148331	6.156591
-224.515358	123.036727	6.163446
-224.774201	122.921044	6.170552
-225.042171	122.801281	6.177908
-225.319268	122.677440	6.185515
-225.605491	122.549520	6.193372
-225.900841	122.417520	6.201480
-226.205318	122.281442	6.209839
-226.518922	122.141285	6.218448
-226.841653	121.997048	6.227308
-227.173511	121.848733	6.236418
-227.514495	121.696338	6.245779
-227.864606	121.539865	6.255390
-228.223844	121.379313	6.265252
-228.592209	121.214681	6.275364
-228.969701	121.045971	6.285727
-229.356320	120.873182	6.296341
-229.752065	120.696313	6.307205
-230.156937	120.515366	6.318320
-230.570936	120.330339	6.329685
-230.994062	120.141234	6.341301
-231.426315	119.948050	6.353167
-231.867694	119.750786	6.365284
-232.318201	119.549444	6.377651
-232.522283	119.458234	6.383254
-232.735491	119.362946	6.389107
-232.957827	119.263579	6.395210
-233.189290	119.160132	6.401565
-233.429879	119.052607	6.408169
-233.679595	118.941003	6.415025
-233.938438	118.825319	6.422130
-234.206408	118.705557	6.429487
-234.483505	118.581716	6.437094
-234.769728	118.453795	6.444951
-235.065078	118.321796	6.453059
-235.369555	118.185718	6.461418
-235.683159	118.045560	6.470027
-236.005890	117.901324	6.478886
-236.337748	117.753009	6.487997
-236.678732	117.600614	6.497357
-237.028843	117.444141	6.506969
-237.388081	117.283589	6.516831
-237.756446	117.118957	6.526943
-238.133938	116.950247	6.537306
-238.520557	116.777457	6.547920
-238.916302	116.600589	6.558784
-239.321174	116.419642	6.569898
-239.735173	116.234615	6.581264
-240.158299	116.045510	6.592879
-240.590552	115.852326	6.604746
-241.031931	115.655062	6.616862
-241.482438	115.453720	6.629230
-241.686520	115.362510	6.634832
-241.899728	115.267222	6.640685
-242.122064	115.167855	6.646789
-242.353527	115.064409	6.653143
-242.594116	114.956883	6.659748
-242.843832	114.845279	6.666603
-243.102675	114.729596	6.673709
-243.370645	114.609833	6.681065
-243.647742	114.485992	6.688672
-243.933965	114.358072	6.696530
-244.229315	114.226072	6.704638
-244.533792	114.089994	6.712996
-244.847396	113.949837	6.721605
-245.170127	113.805600	6.730465
-245.501985	113.657285	6.739575
-245.842969	113.504890	6.748936
-246.193080	113.348417	6.758548
-246.552318	113.187865	6.768409
-246.920683	113.023233	6.778522
-247.298175	112.854523	6.788885
-247.684794	112.681734	6.799498
-248.080539	112.504865	6.810362
-248.485411	112.323918	6.821477
-248.899410	112.138892	6.832842
-249.322536	111.949786	6.844458
-249.754789	111.756602	6.856324
-250.196168	111.559338	6.868441
-250.646675	111.357996	6.880809
-250.850757	111.266787	6.886411
-251.063966	111.171498	6.892264
-251.286301	111.072131	6.898368
-251.517764	110.968685	6.904722
-251.758353	110.861159	6.911327
-252.008069	110.749555	6.918182
-252.266912	110.633872	6.925288
-252.534882	110.514109	6.932644
-252.811979	110.390268	6.940251
-253.098202	110.262348	6.948108
-253.393552	110.130348	6.956216
-253.698030	109.994270	6.964575
-254.011634	109.854113	6.973184
-254.334364	109.709876	6.982044
-254.666222	109.561561	6.991154
-255.007206	109.409167	7.000515
-255.357318	109.252693	7.010126
-255.716556	109.092141	7.019988
-256.084921	108.927510	7.030101
-256.462412	108.758799	7.040464
-256.849031	108.586010	7.051077
-257.244776	108.409142	7.061941
-257.649648	108.228194	7.073056
-258.063647	108.043168	7.084421
-258.486773	107.854062	7.096037
-258.919026	107.660878	7.107903
-259.360405	107.463615	7.120020
-259.810912	107.262272	7.132387
-260.014994	107.171063	7.137990
-260.228203	107.075775	7.143843
-260.450538	106.976407	7.149946
-260.682001	106.872961	7.156301
-260.922590	106.765436	7.162905
-261.172306	106.653831	7.169761
-261.431149	106.538148	7.176866
-261.699119	106.418386	7.184223
-261.976216	106.294544	7.191830
-262.262439	106.166624	7.199687
-262.557790	106.034625	7.207795
-262.862267	105.898546	7.216154
-263.175871	105.758389	7.224763
-263.498601	105.614153	7.233623
-263.830459	105.465837	7.242733
-264.171443	105.313443	7.252094
-264.521555	105.156970	7.261705
-264.880793	104.996417	7.271567
-265.249158	104.831786	7.281679
-265.626649	104.663076	7.292042
-266.013268	104.490286	7.302656
-266.409013	104.313418	7.313520
-266.813886	104.132471	7.324634
-267.227885	103.947444	7.336000
-267.651010	103.758339	7.347615
-268.083263	103.565154	7.359482
-268.524643	103.367891	7.371599
-268.975149	103.166549	7.383966
-269.179231	103.075339	7.389568
-269.392440	102.980051	7.395422
-269.614776	102.880684	7.401525
-269.846238	102.777237	7.407879
-270.086827	102.669712	7.414484
-270.336544	102.558108	7.421339
-270.595387	102.442424	7.428445
-270.863356	102.322662	7.435801
-271.140453	102.198821	7.443408
-271.426676	102.070900	7.451266
-271.722027	101.938901	7.459374
-272.026504	101.802823	7.467732
-272.340108	101.662665	7.476342
-272.662839	101.518429	7.485201
-272.994696	101.370114	7.494311
-273.335681	101.217719	7.503672
-273.685792	101.061246	7.513284
-274.045030	100.900694	7.523145
-274.413395	100.736062	7.533258
-274.790887	100.567352	7.543621
-275.177505	100.394563	7.554234
-275.573250	100.217694	7.565099
-275.978123	100.036747	7.576213
-276.392122	99.851720	7.587578
-276.815248	99.662615	7.599194
-277.247500	99.469431	7.611060
-277.688880	99.272167	7.623177
-278.139386	99.070825	7.635545
-278.343468	98.979616	7.641147
-278.556677	98.884327	7.647000
-278.779013	98.784960	7.653104
-279.010475	98.681514	7.659458
-279.251065	98.573988	7.666063
-279.500781	98.462384	7.672918
-279.759624	98.346701	7.680024
-280.027594	98.226938	7.687380
-280.304690	98.103097	7.694987
-280.590914	97.975177	7.702845
-280.886264	97.843177	7.710953
-281.190741	97.707099	7.719311
-281.504345	97.566942	7.727920
-281.827076	97.422705	7.736780
-282.158933	97.274390	7.745890
-282.499918	97.121996	7.755251
-282.850029	96.965522	7.764862
-283.209267	96.804970	7.774724
-283.577632	96.640339	7.784837
-283.955124	96.471628	7.795200
-284.341742	96.298839	7.805813
-284.737488	96.121971	7.816677
-285.142360	95.941023	7.827792
-285.556359	95.755997	7.839157
-285.979485	95.566891	7.850773
-286.411737	95.373707	7.862639
-286.853117	95.176444	7.874756
-287.303623	94.975101	7.887123
-287.507705	94.883892	7.892726
-287.720914	94.788604	7.898579
-287.943250	94.689236	7.904682
-288.174712	94.585790	7.911037
-288.415302	94.478265	7.917641
-288.665018	94.366660	7.924497
-288.923861	94.250977	7.931602
-289.191831	94.131215	7.938959
-289.468927	94.007373	7.946566
-289.755151	93.879453	7.954423
-290.050501	93.747454	7.962531
-290.354978	93.611375	7.970890
-290.668582	93.471218	7.979499
-290.991313	93.326982	7.988359
-291.323171	93.178666	7.997469
-291.664155	93.026272	8.006830
-292.014266	92.869799	8.016441
-292.373504	92.709246	8.026303
-292.741869	92.544615	8.036415
-293.119361	92.375905	8.046778
-293.505979	92.203115	8.057392
-293.901725	92.026247	8.068256
-294.306597	91.845300	8.079371
-294.720596	91.660273	8.090736
-295.143722	91.471168	8.102351
-295.575975	91.277983	8.114218
-296.017354	91.080720	8.126335
-296.467860	90.879378	8.138702
-296.671943	90.788168	8.144305
-296.885151	90.692880	8.150158
-297.107487	90.593513	8.156261
-297.338950	90.490066	8.162615
-297.579539	90.382541	8.169220
-297.829255	90.270937	8.176075
-298.088098	90.155253	8.183181
-298.356068	90.035491	8.190538
-298.633165	89.911650	8.198144
-298.919388	89.783730	8.206002
-299.214738	89.651730	8.214110
-299.519215	89.515652	8.222468
-299.832819	89.375495	8.231078
-300.155550	89.231258	8.239937
-300.487408	89.082943	8.249048
-300.828392	88.930548	8.258408
-301.178503	88.774075	8.268020
-301.537741	88.613523	8.277882
-301.906106	88.448891	8.287994
-302.283598	88.280181	8.298357
-302.670217	88.107392	8.308970
-303.065962	87.930523	8.319835
-303.470834	87.749576	8.330949
-303.884833	87.564550	8.342314
-304.307959	87.375444	8.353930
-304.740212	87.182260	8.365796
-305.181591	86.984996	8.377913
-305.632098	86.783654	8.390281
-305.836180	86.692445	8.395883
-306.049389	86.597156	8.401736
-306.271724	86.497789	8.407840
-306.503187	86.394343	8.414194
-306.743776	86.286817	8.420799
-306.993492	86.175213	8.427654
-307.252335	86.059530	8.434760
-307.520305	85.939768	8.442116
-307.797402	85.815926	8.449723
-308.083625	85.688006	8.457581
-308.378975	85.556007	8.465689
-308.683453	85.419928	8.474047
-308.997057	85.279771	8.482656
-309.319787	85.135535	8.491516
-309.651645	84.987219	8.500626
-309.992629	84.834825	8.509987
-310.342741	84.678351	8.519598
-310.701979	84.517799	8.529460
-311.070344	84.353168	8.539573
-311.447835	84.184457	8.549936
-311.834454	84.011668	8.560549
-312.230199	83.834800	8.571413
-312.635071	83.653852	8.582528
-313.049070	83.468826	8.593893
-313.472196	83.279721	8.605509
-313.904449	83.086536	8.617375
-314.345828	82.889273	8.629492
-314.796335	82.687930	8.641859
-315.000417	82.596721	8.647462
-315.213626	82.501433	8.653315
-315.435961	82.402065	8.659419
-315.667424	82.298619	8.665773
-315.908013	82.191094	8.672377
-316.157729	82.079490	8.679233
-316.416572	81.963806	8.686339
-316.684542	81.844044	8.693695
-316.961639	81.720203	8.701302
-317.247862	81.592282	8.709159
-317.543213	81.460283	8.717267
-317.847690	81.324205	8.725626
-318.161294	81.184047	8.734235
-318.484024	81.039811	8.743095
-318.815882	80.891496	8.752205
-319.156866	80.739101	8.761566
-319.506978	80.582628	8.771177
-319.866216	80.422075	8.781039
-320.234581	80.257444	8.791151
-320.612072	80.088734	8.801514
-320.998691	79.915944	8.812128
-321.394436	79.739076	8.822992
-321.799309	79.558129	8.834107
-322.213308	79.373102	8.845472
-322.636433	79.183997	8.857088
-323.068686	78.990813	8.868954
-323.510066	78.793549	8.881071
-323.960572	78.592207	8.893438
-324.164654	78.500997	8.899041
-324.377863	78.405709	8.904894
-324.600199	78.306342	8.910997
-324.831661	78.202896	8.917351
-325.072250	78.095370	8.923956
-325.321967	77.983766	8.930811
-325.580810	77.868083	8.937917
-325.848779	77.748320	8.945274
-326.125876	77.624479	8.952880
-326.412100	77.496559	8.960738
-326.707450	77.364559	8.968846
-327.011927	77.228481	8.977205
-327.325531	77.088324	8.985814
-327.648262	76.944087	8.994673
-327.980119	76.795772	9.003784
-328.321104	76.643378	9.013144
-328.671215	76.486904	9.022756
-329.030453	76.326352	9.032618
-329.398818	76.161720	9.042730
-329.776310	75.993010	9.053093
-330.162928	75.820221	9.063707
-330.558674	75.643352	9.074571
-330.963546	75.462405	9.085685
-331.377545	75.277379	9.097050
-331.800671	75.088273	9.108666
-332.232923	74.895089	9.120533
-332.674303	74.697825	9.132649
-333.124809	74.496483	9.145017
-333.328891	74.405274	9.150619
-333.542100	74.309985	9.156472
-333.764436	74.210618	9.162576
-333.995898	74.107172	9.168930
-334.236488	73.999647	9.175535
-334.486204	73.888042	9.182390
-334.745047	73.772359	9.189496
-335.013017	73.652597	9.196852
-335.290113	73.528755	9.204459
-335.576337	73.400835	9.212317
-335.871687	73.268836	9.220425
-336.176164	73.132757	9.228783
-336.489768	72.992600	9.237392
-336.812499	72.848364	9.246252
-337.144356	72.700048	9.255362
