-12.353072	233.385885	6.899794
-12.328326	233.315835	6.936503
-12.311436	233.241456	6.977633
-12.302389	233.162749	7.023207
-12.301171	233.079715	7.073252
-12.307770	232.992356	7.127790
-12.322171	232.900672	7.186848
-12.344361	232.804665	7.250448
-12.374327	232.704335	7.318615
-12.412055	232.599683	7.391373
-12.457531	232.490712	7.468745
-12.510743	232.377421	7.550755
-12.571677	232.259813	7.637426
-12.640320	232.137887	7.728780
-12.716659	232.011645	7.824840
-12.800682	231.881088	7.925627
-12.892375	231.746218	8.031164
-12.991725	231.607034	8.141471
-13.098722	231.463540	8.256569
-13.213351	231.315734	8.376479
-13.335602	231.163619	8.501220
-13.465463	231.007196	8.630812
-13.602921	230.846465	8.765274
-13.747966	230.681428	8.904625
-13.900587	230.512085	9.048882
-14.060773	230.338439	9.198064
-14.228512	230.160489	9.352188
-14.403795	229.978238	9.511269
-14.586612	229.791685	9.675326
-14.776953	229.600833	9.844373
-14.974808	229.405682	10.018426
-15.180167	229.206234	10.197500
-15.393022	229.002489	10.381609
-15.613364	228.794448	10.570767
-15.841184	228.582113	10.764989
-16.076474	228.365485	10.964286
-16.319226	228.144564	11.168673
-16.569432	227.919352	11.378161
-16.827084	227.689850	11.592763
-17.092175	227.456060	11.812489
-17.364699	227.217981	12.037352
-17.644647	226.975615	12.267362
-17.932013	226.728964	12.502529
-18.226792	226.478029	12.742864
-18.528976	226.222809	12.988377
-18.838560	225.963308	13.239076
-19.155538	225.699525	13.494972
-19.479904	225.431462	13.756073
-19.626761	225.310902	13.873964
-19.780999	225.186064	13.997073
-19.942616	225.056948	14.125402
-20.111608	224.923554	14.258956
-20.287975	224.785884	14.397738
-20.471713	224.643936	14.541751
-20.662820	224.497712	14.690999
-20.861296	224.347213	14.845486
-21.067136	224.192439	15.005213
-21.280340	224.033389	15.170186
-21.500906	223.870066	15.340406
-21.728831	223.702469	15.515878
-21.964114	223.530599	15.696603
-22.206753	223.354456	15.882585
-22.456746	223.174041	16.073827
-22.714091	222.989354	16.270331
-22.978787	222.800397	16.472101
-23.250832	222.607168	16.679139
-23.530225	222.409669	16.891447
-23.816963	222.207901	17.109029
-24.111046	222.001863	17.331887
-24.412471	221.791557	17.560023
-24.721238	221.576982	17.793440
-25.037345	221.358140	18.032140
-25.360791	221.135030	18.276125
-25.691574	220.907654	18.525398
-26.029693	220.676012	18.779961
-26.375147	220.440104	19.039816
-26.532152	220.333217	19.157818
-26.696491	220.222065	19.281115
-26.868161	220.106648	19.409708
-27.047164	219.986967	19.543598
-27.233499	219.863021	19.682785
-27.427164	219.734812	19.827271
-27.628160	219.602339	19.977056
-27.836486	219.465602	20.132141
-28.052142	219.324602	20.292527
-28.275127	219.179338	20.458215
-28.505441	219.029812	20.629206
-28.743083	218.876023	20.805500
-28.988052	218.717972	20.987098
-29.240350	218.555658	21.174002
-29.499974	218.389083	21.366211
-29.766924	218.218246	21.563726
-30.041201	218.043147	21.766549
-30.322804	217.863787	21.974679
-30.611732	217.680166	22.188119
-30.907985	217.492284	22.406867
-31.211563	217.300142	22.630926
-31.522465	217.103739	22.860296
-31.840691	216.903076	23.094976
-32.166241	216.698153	23.334969
-32.499114	216.488971	23.580275
-32.839310	216.275529	23.830894
-33.186829	216.057828	24.086826
-33.541670	215.835868	24.348074
-33.702546	215.735379	24.466483
-33.870744	215.630632	24.590209
-34.046264	215.521626	24.719249
-34.229106	215.408362	24.853606
-34.419270	215.290840	24.993279
-34.616754	215.169059	25.138268
-34.821561	215.043021	25.288573
-35.033688	214.912724	25.444196
-35.253136	214.778169	25.605136
-35.479906	214.639357	25.771393
-35.713996	214.496287	25.942968
-35.955407	214.348960	26.119861
-36.204139	214.197375	26.302072
-36.460191	214.041532	26.489601
-36.723564	213.881433	26.682449
-36.994257	213.717076	26.880615
-37.272270	213.548462	27.084101
-37.557604	213.375591	27.292905
-37.850257	213.198464	27.507030
-38.150230	213.017080	27.726473
-38.457524	212.831439	27.951237
-38.772137	212.641541	28.181321
-39.094069	212.447388	28.416725
-39.423322	212.248978	28.657449
-39.759894	212.046312	28.903494
-40.103785	211.839389	29.154860
-40.454996	211.628211	29.411548
-40.813526	211.412777	29.673556
-40.975981	211.315224	29.792264
-41.145756	211.213415	29.916293
-41.322849	211.107350	30.045644
-41.507262	210.997030	30.180317
-41.698994	210.882454	30.320312
-41.898045	210.763623	30.465628
-42.104415	210.640536	30.616266
-42.318104	210.513194	30.772227
-42.539112	210.381596	30.933509
-42.767439	210.245743	31.100114
-43.003085	210.105635	31.272041
-43.246050	209.961272	31.449290
-43.496334	209.812653	31.631861
-43.753936	209.659780	31.819755
-44.018857	209.502651	32.012972
-44.291097	209.341267	32.211511
-44.570656	209.175629	32.415373
-44.857534	209.005735	32.624558
-45.151730	208.831587	32.839065
-45.453245	208.653184	33.058896
-45.762079	208.470526	33.284049
-46.078231	208.283613	33.514526
-46.401702	208.092446	33.750325
-46.732491	207.897024	33.991448
-47.070599	207.697347	34.237894
-47.416026	207.493416	34.489664
-47.768771	207.285231	34.746756
-48.128834	207.072791	35.009173
-48.291959	206.976574	35.128054
-48.462402	206.876104	35.252259
-48.640163	206.771379	35.381788
-48.825244	206.662400	35.516640
-49.017642	206.549166	35.656816
-49.217359	206.431678	35.802315
-49.424394	206.309936	35.953138
-49.638748	206.183940	36.109285
-49.860421	206.053689	36.270756
-50.089411	205.919185	36.437550
-50.325721	205.780426	36.609668
-50.569348	205.637413	36.787110
-50.820294	205.490146	36.969876
-51.078559	205.338625	37.157966
-51.344142	205.182850	37.351380
-51.617043	205.022821	37.550117
-51.897262	204.858538	37.754179
-52.184801	204.690001	37.963564
-52.479657	204.517210	38.178274
-52.781832	204.340165	38.398307
-53.091325	204.158866	38.623665
-53.408137	203.973313	38.854347
-53.732267	203.783506	39.090352
-54.063715	203.589446	39.331682
-54.402482	203.391132	39.578336
-54.748567	203.188564	39.830315
-55.101970	202.981742	40.087617
-55.462692	202.770666	40.350244
-55.626106	202.675057	40.469217
-55.796839	202.575194	40.593515
-55.974890	202.471078	40.723137
-56.160259	202.362708	40.858083
-56.352947	202.250084	40.998354
-56.552953	202.133207	41.143949
-56.760277	202.012076	41.294868
-56.974920	201.886691	41.451111
-57.196881	201.757053	41.612679
-57.426161	201.623161	41.779571
-57.662758	201.485015	41.951788
-57.906674	201.342616	42.129329
-58.157909	201.195963	42.312194
-58.416461	201.045057	42.500384
-58.682332	200.889897	42.693898
-58.955522	200.730483	42.892736
-59.236030	200.566816	43.096899
-59.523856	200.398895	43.306386
-59.819000	200.226721	43.521198
-60.121463	200.050293	43.741334
-60.431244	199.869612	43.966794
-60.748343	199.684677	44.197579
-61.072761	199.495489	44.433689
-61.404497	199.302047	44.675123
-61.743551	199.104352	44.921881
-62.089924	198.902403	45.173964
-62.443614	198.696201	45.431371
-62.804624	198.485746	45.694103
-62.968165	198.390412	45.813123
-63.139025	198.290826	45.937468
-63.317203	198.186986	46.067137
-63.502700	198.078892	46.202130
-63.695515	197.966545	46.342449
-63.895648	197.849945	46.488091
-64.103099	197.729092	46.639058
-64.317869	197.603984	46.795350
-64.539957	197.474624	46.956966
-64.769363	197.341010	47.123907
-65.006088	197.203143	47.296172
-65.250131	197.061022	47.473762
-65.501493	196.914648	47.656677
-65.760172	196.764021	47.844916
-66.026170	196.609140	48.038480
-66.299487	196.450006	48.237368
-66.580121	196.286618	48.441580
-66.868074	196.118978	48.651118
-67.163346	195.947084	48.865980
-67.465935	195.770936	49.086166
-67.775843	195.590535	49.311677
-68.093069	195.405881	49.542513
-68.417614	195.216973	49.778673
-68.749477	195.023813	50.020158
-69.088658	194.826399	50.266968
-69.435158	194.624731	50.519102
-69.788976	194.418810	50.776561
-70.150112	194.208636	51.039344
-70.313710	194.113428	51.158387
-70.484626	194.013967	51.282754
-70.662860	193.910252	51.412446
-70.848413	193.802284	51.547463
-71.041284	193.690063	51.687804
-71.241474	193.573589	51.833470
-71.448981	193.452861	51.984461
-71.663807	193.327880	52.140776
-71.885952	193.198645	52.302416
-72.115415	193.065158	52.469380
-72.352196	192.927417	52.641669
-72.596295	192.785423	52.819283
-72.847713	192.639175	53.002221
-73.106449	192.488675	53.190484
-73.372503	192.333921	53.384072
-73.645876	192.174913	53.582984
-73.926567	192.011653	53.787221
-74.214576	191.844139	53.996783
-74.509904	191.672372	54.211669
-74.812550	191.496352	54.431880
-75.122514	191.316078	54.657415
-75.439797	191.131552	54.888275
-75.764398	190.942772	55.124460
-76.096317	190.749738	55.365969
-76.435555	190.552452	55.612804
-76.782111	190.350912	55.864962
-77.135986	190.145119	56.122446
-77.497178	189.935073	56.385254
-77.660801	189.839922	56.504308
-77.831742	189.740517	56.628686
-78.010002	189.636859	56.758389
-78.195580	189.528948	56.893417
-78.388476	189.416784	57.033769
-78.588690	189.300367	57.179447
-78.796223	189.179696	57.330448
-79.011074	189.054772	57.486775
-79.233244	188.925595	57.648426
-79.462732	188.792165	57.815402
-79.699538	188.654482	57.987702
-79.943662	188.512545	58.165327
-80.195105	188.366355	58.348277
-80.453866	188.215912	58.536551
-80.719946	188.061215	58.730150
-80.993344	187.902266	58.929074
-81.274060	187.739063	59.133323
-81.562094	187.571607	59.342896
-81.857447	187.399897	59.557794
-82.160119	187.223935	59.778016
-82.470108	187.043719	60.003563
-82.787416	186.859250	60.234435
-83.112042	186.670528	60.470631
-83.443987	186.477553	60.712153
-83.783250	186.280324	60.958998
-84.129831	186.078843	61.211169
-84.483730	185.873108	61.468664
-84.844948	185.663120	61.731484
-85.008582	185.567994	61.850543
-85.179535	185.468615	61.974927
-85.357805	185.364984	62.104635
-85.543394	185.257098	62.239668
-85.736302	185.144960	62.380026
-85.936528	185.028569	62.525708
-86.144072	184.907924	62.676715
-86.358934	184.783026	62.833047
-86.581115	184.653875	62.994704
-86.810614	184.520471	63.161685
-87.047431	184.382813	63.333990
-87.291567	184.240903	63.511621
-87.543021	184.094739	63.694576
-87.801794	183.944322	63.882856
-88.067884	183.789652	64.076460
-88.341293	183.630728	64.275390
-88.622021	183.467551	64.479644
-88.910067	183.300122	64.689222
-89.205431	183.128439	64.904125
-89.508113	182.952502	65.124353
-89.818114	182.772313	65.349906
-90.135433	182.587870	65.580783
-90.460071	182.399174	65.816985
-90.792027	182.206225	66.058512
-91.131301	182.009023	66.305363
-91.477893	181.807568	66.557539
-91.831804	181.601859	66.815040
-92.193033	181.391898	67.077865
-92.356672	181.296784	67.196927
-92.527630	181.197417	67.321313
-92.705906	181.093797	67.451024
-92.891500	180.985923	67.586059
-93.084412	180.873797	67.726420
-93.284643	180.757417	67.872105
-93.492192	180.636784	68.023114
-93.707059	180.511898	68.179448
-93.929245	180.382759	68.341107
-94.158749	180.249367	68.508091
-94.395572	180.111721	68.680399
-94.639713	179.969822	68.858032
-94.891172	179.823670	69.040990
-95.149949	179.673265	69.229273
-95.416045	179.518607	69.422880
-95.689459	179.359695	69.621811
-95.970192	179.196530	69.826068
-96.258243	179.029112	70.035649
-96.553612	178.857441	70.250555
-96.856299	178.681517	70.470785
-97.166305	178.501339	70.696340
-97.483629	178.316909	70.927220
-97.808272	178.128225	71.163425
-98.140233	177.935288	71.404954
-98.479512	177.738098	71.651808
-98.826110	177.536654	71.903987
-99.180026	177.330958	72.161490
-99.541260	177.121008	72.424318
-99.704901	177.025899	72.543381
-99.875861	176.926538	72.667768
-100.054139	176.822923	72.797480
-100.239735	176.715055	72.932517
-100.432650	176.602934	73.072878
-100.632883	176.486560	73.218564
-100.840434	176.365932	73.369575
-101.055304	176.241051	73.525910
-101.277492	176.111918	73.687571
-101.506998	175.978531	73.854555
-101.743823	175.840890	74.026865
-101.987966	175.698997	74.204499
-102.239428	175.552850	74.387458
-102.498207	175.402451	74.575742
-102.764305	175.247798	74.769350
-103.037722	175.088891	74.968283
-103.318457	174.925732	75.172540
-103.606510	174.758320	75.382123
-103.901881	174.586654	75.597030
-104.204571	174.410735	75.817261
-104.514579	174.230563	76.042818
-104.831906	174.046138	76.273699
-105.156551	173.857459	76.509905
-105.488514	173.664528	76.751435
-105.827795	173.467343	76.998290
-106.174395	173.265905	77.250470
-106.528314	173.060214	77.507975
-106.889550	172.850269	77.770804
-107.053192	172.755163	77.889867
-107.224153	172.655804	78.014255
-107.402432	172.552192	78.143967
-107.588029	172.444326	78.279005
-107.780945	172.332208	78.419367
-107.981179	172.215836	78.565053
-108.188732	172.095211	78.716065
-108.403602	171.970332	78.872401
-108.625791	171.841201	79.034061
-108.855299	171.707816	79.201047
-109.092125	171.570179	79.373357
-109.336269	171.428288	79.550991
-109.587731	171.282143	79.733951
-109.846512	171.131746	79.922235
-110.112611	170.977096	80.115844
-110.386028	170.818192	80.314777
-110.666764	170.655035	80.519036
-110.954818	170.487625	80.728618
-111.250191	170.315962	80.943526
-111.552882	170.140045	81.163758
-111.862891	169.959876	81.389315
-112.180219	169.775453	81.620197
-112.504864	169.586777	81.856403
-112.836829	169.393848	82.097934
-113.176111	169.196666	82.344790
-113.522712	168.995230	82.596970
-113.876631	168.789541	82.854475
-114.237869	168.579600	83.117305
-114.401512	168.484495	83.236369
-114.572473	168.385137	83.360757
-114.750752	168.281525	83.490470
-114.936350	168.173661	83.625507
-115.129266	168.061543	83.765869
-115.329501	167.945173	83.911556
-115.537054	167.824549	84.062568
-115.751925	167.699672	84.218904
-115.974114	167.570541	84.380565
-116.203622	167.437158	84.547551
-116.440448	167.299521	84.719861
-116.684593	167.157631	84.897496
-116.936056	167.011488	85.080456
-117.194837	166.861092	85.268740
-117.460937	166.706443	85.462349
-117.734355	166.547540	85.661283
-118.015091	166.384384	85.865541
-118.303146	166.216975	86.075124
-118.598519	166.045313	86.290032
-118.901210	165.869398	86.510265
-119.211220	165.689229	86.735822
-119.528548	165.504808	86.966704
-119.853194	165.316133	87.202910
-120.185159	165.123205	87.444442
-120.524442	164.926024	87.691298
-120.871043	164.724589	87.943478
-121.224963	164.518902	88.200984
-121.586201	164.308961	88.463814
-121.749844	164.213857	88.582877
-121.920805	164.114499	88.707265
-122.099085	164.010888	88.836978
-122.284683	163.903025	88.972016
-122.477599	163.790907	89.112378
-122.677834	163.674537	89.258065
-122.885387	163.553914	89.409077
-123.100258	163.429037	89.565413
-123.322448	163.299907	89.727074
-123.551956	163.166524	89.894060
-123.788783	163.028888	90.066371
-124.032927	162.886999	90.244006
-124.284390	162.740856	90.426966
-124.543172	162.590461	90.615250
-124.809272	162.435812	90.808859
-125.082690	162.276910	91.007793
-125.363426	162.113754	91.212052
-125.651481	161.946346	91.421635
-125.946854	161.774684	91.636543
-126.249546	161.598770	91.856776
-126.559556	161.418602	92.082333
-126.876884	161.234181	92.313215
-127.201531	161.045506	92.549422
-127.533495	160.852579	92.790953
-127.872779	160.655398	93.037809
-128.219380	160.453964	93.289990
-128.573300	160.248277	93.547495
-128.934538	160.038337	93.810326
-129.098182	159.943233	93.929389
-129.269143	159.843875	94.053777
-129.447423	159.740265	94.183490
-129.633021	159.632401	94.318528
-129.825937	159.520284	94.458891
-130.026172	159.403914	94.604578
-130.233725	159.283291	94.755589
-130.448597	159.158415	94.911926
-130.670787	159.029285	95.073587
-130.900295	158.895902	95.240573
-131.137121	158.758266	95.412883
-131.381266	158.616377	95.590518
-131.632729	158.470235	95.773478
-131.891511	158.319840	95.961763
-132.157611	158.165191	96.155372
-132.431029	158.006289	96.354306
-132.711766	157.843134	96.558565
-132.999821	157.675726	96.768148
-133.295194	157.504065	96.983056
-133.597885	157.328150	97.203289
-133.907895	157.147982	97.428846
-134.225224	156.963561	97.659728
-134.549870	156.774887	97.895935
-134.881835	156.581960	98.137466
-135.221119	156.384780	98.384322
-135.567720	156.183346	98.636503
-135.921640	155.977659	98.894009
-136.282879	155.767719	99.156839
-136.446522	155.672615	99.275903
-136.617483	155.573258	99.400291
-136.795763	155.469648	99.530004
-136.981361	155.361784	99.665042
-137.174278	155.249667	99.805404
-137.374513	155.133297	99.951091
-137.582066	155.012674	100.102103
-137.796937	154.887798	100.258439
-138.019127	154.758668	100.420100
-138.248636	154.625286	100.587086
-138.485462	154.487650	100.759397
-138.729607	154.345761	100.937032
-138.981070	154.199619	101.119992
-139.239852	154.049223	101.308277
-139.505952	153.894575	101.501886
-139.779370	153.735673	101.700820
-140.060107	153.572518	101.905078
-140.348162	153.405110	102.114662
-140.643535	153.233449	102.329570
-140.946227	153.057534	102.549803
-141.256237	152.877367	102.775360
-141.573565	152.692946	103.006242
-141.898212	152.504272	103.242449
-142.230177	152.311345	103.483980
-142.569460	152.114165	103.730836
-142.916062	151.912731	103.983017
-143.269982	151.707044	104.240523
-143.631220	151.497105	104.503353
-143.794863	151.402001	104.622417
-143.965825	151.302643	104.746805
-144.144105	151.199033	104.876518
-144.329703	151.091169	105.011556
-144.522620	150.979053	105.151918
-144.722854	150.862683	105.297605
-144.930408	150.742060	105.448617
-145.145279	150.617184	105.604954
-145.367469	150.488054	105.766615
-145.596977	150.354672	105.933601
-145.833804	150.217036	106.105911
-146.077949	150.075147	106.283546
-146.329412	149.929005	106.466506
-146.588194	149.778609	106.654791
-146.854294	149.623961	106.848400
-147.127712	149.465059	107.047334
-147.408449	149.301904	107.251593
-147.696504	149.134496	107.461176
-147.991877	148.962835	107.676084
-148.294569	148.786921	107.896317
-148.604579	148.606753	108.121874
-148.921907	148.422332	108.352756
-149.246554	148.233658	108.588963
-149.578519	148.040731	108.830495
-149.917802	147.843551	109.077351
-150.264404	147.642118	109.329532
-150.618324	147.436431	109.587037
-150.979562	147.226491	109.849868
-151.143206	147.131387	109.968931
-151.314167	147.032030	110.093320
-151.492447	146.928420	110.223033
-151.678045	146.820556	110.358070
-151.870962	146.708439	110.498433
-152.071197	146.592070	110.644120
-152.278750	146.471447	110.795132
-152.493621	146.346570	110.951468
-152.715811	146.217441	111.113129
-152.945319	146.084058	111.280115
-153.182146	145.946423	111.452426
-153.426291	145.804534	111.630061
-153.677754	145.658392	111.813021
-153.936536	145.507996	112.001305
-154.202636	145.353348	112.194915
-154.476054	145.194446	112.393849
-154.756791	145.031291	112.598107
-155.044846	144.863883	112.807691
-155.340219	144.692222	113.022599
-155.642911	144.516308	113.242831
-155.952921	144.336140	113.468389
-156.270249	144.151719	113.699271
-156.594896	143.963046	113.935478
-156.926861	143.770118	114.177009
-157.266144	143.572938	114.423865
-157.612746	143.371505	114.676046
-157.966666	143.165818	114.933552
-158.327905	142.955878	115.196382
-158.491548	142.860774	115.315446
-158.662509	142.761417	115.439834
-158.840789	142.657807	115.569547
-159.026387	142.549943	115.704585
-159.219304	142.437827	115.844947
-159.419539	142.321457	115.990634
-159.627092	142.200834	116.141646
-159.841964	142.075958	116.297983
-160.064154	141.946828	116.459644
-160.293662	141.813446	116.626630
-160.530488	141.675810	116.798940
-160.774633	141.533921	116.976575
-161.026097	141.387779	117.159535
-161.284878	141.237384	117.347820
-161.550978	141.082735	117.541429
-161.824397	140.923834	117.740363
-162.105133	140.760679	117.944622
-162.393188	140.593271	118.154205
-162.688562	140.421610	118.369113
-162.991253	140.245695	118.589346
-163.301263	140.065528	118.814904
-163.618592	139.881107	119.045786
-163.943238	139.692433	119.281992
-164.275204	139.499506	119.523524
-164.614487	139.302326	119.770380
-164.961089	139.100892	120.022561
-165.315009	138.895206	120.280067
-165.676247	138.685266	120.542897
-165.839890	138.590162	120.661961
-166.010852	138.490805	120.786349
-166.189132	138.387194	120.916062
-166.374730	138.279331	121.051100
-166.567646	138.167214	121.191462
-166.767881	138.050844	121.337149
-166.975435	137.930221	121.488161
-167.190306	137.805345	121.644497
-167.412496	137.676216	121.806159
-167.642004	137.542833	121.973144
-167.878831	137.405198	122.145455
-168.122976	137.263309	122.323090
-168.374439	137.117167	122.506050
-168.633221	136.966771	122.694335
-168.899321	136.812123	122.887944
-169.172739	136.653221	123.086878
-169.453476	136.490066	123.291137
-169.741531	136.322658	123.500720
-170.036904	136.150997	123.715628
-170.339596	135.975083	123.935861
-170.649606	135.794915	124.161418
-170.966934	135.610495	124.392300
-171.291581	135.421821	124.628507
-171.623546	135.228894	124.870039
-171.962829	135.031713	125.116895
-172.309431	134.830280	125.369076
-172.663351	134.624593	125.626581
-173.024590	134.414654	125.889412
-173.188233	134.319550	126.008475
-173.359194	134.220192	126.132864
-173.537474	134.116582	126.262577
-173.723072	134.008719	126.397614
-173.915989	133.896602	126.537977
-174.116224	133.780232	126.683664
-174.323777	133.659609	126.834676
-174.538649	133.534733	126.991012
-174.760839	133.405604	127.152673
-174.990347	133.272221	127.319659
-175.227173	133.134585	127.491970
-175.471318	132.992696	127.669605
-175.722782	132.846554	127.852565
-175.981563	132.696159	128.040849
-176.247663	132.541510	128.234459
-176.521082	132.382609	128.433393
-176.801818	132.219454	128.637651
-177.089873	132.052046	128.847235
-177.385247	131.880385	129.062143
-177.687938	131.704470	129.282376
-177.997948	131.524303	129.507933
-178.315277	131.339882	129.738815
-178.639923	131.151208	129.975022
-178.971889	130.958281	130.216553
-179.311172	130.761101	130.463410
-179.657774	130.559668	130.715590
-180.011694	130.353981	130.973096
-180.372932	130.144041	131.235926
-180.536575	130.048937	131.354990
-180.707537	129.949580	131.479378
-180.885817	129.845970	131.609091
-181.071415	129.738106	131.744129
-181.264331	129.625990	131.884491
-181.464566	129.509620	132.030179
-181.672120	129.388997	132.181190
-181.886991	129.264121	132.337527
-182.109181	129.134991	132.499188
-182.338689	129.001609	132.666174
-182.575516	128.863973	132.838484
-182.819661	128.722084	133.016120
-183.071124	128.575942	133.199080
-183.329906	128.425547	133.387364
-183.596006	128.270898	133.580973
-183.869424	128.111997	133.779907
-184.150161	127.948842	133.984166
-184.438216	127.781434	134.193749
-184.733589	127.609773	134.408658
-185.036281	127.433858	134.628890
-185.346291	127.253691	134.854448
-185.663619	127.069270	135.085330
-185.988266	126.880596	135.321537
-186.320231	126.687669	135.563068
-186.659514	126.490489	135.809924
-187.006116	126.289055	136.062105
-187.360036	126.083369	136.319611
-187.721275	125.873429	136.582441
-187.884918	125.778325	136.701505
-188.055879	125.678968	136.825893
-188.234159	125.575358	136.955606
-188.419757	125.467494	137.090644
-188.612674	125.355377	137.231006
-188.812909	125.239008	137.376693
-189.020462	125.118385	137.527705
-189.235334	124.993508	137.684042
-189.457524	124.864379	137.845703
-189.687032	124.730996	138.012689
-189.923858	124.593361	138.184999
-190.168003	124.451472	138.362634
-190.419467	124.305330	138.545594
-190.678248	124.154934	138.733879
-190.944348	124.000286	138.927488
-191.217767	123.841384	139.126422
-191.498503	123.678229	139.330681
-191.786558	123.510821	139.540264
-192.081932	123.339160	139.755172
-192.384623	123.163246	139.975405
-192.694633	122.983078	140.200962
-193.011962	122.798658	140.431845
-193.336609	122.609984	140.668051
-193.668574	122.417057	140.909583
-194.007857	122.219877	141.156439
-194.354459	122.018443	141.408620
-194.708379	121.812757	141.666126
-195.069617	121.602817	141.928956
-195.233261	121.507713	142.048019
-195.404222	121.408356	142.172408
-195.582502	121.304745	142.302121
-195.768100	121.196882	142.437159
-195.961017	121.084765	142.577521
-196.161251	120.968395	142.723208
-196.368805	120.847772	142.874220
-196.583676	120.722896	143.030556
-196.805866	120.593767	143.192217
-197.035374	120.460384	143.359203
-197.272201	120.322748	143.531514
-197.516346	120.180859	143.709149
-197.767809	120.034717	143.892109
-198.026591	119.884322	144.080394
-198.292691	119.729674	144.274003
-198.566109	119.570772	144.472937
-198.846846	119.407617	144.677196
-199.134901	119.240209	144.886779
-199.430274	119.068548	145.101687
-199.732966	118.892634	145.321920
-200.042976	118.712466	145.547477
-200.360304	118.528045	145.778359
-200.684951	118.339372	146.014566
-201.016916	118.146445	146.256098
-201.356200	117.949264	146.502954
-201.702801	117.747831	146.755135
-202.056721	117.542144	147.012640
-202.417960	117.332205	147.275470
-202.581603	117.237101	147.394534
-202.752565	117.137743	147.518922
-202.930844	117.034133	147.648636
-203.116443	116.926270	147.783673
-203.309359	116.814153	147.924036
-203.509594	116.697783	148.069723
-203.717147	116.577160	148.220735
-203.932019	116.452284	148.377071
-204.154209	116.323154	148.538732
-204.383717	116.189772	148.705718
-204.620544	116.052136	148.878029
-204.864688	115.910247	149.055664
-205.116152	115.764105	149.238624
-205.374933	115.613710	149.426908
-205.641033	115.459061	149.620518
-205.914452	115.300160	149.819452
-206.195188	115.137005	150.023710
-206.483243	114.969597	150.233294
-206.778617	114.797936	150.448202
-207.081308	114.622021	150.668434
-207.391318	114.441854	150.893992
-207.708647	114.257433	151.124874
-208.033294	114.068759	151.361081
-208.365259	113.875832	151.602612
-208.704542	113.678652	151.849469
-209.051144	113.477219	152.101649
-209.405064	113.271532	152.359155
-209.766302	113.061592	152.621985
-209.929946	112.966488	152.741049
-210.100907	112.867131	152.865437
-210.279187	112.763521	152.995150
-210.464785	112.655657	153.130188
-210.657702	112.543541	153.270550
-210.857937	112.427171	153.416238
-211.065490	112.306548	153.567249
-211.280361	112.181672	153.723586
-211.502551	112.052542	153.885247
-211.732060	111.919160	154.052233
-211.968886	111.781524	154.224543
-212.213031	111.639635	154.402179
-212.464494	111.493493	154.585138
-212.723276	111.343098	154.773423
-212.989376	111.188449	154.967032
-213.262794	111.029548	155.165966
-213.543531	110.866393	155.370225
-213.831586	110.698985	155.579808
-214.126959	110.527324	155.794716
-214.429651	110.351409	156.014949
-214.739661	110.171242	156.240507
-215.056989	109.986821	156.471389
-215.381636	109.798147	156.707596
-215.713601	109.605220	156.949127
-216.052885	109.408040	157.195983
-216.399486	109.206606	157.448164
-216.753407	109.000920	157.705670
-217.114645	108.790980	157.968500
-217.278288	108.695876	158.087564
-217.449250	108.596519	158.211952
-217.627529	108.492909	158.341665
-217.813128	108.385045	158.476703
-218.006044	108.272928	158.617065
-218.206279	108.156559	158.762752
-218.413832	108.035936	158.913764
-218.628704	107.911059	159.070101
-218.850894	107.781930	159.231762
-219.080402	107.648547	159.398748
-219.317229	107.510912	159.571058
-219.561374	107.369023	159.748693
-219.812837	107.222881	159.931653
-220.071619	107.072485	160.119938
-220.337718	106.917837	160.313547
-220.611137	106.758935	160.512481
-220.891873	106.595780	160.716740
-221.179928	106.428373	160.926323
-221.475302	106.256711	161.141231
-221.777994	106.080797	161.361464
-222.088004	105.900629	161.587021
-222.405332	105.716209	161.817904
-222.729979	105.527535	162.054110
-223.061944	105.334608	162.295642
-223.401227	105.137428	162.542498
-223.747829	104.935994	162.794679
-224.101749	104.730308	163.052184
-224.462988	104.520368	163.315015
-224.626631	104.425264	163.434078
-224.797592	104.325907	163.558467
-224.975872	104.222296	163.688180
-225.161470	104.114433	163.823217
-225.354387	104.002316	163.963580
-225.554622	103.885946	164.109267
-225.762175	103.765323	164.260279
-225.977046	103.640447	164.416615
-226.199236	103.511318	164.578276
-226.428745	103.377935	164.745262
-226.665571	103.240299	164.917573
-226.909716	103.098411	165.095208
-227.161179	102.952268	165.278168
-227.419961	102.801873	165.466453
-227.686061	102.647225	165.660062
-227.959479	102.488323	165.858996
-228.240216	102.325168	166.063255
-228.528271	102.157760	166.272838
-228.823644	101.986099	166.487746
-229.126336	101.810185	166.707979
-229.436346	101.630017	166.933536
-229.753675	101.445597	167.164418
-230.078321	101.256923	167.400625
-230.410286	101.063996	167.642157
-230.749570	100.866815	167.889013
-231.096172	100.665382	168.141194
-231.450092	100.459695	168.398699
-231.811330	100.249756	168.661529
-231.974973	100.154652	168.780593
-232.145935	100.055294	168.904981
-232.324215	99.951684	169.034694
-232.509813	99.843821	169.169732
-232.702729	99.731704	169.310095
-232.902964	99.615334	169.455782
-233.110517	99.494711	169.606794
-233.325389	99.369835	169.763130
-233.547579	99.240706	169.924791
-233.777087	99.107323	170.091777
-234.013914	98.969687	170.264088
-234.258059	98.827798	170.441723
-234.509522	98.681656	170.624683
-234.768304	98.531261	170.812967
-235.034404	98.376612	171.006577
-235.307822	98.217711	171.205511
-235.588559	98.054556	171.409769
-235.876614	97.887148	171.619353
-236.171987	97.715487	171.834261
-236.474679	97.539573	172.054493
-236.784689	97.359405	172.280051
-237.102017	97.174984	172.510933
-237.426664	96.986310	172.747140
-237.758629	96.793383	172.988671
-238.097912	96.596203	173.235527
-238.444514	96.394770	173.487708
-238.798434	96.189083	173.745214
-239.159673	95.979143	174.008044
-239.323316	95.884039	174.127108
-239.494277	95.784682	174.251496
-239.672557	95.681072	174.381209
-239.858155	95.573208	174.516247
-240.051072	95.461092	174.656609
-240.251307	95.344722	174.802296
-240.458860	95.224099	174.953308
-240.673732	95.099223	175.109645
-240.895921	94.970093	175.271306
-241.125430	94.836711	175.438292
-241.362256	94.699075	175.610602
-241.606401	94.557186	175.788238
