49.894966	207.357394	48.754824
49.953697	207.206117	48.770464
50.018874	207.050501	48.792397
50.090501	206.890547	48.820622
50.168581	206.726258	48.855137
50.253118	206.557636	48.895940
50.344115	206.384683	48.943028
50.441576	206.207402	48.996400
50.545503	206.025793	49.056053
50.655901	205.839861	49.121986
50.772773	205.649605	49.194197
50.896121	205.455030	49.272684
51.025950	205.256136	49.357444
51.162263	205.052927	49.448475
51.305063	204.845404	49.545777
51.454353	204.633569	49.649346
51.610136	204.417425	49.759182
51.772417	204.196974	49.875281
51.941198	203.972218	49.997642
52.116483	203.743158	50.126263
52.298274	203.509798	50.261143
52.486575	203.272140	50.402279
52.681389	203.030185	50.549670
52.882720	202.783936	50.703313
53.090571	202.533394	50.863207
53.304944	202.278563	51.029350
53.525843	202.019445	51.201741
53.753271	201.756041	51.380377
53.987231	201.488353	51.565257
54.227726	201.216385	51.756379
54.474760	200.940138	51.953742
54.728335	200.659614	52.157343
54.988455	200.374816	52.367181
55.255122	200.085745	52.583254
55.528339	199.792405	52.805561
55.808110	199.494797	53.034100
56.094437	199.192923	53.268870
56.387324	198.886787	53.509868
56.686773	198.576389	53.757094
56.821778	198.437570	53.868911
56.963350	198.294494	53.986952
57.111490	198.147161	54.111219
57.266199	197.995572	54.241709
57.427478	197.839728	54.378422
57.595328	197.679631	54.521358
57.769752	197.515281	54.670516
57.950749	197.346679	54.825895
58.138321	197.173826	54.987495
58.332470	196.996723	55.155315
58.533197	196.815371	55.329354
58.740502	196.629772	55.509612
58.954388	196.439926	55.696089
59.174855	196.245834	55.888783
59.401904	196.047497	56.087694
59.635538	195.844917	56.292821
59.875756	195.638094	56.504165
60.122561	195.427029	56.721723
60.375953	195.211723	56.945497
60.635933	194.992178	57.175484
60.902503	194.768394	57.411686
61.175664	194.540372	57.654100
61.455417	194.308113	57.902727
61.741763	194.071619	58.157566
62.034704	193.830891	58.418616
62.334240	193.585928	58.685878
62.640373	193.336734	58.959350
62.953103	193.083307	59.239032
63.095885	192.968101	59.366863
63.245266	192.848665	59.500903
63.401248	192.724999	59.641153
63.563829	192.597104	59.787611
63.733012	192.464980	59.940278
63.908795	192.328628	60.099153
64.091181	192.188049	60.264237
64.280169	192.043242	60.435529
64.475760	191.894209	60.613029
64.677954	191.740949	60.796736
64.886751	191.583463	60.986651
65.102153	191.421753	61.182773
65.324160	191.255817	61.385103
65.552772	191.085657	61.593639
65.787989	190.911273	61.808382
66.029813	190.732665	62.029331
66.278243	190.549834	62.256487
66.533281	190.362781	62.489849
66.794926	190.171506	62.729417
67.063179	189.976010	62.975191
67.338040	189.776292	63.227171
67.619511	189.572354	63.485356
67.907591	189.364195	63.749746
68.202280	189.151817	64.020341
68.503581	188.935220	64.297142
68.811491	188.714404	64.580147
69.126014	188.489370	64.869357
69.447147	188.260118	65.164772
69.592877	188.156307	65.298885
69.745219	188.048280	65.439202
69.904174	187.936036	65.585723
70.069741	187.819575	65.738448
70.241922	187.698898	65.897378
70.420715	187.574004	66.062512
70.606122	187.444895	66.233850
70.798142	187.311570	66.411391
70.996776	187.174030	66.595137
71.202024	187.032274	66.785086
71.413886	186.886303	66.981240
71.632362	186.736117	67.183597
71.857453	186.581717	67.392157
72.089159	186.423102	67.606922
72.327479	186.260273	67.827890
72.572414	186.093230	68.055061
72.823965	185.921973	68.288436
73.082130	185.746503	68.528014
73.346912	185.566819	68.773796
73.618309	185.382922	69.025781
73.896323	185.194813	69.283969
74.180952	185.002491	69.548360
74.472198	184.805956	69.818955
74.770060	184.605209	70.095753
75.074539	184.400250	70.378753
75.385635	184.191080	70.667957
75.703349	183.977697	70.963364
76.027679	183.760104	71.264974
76.174666	183.661592	71.401685
76.328271	183.558868	71.544600
76.488493	183.451934	71.693718
76.655333	183.340789	71.849038
76.828791	183.225434	72.010562
77.008866	183.105868	72.178288
77.195560	182.982091	72.352217
77.388871	182.854104	72.532348
77.588801	182.721907	72.718683
77.795349	182.585499	72.911220
78.008515	182.444882	73.109960
78.228299	182.300054	73.314903
78.454702	182.151017	73.526048
78.687723	181.997769	73.743396
78.927363	181.840312	73.966947
79.173621	181.678646	74.196701
79.426498	181.512770	74.432657
79.685994	181.342685	74.674816
79.952109	181.168390	74.923177
80.224843	180.989887	75.177741
80.504196	180.807174	75.438508
80.790168	180.620252	75.705477
81.082759	180.429122	75.978649
81.381969	180.233782	76.258023
81.687799	180.034234	76.543600
82.000248	179.830478	76.835380
82.319316	179.622513	77.133362
82.645004	179.410340	77.437546
82.792561	179.314258	77.575370
82.946738	179.213969	77.719396
83.107534	179.109471	77.869624
83.274950	179.000765	78.026055
83.448986	178.887851	78.188689
83.629642	178.770729	78.357525
83.816917	178.649399	78.532563
84.010813	178.523862	78.713804
84.211328	178.394116	78.901248
84.418463	178.260163	79.094894
84.632218	178.122002	79.294742
84.852593	177.979633	79.500793
85.079588	177.833057	79.713047
85.313203	177.682273	79.931503
85.553439	177.527281	80.156161
85.800294	177.368082	80.387022
86.053770	177.204675	80.624086
86.313865	177.037061	80.867352
86.580581	176.865240	81.116820
86.853918	176.689211	81.372491
87.133874	176.508975	81.634364
87.420451	176.324532	81.902440
87.713648	176.135881	82.176718
88.013465	175.943023	82.457199
88.319903	175.745959	82.743882
88.632962	175.544687	83.036768
88.952641	175.339208	83.335856
89.278940	175.129523	83.641146
89.426762	175.034551	83.779454
89.581204	174.935372	83.923965
89.742267	174.831987	84.074678
89.909951	174.724395	84.231593
90.084255	174.612596	84.394711
90.265179	174.496590	84.564031
90.452725	174.376377	84.739554
90.646891	174.251958	84.921279
90.847677	174.123332	85.109206
91.055084	173.990499	85.303336
91.269112	173.853459	85.503669
91.489761	173.712213	85.710204
91.717030	173.566761	85.922942
91.950920	173.417101	86.141882
92.191431	173.263235	86.367024
92.438563	173.105163	86.598369
92.692315	172.942884	86.835916
92.952688	172.776398	87.079666
93.219682	172.605706	87.329618
93.493297	172.430808	87.585773
93.773532	172.251703	87.848130
94.060388	172.068391	88.116690
94.353865	171.880873	88.391452
94.653963	171.689149	88.672417
94.960682	171.493219	88.959584
95.274022	171.293082	89.252953
95.593983	171.088739	89.552525
95.920564	170.880189	89.858300
96.068510	170.785723	89.996821
96.223077	170.687051	90.141545
96.384264	170.584172	90.292472
96.552073	170.477087	90.449600
96.726503	170.365796	90.612932
96.907553	170.250299	90.782466
97.095225	170.130595	90.958202
97.289517	170.006686	91.140141
97.490430	169.878570	91.328282
97.697965	169.746248	91.522626
97.912120	169.609720	91.723172
98.132897	169.468985	91.929921
98.360294	169.324045	92.142872
98.594312	169.174898	92.362025
98.834952	169.021545	92.587382
99.082212	168.863986	92.818940
99.336093	168.702221	93.056701
99.596596	168.536250	93.300665
99.863719	168.366073	93.550831
100.137464	168.191690	93.807200
100.417829	168.013100	94.069771
100.704816	167.830305	94.338544
100.998423	167.643303	94.613520
101.298652	167.452096	94.894699
101.605502	167.256682	95.182080
101.918972	167.057063	95.475663
102.239064	166.853237	95.775449
102.565777	166.645206	96.081438
102.713781	166.550970	96.220054
102.868406	166.452528	96.364873
103.029652	166.349881	96.515894
103.197520	166.243027	96.673117
103.372008	166.131967	96.836544
103.553117	166.016702	97.006172
103.740848	165.897230	97.182003
103.935200	165.773553	97.364037
104.136172	165.645669	97.552273
104.343766	165.513580	97.746712
104.557981	165.377284	97.947353
104.778817	165.236783	98.154197
105.006274	165.092076	98.367243
105.240353	164.943163	98.586492
105.481052	164.790044	98.811943
105.728373	164.632719	99.043596
105.982314	164.471188	99.281453
106.242877	164.305452	99.525511
106.510061	164.135509	99.775772
106.783866	163.961360	100.032236
107.064293	163.783006	100.294902
107.351340	163.600446	100.563771
107.645008	163.413680	100.838842
107.945298	163.222708	101.120116
108.252209	163.027530	101.407592
108.565741	162.828146	101.701271
108.885894	162.624556	102.001152
109.212668	162.416761	102.307236
109.360699	162.322630	102.445894
109.515352	162.224293	102.590755
109.676625	162.121751	102.741818
109.844520	162.015002	102.899084
110.019036	161.904048	103.062553
110.200173	161.788888	103.232224
110.387931	161.669522	103.408097
110.582310	161.545951	103.590173
110.783311	161.418173	103.778452
110.990932	161.286190	103.972933
111.205175	161.150000	104.173616
111.426039	161.009605	104.380502
111.653524	160.865005	104.593591
111.887630	160.716198	104.812882
112.128358	160.563186	105.038376
112.375707	160.405967	105.270072
112.629676	160.244543	105.507970
112.890267	160.078913	105.752071
113.157480	159.909078	106.002375
113.431313	159.735036	106.258881
113.711768	159.556789	106.521590
113.998843	159.374336	106.790501
114.292540	159.187677	107.065615
114.592858	158.996812	107.346931
114.899798	158.801742	107.634450
115.213358	158.602465	107.928171
115.533540	158.398983	108.228095
115.860343	158.191295	108.534221
116.008387	158.097212	108.672898
116.163052	157.998924	108.817778
116.324338	157.896429	108.968861
116.492245	157.789729	109.126145
116.666774	157.678822	109.289633
116.847924	157.563710	109.459323
117.035695	157.444393	109.635215
117.230087	157.320869	109.817310
117.431100	157.193140	110.005608
117.638735	157.061205	110.200108
117.852991	156.925064	110.400810
118.073868	156.784718	110.607715
118.301366	156.640165	110.820823
118.535485	156.491407	111.040133
118.776226	156.338443	111.265645
119.023588	156.181274	111.497360
119.277571	156.019898	111.735278
119.538175	155.854317	111.979398
119.805400	155.684530	112.229721
120.079247	155.510537	112.486246
120.359715	155.332339	112.748974
120.646804	155.149935	113.017904
120.940514	154.963325	113.293037
121.240845	154.772509	113.574372
121.547798	154.577487	113.861910
121.861371	154.378260	114.155650
122.181566	154.174827	114.455593
122.508383	153.967188	114.761738
122.656432	153.873127	114.900424
122.811103	153.774860	115.045312
122.972396	153.672387	115.196403
123.140309	153.565709	115.353697
123.314844	153.454825	115.517192
123.495999	153.339735	115.686891
123.683776	153.220439	115.862792
123.878175	153.096937	116.044895
124.079194	152.969230	116.233201
124.286835	152.837317	116.427710
124.501096	152.701198	116.628421
124.721979	152.560874	116.835334
124.949484	152.416344	117.048450
125.183609	152.267608	117.267769
125.424356	152.114666	117.493290
125.671724	151.957518	117.725014
125.925713	151.796165	117.962940
126.186323	151.630606	118.207069
126.453555	151.460842	118.457400
126.727407	151.286871	118.713934
127.007881	151.108695	118.976670
127.294976	150.926313	119.245609
127.588693	150.739725	119.520750
127.889030	150.548932	119.802094
128.195989	150.353933	120.089640
128.509569	150.154728	120.383389
128.829770	149.951317	120.683340
129.156592	149.743701	120.989494
129.304645	149.649649	121.128184
129.459319	149.551392	121.273076
129.620614	149.448930	121.424171
129.788530	149.342261	121.581468
129.963067	149.231387	121.744968
130.144226	149.116307	121.914670
130.332006	148.997021	122.090575
130.526407	148.873530	122.272682
130.727429	148.745833	122.460992
130.935072	148.613930	122.655504
131.149337	148.477821	122.856219
131.370223	148.337507	123.063136
131.597730	148.192986	123.276256
131.831858	148.044261	123.495579
132.072608	147.891329	123.721104
132.319978	147.734192	123.952831
132.573970	147.572848	124.190761
132.834583	147.407300	124.434894
133.101818	147.237545	124.685229
133.375673	147.063585	124.941766
133.656150	146.885419	125.204506
133.943248	146.703047	125.473449
134.236967	146.516470	125.748594
134.537308	146.325686	126.029942
134.844269	146.130697	126.317492
135.157852	145.931503	126.611245
135.478056	145.728102	126.911200
135.804881	145.520496	127.217358
135.952935	145.426449	127.356049
136.107610	145.328197	127.500943
136.268906	145.225739	127.652040
136.436824	145.119075	127.809338
136.611362	145.008205	127.972840
136.792522	144.893130	128.142544
136.980303	144.773849	128.318450
137.174706	144.650362	128.500559
137.375729	144.522669	128.688871
137.583374	144.390771	128.883385
137.797640	144.254667	129.084102
138.018527	144.114357	129.291021
138.246035	143.969841	129.504142
138.480165	143.821120	129.723466
138.720916	143.668193	129.948993
138.968288	143.511060	130.180722
139.222281	143.349722	130.418654
139.482895	143.184178	130.662788
139.750131	143.014428	130.913125
140.023988	142.840472	131.169665
140.304466	142.662311	131.432406
140.591565	142.479944	131.701351
140.885286	142.293371	131.976498
141.185628	142.102592	132.257847
141.492591	141.907608	132.545399
141.806175	141.708418	132.839154
142.126380	141.505022	133.139111
142.453207	141.297421	133.445270
142.601261	141.203376	133.583962
142.755937	141.105126	133.728857
142.917234	141.002670	133.879954
143.085152	140.896008	134.037254
143.259691	140.785140	134.200756
143.440851	140.670067	134.370461
143.628633	140.550788	134.546368
143.823036	140.427303	134.728478
144.024060	140.299612	134.916790
144.231705	140.167716	135.111305
144.445972	140.031614	135.312022
144.666860	139.891307	135.518942
144.894369	139.746793	135.732065
145.128499	139.598074	135.951390
145.369250	139.445149	136.176917
145.616623	139.288019	136.408647
145.870617	139.126682	136.646580
146.131232	138.961140	136.890715
146.398468	138.791392	137.141052
146.672326	138.617439	137.397592
146.952804	138.439280	137.660335
147.239904	138.256915	137.929280
147.533625	138.070344	138.204428
147.833968	137.879567	138.485778
148.140931	137.684585	138.773331
148.454516	137.485397	139.067086
148.774722	137.282004	139.367044
149.101549	137.074404	139.673204
149.249604	136.980361	139.811897
149.404280	136.882111	139.956792
149.565577	136.779656	140.107889
149.733495	136.672995	140.265189
149.908035	136.562129	140.428692
150.089195	136.447056	140.598397
150.276977	136.327778	140.774304
150.471381	136.204294	140.956415
150.672405	136.076605	141.144727
150.880051	135.944709	141.339242
151.094317	135.808608	141.539960
151.315205	135.668302	141.746880
151.542715	135.523789	141.960003
151.776845	135.375071	142.179329
152.017597	135.222147	142.404856
152.264970	135.065018	142.636587
152.518964	134.903682	142.874520
152.779579	134.738141	143.118655
153.046816	134.568394	143.368993
153.320674	134.394442	143.625533
153.601153	134.216283	143.888276
153.888253	134.033919	144.157222
154.181974	133.847350	144.432370
154.482317	133.656574	144.713721
154.789281	133.461593	145.001274
155.102866	133.262406	145.295029
155.423072	133.059014	145.594988
155.749900	132.851415	145.901148
155.897954	132.757372	146.039841
156.052630	132.659123	146.184736
156.213928	132.556668	146.335834
156.381846	132.450008	146.493134
156.556386	132.339141	146.656637
156.737547	132.224070	146.826342
156.925329	132.104792	147.002250
157.119732	131.981309	147.184360
157.320757	131.853619	147.372673
157.528402	131.721725	147.567188
157.742669	131.585624	147.767906
157.963557	131.445318	147.974826
158.191067	131.300806	148.187949
158.425197	131.152088	148.407275
158.665949	130.999165	148.632803
158.913322	130.842035	148.864533
159.167317	130.680700	149.102466
159.427932	130.515160	149.346602
159.695169	130.345413	149.596940
159.969027	130.171461	149.853481
160.249506	129.993303	150.116224
160.536606	129.810940	150.385169
160.830328	129.624371	150.660318
161.130670	129.433596	150.941668
161.437634	129.238615	151.229222
161.751220	129.039428	151.522978
162.071426	128.836036	151.822936
162.398254	128.628438	152.129097
162.546308	128.534395	152.267789
162.700985	128.436146	152.412685
162.862282	128.333692	152.563782
163.030200	128.227032	152.721083
163.204740	128.116166	152.884585
163.385901	128.001094	153.054291
163.573683	127.881816	153.230199
163.768086	127.758333	153.412309
163.969111	127.630644	153.600622
164.176757	127.498750	153.795137
164.391024	127.362649	153.995855
164.611912	127.222343	154.202776
164.839422	127.077832	154.415899
165.073552	126.929114	154.635224
165.314304	126.776191	154.860752
165.561677	126.619062	155.092483
165.815672	126.457727	155.330416
166.076287	126.292187	155.574552
166.343524	126.122440	155.824890
166.617382	125.948488	156.081431
166.897861	125.770331	156.344174
167.184961	125.587968	156.613120
167.478683	125.401398	156.888268
167.779026	125.210624	157.169619
168.085990	125.015643	157.457172
168.399575	124.816457	157.750928
168.719782	124.613065	158.050886
169.046609	124.405467	158.357047
169.194664	124.311424	158.495740
169.349340	124.213175	158.640635
169.510638	124.110721	158.791733
169.678556	124.004061	158.949033
169.853096	123.893195	159.112536
170.034257	123.778123	159.282241
170.222039	123.658846	159.458149
170.416442	123.535363	159.640260
170.617467	123.407674	159.828573
170.825113	123.275780	160.023088
171.039380	123.139679	160.223806
171.260268	122.999373	160.430727
171.487778	122.854862	160.643850
171.721908	122.706144	160.863175
171.962660	122.553221	161.088703
172.210033	122.396092	161.320434
172.464028	122.234757	161.558367
172.724643	122.069217	161.802503
172.991880	121.899471	162.052841
173.265738	121.725519	162.309382
173.546217	121.547362	162.572125
173.833318	121.364998	162.841071
174.127039	121.178429	163.116219
174.427382	120.987655	163.397570
174.734346	120.792674	163.685123
175.047932	120.593488	163.978879
175.368138	120.390096	164.278838
175.694966	120.182499	164.584999
175.843021	120.088456	164.723691
175.997697	119.990207	164.868587
176.158994	119.887753	165.019684
176.326913	119.781092	165.176985
176.501452	119.670227	165.340488
176.682613	119.555155	165.510193
176.870396	119.435878	165.686101
177.064799	119.312395	165.868211
177.265824	119.184706	166.056524
177.473469	119.052811	166.251040
177.687737	118.916711	166.451758
177.908625	118.776405	166.658678
178.136134	118.631894	166.871801
178.370265	118.483176	167.091127
178.611017	118.330253	167.316655
178.858390	118.173124	167.548386
179.112384	118.011790	167.786319
179.373000	117.846249	168.030455
179.640237	117.676503	168.280793
179.914095	117.502551	168.537333
180.194574	117.324394	168.800077
180.481674	117.142031	169.069023
180.775396	116.955462	169.344171
181.075739	116.764687	169.625522
181.382703	116.569707	169.913075
181.696288	116.370521	170.206831
182.016495	116.167129	170.506790
182.343323	115.959531	170.812951
182.491378	115.865488	170.951643
182.646054	115.767240	171.096539
182.807351	115.664785	171.247636
182.975270	115.558125	171.404937
183.149809	115.447259	171.568439
183.330970	115.332188	171.738145
183.518753	115.212910	171.914053
183.713156	115.089427	172.096163
183.914181	114.961739	172.284476
184.121826	114.829844	172.478992
184.336093	114.693744	172.679710
184.556982	114.553438	172.886630
184.784491	114.408926	173.099753
185.018622	114.260209	173.319079
185.259374	114.107286	173.544607
185.506747	113.950157	173.776338
185.760741	113.788823	174.014271
186.021357	113.623282	174.258407
186.288594	113.453536	174.508745
186.562452	113.279584	174.765286
186.842931	113.101427	175.028029
187.130031	112.919064	175.296975
187.423753	112.732495	175.572123
187.724096	112.541720	175.853474
188.031060	112.346740	176.141027
188.344645	112.147554	176.434783
188.664852	111.944162	176.734742
188.991680	111.736564	177.040903
189.139735	111.642521	177.179595
189.294411	111.544273	177.324491
189.455708	111.441818	177.475588
189.623627	111.335158	177.632889
189.798166	111.224292	177.796392
189.979327	111.109221	177.966097
190.167110	110.989944	178.142005
190.361513	110.866461	178.324115
190.562538	110.738772	178.512428
190.770183	110.606877	178.706944
190.984451	110.470777	178.907662
191.205339	110.330471	179.114582
191.432848	110.185960	179.327705
191.666979	110.037242	179.547031
191.907731	109.884319	179.772559
192.155104	109.727190	180.004290
192.409098	109.565856	180.242223
192.669714	109.400316	180.486359
192.936951	109.230570	180.736697
193.210809	109.056618	180.993238
193.491288	108.878460	181.255981
193.778389	108.696097	181.524927
194.072110	108.509528	181.800075
194.372453	108.318754	182.081426
194.679417	108.123773	182.368979
194.993003	107.924587	182.662735
195.313209	107.721195	182.962694
195.640037	107.513598	183.268855
195.788092	107.419555	183.407548
195.942768	107.321306	183.552443
196.104065	107.218852	183.703541
196.271984	107.112192	183.860841
196.446523	107.001326	184.024344
196.627684	106.886254	184.194049
196.815467	106.766977	184.369957
197.009870	106.643494	184.552067
197.210895	106.515805	184.740380
197.418541	106.383911	184.934896
197.632808	106.247811	185.135614
197.853696	106.107505	185.342534
198.081205	105.962993	185.555658
198.315336	105.814276	185.774983
198.556088	105.661353	186.000511
198.803461	105.504224	186.232242
199.057456	105.342889	186.470175
199.318071	105.177349	186.714311
199.585308	105.007603	186.964649
199.859166	104.833651	187.221190
200.139645	104.655494	187.483933
200.426746	104.473131	187.752879
200.720467	104.286562	188.028027
201.020810	104.095787	188.309378
201.327774	103.900807	188.596932
201.641360	103.701621	188.890688
201.961566	103.498229	189.190646
202.288394	103.290631	189.496807
202.436449	103.196588	189.635500
202.591125	103.098340	189.780395
202.752422	102.995885	189.931493
202.920341	102.889225	190.088793
203.094881	102.778359	190.252296
203.276042	102.663288	190.422001
203.463824	102.544011	190.597909
203.658227	102.420528	190.780020
203.859252	102.292839	190.968333
204.066898	102.160944	191.162848
204.281165	102.024844	191.363566
204.502053	101.884538	191.570487
204.729563	101.740027	191.783610
204.963693	101.591309	192.002935
205.204445	101.438386	192.228463
205.451818	101.281257	192.460194
205.705813	101.119923	192.698127
205.966428	100.954383	192.942263
206.233665	100.784637	193.192601
206.507523	100.610685	193.449142
206.788002	100.432527	193.711885
207.075103	100.250164	193.980831
207.368824	100.063595	194.255980
207.669167	99.872821	194.537330
207.976131	99.677840	194.824884
208.289717	99.478654	195.118640
208.609923	99.275262	195.418598
208.936751	99.067665	195.724759
209.084806	98.973622	195.863452
209.239482	98.875373	196.008347
209.400779	98.772919	196.159445
209.568698	98.666259	196.316745
209.743238	98.555393	196.480248
209.924399	98.440322	196.649954
210.112181	98.321044	196.825861
210.306584	98.197561	197.007972
210.507609	98.069873	197.196285
210.715255	97.937978	197.390800
210.929522	97.801878	197.591518
211.150410	97.661572	197.798439
211.377920	97.517060	198.011562
211.612050	97.368343	198.230888
211.852802	97.215420	198.456416
212.100176	97.058291	198.688146
212.354170	96.896957	198.926080
212.614785	96.731416	199.170215
212.882022	96.561670	199.420554
213.155880	96.387719	199.677094
213.436360	96.209561	199.939838
213.723460	96.027198	200.208783
214.017182	95.840629	200.483932
214.317525	95.649854	200.765283
214.624489	95.454874	201.052836
214.938074	95.255688	201.346592
215.258281	95.052296	201.646550
215.585108	94.844699	201.952711
215.733163	94.750656	202.091404
215.887839	94.652407	202.236299
216.049137	94.549953	202.387397
216.217055	94.443293	202.544698
216.391595	94.332427	202.708200
216.572756	94.217355	202.877906
216.760538	94.098078	203.053814
216.954942	93.974595	203.235924
217.155966	93.846906	203.424237
217.363612	93.715012	203.618753
217.577879	93.578912	203.819471
217.798767	93.438606	204.026391
218.026277	93.294094	204.239514
218.260408	93.145377	204.458840
218.501160	92.992454	204.684368
218.748533	92.835325	204.916099
219.002527	92.673990	205.154032
219.263143	92.508450	205.398168
219.530379	92.338704	205.648506
219.804237	92.164752	205.905047
220.084717	91.986595	206.167790
220.371817	91.804232	206.436736
220.665539	91.617663	206.711884
220.965882	91.426888	206.993235
221.272846	91.231908	207.280788
221.586431	91.032722	207.574544
221.906638	90.829330	207.874503
222.233465	90.621732	208.180664
222.381520	90.527689	208.319356
222.536196	90.429441	208.464252
222.697494	90.326986	208.615349
222.865412	90.220326	208.772650
223.039952	90.109460	208.936153
223.221113	89.994389	209.105858
223.408895	89.875112	209.281766
223.603299	89.751629	209.463876
223.804323	89.623940	209.652189
224.011969	89.492045	209.846705
224.226236	89.355945	210.047423
224.447125	89.215639	210.254343
224.674634	89.071128	210.467466
224.908765	88.922410	210.686792
225.149517	88.769487	210.912320
225.396890	88.612358	211.144051
225.650884	88.451024	211.381984
225.911500	88.285484	211.626120
226.178737	88.115738	211.876458
226.452595	87.941786	212.132999
226.733074	87.763628	212.395742
227.020174	87.581265	212.664688
227.313896	87.394696	212.939836
227.614239	87.203922	213.221187
227.921203	87.008941	213.508741
228.234788	86.809755	213.802496
228.554995	86.606363	214.102455
228.881823	86.398766	214.408616
229.029877	86.304723	214.547309
229.184554	86.206474	214.692204
229.345851	86.104020	214.843302
229.513770	85.997360	215.000602
229.688309	85.886494	215.164105
229.869470	85.771422	215.333810
230.057252	85.652145	215.509718
230.251656	85.528662	215.691829
230.452681	85.400973	215.880142
230.660326	85.269079	216.074657
230.874593	85.132979	216.275375
231.095482	84.992673	216.482296
231.322991	84.848161	216.695419
231.557122	84.699444	216.914744
231.797874	84.546521	217.140272
232.045247	84.389392	217.372003
232.299241	84.228057	217.609936
232.559857	84.062517	217.854072
232.827094	83.892771	218.104410
233.100952	83.718819	218.360951
233.381431	83.540662	218.623694
233.668531	83.358299	218.892640
233.962253	83.171730	219.167788
234.262596	82.980955	219.449139
234.569560	82.785975	219.736693
234.883145	82.586789	220.030449
235.203352	82.383397	220.330407
235.530180	82.175799	220.636568
235.678235	82.081757	220.775261
235.832911	81.983508	220.920156
235.994208	81.881054	221.071254
236.162127	81.774393	221.228554
236.336666	81.663528	221.392057
236.517827	81.548456	221.561762
236.705610	81.429179	221.737670
236.900013	81.305696	221.919781
237.101038	81.178007	222.108094
237.308684	81.046113	222.302609
237.522951	80.910012	222.503327
237.743839	80.769707	222.710248
237.971348	80.625195	222.923371
238.205479	80.476478	223.142697
238.446231	80.323554	223.368225
238.693604	80.166426	223.599955
238.947599	80.005091	223.837888
239.208214	79.839551	224.082024
239.475451	79.669805	224.332362
239.749309	79.495853	224.588903
240.029788	79.317696	224.851647
240.316889	79.135332	225.120592
240.610610	78.948764	225.395741
240.910953	78.757989	225.677092
241.217917	78.563009	225.964645
241.531503	78.363822	226.258401
241.851709	78.160431	226.558359
242.178537	77.952833	226.864520
242.326592	77.858790	227.003213
242.481268	77.760542	227.148108
242.642565	77.658087	227.299206
242.810484	77.551427	227.456507
242.985024	77.440561	227.620009
243.166185	77.325490	227.789715
243.353967	77.206212	227.965623
243.548370	77.082729	228.147733
243.749395	76.955041	228.336046
243.957041	76.823146	228.530562
244.171308	76.687046	228.731280
244.392196	76.546740	228.938200
244.619706	76.402229	229.151323
244.853836	76.253511	229.370649
245.094588	76.100588	229.596177
245.341961	75.943459	229.827908
245.595956	75.782125	230.065841
245.856571	75.616584	230.309976
246.123808	75.446838	230.560315
246.397666	75.272887	230.816855
246.678145	75.094729	231.079599
246.965246	74.912366	231.348545
247.258968	74.725797	231.623693
247.559310	74.535023	231.905044
247.866274	74.340042	232.192597
248.179860	74.140856	232.486353
248.500066	73.937464	232.786312
248.826894	73.729867	233.092473
248.974949	73.635824	233.231165
249.129625	73.537575	233.376061
249.290922	73.435121	233.527158
249.458841	73.328461	233.684459
249.633381	73.217595	233.847962
249.814542	73.102523	234.017667
250.002324	72.983246	234.193575
250.196727	72.859763	234.375685
250.397752	72.732074	234.563998
250.605398	72.600180	234.758514
250.819665	72.464080	234.959232
251.040553	72.323774	235.166152
251.268063	72.179262	235.379275
251.502193	72.030545	235.598601
251.742945	71.877622	235.824129
251.990319	71.720493	236.055860
252.244313	71.559158	236.293793
252.504928	71.393618	236.537929
252.772165	71.223872	236.788267
253.046023	71.049920	237.044808
253.326503	70.871763	237.307551
253.613603	70.689400	237.576497
253.907325	70.502831	237.851645
254.207668	70.312056	238.132996
254.514632	70.117076	238.420549
254.828217	69.917890	238.714305
255.148424	69.714498	239.014264
255.475251	69.506900	239.320425
255.623306	69.412857	239.459118
255.777982	69.314609	239.604013
255.939280	69.212154	239.755111
256.107198	69.105494	239.912411
256.281738	68.994629	240.075914
256.462899	68.879557	240.245619
256.650681	68.760280	240.421527
256.845085	68.636797	240.603638
257.046109	68.509108	240.791951
257.253755	68.377214	240.986466
257.468022	68.241113	241.187184
257.688910	68.100807	241.394105
257.916420	67.956296	241.607228
258.150551	67.807578	241.826553
258.391303	67.654655	242.052081
258.638676	67.497527	242.283812
258.892670	67.336192	242.521745
259.153286	67.170652	242.765881
259.420522	67.000906	243.016219
259.694380	66.826954	243.272760
259.974860	66.648797	243.535503
