17.350108	220.970454	34.078395
17.378663	220.893877	34.092603
17.411314	220.812985	34.114847
17.448067	220.727778	34.145126
17.488925	220.638258	34.183440
17.533892	220.544425	34.229785
17.582972	220.446281	34.284161
17.636171	220.343826	34.346566
17.693491	220.237062	34.416998
17.754937	220.125989	34.495456
17.820514	220.010609	34.581938
17.890224	219.890923	34.676443
17.964073	219.766931	34.778969
18.042064	219.638635	34.889515
18.124202	219.506035	35.008079
18.210490	219.369134	35.134659
18.300932	219.227931	35.269255
18.395532	219.082428	35.411864
18.494294	218.932626	35.562485
18.597223	218.778525	35.721117
18.704321	218.620128	35.887758
18.815592	218.457434	36.062407
18.931041	218.290446	36.245062
19.050671	218.119163	36.435723
19.174486	217.943588	36.634387
19.302489	217.763720	36.841053
19.434685	217.579562	37.055720
19.571076	217.391114	37.278387
19.711666	217.198377	37.509052
19.856458	217.001352	37.747714
20.005457	216.800040	37.994373
20.158665	216.594443	38.249025
20.316086	216.384562	38.511671
20.477723	216.170396	38.782310
20.643579	215.951948	39.060939
20.813658	215.729219	39.347558
20.987963	215.502209	39.642166
21.166497	215.270920	39.944762
21.349263	215.035353	40.255344
21.536264	214.795508	40.573912
21.727503	214.551387	40.900464
21.922983	214.302991	41.235000
22.122707	214.050321	41.577519
22.326678	213.793378	41.928019
22.534899	213.532164	42.286499
22.747372	213.266678	42.652960
22.842424	213.148369	42.817180
22.941732	213.025792	42.989378
23.045298	212.898945	43.169555
23.153123	212.767830	43.357710
23.265208	212.632448	43.553841
23.381553	212.492797	43.757950
23.502161	212.348880	43.970036
23.627033	212.200697	44.190097
23.756168	212.048247	44.418135
23.889570	211.891532	44.654148
24.027238	211.730552	44.898136
24.169174	211.565307	45.150100
24.315378	211.395798	45.410038
24.465853	211.222026	45.677950
24.620599	211.043990	45.953836
24.779616	210.861692	46.237696
24.942907	210.675132	46.529530
25.110472	210.484310	46.829336
25.282312	210.289226	47.137115
25.458428	210.089882	47.452867
25.638821	209.886278	47.776591
25.823492	209.678414	48.108287
26.012443	209.466291	48.447955
26.205673	209.249908	48.795594
26.403184	209.029268	49.151204
26.604977	208.804370	49.514785
26.811053	208.575214	49.886337
27.021413	208.341802	50.265860
27.116888	208.236084	50.438221
27.216649	208.126111	50.618551
27.320696	208.011881	50.806852
27.429027	207.893396	51.003123
27.541646	207.770655	51.207364
27.658550	207.643659	51.419575
27.779742	207.512408	51.639755
27.905221	207.376903	51.867906
28.034987	207.237142	52.104025
28.169042	207.093128	52.348115
28.307385	206.944859	52.600173
28.450017	206.792336	52.860201
28.596938	206.635559	53.128198
28.748148	206.474529	53.404165
28.903649	206.309246	53.688100
29.063439	206.139709	53.980005
29.227521	205.965920	54.279878
29.395893	205.787878	54.587721
29.568556	205.605584	54.903532
29.745511	205.419037	55.227312
29.926758	205.228239	55.559061
30.112297	205.033189	55.898778
30.302129	204.833887	56.246464
30.496254	204.630335	56.602118
30.694672	204.422531	56.965741
30.897384	204.210476	57.337333
31.104389	203.994171	57.716892
31.315689	203.773615	58.104420
31.411450	203.673763	58.280088
31.511506	203.569660	58.463725
31.615856	203.461308	58.655330
31.724501	203.348706	58.854903
31.837442	203.231854	59.062444
31.954678	203.110752	59.277953
32.076209	202.985401	59.501431
32.202035	202.855801	59.732876
32.332157	202.721951	59.972290
32.466575	202.583852	60.219672
32.605289	202.441504	60.475022
32.748299	202.294907	60.738340
32.895605	202.144061	61.009626
33.047207	201.988966	61.288880
33.203105	201.829622	61.576102
33.363300	201.666030	61.871292
33.527792	201.498189	62.174450
33.696581	201.326100	62.485577
33.869666	201.149763	62.804671
34.047049	200.969177	63.131733
34.228728	200.784344	63.466763
34.414705	200.595262	63.809761
34.604979	200.401932	64.160727
34.799551	200.204355	64.519661
34.998420	200.002530	64.886562
35.201587	199.796458	65.261432
35.409052	199.586138	65.644270
35.620815	199.371570	66.035075
35.716755	199.274407	66.212148
35.816994	199.172997	66.397189
35.921530	199.067339	66.590197
36.030365	198.957434	66.791174
36.143498	198.843283	67.000118
36.260930	198.724884	67.217030
36.382660	198.602238	67.441910
36.508688	198.475346	67.674758
36.639015	198.344206	67.915574
36.773640	198.208820	68.164358
36.912564	198.069187	68.421110
37.055786	197.925307	68.685829
37.203307	197.777180	68.958517
37.355127	197.624807	69.239172
37.511245	197.468187	69.527795
37.671663	197.307321	69.824386
37.836379	197.142208	70.128945
38.005394	196.972849	70.441472
38.178708	196.799243	70.761967
38.356320	196.621391	71.090430
38.538232	196.439293	71.426860
38.724443	196.252948	71.771259
38.914953	196.062357	72.123625
39.109763	195.867520	72.483959
39.308871	195.668437	72.852262
39.512279	195.465108	73.228532
39.719986	195.257533	73.612770
39.931992	195.045712	74.004976
40.028035	194.949775	74.182660
40.128378	194.849591	74.368312
40.233021	194.745162	74.561932
40.341962	194.636487	74.763519
40.455203	194.523566	74.973075
40.572744	194.406399	75.190599
40.694584	194.284986	75.416091
40.820724	194.159328	75.649550
40.951163	194.029424	75.890978
41.085901	193.895274	76.140373
41.224940	193.756879	76.397736
41.368277	193.614238	76.663068
41.515915	193.467351	76.936367
41.667852	193.316218	77.217634
41.824088	193.160840	77.506869
41.984624	193.001217	77.804072
42.149460	192.837348	78.109243
42.318596	192.669233	78.422382
42.492031	192.496873	78.743489
42.669766	192.320267	79.072564
42.851801	192.139416	79.409606
43.038135	191.954319	79.754617
43.228769	191.764977	80.107596
43.423703	191.571389	80.468542
43.622937	191.373556	80.837457
43.826470	191.171478	81.214339
44.034304	190.965154	81.599190
44.246437	190.754586	81.992008
44.342536	190.659205	82.169962
44.442935	190.559580	82.355884
44.547633	190.455709	82.549774
44.656632	190.347593	82.751632
44.769930	190.235232	82.961458
44.887529	190.118626	83.179252
45.009427	189.997774	83.405014
45.135625	189.872677	83.638744
45.266123	189.743335	83.880442
45.400921	189.609748	84.130108
45.540019	189.471915	84.387742
45.683417	189.329838	84.653343
45.831115	189.183515	84.926913
45.983113	189.032947	85.208451
46.139411	188.878133	85.497957
46.300008	188.719075	85.795431
46.464906	188.555772	86.100873
46.634104	188.388223	86.414282
46.807601	188.216429	86.735660
46.985399	188.040390	87.065006
47.167497	187.860107	87.402320
47.353895	187.675578	87.747602
47.544592	187.486804	88.100852
47.739590	187.293784	88.462070
47.938888	187.096520	88.831255
48.142486	186.895011	89.208409
48.350384	186.689257	89.593531
48.562582	186.479258	89.986621
48.658709	186.384131	90.164695
48.759137	186.284759	90.350738
48.863864	186.181142	90.544748
48.972892	186.073280	90.746726
49.086220	185.961173	90.956672
49.203847	185.844822	91.174586
49.325775	185.724225	91.400469
49.452003	185.599383	91.634319
49.582531	185.470297	91.876137
49.717359	185.336965	92.125924
49.856488	185.199388	92.383678
49.999916	185.057567	92.649401
50.147644	184.911500	92.923091
50.299673	184.761189	93.204750
50.456002	184.606632	93.494376
50.616630	184.447831	93.791971
50.781559	184.284784	94.097533
50.950788	184.117493	94.411064
51.124317	183.945957	94.732563
51.302146	183.770176	95.062030
51.484275	183.590150	95.399464
51.670705	183.405879	95.744867
51.861434	183.217363	96.098238
52.056464	183.024603	96.459577
52.255794	182.827597	96.828884
52.459424	182.626347	97.206159
52.667354	182.420851	97.591402
52.879584	182.211111	97.984613
52.975725	182.116099	98.162741
53.076167	182.016843	98.348837
53.180909	181.913341	98.542901
53.289952	181.805595	98.744933
53.403294	181.693604	98.954933
53.520936	181.577368	99.172901
53.642879	181.456887	99.398838
53.769122	181.332161	99.632742
53.899665	181.203190	99.874614
54.034508	181.069975	100.124455
54.173651	180.932515	100.382263
54.317094	180.790809	100.648039
54.464838	180.644859	100.921784
54.616881	180.494665	101.203497
54.773225	180.340225	101.493177
54.933869	180.181540	101.790826
55.098813	180.018611	102.096443
55.268058	179.851437	102.410028
55.441602	179.680018	102.731580
55.619447	179.504354	103.061101
55.801591	179.324445	103.398590
55.988036	179.140291	103.744048
56.178781	178.951893	104.097473
56.373827	178.759250	104.458866
56.573172	178.562362	104.828227
56.776818	178.361229	105.205557
56.984763	178.155851	105.590854
57.197009	177.946229	105.984119
57.293158	177.851269	106.162271
57.393607	177.752065	106.348391
57.498356	177.648616	106.542480
57.607405	177.540922	106.744536
57.720755	177.428984	106.954560
57.838405	177.312800	107.172552
57.960354	177.192372	107.398513
58.086604	177.067699	107.632441
58.217154	176.938781	107.874338
58.352005	176.805619	108.124202
58.491155	176.668211	108.382035
58.634606	176.526559	108.647836
58.782357	176.380662	108.921605
58.934408	176.230520	109.203342
59.090759	176.076133	109.493047
59.251410	175.917502	109.790720
59.416362	175.754626	110.096361
59.585614	175.587505	110.409970
59.759166	175.416139	110.731547
59.937018	175.240528	111.061093
60.119170	175.060673	111.398606
60.305622	174.876573	111.744087
60.496375	174.688228	112.097537
60.691428	174.495638	112.458955
60.890781	174.298803	112.828340
61.094434	174.097724	113.205694
61.302387	173.892400	113.591016
61.514641	173.682831	113.984306
61.610793	173.587895	114.162469
61.711245	173.488715	114.348600
61.815998	173.385290	114.542699
61.925051	173.277620	114.744766
62.038404	173.165705	114.954801
62.156057	173.049546	115.172804
62.278010	172.929141	115.398775
62.404263	172.804492	115.632715
62.534817	172.675598	115.874622
62.669671	172.542460	116.124498
62.808825	172.405076	116.382341
62.952279	172.263448	116.648153
63.100033	172.117575	116.921933
63.252088	171.967458	117.203681
63.408443	171.813095	117.493397
63.569098	171.654488	117.791081
63.734053	171.491636	118.096733
63.903308	171.324539	118.410353
64.076863	171.153197	118.731941
64.254719	170.977611	119.061497
64.436875	170.797780	119.399022
64.623331	170.613704	119.744514
64.814087	170.425383	120.097975
65.009144	170.232818	120.459403
65.208500	170.036008	120.828800
65.412157	169.834953	121.206165
65.620114	169.629653	121.591498
65.832371	169.420108	121.984799
65.928525	169.325183	122.162967
66.028979	169.226014	122.349102
66.133733	169.122600	122.543206
66.242788	169.014941	122.745278
66.356142	168.903037	122.955318
66.473797	168.786888	123.173326
66.595752	168.666495	123.399303
66.722007	168.541857	123.633247
66.852562	168.412974	123.875159
66.987418	168.279846	124.125040
67.126573	168.142474	124.382888
67.270029	168.000856	124.648705
67.417785	167.854994	124.922490
67.569841	167.704888	125.204242
67.726198	167.550536	125.493963
67.886854	167.391940	125.791652
68.051811	167.229099	126.097309
68.221068	167.062013	126.410934
68.394625	166.890682	126.732528
68.572483	166.715107	127.062089
68.754640	166.535287	127.399618
68.941098	166.351222	127.745116
69.131856	166.162913	128.098581
69.326914	165.970358	128.460015
69.526273	165.773559	128.829416
69.729931	165.572515	129.206786
69.937890	165.367226	129.592124
70.150149	165.157693	129.985430
70.246303	165.062773	130.163600
70.346758	164.963608	130.349738
70.451513	164.860199	130.543844
70.560568	164.752545	130.745918
70.673923	164.640646	130.955961
70.791579	164.524503	131.173971
70.913535	164.404114	131.399949
71.039790	164.279481	131.633896
71.170347	164.150603	131.875811
71.305203	164.017480	132.125693
71.444359	163.880113	132.383544
71.587816	163.738501	132.649363
71.735573	163.592644	132.923150
71.887630	163.442542	133.204905
72.043987	163.288195	133.494628
72.204644	163.129604	133.792319
72.369602	162.966768	134.097978
72.538860	162.799687	134.411606
72.712418	162.628362	134.733201
72.890276	162.452791	135.062765
73.072434	162.272976	135.400296
73.258893	162.088917	135.745796
73.449652	161.900612	136.099264
73.644711	161.708063	136.460700
73.844070	161.511268	136.830104
74.047729	161.310230	137.207476
74.255689	161.104946	137.592816
74.467948	160.895418	137.986124
74.564103	160.800500	138.164295
74.664558	160.701338	138.350434
74.769314	160.597931	138.544541
74.878369	160.490279	138.746616
74.991725	160.378382	138.956659
75.109381	160.262241	139.174671
75.231337	160.141855	139.400650
75.357593	160.017224	139.634598
75.488150	159.888348	139.876513
75.623006	159.755228	140.126397
75.762163	159.617862	140.384249
75.905620	159.476252	140.650069
76.053377	159.330398	140.923857
76.205435	159.180298	141.205613
76.361792	159.025954	141.495337
76.522450	158.867365	141.793029
76.687408	158.704531	142.098689
76.856666	158.537453	142.412318
77.030225	158.366130	142.733914
77.208083	158.190562	143.063479
77.390242	158.010749	143.401011
77.576701	157.826691	143.746512
77.767460	157.638389	144.099981
77.962519	157.445842	144.461418
78.161879	157.249050	144.830823
78.365539	157.048013	145.208196
78.573499	156.842732	145.593537
78.785759	156.633206	145.986846
78.881914	156.538289	146.165017
78.982369	156.439128	146.351157
79.087124	156.335722	146.545264
79.196180	156.228071	146.747340
79.309536	156.116176	146.957384
79.427192	156.000035	147.175396
79.549148	155.879650	147.401376
79.675405	155.755020	147.635324
79.805961	155.626146	147.877240
79.940818	155.493026	148.127124
80.079975	155.355662	148.384976
80.223432	155.214053	148.650796
80.371190	155.068200	148.924585
80.523247	154.918101	149.206341
80.679605	154.763758	149.496066
80.840263	154.605170	149.793759
81.005221	154.442337	150.099419
81.174480	154.275260	150.413048
81.348038	154.103938	150.734645
81.525897	153.928371	151.064210
81.708056	153.748559	151.401743
81.894515	153.564503	151.747244
82.085274	153.376201	152.100713
82.280334	153.183655	152.462151
82.479693	152.986864	152.831556
82.683353	152.785829	153.208930
82.891313	152.580549	153.594271
83.103574	152.371024	153.987581
83.199729	152.276108	154.165753
83.300184	152.176947	154.351892
83.404940	152.073541	154.546000
83.513996	151.965891	154.748076
83.627351	151.853996	154.958120
83.745008	151.737856	155.176132
83.866964	151.617471	155.402112
83.993220	151.492842	155.636060
84.123777	151.363968	155.877977
84.258634	151.230849	156.127861
84.397791	151.093485	156.385713
84.541248	150.951877	156.651534
84.689006	150.806023	156.925322
84.841064	150.655925	157.207079
84.997421	150.501583	157.496804
85.158079	150.342995	157.794497
85.323038	150.180163	158.100158
85.492296	150.013086	158.413787
85.665855	149.841764	158.735384
85.843714	149.666198	159.064949
86.025873	149.486387	159.402482
86.212332	149.302331	159.747984
86.403091	149.114030	160.101453
86.598151	148.921484	160.462891
86.797511	148.724694	160.832296
87.001171	148.523659	161.209670
87.209131	148.318379	161.595012
87.421391	148.108854	161.988322
87.517546	148.013939	162.166494
87.618002	147.914778	162.352633
87.722757	147.811373	162.546741
87.831813	147.703722	162.748817
87.945169	147.591828	162.958861
88.062825	147.475688	163.176873
88.184782	147.355303	163.402854
88.311038	147.230674	163.636802
88.441595	147.101800	163.878718
88.576452	146.968682	164.128603
88.715609	146.831318	164.386455
88.859066	146.689710	164.652276
89.006824	146.543857	164.926065
89.158882	146.393759	165.207821
89.315239	146.239417	165.497546
89.475897	146.080830	165.795239
89.640856	145.917998	166.100900
89.810114	145.750921	166.414529
89.983673	145.579599	166.736127
90.161532	145.404033	167.065692
90.343691	145.224222	167.403225
90.530150	145.040166	167.748727
90.720910	144.851866	168.102196
90.915969	144.659320	168.463634
91.115329	144.462530	168.833040
91.318989	144.261495	169.210413
91.526949	144.056216	169.595755
91.739210	143.846691	169.989065
91.835365	143.751776	170.167237
91.935820	143.652615	170.353377
92.040576	143.549210	170.547485
92.149632	143.441560	170.749561
92.262988	143.329665	170.959605
92.380644	143.213525	171.177617
92.502600	143.093141	171.403597
92.628857	142.968512	171.637546
92.759414	142.839638	171.879462
92.894271	142.706520	172.129347
93.033428	142.569156	172.387199
93.176885	142.427548	172.653020
93.324643	142.281695	172.926809
93.476700	142.131598	173.208565
93.633058	141.977255	173.498290
93.793716	141.818668	173.795983
93.958675	141.655836	174.101644
94.127933	141.488759	174.415274
94.301492	141.317438	174.736871
94.479351	141.141872	175.066436
94.661510	140.962061	175.403970
94.847969	140.778005	175.749471
95.038728	140.589705	176.102941
95.233788	140.397160	176.464378
95.433148	140.200370	176.833784
95.636808	139.999335	177.211158
95.844768	139.794055	177.596500
96.057029	139.584531	177.989810
96.153184	139.489615	178.167982
96.253639	139.390455	178.354122
96.358395	139.287050	178.548230
96.467451	139.179400	178.750306
96.580807	139.067505	178.960350
96.698463	138.951365	179.178362
96.820419	138.830981	179.404342
96.946676	138.706352	179.638290
97.077233	138.577478	179.880207
97.212090	138.444360	180.130091
97.351247	138.306996	180.387944
97.494704	138.165388	180.653765
97.642462	138.019535	180.927554
97.794519	137.869438	181.209310
97.950877	137.715096	181.499035
98.111535	137.556508	181.796728
98.276494	137.393677	182.102389
98.445752	137.226600	182.416019
98.619311	137.055279	182.737616
98.797170	136.879712	183.067181
98.979329	136.699902	183.404715
99.165788	136.515846	183.750216
99.356548	136.327545	184.103686
99.551607	136.135000	184.465124
99.750967	135.938210	184.834529
99.954627	135.737176	185.211903
100.162587	135.531896	185.597245
100.374848	135.322372	185.990555
100.471003	135.227456	186.168727
100.571459	135.128296	186.354867
100.676214	135.024891	186.548975
100.785270	134.917241	186.751051
100.898626	134.805346	186.961095
101.016282	134.689206	187.179107
101.138239	134.568822	187.405087
101.264495	134.444193	187.639036
101.395052	134.315319	187.880952
101.529909	134.182201	188.130837
101.669066	134.044838	188.388689
101.812523	133.903229	188.654510
101.960281	133.757377	188.928299
102.112339	133.607279	189.210056
102.268697	133.452937	189.499781
102.429355	133.294350	189.797474
102.594313	133.131518	190.103135
102.763572	132.964441	190.416764
102.937130	132.793120	190.738361
103.114989	132.617554	191.067927
103.297148	132.437743	191.405460
103.483607	132.253687	191.750962
103.674367	132.065387	192.104431
103.869427	131.872842	192.465869
104.068786	131.676052	192.835275
104.272447	131.475017	193.212649
104.480407	131.269738	193.597991
104.692667	131.060214	193.991301
104.788822	130.965298	194.169473
104.889278	130.866137	194.355612
104.994033	130.762732	194.549720
105.103089	130.655082	194.751796
105.216445	130.543187	194.961840
105.334101	130.427048	195.179853
105.456058	130.306664	195.405833
105.582314	130.182035	195.639781
105.712871	130.053161	195.881698
105.847728	129.920042	196.131582
105.986885	129.782679	196.389435
106.130343	129.641071	196.655256
106.278100	129.495218	196.929044
106.430158	129.345121	197.210801
106.586516	129.190778	197.500526
106.747174	129.032191	197.798219
106.912132	128.869360	198.103880
107.081391	128.702283	198.417510
107.254950	128.530962	198.739107
107.432808	128.355396	199.068672
107.614968	128.175585	199.406206
107.801427	127.991529	199.751707
107.992186	127.803229	200.105177
108.187246	127.610683	200.466615
108.386606	127.413894	200.836020
108.590266	127.212859	201.213394
108.798226	127.007580	201.598736
109.010487	126.798055	201.992046
109.106642	126.703140	202.170218
109.207097	126.603979	202.356358
109.311853	126.500574	202.550466
109.420909	126.392924	202.752542
109.534265	126.281029	202.962586
109.651921	126.164890	203.180598
109.773877	126.044506	203.406579
109.900134	125.919877	203.640527
110.030691	125.791003	203.882443
110.165548	125.657884	204.132328
110.304705	125.520521	204.390181
110.448162	125.378913	204.656001
110.595920	125.233060	204.929790
110.747977	125.082963	205.211547
110.904335	124.928620	205.501272
111.064993	124.770033	205.798965
111.229952	124.607201	206.104626
111.399210	124.440125	206.418255
111.572769	124.268804	206.739853
111.750628	124.093237	207.069418
111.932787	123.913427	207.406951
112.119246	123.729371	207.752453
112.310006	123.541071	208.105923
112.505065	123.348525	208.467360
112.704425	123.151736	208.836766
112.908085	122.950701	209.214140
113.116046	122.745421	209.599482
113.328306	122.535897	209.992792
113.424461	122.440982	210.170964
113.524917	122.341821	210.357104
113.629672	122.238416	210.551212
113.738728	122.130766	210.753288
113.852084	122.018871	210.963332
113.969740	121.902732	211.181344
114.091697	121.782348	211.407324
114.217953	121.657719	211.641273
114.348510	121.528845	211.883189
114.483367	121.395726	212.133074
114.622524	121.258363	212.390926
114.765982	121.116755	212.656747
114.913739	120.970902	212.930536
115.065797	120.820805	213.212293
115.222155	120.666462	213.502018
115.382813	120.507875	213.799711
115.547771	120.345043	214.105372
115.717030	120.177967	214.419001
115.890588	120.006645	214.740598
116.068447	119.831079	215.070164
116.250606	119.651269	215.407697
116.437066	119.467213	215.753199
116.627825	119.278913	216.106668
116.822885	119.086367	216.468106
117.022245	118.889577	216.837512
117.225905	118.688543	217.214886
117.433865	118.483263	217.600228
117.646125	118.273739	217.993538
117.742281	118.178824	218.171709
117.842736	118.079663	218.357849
117.947492	117.976258	218.551957
118.056547	117.868608	218.754033
118.169903	117.756713	218.964077
118.287560	117.640574	219.182090
118.409516	117.520189	219.408070
118.535773	117.395560	219.642018
118.666329	117.266687	219.883935
118.801186	117.133568	220.133819
118.940344	116.996205	220.391672
119.083801	116.854597	220.657493
119.231558	116.708744	220.931281
119.383616	116.558647	221.213038
119.539974	116.404304	221.502763
119.700632	116.245717	221.800456
119.865591	116.082885	222.106117
120.034849	115.915809	222.419747
120.208408	115.744487	222.741344
120.386267	115.568921	223.070909
120.568426	115.389111	223.408443
120.754885	115.205055	223.753944
120.945645	115.016755	224.107414
121.140704	114.824209	224.468852
121.340064	114.627419	224.838257
121.543724	114.426385	225.215631
121.751684	114.221105	225.600973
121.963945	114.011581	225.994283
122.060100	113.916666	226.172455
122.160555	113.817505	226.358595
122.265311	113.714100	226.552703
122.374367	113.606450	226.754779
122.487723	113.494555	226.964823
122.605379	113.378416	227.182835
122.727336	113.258032	227.408816
122.853592	113.133403	227.642764
122.984149	113.004529	227.884680
123.119006	112.871410	228.134565
123.258163	112.734047	228.392418
123.401620	112.592439	228.658238
123.549378	112.446586	228.932027
123.701436	112.296489	229.213784
123.857794	112.142146	229.503509
124.018452	111.983559	229.801202
124.183410	111.820727	230.106863
124.352669	111.653651	230.420492
124.526227	111.482329	230.742090
124.704086	111.306763	231.071655
124.886245	111.126953	231.409188
125.072705	110.942897	231.754690
125.263464	110.754597	232.108160
125.458524	110.562051	232.469597
125.657884	110.365261	232.839003
125.861544	110.164227	233.216377
126.069504	109.958947	233.601719
126.281764	109.749423	233.995029
126.377919	109.654508	234.173201
126.478375	109.555347	234.359341
126.583131	109.451942	234.553449
126.692186	109.344292	234.755525
126.805542	109.232397	234.965569
126.923199	109.116258	235.183581
127.045155	108.995874	235.409561
127.171412	108.871245	235.643510
127.301968	108.742371	235.885426
127.436825	108.609252	236.135311
127.575982	108.471889	236.393163
127.719440	108.330281	236.658984
127.867197	108.184428	236.932773
128.019255	108.034331	237.214530
128.175613	107.879988	237.504255
128.336271	107.721401	237.801948
128.501229	107.558569	238.107609
128.670488	107.391493	238.421238
128.844047	107.220171	238.742835
129.021906	107.044605	239.072401
129.204065	106.864795	239.409934
129.390524	106.680739	239.755436
129.581283	106.492439	240.108905
129.776343	106.299893	240.470343
129.975703	106.103104	240.839749
130.179363	105.902069	241.217123
130.387323	105.696789	241.602465
130.599584	105.487265	241.995775
130.695739	105.392350	242.173947
130.796194	105.293189	242.360086
130.900950	105.189784	242.554194
131.010006	105.082134	242.756270
131.123362	104.970239	242.966314
131.241018	104.854100	243.184327
131.362974	104.733716	243.410307
131.489231	104.609087	243.644255
131.619788	104.480213	243.886172
131.754645	104.347094	244.136056
131.893802	104.209731	244.393909
132.037259	104.068123	244.659730
132.185017	103.922270	244.933518
132.337074	103.772173	245.215275
132.493432	103.617830	245.505000
132.654091	103.459243	245.802693
132.819049	103.296411	246.108354
132.988307	103.129335	246.421984
133.161866	102.958014	246.743581
133.339725	102.782447	247.073146
133.521884	102.602637	247.410680
133.708343	102.418581	247.756181
133.899103	102.230281	248.109651
134.094162	102.037735	248.471089
134.293522	101.840946	248.840495
134.497182	101.639911	249.217868
134.705143	101.434631	249.603210
134.917403	101.225107	249.996520
135.013558	101.130192	250.174692
135.114014	101.031031	250.360832
135.218769	100.927626	250.554940
135.327825	100.819976	250.757016
135.441181	100.708081	250.967060
135.558837	100.591942	251.185072
135.680794	100.471558	251.411053
135.807050	100.346929	251.645001
135.937607	100.218055	251.886918
136.072464	100.084936	252.136802
136.211621	99.947573	252.394655
136.355079	99.805965	252.660475
136.502836	99.660112	252.934264
136.654894	99.510015	253.216021
136.811252	99.355672	253.505746
136.971910	99.197085	253.803439
137.136868	99.034253	254.109100
137.306127	98.867177	254.422729
137.479686	98.695856	254.744327
137.657544	98.520289	255.073892
137.839703	98.340479	255.411426
138.026163	98.156423	255.756927
138.216922	97.968123	256.110397
138.411982	97.775577	256.471834
138.611342	97.578788	256.841240
138.815002	97.377753	257.218614
139.022962	97.172474	257.603956
139.235223	96.962949	257.997266
139.331378	96.868034	258.175438
139.431833	96.768873	258.361578
139.536589	96.665468	258.555686
139.645645	96.557818	258.757762
139.759001	96.445923	258.967806
139.876657	96.329784	259.185818
139.998613	96.209400	259.411798
140.124870	96.084771	259.645747
140.255427	95.955897	259.887663
140.390284	95.822778	260.137548
140.529441	95.685415	260.395400
140.672898	95.543807	260.661221
140.820656	95.397954	260.935010
140.972713	95.247857	261.216767
141.129071	95.093514	261.506492
141.289729	94.934927	261.804185
141.454688	94.772095	262.109846
141.623946	94.605019	262.423475
141.797505	94.433698	262.745072
141.975364	94.258131	263.074638
142.157523	94.078321	263.412171
142.343982	93.894265	263.757673
142.534742	93.705965	264.111142
142.729801	93.513419	264.472580
142.929161	93.316630	264.841986
143.132821	93.115595	265.219360
143.340782	92.910316	265.604702
143.553042	92.700791	265.998012
143.649197	92.605876	266.176184
143.749653	92.506715	266.362323
143.854408	92.403310	266.556431
143.963464	92.295660	266.758507
144.076820	92.183765	266.968552
144.194476	92.067626	267.186564
144.316433	91.947242	267.412544
144.442689	91.822613	267.646492
144.573246	91.693739	267.888409
144.708103	91.560620	268.138293
144.847260	91.423257	268.396146
144.990717	91.281649	268.661967
145.138475	91.135796	268.935756
145.290533	90.985699	269.217512
145.446891	90.831356	269.507237
145.607549	90.672769	269.804930
145.772507	90.509938	270.110592
145.941766	90.342861	270.424221
146.115324	90.171540	270.745818
146.293183	89.995973	271.075383
146.475342	89.816163	271.412917
146.661802	89.632107	271.758418
146.852561	89.443807	272.111888
147.047621	89.251262	272.473326
147.246981	89.054472	272.842732
147.450641	88.853437	273.220106
147.658601	88.648158	273.605447
147.870861	88.438633	273.998758
147.967017	88.343718	274.176929
148.067472	88.244557	274.363069
148.172228	88.141152	274.557177
148.281283	88.033502	274.759253
148.394639	87.921607	274.969297
148.512296	87.805468	275.187309
148.634252	87.685084	275.413290
148.760509	87.560455	275.647238
148.891065	87.431581	275.889155
149.025922	87.298462	276.139039
149.165080	87.161099	276.396892
149.308537	87.019491	276.662712
149.456294	86.873638	276.936501
149.608352	86.723541	277.218258
149.764710	86.569198	277.507983
149.925368	86.410611	277.805676
150.090327	86.247780	278.111337
150.259585	86.080703	278.424966
150.433144	85.909382	278.746564
150.611003	85.733816	279.076129
150.793162	85.554005	279.413663
150.979621	85.369949	279.759164
151.170381	85.181649	280.112634
151.365440	84.989104	280.474072
151.564800	84.792314	280.843477
151.768460	84.591279	281.220851
151.976420	84.386000	281.606193
152.188681	84.176475	281.999503
152.284836	84.081560	282.177675
152.385291	83.982399	282.363815
152.490047	83.878994	282.557923
152.599103	83.771344	282.759999
152.712459	83.659449	282.970043
152.830115	83.543310	283.188055
152.952071	83.422926	283.414035
153.078328	83.298297	283.647984
153.208885	83.169423	283.889900
153.343742	83.036304	284.139785
153.482899	82.898941	284.397637
153.626356	82.757333	284.663458
153.774114	82.611480	284.937247
153.926172	82.461383	285.219004
