-20.564623	243.363716	38.226638
-20.541206	243.272673	38.196466
-20.521969	243.176928	38.174068
-20.506911	243.076483	38.159444
-20.496032	242.971339	38.152595
-20.489331	242.861499	38.153524
-20.486808	242.746963	38.162231
-20.488460	242.627733	38.178719
-20.494289	242.503812	38.202987
-20.504292	242.375200	38.235038
-20.518470	242.241900	38.274874
-20.536822	242.103913	38.322495
-20.559347	241.961241	38.377902
-20.586044	241.813886	38.441098
-20.616912	241.661848	38.512084
-20.651951	241.505131	38.590861
-20.691161	241.343735	38.677430
-20.734540	241.177662	38.771793
-20.782087	241.006915	38.873951
-20.833803	240.831493	38.983906
-20.889686	240.651401	39.101659
-20.949736	240.466638	39.227211
-21.013951	240.277207	39.360564
-21.082333	240.083109	39.501719
-21.154878	239.884346	39.650677
-21.231589	239.680920	39.807440
-21.312462	239.472832	39.972009
-21.397498	239.260085	40.144386
-21.486697	239.042680	40.324571
-21.580057	238.820618	40.512567
-21.677578	238.593901	40.708374
-21.779259	238.362531	40.911994
-21.885101	238.126510	41.123428
-21.995101	237.885839	41.342678
-22.109261	237.640521	41.569744
-22.227578	237.390556	41.804628
-22.350053	237.135947	42.047332
-22.476685	236.876695	42.297857
-22.607474	236.612802	42.556204
-22.742418	236.344269	42.822374
-22.881519	236.071100	43.096368
-23.024774	235.793294	43.378189
-23.172184	235.510854	43.667836
-23.323748	235.223782	43.965312
-23.479465	234.932079	44.270618
-23.639336	234.635748	44.583755
-23.803360	234.334789	44.904724
-23.971536	234.029205	45.233526
-24.143864	233.718997	45.570163
-24.320344	233.404167	45.914637
-24.399740	233.263754	46.069493
-24.483287	233.118722	46.232187
-24.570984	232.969071	46.402720
-24.662833	232.814803	46.581091
-24.758832	232.655917	46.767302
-24.858981	232.492416	46.961353
-24.963281	232.324298	47.163244
-25.071731	232.151567	47.372976
-25.184332	231.974221	47.590550
-25.301082	231.792262	47.815965
-25.421981	231.605691	48.049224
-25.547031	231.414508	48.290325
-25.676230	231.218715	48.539270
-25.809578	231.018311	48.796059
-25.947076	230.813299	49.060693
-26.088723	230.603678	49.333172
-26.234518	230.389449	49.613496
-26.384463	230.170614	49.901667
-26.538557	229.947172	50.197685
-26.696799	229.719126	50.501550
-26.859190	229.486475	50.813263
-27.025729	229.249220	51.132824
-27.196417	229.007363	51.460234
-27.371254	228.760903	51.795494
-27.550238	228.509842	52.138603
-27.733371	228.254181	52.489563
-27.920651	227.993920	52.848373
-28.112080	227.729060	53.215035
-28.199350	227.608824	53.382149
-28.290767	227.483990	53.557116
-28.386333	227.354558	53.739935
-28.486046	227.220530	53.930606
-28.589907	227.081905	54.129130
-28.697916	226.938684	54.335508
-28.810073	226.790867	54.549738
-28.926377	226.638454	54.771822
-29.046830	226.481446	55.001760
-29.171430	226.319844	55.239552
-29.300177	226.153647	55.485198
-29.433073	225.982856	55.738698
-29.570116	225.807472	56.000053
-29.711306	225.627494	56.269263
-29.856645	225.442923	56.546328
-30.006131	225.253760	56.831248
-30.159764	225.060004	57.124024
-30.317546	224.861657	57.424655
-30.479474	224.658718	57.733142
-30.645551	224.451188	58.049486
-30.815774	224.239067	58.373686
-30.990146	224.022356	58.705742
-31.168665	223.801055	59.045656
-31.351331	223.575164	59.393426
-31.538145	223.344684	59.749054
-31.729107	223.109615	60.112539
-31.924216	222.869958	60.483882
-32.123472	222.625713	60.863083
-32.213878	222.515116	61.035116
-32.308430	222.399931	61.215007
-32.407131	222.280160	61.402756
-32.509979	222.155801	61.598364
-32.616974	222.026855	61.801830
-32.728117	221.893322	62.013155
-32.843407	221.755202	62.232339
-32.962845	221.612496	62.459381
-33.086431	221.465203	62.694282
-33.214164	221.313324	62.937043
-33.346044	221.156859	63.187662
-33.482072	220.995808	63.446141
-33.622248	220.830171	63.712479
-33.766571	220.659949	63.986677
-33.915042	220.485141	64.268734
-34.067660	220.305749	64.558651
-34.224426	220.121771	64.856427
-34.385340	219.933208	65.162063
-34.550401	219.740060	65.475559
-34.719610	219.542328	65.796915
-34.892966	219.340012	66.126131
-35.070470	219.133111	66.463207
-35.252121	218.921626	66.808144
-35.437920	218.705558	67.160941
-35.627867	218.484906	67.521598
-35.821962	218.259670	67.890116
-36.020204	218.029851	68.266495
-36.222593	217.795448	68.650734
-36.314317	217.689314	68.824867
-36.410189	217.578597	69.006861
-36.510208	217.463297	69.196716
-36.614375	217.343415	69.394432
-36.722689	217.218950	69.600008
-36.835152	217.089902	69.813446
-36.951762	216.956271	70.034745
-37.072519	216.818058	70.263905
-37.197425	216.675263	70.500927
-37.326478	216.527885	70.745809
-37.459679	216.375926	70.998553
-37.597027	216.219384	71.259158
-37.738524	216.058260	71.527625
-37.884168	215.892554	71.803953
-38.033959	215.722266	72.088142
-38.187899	215.547396	72.380193
-38.345986	215.367945	72.680105
-38.508221	215.183912	72.987879
-38.674604	214.995297	73.303515
-38.845135	214.802101	73.627012
-39.019813	214.604323	73.958371
-39.198639	214.401964	74.297591
-39.381613	214.195024	74.644674
-39.568735	213.983502	74.999618
-39.760005	213.767400	75.362424
-39.955422	213.546716	75.733092
-40.154987	213.321452	76.111623
-40.358700	213.091606	76.498015
-40.450997	212.987514	76.673075
-40.547441	212.878841	76.855998
-40.648033	212.765587	77.046782
-40.752773	212.647753	77.245429
-40.861661	212.525338	77.451938
-40.974697	212.398343	77.666309
-41.091880	212.266766	77.888542
-41.213212	212.130610	78.118638
-41.338691	211.989872	78.356595
-41.468318	211.844555	78.602415
-41.602093	211.694657	78.856097
-41.740016	211.540178	79.117641
-41.882087	211.381119	79.387048
-42.028306	211.217480	79.664317
-42.178673	211.049261	79.949448
-42.333187	210.876461	80.242441
-42.491850	210.699081	80.543297
-42.654660	210.517121	80.852015
-42.821618	210.330581	81.168596
-42.992725	210.139460	81.493039
-43.167979	209.943760	81.825344
-43.347381	209.743479	82.165512
-43.530931	209.538619	82.513542
-43.718629	209.329179	82.869435
-43.910475	209.115158	83.233190
-44.106468	208.896558	83.604808
-44.306610	208.673378	83.984288
-44.510900	208.445618	84.371631
-44.603449	208.342456	84.547108
-44.700147	208.234714	84.730448
-44.800992	208.122393	84.921650
-44.905985	208.005491	85.120715
-45.015127	207.884010	85.327642
-45.128416	207.757949	85.542432
-45.245853	207.627309	85.765085
-45.367438	207.492089	85.995600
-45.493171	207.352289	86.233978
-45.623053	207.207910	86.480219
-45.757082	207.058951	86.734322
-45.895259	206.905412	86.996288
-46.037584	206.747294	87.266117
-46.184057	206.584597	87.543808
-46.334678	206.417319	87.829362
-46.489447	206.245463	88.122779
-46.648364	206.069027	88.424058
-46.811429	205.888011	88.733200
-46.978643	205.702416	89.050205
-47.150004	205.512241	89.375073
-47.325513	205.317487	89.707803
-47.505170	205.118154	90.048396
-47.688975	204.914241	90.396852
-47.876928	204.705749	90.753171
-48.069029	204.492677	91.117352
-48.265279	204.275026	91.489396
-48.465676	204.052796	91.869303
-48.670221	203.825987	92.257073
-48.762883	203.723247	92.432739
-48.859694	203.615929	92.616267
-48.960652	203.504031	92.807658
-49.065758	203.387554	93.006912
-49.175013	203.266497	93.214029
-49.288415	203.140862	93.429008
-49.405965	203.010647	93.651851
-49.527664	202.875853	93.882556
-49.653510	202.736479	94.121124
-49.783505	202.592527	94.367555
-49.917647	202.443995	94.621849
-50.055938	202.290884	94.884006
-50.198377	202.133194	95.154025
-50.344963	201.970924	95.431908
-50.495698	201.804076	95.717653
-50.650581	201.632648	96.011261
-50.809612	201.456641	96.312732
-50.972791	201.276055	96.622066
-51.140118	201.090890	96.939263
-51.311593	200.901145	97.264323
-51.487216	200.706822	97.597245
-51.666987	200.507919	97.938031
-51.850906	200.304437	98.286679
-52.038974	200.096376	98.643191
-52.231189	199.883736	99.007565
-52.427552	199.666517	99.379802
-52.628064	199.444719	99.759902
-52.832723	199.218342	100.147865
-52.925436	199.115795	100.323616
-53.022297	199.008668	100.507230
-53.123306	198.896963	100.698707
-53.228463	198.780679	100.898047
-53.337768	198.659815	101.105250
-53.451221	198.534373	101.320315
-53.568822	198.404351	101.543244
-53.690572	198.269751	101.774036
-53.816469	198.130571	102.012690
-53.946514	197.986813	102.259208
-54.080708	197.838475	102.513588
-54.219050	197.685558	102.775831
-54.361539	197.528063	103.045938
-54.508177	197.365988	103.323907
-54.658963	197.199334	103.609739
-54.813897	197.028101	103.903434
-54.972979	196.852290	104.204992
-55.136209	196.671899	104.514413
-55.303587	196.486929	104.831697
-55.475113	196.297380	105.156844
-55.650787	196.103252	105.489854
-55.830610	195.904546	105.830727
-56.014580	195.701260	106.179463
-56.202698	195.493395	106.536062
-56.394965	195.280951	106.900524
-56.591380	195.063928	107.272849
-56.791942	194.842327	107.653036
-56.996653	194.616146	108.041087
-57.089389	194.513686	108.216877
-57.186273	194.406647	108.400530
-57.287304	194.295030	108.592046
-57.392484	194.178833	108.791425
-57.501812	194.058057	108.998667
-57.615288	193.932703	109.213772
-57.732912	193.802769	109.436739
-57.854684	193.668257	109.667570
-57.980605	193.529165	109.906264
-58.110673	193.385495	110.152821
-58.244890	193.237245	110.407241
-58.383254	193.084417	110.669523
-58.525767	192.927010	110.939669
-58.672427	192.765023	111.217678
-58.823236	192.598458	111.503549
-58.978193	192.427314	111.797284
-59.137298	192.251591	112.098882
-59.300551	192.071289	112.408343
-59.467952	191.886408	112.725666
-59.639502	191.696948	113.050853
-59.815199	191.502909	113.383903
-59.995044	191.304292	113.724815
-60.179038	191.101095	114.073591
-60.367179	190.893319	114.430230
-60.559469	190.680965	114.794731
-60.755907	190.464031	115.167096
-60.956493	190.242519	115.547324
-61.161227	190.016427	115.935414
-61.253973	189.914007	116.111222
-61.350867	189.807008	116.294893
-61.451909	189.695430	116.486426
-61.557099	189.579274	116.685823
-61.666437	189.458538	116.893083
-61.779923	189.333223	117.108205
-61.897558	189.203330	117.331191
-62.019340	189.068857	117.562040
-62.145271	188.929806	117.800751
-62.275350	188.786175	118.047326
-62.409576	188.637966	118.301764
-62.547951	188.485178	118.564064
-62.690474	188.327811	118.834228
-62.837145	188.165865	119.112255
-62.987965	187.999340	119.398145
-63.142932	187.828236	119.691897
-63.302047	187.652553	119.993513
-63.465311	187.472292	120.302992
-63.632722	187.287451	120.620334
-63.804282	187.098032	120.945538
-63.979990	186.904033	121.278606
-64.159846	186.705456	121.619537
-64.343849	186.502300	121.968331
-64.532001	186.294565	122.324988
-64.724302	186.082251	122.689507
-64.920750	185.865358	123.061890
-65.121346	185.643886	123.442136
-65.326091	185.417836	123.830245
-65.418841	185.315434	124.006061
-65.515740	185.208453	124.189739
-65.616786	185.096893	124.381281
-65.721981	184.980754	124.580686
-65.831324	184.860037	124.787954
-65.944815	184.734740	125.003084
-66.062454	184.604865	125.226078
-66.184241	184.470410	125.456935
-66.310177	184.331377	125.695655
-66.440260	184.187765	125.942238
-66.574492	184.039574	126.196684
-66.712871	183.886804	126.458993
-66.855399	183.729455	126.729164
-67.002075	183.567528	127.007199
-67.152898	183.401021	127.293097
-67.307870	183.229936	127.586858
-67.466991	183.054271	127.888482
-67.630259	182.874028	128.197969
-67.797675	182.689206	128.515319
-67.969239	182.499805	128.840532
-68.144952	182.305825	129.173608
-68.324812	182.107266	129.514547
-68.508821	181.904128	129.863349
-68.696978	181.696412	130.220014
-68.889283	181.484116	130.584542
-69.085736	181.267242	130.956933
-69.286337	181.045789	131.337188
-69.491086	180.819756	131.725305
-69.583838	180.717363	131.901124
-69.680739	180.610390	132.084807
-69.781788	180.498838	132.276352
-69.886985	180.382708	132.475760
-69.996330	180.261999	132.683032
-70.109823	180.136710	132.898166
-70.227464	180.006843	133.121164
-70.349253	179.872397	133.352025
-70.475191	179.733372	133.590748
-70.605276	179.589769	133.837335
-70.739510	179.441586	134.091784
-70.877892	179.288824	134.354097
-71.020421	179.131484	134.624272
-71.167099	178.969565	134.902311
-71.317925	178.803066	135.188213
-71.472899	178.631989	135.481977
-71.632022	178.456333	135.783605
-71.795292	178.276098	136.093096
-71.962710	178.091285	136.410450
-72.134277	177.901892	136.735666
-72.309991	177.707920	137.068746
-72.489854	177.509370	137.409689
-72.673865	177.306241	137.758495
-72.862024	177.098532	138.115164
-73.054331	176.886245	138.479695
-73.250786	176.669379	138.852090
-73.451389	176.447934	139.232348
-73.656140	176.221911	139.620469
-73.748894	176.119521	139.796290
-73.845796	176.012552	139.979974
-73.946845	175.901004	140.171521
-74.052043	175.784877	140.370932
-74.161389	175.664172	140.578205
-74.274883	175.538887	140.793341
-74.392525	175.409024	141.016340
-74.514316	175.274582	141.247202
-74.640254	175.135560	141.485928
-74.770341	174.991960	141.732516
-74.904575	174.843782	141.986967
-75.042958	174.691024	142.249282
-75.185489	174.533687	142.519459
-75.332167	174.371772	142.797499
-75.482994	174.205277	143.083403
-75.637969	174.034204	143.377169
-75.797093	173.858552	143.678798
-75.960364	173.678321	143.988291
-76.127783	173.493511	144.305646
-76.299351	173.304122	144.630865
-76.475066	173.110154	144.963946
-76.654930	172.911607	145.304891
-76.838942	172.708482	145.653698
-77.027102	172.500778	146.010369
-77.219410	172.288494	146.374902
-77.415866	172.071632	146.747299
-77.616470	171.850191	147.127559
-77.821222	171.624171	147.515681
-77.913976	171.521783	147.691503
-78.010878	171.414816	147.875188
-78.111928	171.303270	148.066736
-78.217127	171.187145	148.266147
-78.326473	171.066441	148.473421
-78.439968	170.941158	148.688558
-78.557610	170.811296	148.911558
-78.679401	170.676856	149.142421
-78.805340	170.537836	149.381147
-78.935427	170.394238	149.627736
-79.069662	170.246061	149.882188
-79.208045	170.093305	150.144503
-79.350576	169.935970	150.414681
-79.497255	169.774056	150.692722
-79.648083	169.607564	150.978626
-79.803058	169.436492	151.272393
-79.962182	169.260842	151.574024
-80.125453	169.080612	151.883517
-80.292873	168.895804	152.200873
-80.464441	168.706417	152.526092
-80.640157	168.512451	152.859175
-80.820021	168.313906	153.200120
-81.004033	168.110782	153.548928
-81.192194	167.903080	153.905600
-81.384502	167.690798	154.270134
-81.580959	167.473938	154.642531
-81.781563	167.252498	155.022792
-81.986316	167.026480	155.410915
-82.079070	166.924093	155.586737
-82.175972	166.817126	155.770423
-82.277023	166.705581	155.961971
-82.382221	166.589457	156.161382
-82.491568	166.468754	156.368656
-82.605063	166.343472	156.583794
-82.722705	166.213611	156.806794
-82.844496	166.079171	157.037657
-82.970435	165.940153	157.276384
-83.100522	165.796555	157.522973
-83.234758	165.648379	157.777426
-83.373141	165.495623	158.039741
-83.515672	165.338289	158.309919
-83.662352	165.176376	158.587961
-83.813179	165.009884	158.873865
-83.968155	164.838814	159.167633
-84.127279	164.663164	159.469264
-84.290551	164.482935	159.778757
-84.457971	164.298128	160.096114
-84.629539	164.108742	160.421333
-84.805255	163.914776	160.754416
-84.985119	163.716232	161.095362
-85.169132	163.513109	161.444170
-85.357292	163.305408	161.800842
-85.549601	163.093127	162.165377
-85.746058	162.876267	162.537774
-85.946662	162.654829	162.918035
-86.151415	162.428811	163.306159
-86.244170	162.326424	163.481981
-86.341072	162.219458	163.665667
-86.442123	162.107913	163.857215
-86.547321	161.991789	164.056627
-86.656668	161.871087	164.263901
-86.770163	161.745805	164.479038
-86.887805	161.615945	164.702039
-87.009596	161.481505	164.932902
-87.135536	161.342487	165.171629
-87.265623	161.198890	165.418219
-87.399858	161.050714	165.672671
-87.538241	160.897959	165.934987
-87.680773	160.740625	166.205165
-87.827452	160.578712	166.483207
-87.978280	160.412221	166.769112
-88.133256	160.241151	167.062879
-88.292380	160.065501	167.364510
-88.455652	159.885273	167.674004
-88.623072	159.700466	167.991361
-88.794640	159.511080	168.316580
-88.970356	159.317115	168.649663
-89.150221	159.118571	168.990609
-89.334233	158.915449	169.339418
-89.522394	158.707747	169.696090
-89.714703	158.495467	170.060625
-89.911159	158.278608	170.433022
-90.111764	158.057170	170.813283
-90.316517	157.831153	171.201407
-90.409272	157.728766	171.377230
-90.506174	157.621800	171.560915
-90.607225	157.510255	171.752464
-90.712423	157.394131	171.951875
-90.821770	157.273429	172.159150
-90.935265	157.148147	172.374287
-91.052908	157.018287	172.597288
-91.174699	156.883848	172.828151
-91.300638	156.744830	173.066878
-91.430725	156.601233	173.313468
-91.564960	156.453057	173.567920
-91.703344	156.300302	173.830236
-91.845875	156.142969	174.100415
-91.992555	155.981056	174.378456
-92.143383	155.814565	174.664361
-92.298359	155.643494	174.958129
-92.457483	155.467845	175.259760
-92.620755	155.287617	175.569253
-92.788175	155.102810	175.886610
-92.959743	154.913425	176.211830
-93.135459	154.719460	176.544913
-93.315324	154.520916	176.885859
-93.499336	154.317794	177.234668
-93.687497	154.110093	177.591340
-93.879806	153.897812	177.955875
-94.076262	153.680953	178.328273
-94.276867	153.459515	178.708534
-94.481620	153.233499	179.096658
-94.574375	153.131112	179.272480
-94.671277	153.024146	179.456166
-94.772328	152.912601	179.647714
-94.877526	152.796477	179.847126
-94.986873	152.675775	180.054400
-95.100368	152.550494	180.269538
-95.218011	152.420633	180.492538
-95.339802	152.286194	180.723402
-95.465741	152.147176	180.962129
-95.595828	152.003579	181.208718
-95.730064	151.855404	181.463171
-95.868447	151.702649	181.725487
-96.010979	151.545315	181.995666
-96.157658	151.383403	182.273707
-96.308486	151.216912	182.559612
-96.463462	151.045841	182.853380
-96.622586	150.870192	183.155011
-96.785858	150.689964	183.464505
-96.953278	150.505158	183.781861
-97.124846	150.315772	184.107081
-97.300563	150.121807	184.440164
-97.480427	149.923264	184.781110
-97.664440	149.720142	185.129919
-97.852600	149.512440	185.486591
-98.044909	149.300160	185.851126
-98.241366	149.083301	186.223524
-98.441971	148.861863	186.603785
-98.646724	148.635847	186.991909
-98.739478	148.533460	187.167732
-98.836381	148.426494	187.351417
-98.937431	148.314949	187.542966
-99.042630	148.198826	187.742377
-99.151977	148.078123	187.949652
-99.265472	147.952842	188.164789
-99.383115	147.822982	188.387790
-99.504906	147.688542	188.618654
-99.630845	147.549525	188.857380
-99.760932	147.405928	189.103970
-99.895167	147.257752	189.358423
-100.033551	147.104997	189.620738
-100.176083	146.947664	189.890917
-100.322762	146.785751	190.168959
-100.473590	146.619260	190.454864
-100.628566	146.448190	190.748632
-100.787690	146.272541	191.050262
-100.950962	146.092313	191.359756
-101.118382	145.907506	191.677113
-101.289950	145.718121	192.002333
-101.465667	145.524156	192.335416
-101.645531	145.325613	192.676362
-101.829544	145.122490	193.025171
-102.017704	144.914789	193.381843
-102.210013	144.702509	193.746378
-102.406470	144.485650	194.118776
-102.607075	144.264212	194.499037
-102.811828	144.038196	194.887161
-102.904582	143.935809	195.062983
-103.001485	143.828843	195.246669
-103.102535	143.717298	195.438217
-103.207734	143.601175	195.637629
-103.317081	143.480472	195.844904
-103.430576	143.355191	196.060041
-103.548219	143.225331	196.283042
-103.670010	143.090892	196.513906
-103.795949	142.951874	196.752632
-103.926036	142.808277	196.999222
-104.060271	142.660101	197.253675
-104.198655	142.507346	197.515990
-104.341186	142.350013	197.786169
-104.487866	142.188101	198.064211
-104.638694	142.021609	198.350116
-104.793670	141.850539	198.643883
-104.952794	141.674890	198.945514
-105.116066	141.494662	199.255008
-105.283486	141.309856	199.572365
-105.455054	141.120470	199.897585
-105.630771	140.926505	200.230668
-105.810635	140.727962	200.571614
-105.994648	140.524840	200.920423
-106.182808	140.317138	201.277095
-106.375117	140.104858	201.641630
-106.571574	139.887999	202.014028
-106.772179	139.666562	202.394289
-106.976932	139.440545	202.782413
-107.069686	139.338158	202.958235
-107.166589	139.231192	203.141921
-107.267639	139.119648	203.333470
-107.372838	139.003524	203.532881
-107.482185	138.882822	203.740156
-107.595680	138.757540	203.955293
-107.713323	138.627680	204.178294
-107.835114	138.493241	204.409158
-107.961053	138.354223	204.647884
-108.091140	138.210626	204.894474
-108.225375	138.062451	205.148927
-108.363759	137.909696	205.411242
-108.506290	137.752362	205.681421
-108.652970	137.590450	205.959463
-108.803798	137.423959	206.245368
-108.958774	137.252889	206.539136
-109.117898	137.077240	206.840766
-109.281170	136.897012	207.150260
-109.448590	136.712205	207.467617
-109.620158	136.522819	207.792837
-109.795875	136.328855	208.125920
-109.975739	136.130311	208.466866
-110.159752	135.927189	208.815675
-110.347912	135.719488	209.172347
-110.540221	135.507208	209.536882
-110.736678	135.290349	209.909280
-110.937283	135.068911	210.289541
-111.142036	134.842895	210.677665
-111.234790	134.740508	210.853488
-111.331693	134.633542	211.037173
-111.432743	134.521997	211.228722
-111.537942	134.405874	211.428133
-111.647289	134.285171	211.635408
-111.760784	134.159890	211.850545
-111.878427	134.030030	212.073546
-112.000218	133.895591	212.304410
-112.126157	133.756573	212.543136
-112.256244	133.612976	212.789726
-112.390479	133.464800	213.044179
-112.528863	133.312046	213.306495
-112.671395	133.154712	213.576673
-112.818074	132.992800	213.854715
-112.968902	132.826308	214.140620
-113.123878	132.655238	214.434388
-113.283002	132.479589	214.736019
-113.446274	132.299361	215.045512
-113.613694	132.114555	215.362869
-113.785262	131.925169	215.688089
-113.960979	131.731205	216.021172
-114.140843	131.532661	216.362118
-114.324856	131.329539	216.710927
-114.513016	131.121838	217.067599
-114.705325	130.909558	217.432134
-114.901782	130.692699	217.804532
-115.102387	130.471261	218.184793
-115.307140	130.245244	218.572917
-115.399894	130.142857	218.748740
-115.496797	130.035892	218.932425
-115.597847	129.924347	219.123974
-115.703046	129.808223	219.323385
-115.812393	129.687521	219.530660
-115.925888	129.562240	219.745798
-116.043531	129.432379	219.968798
-116.165322	129.297940	220.199662
-116.291261	129.158922	220.438389
-116.421348	129.015326	220.684978
-116.555584	128.867150	220.939431
-116.693967	128.714395	221.201747
-116.836499	128.557062	221.471925
-116.983178	128.395149	221.749967
-117.134006	128.228658	222.035872
-117.288982	128.057588	222.329640
-117.448106	127.881939	222.631271
-117.611378	127.701711	222.940765
-117.778798	127.516904	223.258121
-117.950366	127.327519	223.583341
-118.126083	127.133554	223.916424
-118.305947	126.935011	224.257370
-118.489960	126.731889	224.606179
-118.678120	126.524187	224.962851
-118.870429	126.311907	225.327386
-119.066886	126.095048	225.699784
-119.267491	125.873611	226.080045
-119.472244	125.647594	226.468169
-119.564999	125.545207	226.643992
-119.661901	125.438241	226.827677
-119.762952	125.326697	227.019226
-119.868150	125.210573	227.218638
-119.977497	125.089871	227.425912
-120.090992	124.964589	227.641050
-120.208635	124.834729	227.864050
-120.330426	124.700290	228.094914
-120.456365	124.561272	228.333641
-120.586452	124.417675	228.580230
-120.720688	124.269500	228.834683
-120.859071	124.116745	229.096999
-121.001603	123.959412	229.367178
-121.148282	123.797499	229.645219
-121.299110	123.631008	229.931124
-121.454086	123.459938	230.224892
-121.613210	123.284289	230.526523
-121.776482	123.104061	230.836017
-121.943902	122.919254	231.153374
-122.115470	122.729869	231.478594
-122.291187	122.535904	231.811676
-122.471051	122.337361	232.152622
-122.655064	122.134238	232.501431
-122.843225	121.926537	232.858103
-123.035533	121.714257	233.222638
-123.231990	121.497398	233.595036
-123.432595	121.275960	233.975298
-123.637348	121.049944	234.363422
-123.730103	120.947557	234.539244
-123.827005	120.840591	234.722930
-123.928056	120.729046	234.914478
-124.033254	120.612923	235.113890
-124.142601	120.492220	235.321164
-124.256096	120.366939	235.536302
-124.373739	120.237079	235.759303
-124.495530	120.102640	235.990166
-124.621469	119.963622	236.228893
-124.751556	119.820025	236.475483
-124.885792	119.671849	236.729935
-125.024175	119.519095	236.992251
-125.166707	119.361761	237.262430
-125.313386	119.199849	237.540472
-125.464214	119.033358	237.826376
-125.619190	118.862288	238.120144
-125.778314	118.686639	238.421775
-125.941586	118.506411	238.731269
-126.109006	118.321604	239.048626
-126.280575	118.132218	239.373846
-126.456291	117.938254	239.706929
-126.636155	117.739710	240.047875
-126.820168	117.536588	240.396684
-127.008329	117.328887	240.753356
-127.200637	117.116607	241.117891
-127.397094	116.899748	241.490289
-127.597699	116.678310	241.870550
-127.802452	116.452293	242.258674
-127.895207	116.349907	242.434496
-127.992109	116.242941	242.618182
-128.093160	116.131396	242.809730
-128.198358	116.015273	243.009142
-128.307705	115.894570	243.216417
-128.421200	115.769289	243.431554
-128.538843	115.639429	243.654555
-128.660634	115.504990	243.885418
-128.786573	115.365972	244.124145
-128.916660	115.222375	244.370735
-129.050896	115.074199	244.625188
-129.189279	114.921445	244.887503
-129.331811	114.764111	245.157682
-129.478491	114.602199	245.435724
-129.629318	114.435707	245.721629
-129.784294	114.264637	246.015396
-129.943418	114.088988	246.317027
-130.106690	113.908760	246.626521
-130.274110	113.723954	246.943878
-130.445679	113.534568	247.269098
-130.621395	113.340604	247.602181
-130.801259	113.142060	247.943127
-130.985272	112.938938	248.291936
-131.173433	112.731237	248.648608
-131.365742	112.518957	249.013143
-131.562198	112.302098	249.385541
-131.762803	112.080660	249.765802
-131.967556	111.854643	250.153926
-132.060311	111.752256	250.329748
-132.157213	111.645291	250.513434
-132.258264	111.533746	250.704983
-132.363462	111.417622	250.904394
-132.472809	111.296920	251.111669
-132.586304	111.171639	251.326806
-132.703947	111.041778	251.549807
-132.825738	110.907339	251.780671
-132.951677	110.768321	252.019397
-133.081765	110.624725	252.265987
-133.216000	110.476549	252.520440
-133.354383	110.323794	252.782755
-133.496915	110.166461	253.052934
-133.643595	110.004548	253.330976
-133.794422	109.838057	253.616881
-133.949398	109.666987	253.910649
-134.108522	109.491338	254.212279
-134.271794	109.311110	254.521773
-134.439214	109.126303	254.839130
-134.610783	108.936918	255.164350
-134.786499	108.742953	255.497433
-134.966364	108.544410	255.838379
-135.150376	108.341288	256.187188
-135.338537	108.133586	256.543860
-135.530846	107.921306	256.908395
-135.727302	107.704447	257.280793
-135.927907	107.483010	257.661054
-136.132661	107.256993	258.049178
-136.225415	107.154606	258.225001
-136.322317	107.047640	258.408686
-136.423368	106.936096	258.600235
-136.528567	106.819972	258.799646
-136.637913	106.699270	259.006921
-136.751408	106.573988	259.222059
-136.869051	106.444128	259.445059
-136.990842	106.309689	259.675923
-137.116781	106.170671	259.914649
-137.246869	106.027074	260.161239
-137.381104	105.878899	260.415692
-137.519487	105.726144	260.678008
-137.662019	105.568811	260.948186
-137.808699	105.406898	261.226228
-137.959526	105.240407	261.512133
-138.114502	105.069337	261.805901
-138.273626	104.893688	262.107532
-138.436898	104.713460	262.417026
-138.604319	104.528653	262.734382
-138.775887	104.339268	263.059602
-138.951603	104.145303	263.392685
-139.131468	103.946760	263.733631
-139.315480	103.743637	264.082440
-139.503641	103.535936	264.439112
-139.695950	103.323656	264.803647
-139.892407	103.106797	265.176045
-140.093012	102.885359	265.556306
-140.297765	102.659343	265.944430
-140.390519	102.556956	266.120253
-140.487421	102.449990	266.303938
-140.588472	102.338445	266.495487
-140.693671	102.222322	266.694899
-140.803017	102.101619	266.902173
-140.916512	101.976338	267.117311
-141.034155	101.846478	267.340311
-141.155946	101.712039	267.571175
-141.281885	101.573021	267.809902
-141.411973	101.429424	268.056491
-141.546208	101.281248	268.310944
-141.684592	101.128494	268.573260
-141.827123	100.971160	268.843439
-141.973803	100.809248	269.121480
-142.124631	100.642757	269.407385
-142.279606	100.471687	269.701153
-142.438730	100.296038	270.002784
-142.602002	100.115810	270.312278
-142.769423	99.931003	270.629635
-142.940991	99.741617	270.954855
-143.116707	99.547653	271.287937
-143.296572	99.349109	271.628883
-143.480584	99.145987	271.977692
-143.668745	98.938286	272.334364
-143.861054	98.726006	272.698899
-144.057511	98.509147	273.071297
-144.258116	98.287709	273.451558
-144.462869	98.061693	273.839683
-144.555623	97.959306	274.015505
-144.652526	97.852340	274.199191
-144.753576	97.740795	274.390739
-144.858775	97.624672	274.590151
-144.968121	97.503969	274.797425
-145.081616	97.378688	275.012563
-145.199259	97.248828	275.235564
-145.321050	97.114389	275.466427
-145.446990	96.975371	275.705154
-145.577077	96.831774	275.951744
-145.711312	96.683598	276.206196
-145.849696	96.530844	276.468512
-145.992227	96.373510	276.738691
-146.138907	96.211598	277.016733
-146.289735	96.045107	277.302637
-146.444711	95.874036	277.596405
-146.603834	95.698387	277.898036
-146.767107	95.518160	278.207530
-146.934527	95.333353	278.524887
-147.106095	95.143967	278.850107
-147.281811	94.950003	279.183190
-147.461676	94.751459	279.524136
-147.645688	94.548337	279.872945
-147.833849	94.340636	280.229617
-148.026158	94.128356	280.594152
-148.222615	93.911497	280.966550
-148.423220	93.690059	281.346811
-148.627973	93.464042	281.734935
-148.720727	93.361655	281.910757
-148.817630	93.254690	282.094443
-148.918680	93.143145	282.285991
-149.023879	93.027021	282.485403
-149.133226	92.906319	282.692678
-149.246720	92.781038	282.907815
-149.364363	92.651178	283.130816
-149.486154	92.516738	283.361679
-149.612094	92.377720	283.600406
-149.742181	92.234124	283.846996
