-35.435112	236.135070	-2.989879
-35.428543	235.981828	-3.006697
-35.430857	235.824057	-3.024269
-35.442055	235.661758	-3.042599
-35.462138	235.494933	-3.061693
-35.491107	235.323587	-3.081553
-35.528962	235.147720	-3.102185
-35.575705	234.967335	-3.123593
-35.631336	234.782435	-3.145781
-35.695856	234.593021	-3.168754
-35.769266	234.399097	-3.192516
-35.851567	234.200665	-3.217072
-35.942759	233.997726	-3.242426
-36.042844	233.790284	-3.268582
-36.151822	233.578341	-3.295544
-36.269694	233.361899	-3.323317
-36.396461	233.140961	-3.351905
-36.532124	232.915529	-3.381313
-36.676683	232.685605	-3.411543
-36.830139	232.451192	-3.442602
-36.992494	232.212292	-3.474492
-37.163747	231.968908	-3.507218
-37.343901	231.721042	-3.540784
-37.532955	231.468697	-3.575193
-37.730910	231.211874	-3.610451
-37.937768	230.950577	-3.646561
-38.153529	230.684808	-3.683526
-38.378194	230.414569	-3.721351
-38.611764	230.139862	-3.760039
-38.854240	229.860690	-3.799595
-39.105622	229.577056	-3.840022
-39.365912	229.288962	-3.881323
-39.635110	228.996410	-3.923503
-39.913217	228.699403	-3.966564
-40.200235	228.397944	-4.010511
-40.496163	228.092034	-4.055347
-40.801003	227.781676	-4.101076
-41.114756	227.466873	-4.147700
-41.437422	227.147627	-4.195224
-41.769003	226.823940	-4.243650
-42.109500	226.495816	-4.292982
-42.458912	226.163256	-4.343223
-42.817242	225.826264	-4.394376
-42.980133	225.674827	-4.417470
-43.151943	225.518961	-4.441482
-43.332672	225.358667	-4.466411
-43.522320	225.193945	-4.492260
-43.720888	225.024798	-4.519029
-43.928376	224.851225	-4.546720
-44.144785	224.673229	-4.575335
-44.370115	224.490810	-4.604874
-44.604366	224.303970	-4.635339
-44.847539	224.112709	-4.666732
-45.099635	223.917029	-4.699052
-45.360653	223.716931	-4.732303
-45.630594	223.512415	-4.766484
-45.909459	223.303484	-4.801598
-46.197248	223.090137	-4.837644
-46.493961	222.872377	-4.874626
-46.799600	222.650205	-4.912543
-47.114163	222.423621	-4.951397
-47.437653	222.192626	-4.991189
-47.770068	221.957223	-5.031920
-48.111410	221.717411	-5.073592
-48.461679	221.473193	-5.116205
-48.820876	221.224568	-5.159760
-49.189001	220.971539	-5.204259
-49.566054	220.714107	-5.249703
-49.952036	220.452272	-5.296092
-50.346948	220.186036	-5.343428
-50.750789	219.915400	-5.391712
-51.163560	219.640364	-5.440944
-51.349048	219.517454	-5.463017
-51.543468	219.390147	-5.486041
-51.746818	219.258443	-5.510014
-51.959099	219.122342	-5.534939
-52.180312	218.981846	-5.560815
-52.410457	218.836955	-5.587643
-52.649534	218.687669	-5.615423
-52.897543	218.533988	-5.644156
-53.154484	218.375914	-5.673842
-53.420358	218.213447	-5.704482
-53.695165	218.046588	-5.736075
-53.978905	217.875336	-5.768623
-54.271578	217.699692	-5.802125
-54.573184	217.519658	-5.836583
-54.883724	217.335232	-5.871996
-55.203198	217.146417	-5.908364
-55.531606	216.953212	-5.945689
-55.868948	216.755618	-5.983971
-56.215224	216.553636	-6.023209
-56.570436	216.347265	-6.063405
-56.934582	216.136507	-6.104558
-57.307663	215.921362	-6.146670
-57.689680	215.701831	-6.189739
-58.080633	215.477914	-6.233768
-58.480521	215.249611	-6.278756
-58.889345	215.016924	-6.324703
-59.307105	214.779852	-6.371609
-59.733802	214.538396	-6.419476
-59.927619	214.429020	-6.441200
-60.130373	214.315262	-6.463884
-60.342063	214.197120	-6.487529
-60.562691	214.074596	-6.512135
-60.792256	213.947689	-6.537702
-61.030758	213.816401	-6.564230
-61.278197	213.680730	-6.591719
-61.534574	213.540678	-6.620169
-61.799888	213.396244	-6.649581
-62.074140	213.247430	-6.679955
-62.357329	213.094234	-6.711290
-62.649456	212.936658	-6.743588
-62.950521	212.774701	-6.776847
-63.260525	212.608364	-6.811069
-63.579466	212.437647	-6.846253
-63.907345	212.262551	-6.882400
-64.244163	212.083075	-6.919509
-64.589919	211.899219	-6.957581
-64.944614	211.710985	-6.996616
-65.308247	211.518372	-7.036613
-65.680820	211.321380	-7.077574
-66.062330	211.120010	-7.119498
-66.452780	210.914263	-7.162386
-66.852169	210.704137	-7.206237
-67.260497	210.489634	-7.251051
-67.677765	210.270753	-7.296829
-68.103972	210.047496	-7.343571
-68.539118	209.819861	-7.391277
-68.736378	209.716803	-7.412896
-68.942578	209.609369	-7.435479
-69.157718	209.497558	-7.459026
-69.381798	209.381371	-7.483537
-69.614817	209.260808	-7.509013
-69.856776	209.135869	-7.535453
-70.107675	209.006554	-7.562857
-70.367514	208.872863	-7.591226
-70.636293	208.734796	-7.620559
-70.914012	208.592354	-7.650857
-71.200671	208.445536	-7.682119
-71.496270	208.294343	-7.714345
-71.800809	208.138775	-7.747537
-72.114289	207.978832	-7.781693
-72.436708	207.814513	-7.816813
-72.768068	207.645820	-7.852899
-73.108369	207.472752	-7.889949
-73.457610	207.295309	-7.927964
-73.815791	207.113492	-7.966944
-74.182913	206.927300	-8.006889
-74.558975	206.736733	-8.047800
-74.943978	206.541793	-8.089675
-75.337922	206.342478	-8.132515
-75.740807	206.138790	-8.176320
-76.152632	205.930727	-8.221090
-76.573398	205.718291	-8.266826
-77.003105	205.501481	-8.313527
-77.441752	205.280297	-8.361193
-77.640504	205.180139	-8.382788
-77.848196	205.075607	-8.405348
-78.064829	204.966702	-8.428874
-78.290403	204.853424	-8.453364
-78.524918	204.735772	-8.478821
-78.768374	204.613747	-8.505242
-79.020772	204.487349	-8.532630
-79.282110	204.356578	-8.560982
-79.552390	204.221434	-8.590300
-79.831611	204.081917	-8.620584
-80.119773	203.938027	-8.651833
-80.416876	203.789764	-8.684047
-80.722921	203.637128	-8.717228
-81.037906	203.480120	-8.751373
-81.361834	203.318739	-8.786485
-81.694702	203.152984	-8.822562
-82.036512	202.982858	-8.859604
-82.387263	202.808359	-8.897612
-82.746955	202.629487	-8.936586
-83.115589	202.446242	-8.976525
-83.493165	202.258626	-9.017431
-83.879682	202.066637	-9.059301
-84.275140	201.870275	-9.102138
-84.679540	201.669542	-9.145940
-85.092881	201.464436	-9.190708
-85.515164	201.254958	-9.236442
-85.946388	201.041107	-9.283142
-86.386554	200.822885	-9.330807
-86.585967	200.724049	-9.352400
-86.794320	200.620841	-9.374959
-87.011616	200.513261	-9.398484
-87.237853	200.401309	-9.422974
-87.473031	200.284985	-9.448431
-87.717152	200.164290	-9.474853
-87.970214	200.039222	-9.502241
-88.232218	199.909783	-9.530595
-88.503163	199.775971	-9.559915
-88.783051	199.637788	-9.590201
-89.071879	199.495234	-9.621452
-89.369650	199.348307	-9.653669
-89.676363	199.197009	-9.686853
-89.992017	199.041339	-9.721002
-90.316613	198.881297	-9.756117
-90.650151	198.716883	-9.792198
-90.992630	198.548098	-9.829245
-91.344052	198.374942	-9.867258
-91.704415	198.197414	-9.906237
-92.073720	198.015514	-9.946181
-92.451967	197.829242	-9.987092
-92.839156	197.638600	-10.028968
-93.235286	197.443585	-10.071811
-93.640359	197.244199	-10.115619
-94.054373	197.040442	-10.160394
-94.477330	196.832314	-10.206134
-94.909228	196.619813	-10.252840
-95.350068	196.402942	-10.300513
-95.549777	196.304707	-10.322109
-95.758428	196.202102	-10.344671
-95.976020	196.095124	-10.368199
-96.202555	195.983776	-10.392693
-96.438031	195.868056	-10.418153
-96.682450	195.747965	-10.444579
-96.935810	195.623503	-10.471971
-97.198113	195.494669	-10.500329
-97.469357	195.361464	-10.529653
-97.749544	195.223888	-10.559942
-98.038672	195.081941	-10.591198
-98.336742	194.935622	-10.623420
-98.643755	194.784932	-10.656608
-98.959709	194.629871	-10.690762
-99.284606	194.470439	-10.725882
-99.618444	194.306635	-10.761969
-99.961224	194.138461	-10.799021
-100.312947	193.965915	-10.837039
-100.673611	193.788998	-10.876023
-101.043218	193.607710	-10.915973
-101.421766	193.422051	-10.956889
-101.809257	193.232021	-10.998771
-102.205690	193.037619	-11.041620
-102.611064	192.838847	-11.085434
-103.025381	192.635703	-11.130214
-103.448640	192.428189	-11.175961
-103.880841	192.216303	-11.222673
-104.321984	192.000046	-11.270352
-104.521826	191.902085	-11.291950
-104.730611	191.799753	-11.314515
-104.948338	191.693050	-11.338046
-105.175007	191.581976	-11.362543
-105.410618	191.466530	-11.388006
-105.655171	191.346714	-11.414435
-105.908666	191.222527	-11.441830
-106.171104	191.093968	-11.470191
-106.442483	190.961039	-11.499518
-106.722805	190.823739	-11.529811
-107.012068	190.682068	-11.561070
-107.310274	190.536025	-11.593296
-107.617422	190.385612	-11.626487
-107.933512	190.230828	-11.660645
-108.258544	190.071673	-11.695768
-108.592518	189.908147	-11.731858
-108.935434	189.740250	-11.768913
-109.287293	189.567982	-11.806935
-109.648093	189.391343	-11.845923
-110.017836	189.210333	-11.885877
-110.396521	189.024952	-11.926797
-110.784148	188.835200	-11.968683
-111.180717	188.641078	-12.011535
-111.586228	188.442584	-12.055353
-112.000681	188.239720	-12.100137
-112.424077	188.032484	-12.145888
-112.856414	187.820878	-12.192604
-113.297694	187.604901	-12.240286
-113.497597	187.507064	-12.261887
-113.706443	187.404856	-12.284453
-113.924231	187.298277	-12.307986
-114.150960	187.187328	-12.332485
-114.386632	187.072007	-12.357950
-114.631247	186.952316	-12.384380
-114.884803	186.828254	-12.411777
-115.147301	186.699820	-12.440140
-115.418742	186.567016	-12.469470
-115.699125	186.429842	-12.499765
-115.988449	186.288296	-12.531026
-116.286716	186.142379	-12.563253
-116.593926	185.992092	-12.596447
-116.910077	185.837434	-12.630606
-117.235171	185.678404	-12.665732
-117.569206	185.515004	-12.701824
-117.912184	185.347233	-12.738882
-118.264104	185.175092	-12.776905
-118.624966	184.998579	-12.815895
-118.994771	184.817696	-12.855851
-119.373517	184.632441	-12.896773
-119.761206	184.442816	-12.938662
-120.157837	184.248820	-12.981516
-120.563410	184.050454	-13.025336
-120.977925	183.847716	-13.070123
-121.401383	183.640607	-13.115875
-121.833782	183.429128	-13.162594
-122.275124	183.213278	-13.210279
-122.475055	183.115498	-13.231880
-122.683928	183.013346	-13.254448
-122.901743	182.906824	-13.277982
-123.128501	182.795931	-13.302481
-123.364200	182.680667	-13.327947
-123.608842	182.561033	-13.354379
-123.862426	182.437028	-13.381777
-124.124952	182.308651	-13.410141
-124.396420	182.175904	-13.439471
-124.676831	182.038786	-13.469768
-124.966184	181.897298	-13.501030
-125.264478	181.751438	-13.533259
-125.571716	181.601208	-13.566453
-125.887895	181.446607	-13.600614
-126.213016	181.287635	-13.635741
-126.547080	181.124292	-13.671833
-126.890086	180.956579	-13.708892
-127.242034	180.784495	-13.746917
-127.602924	180.608039	-13.785909
-127.972756	180.427214	-13.825866
-128.351531	180.242017	-13.866789
-128.739248	180.052449	-13.908678
-129.135906	179.858511	-13.951534
-129.541508	179.660202	-13.995356
-129.956051	179.457522	-14.040143
-130.379536	179.250471	-14.085897
-130.811964	179.039050	-14.132617
-131.253334	178.823257	-14.180303
-131.453277	178.725503	-14.201905
-131.662163	178.623377	-14.224473
-131.879991	178.516881	-14.248007
-132.106761	178.406013	-14.272507
-132.342473	178.290776	-14.297974
-132.587127	178.171167	-14.324406
-132.840724	178.047187	-14.351805
-133.103263	177.918837	-14.380170
-133.374743	177.786116	-14.409500
-133.655167	177.649024	-14.439797
-133.944532	177.507561	-14.471060
-134.242839	177.361728	-14.503289
-134.550089	177.211523	-14.536484
-134.866281	177.056948	-14.570646
-135.191415	176.898003	-14.605773
-135.525492	176.734686	-14.641867
-135.868510	176.566999	-14.678926
-136.220471	176.394940	-14.716952
-136.581374	176.218511	-14.755943
-136.951219	176.037712	-14.795901
-137.330006	175.852541	-14.836825
-137.717736	175.663000	-14.878715
-138.114407	175.469088	-14.921571
-138.520021	175.270805	-14.965393
-138.934577	175.068151	-15.010182
-139.358076	174.861127	-15.055936
-139.790516	174.649731	-15.102657
-140.231899	174.433965	-15.150343
-140.431848	174.336222	-15.171946
-140.640739	174.234108	-15.194514
-140.858573	174.127624	-15.218048
-141.085348	174.016768	-15.242549
-141.321066	173.901542	-15.268016
-141.565726	173.781945	-15.294449
-141.819328	173.657977	-15.321847
-142.081873	173.529639	-15.350212
-142.353360	173.396930	-15.379543
-142.633788	173.259849	-15.409841
-142.923160	173.118399	-15.441104
-143.221473	172.972577	-15.473333
-143.528728	172.822385	-15.506529
-143.844926	172.667821	-15.540690
-144.170066	172.508887	-15.575818
-144.504148	172.345583	-15.611912
-144.847172	172.177907	-15.648972
-145.199139	172.005861	-15.686997
-145.560047	171.829444	-15.725989
-145.929898	171.648656	-15.765948
-146.308691	171.463497	-15.806872
-146.696427	171.273968	-15.848762
-147.093104	171.080068	-15.891619
-147.498724	170.881797	-15.935441
-147.913286	170.679155	-15.980230
-148.336790	170.472142	-16.025984
-148.769236	170.260759	-16.072705
-149.210625	170.045005	-16.120392
-149.410576	169.947267	-16.141995
-149.619470	169.845159	-16.164563
-149.837306	169.738680	-16.188098
-150.064085	169.627829	-16.212598
-150.299805	169.512609	-16.238065
-150.544468	169.393017	-16.264498
-150.798073	169.269055	-16.291897
-151.060620	169.140721	-16.320262
-151.332109	169.008017	-16.349594
-151.612540	168.870943	-16.379891
-151.901914	168.729497	-16.411154
-152.200230	168.583681	-16.443384
-152.507488	168.433494	-16.476579
-152.823688	168.278936	-16.510741
-153.148831	168.120008	-16.545869
-153.482916	167.956708	-16.581963
-153.825943	167.789038	-16.619023
-154.177912	167.616997	-16.657049
-154.538823	167.440586	-16.696041
-154.908677	167.259803	-16.735999
-155.287472	167.074650	-16.776924
-155.675210	166.885126	-16.818814
-156.071890	166.691231	-16.861671
-156.477513	166.492966	-16.905493
-156.892077	166.290329	-16.950282
-157.315584	166.083322	-16.996037
-157.748033	165.871945	-17.042758
-158.189424	165.656196	-17.090445
-158.389377	165.558461	-17.112048
-158.598272	165.456355	-17.134616
-158.816109	165.349878	-17.158151
-159.042889	165.239030	-17.182652
-159.278610	165.123812	-17.208119
-159.523274	165.004222	-17.234552
-159.776880	164.880262	-17.261951
-160.039429	164.751932	-17.290316
-160.310919	164.619230	-17.319647
-160.591352	164.482158	-17.349945
-160.880727	164.340715	-17.381208
-161.179044	164.194901	-17.413438
-161.486303	164.044717	-17.446633
-161.802504	163.890161	-17.480795
-162.127648	163.731235	-17.515923
-162.461734	163.567938	-17.552017
-162.804762	163.400271	-17.589077
-163.156732	163.228232	-17.627103
-163.517645	163.051823	-17.666095
-163.887500	162.871043	-17.706054
-164.266297	162.685892	-17.746978
-164.654036	162.496371	-17.788869
-165.050717	162.302478	-17.831725
-165.456341	162.104215	-17.875548
-165.870906	161.901582	-17.920337
-166.294414	161.694577	-17.966092
-166.726865	161.483202	-18.012813
-167.168257	161.267456	-18.060500
-167.368210	161.169721	-18.082103
-167.577106	161.067616	-18.104671
-167.794944	160.961141	-18.128206
-168.021724	160.850294	-18.152707
-168.257446	160.735077	-18.178174
-168.502110	160.615489	-18.204607
-168.755717	160.491530	-18.232006
-169.018266	160.363200	-18.260371
-169.289757	160.230500	-18.289703
-169.570190	160.093429	-18.320000
-169.859565	159.951987	-18.351264
-170.157883	159.806174	-18.383493
-170.465143	159.655991	-18.416689
-170.781345	159.501436	-18.450851
-171.106489	159.342511	-18.485979
-171.440575	159.179216	-18.522073
-171.783604	159.011549	-18.559133
-172.135575	158.839512	-18.597159
-172.496488	158.663104	-18.636151
-172.866343	158.482325	-18.676110
-173.245141	158.297175	-18.717034
-173.632881	158.107655	-18.758925
-174.029562	157.913764	-18.801781
-174.435187	157.715502	-18.845604
-174.849753	157.512869	-18.890393
-175.273261	157.305866	-18.936148
-175.705712	157.094492	-18.982869
-176.147105	156.878747	-19.030556
-176.347059	156.781013	-19.052159
-176.555954	156.678909	-19.074727
-176.773792	156.572433	-19.098262
-177.000573	156.461587	-19.122763
-177.236295	156.346370	-19.148230
-177.480960	156.226783	-19.174663
-177.734567	156.102825	-19.202062
-177.997116	155.974495	-19.230427
-178.268607	155.841796	-19.259759
-178.549040	155.704725	-19.290056
-178.838416	155.563283	-19.321320
-179.136734	155.417471	-19.353549
-179.443994	155.267288	-19.386745
-179.760196	155.112735	-19.420907
-180.085341	154.953810	-19.456035
-180.419427	154.790515	-19.492129
-180.762456	154.622849	-19.529189
-181.114428	154.450812	-19.567215
-181.475341	154.274405	-19.606208
-181.845196	154.093626	-19.646166
-182.223994	153.908477	-19.687090
-182.611734	153.718957	-19.728981
-183.008416	153.525067	-19.771838
-183.414041	153.326805	-19.815661
-183.828607	153.124173	-19.860449
-184.252116	152.917170	-19.906204
-184.684567	152.705797	-19.952925
-185.125960	152.490052	-20.000613
-185.325914	152.392319	-20.022215
-185.534810	152.290214	-20.044784
-185.752648	152.183739	-20.068319
-185.979428	152.072894	-20.092820
-186.215151	151.957677	-20.118287
-186.459815	151.838090	-20.144720
-186.713422	151.714132	-20.172119
-186.975972	151.585803	-20.200484
-187.247463	151.453103	-20.229815
-187.527897	151.316033	-20.260113
-187.817272	151.174591	-20.291376
-188.115590	151.028780	-20.323606
-188.422850	150.878597	-20.356802
-188.739053	150.724043	-20.390964
-189.064197	150.565119	-20.426091
-189.398284	150.401824	-20.462186
-189.741313	150.234158	-20.499246
-190.093285	150.062122	-20.537272
-190.454198	149.885714	-20.576264
-190.824054	149.704936	-20.616223
-191.202851	149.519788	-20.657147
-191.590592	149.330268	-20.699038
-191.987274	149.136378	-20.741894
-192.392898	148.938116	-20.785717
-192.807465	148.735485	-20.830506
-193.230974	148.528482	-20.876261
-193.663425	148.317108	-20.922982
-194.104818	148.101364	-20.970669
-194.304772	148.003631	-20.992272
-194.513668	147.901527	-21.014841
-194.731506	147.795052	-21.038375
-194.958287	147.684206	-21.062876
-195.194009	147.568990	-21.088343
-195.438674	147.449402	-21.114776
-195.692281	147.325444	-21.142175
-195.954830	147.197116	-21.170541
-196.226322	147.064416	-21.199872
-196.506755	146.927346	-21.230170
-196.796131	146.785905	-21.261433
-197.094449	146.640093	-21.293663
-197.401709	146.489910	-21.326858
-197.717912	146.335357	-21.361020
-198.043056	146.176433	-21.396148
-198.377143	146.013138	-21.432242
-198.720172	145.845472	-21.469302
-199.072144	145.673436	-21.507329
-199.433057	145.497028	-21.546321
-199.802913	145.316250	-21.586279
-200.181711	145.131102	-21.627204
-200.569451	144.941582	-21.669095
-200.966133	144.747692	-21.711951
-201.371758	144.549431	-21.755774
-201.786324	144.346799	-21.800563
-202.209833	144.139797	-21.846318
-202.642284	143.928423	-21.893039
-203.083678	143.712679	-21.940726
-203.283632	143.614946	-21.962329
-203.492528	143.512842	-21.984897
-203.710366	143.406367	-22.008432
-203.937146	143.295521	-22.032933
-204.172869	143.180305	-22.058400
-204.417534	143.060718	-22.084833
-204.671141	142.936760	-22.112232
-204.933690	142.808431	-22.140598
-205.205181	142.675731	-22.169929
-205.485615	142.538661	-22.200226
-205.774991	142.397220	-22.231490
-206.073309	142.251408	-22.263720
-206.380569	142.101226	-22.296915
-206.696772	141.946672	-22.331077
-207.021916	141.787748	-22.366205
-207.356003	141.624454	-22.402299
-207.699032	141.456788	-22.439359
-208.051004	141.284751	-22.477386
-208.411917	141.108344	-22.516378
-208.781773	140.927566	-22.556336
-209.160571	140.742418	-22.597261
-209.548311	140.552898	-22.639151
-209.944993	140.359008	-22.682008
-210.350618	140.160747	-22.725831
-210.765185	139.958115	-22.770620
-211.188694	139.751113	-22.816375
-211.621145	139.539740	-22.863096
-212.062538	139.323995	-22.910783
-212.262492	139.226262	-22.932386
-212.471388	139.124158	-22.954954
-212.689226	139.017683	-22.978489
-212.916007	138.906838	-23.002990
-213.151729	138.791621	-23.028457
-213.396394	138.672034	-23.054890
-213.650001	138.548076	-23.082289
-213.912550	138.419747	-23.110654
-214.184042	138.287048	-23.139986
-214.464475	138.149978	-23.170283
-214.753851	138.008537	-23.201547
-215.052169	137.862725	-23.233776
-215.359430	137.712542	-23.266972
-215.675632	137.557989	-23.301134
-216.000777	137.399065	-23.336262
-216.334864	137.235770	-23.372356
-216.677893	137.068105	-23.409416
-217.029864	136.896068	-23.447442
-217.390778	136.719661	-23.486435
-217.760633	136.538883	-23.526393
-218.139431	136.353735	-23.567318
-218.527172	136.164215	-23.609208
-218.923854	135.970325	-23.652065
-219.329478	135.772064	-23.695888
-219.744045	135.569432	-23.740677
-220.167554	135.362430	-23.786432
-220.600005	135.151056	-23.833153
-221.041399	134.935312	-23.880840
-221.241353	134.837579	-23.902443
-221.450249	134.735475	-23.925011
-221.668087	134.629000	-23.948546
-221.894867	134.518155	-23.973047
-222.130590	134.402938	-23.998514
-222.375255	134.283351	-24.024947
-222.628862	134.159393	-24.052346
-222.891411	134.031064	-24.080711
-223.162902	133.898365	-24.110043
-223.443336	133.761295	-24.140340
-223.732712	133.619854	-24.171604
-224.031030	133.474042	-24.203833
-224.338290	133.323859	-24.237029
-224.654493	133.169306	-24.271191
-224.979638	133.010382	-24.306319
-225.313724	132.847087	-24.342413
-225.656754	132.679422	-24.379473
-226.008725	132.507385	-24.417499
-226.369638	132.330978	-24.456492
-226.739494	132.150200	-24.496450
-227.118292	131.965052	-24.537375
-227.506032	131.775532	-24.579265
-227.902715	131.581642	-24.622122
-228.308339	131.383381	-24.665945
-228.722906	131.180749	-24.710734
-229.146415	130.973747	-24.756489
-229.578866	130.762374	-24.803210
-230.020259	130.546630	-24.850897
-230.220213	130.448896	-24.872500
-230.429109	130.346792	-24.895068
-230.646948	130.240317	-24.918603
-230.873728	130.129472	-24.943104
-231.109451	130.014255	-24.968571
-231.354115	129.894668	-24.995004
-231.607723	129.770710	-25.022403
-231.870272	129.642382	-25.050768
-232.141763	129.509682	-25.080100
-232.422197	129.372612	-25.110397
-232.711573	129.231171	-25.141661
-233.009891	129.085359	-25.173890
-233.317151	128.935177	-25.207086
-233.633354	128.780624	-25.241248
-233.958498	128.621699	-25.276376
-234.292585	128.458405	-25.312470
-234.635614	128.290739	-25.349530
-234.987586	128.118703	-25.387556
-235.348499	127.942296	-25.426549
-235.718355	127.761518	-25.466507
-236.097153	127.576369	-25.507432
-236.484893	127.386850	-25.549322
-236.881575	127.192959	-25.592179
-237.287200	126.994699	-25.636002
-237.701767	126.792067	-25.680791
-238.125276	126.585064	-25.726546
-238.557727	126.373691	-25.773267
-238.999120	126.157947	-25.820954
-239.199074	126.060214	-25.842556
-239.407970	125.958110	-25.865125
-239.625808	125.851635	-25.888660
-239.852589	125.740789	-25.913161
-240.088311	125.625573	-25.938628
-240.332976	125.505986	-25.965061
-240.586583	125.382028	-25.992460
-240.849133	125.253699	-26.020825
-241.120624	125.121000	-26.050157
-241.401058	124.983929	-26.080454
-241.690434	124.842488	-26.111718
-241.988752	124.696677	-26.143947
-242.296012	124.546494	-26.177143
-242.612214	124.391941	-26.211305
-242.937359	124.233017	-26.246433
-243.271446	124.069722	-26.282527
-243.614475	123.902056	-26.319587
-243.966447	123.730020	-26.357613
-244.327360	123.553613	-26.396605
-244.697216	123.372835	-26.436564
-245.076014	123.187686	-26.477488
-245.463754	122.998167	-26.519379
-245.860436	122.804277	-26.562236
-246.266061	122.606016	-26.606059
-246.680628	122.403384	-26.650847
-247.104137	122.196382	-26.696602
-247.536588	121.985009	-26.743324
-247.977981	121.769265	-26.791011
-248.177935	121.671531	-26.812613
-248.386831	121.569427	-26.835182
-248.604669	121.462952	-26.858717
-248.831450	121.352107	-26.883218
-249.067172	121.236890	-26.908685
-249.311837	121.117303	-26.935118
-249.565444	120.993345	-26.962517
-249.827993	120.865017	-26.990882
-250.099485	120.732317	-27.020214
-250.379919	120.595247	-27.050511
-250.669294	120.453806	-27.081775
-250.967613	120.307994	-27.114004
-251.274873	120.157812	-27.147200
-251.591075	120.003258	-27.181362
-251.916220	119.844334	-27.216490
-252.250307	119.681040	-27.252584
-252.593336	119.513374	-27.289644
-252.945307	119.341338	-27.327670
-253.306221	119.164930	-27.366662
-253.676077	118.984153	-27.406621
-254.054875	118.799004	-27.447545
-254.442615	118.609485	-27.489436
-254.839297	118.415594	-27.532293
-255.244922	118.217333	-27.576115
-255.659488	118.014702	-27.620904
-256.082997	117.807699	-27.666659
-256.515449	117.596326	-27.713381
-256.956842	117.380582	-27.761068
-257.156796	117.282849	-27.782670
-257.365692	117.180745	-27.805239
-257.583530	117.074270	-27.828774
-257.810310	116.963424	-27.853275
-258.046033	116.848208	-27.878742
-258.290698	116.728621	-27.905175
-258.544305	116.604663	-27.932574
-258.806854	116.476334	-27.960939
-259.078346	116.343635	-27.990270
-259.358779	116.206564	-28.020568
-259.648155	116.065123	-28.051831
-259.946473	115.919312	-28.084061
-260.253734	115.769129	-28.117257
-260.569936	115.614576	-28.151419
-260.895081	115.455652	-28.186547
-261.229168	115.292357	-28.222641
-261.572197	115.124691	-28.259701
-261.924168	114.952655	-28.297727
-262.285082	114.776248	-28.336719
-262.654937	114.595470	-28.376678
-263.033735	114.410321	-28.417602
-263.421476	114.220802	-28.459493
-263.818158	114.026912	-28.502350
-264.223783	113.828651	-28.546172
-264.638349	113.626019	-28.590961
-265.061858	113.419017	-28.636716
-265.494309	113.207643	-28.683437
-265.935703	112.991899	-28.731125
-266.135657	112.894166	-28.752727
-266.344553	112.792062	-28.775296
-266.562391	112.685587	-28.798831
-266.789171	112.574742	-28.823332
-267.024894	112.459525	-28.848799
-267.269559	112.339938	-28.875232
-267.523166	112.215980	-28.902631
-267.785715	112.087651	-28.930996
-268.057207	111.954952	-28.960327
-268.337640	111.817882	-28.990625
-268.627016	111.676441	-29.021888
-268.925334	111.530629	-29.054118
-269.232595	111.380447	-29.087314
-269.548797	111.225893	-29.121476
-269.873942	111.066969	-29.156604
-270.208029	110.903674	-29.192698
-270.551058	110.736009	-29.229758
-270.903029	110.563973	-29.267784
-271.263943	110.387565	-29.306776
-271.633798	110.206788	-29.346735
-272.012596	110.021639	-29.387659
-272.400336	109.832120	-29.429550
-272.797019	109.638229	-29.472407
-273.202643	109.439968	-29.516229
-273.617210	109.237337	-29.561018
-274.040719	109.030334	-29.606773
-274.473170	108.818961	-29.653494
-274.914564	108.603217	-29.701182
-275.114518	108.505484	-29.722784
-275.323414	108.403380	-29.745353
-275.541252	108.296905	-29.768888
-275.768032	108.186059	-29.793388
-276.003755	108.070843	-29.818855
-276.248420	107.951256	-29.845289
-276.502027	107.827298	-29.872688
-276.764576	107.698969	-29.901053
-277.036067	107.566270	-29.930384
-277.316501	107.429199	-29.960682
-277.605877	107.287758	-29.991945
-277.904195	107.141947	-30.024175
-278.211455	106.991764	-30.057371
-278.527658	106.837211	-30.091533
-278.852803	106.678287	-30.126660
-279.186889	106.514992	-30.162755
-279.529919	106.347326	-30.199815
-279.881890	106.175290	-30.237841
-280.242803	105.998883	-30.276833
-280.612659	105.818105	-30.316792
-280.991457	105.632956	-30.357716
-281.379197	105.443437	-30.399607
-281.775880	105.249547	-30.442463
-282.181504	105.051286	-30.486286
-282.596071	104.848654	-30.531075
-283.019580	104.641652	-30.576830
-283.452031	104.430278	-30.623551
-283.893425	104.214534	-30.671238
-284.093378	104.116801	-30.692841
-284.302274	104.014697	-30.715410
-284.520113	103.908222	-30.738945
-284.746893	103.797377	-30.763445
-284.982616	103.682160	-30.788912
-285.227281	103.562573	-30.815345
-285.480888	103.438615	-30.842745
-285.743437	103.310286	-30.871110
-286.014928	103.177587	-30.900441
-286.295362	103.040517	-30.930739
-286.584738	102.899076	-30.962002
-286.883056	102.753264	-30.994232
-287.190316	102.603082	-31.027428
-287.506519	102.448528	-31.061589
-287.831663	102.289604	-31.096717
-288.165750	102.126309	-31.132811
-288.508779	101.958644	-31.169872
-288.860751	101.786608	-31.207898
-289.221664	101.610200	-31.246890
-289.591520	101.429423	-31.286849
-289.970318	101.244274	-31.327773
-290.358058	101.054754	-31.369664
-290.754741	100.860864	-31.412520
-291.160365	100.662603	-31.456343
-291.574932	100.459972	-31.501132
-291.998441	100.252969	-31.546887
-292.430892	100.041596	-31.593608
-292.872285	99.825852	-31.641295
-293.072239	99.728119	-31.662898
-293.281135	99.626015	-31.685467
-293.498973	99.519540	-31.709001
-293.725754	99.408694	-31.733502
-293.961477	99.293478	-31.758969
-294.206141	99.173891	-31.785402
-294.459748	99.049933	-31.812802
-294.722298	98.921604	-31.841167
-294.993789	98.788905	-31.870498
-295.274223	98.651834	-31.900796
-295.563599	98.510393	-31.932059
-295.861917	98.364582	-31.964289
-296.169177	98.214399	-31.997485
-296.485380	98.059846	-32.031646
-296.810524	97.900922	-32.066774
-297.144611	97.737627	-32.102868
-297.487640	97.569961	-32.139928
-297.839612	97.397925	-32.177955
-298.200525	97.221518	-32.216947
-298.570381	97.040740	-32.256905
-298.949179	96.855591	-32.297830
-299.336919	96.666072	-32.339721
-299.733601	96.472182	-32.382577
-300.139226	96.273921	-32.426400
-300.553793	96.071289	-32.471189
-300.977302	95.864287	-32.516944
-301.409753	95.652913	-32.563665
-301.851146	95.437169	-32.611352
-302.051100	95.339436	-32.632955
-302.259996	95.237332	-32.655524
-302.477834	95.130857	-32.679058
-302.704615	95.020012	-32.703559
-302.940337	94.904795	-32.729026
-303.185002	94.785208	-32.755459
-303.438609	94.661250	-32.782858
-303.701159	94.532921	-32.811224
-303.972650	94.400222	-32.840555
-304.253084	94.263152	-32.870853
-304.542460	94.121711	-32.902116
-304.840778	93.975899	-32.934346
-305.148038	93.825717	-32.967541
-305.464240	93.671163	-33.001703
-305.789385	93.512239	-33.036831
-306.123472	93.348944	-33.072925
-306.466501	93.181279	-33.109985
-306.818473	93.009243	-33.148012
-307.179386	92.832835	-33.187004
-307.549242	92.652058	-33.226962
-307.928040	92.466909	-33.267887
-308.315780	92.277389	-33.309778
-308.712462	92.083499	-33.352634
-309.118087	91.885238	-33.396457
-309.532654	91.682607	-33.441246
-309.956163	91.475604	-33.487001
-310.388614	91.264231	-33.533722
-310.830007	91.048487	-33.581409
-311.029961	90.950754	-33.603012
-311.238857	90.848650	-33.625581
-311.456695	90.742175	-33.649115
-311.683476	90.631329	-33.673616
-311.919198	90.516113	-33.699083
-312.163863	90.396526	-33.725516
-312.417470	90.272568	-33.752915
-312.680019	90.144239	-33.781281
-312.951511	90.011539	-33.810612
-313.231945	89.874469	-33.840909
-313.521320	89.733028	-33.872173
-313.819639	89.587217	-33.904403
-314.126899	89.437034	-33.937598
-314.443101	89.282481	-33.971760
-314.768246	89.123557	-34.006888
-315.102333	88.960262	-34.042982
