-22.505085	225.660198	-30.894160
-22.474576	225.569407	-30.877161
-22.449355	225.474227	-30.867426
-22.429419	225.374660	-30.864959
-22.414766	225.270708	-30.869762
-22.405394	225.162372	-30.881838
-22.401301	225.049653	-30.901190
-22.402484	224.932554	-30.927820
-22.408941	224.811076	-30.961730
-22.420669	224.685221	-31.002924
-22.437667	224.554990	-31.051405
-22.459931	224.420386	-31.107174
-22.487461	224.281409	-31.170235
-22.520252	224.138062	-31.240590
-22.558304	223.990346	-31.318242
-22.601614	223.838263	-31.403194
-22.650179	223.681814	-31.495448
-22.703997	223.521002	-31.595007
-22.763066	223.355827	-31.701873
-22.827385	223.186292	-31.816049
-22.896950	223.012399	-31.937537
-22.971759	222.834148	-32.066341
-23.051811	222.651542	-32.202463
-23.137103	222.464582	-32.345905
-23.227633	222.273270	-32.496669
-23.323398	222.077608	-32.654759
-23.424398	221.877597	-32.820177
-23.530629	221.673239	-32.992925
-23.642090	221.464537	-33.173006
-23.758779	221.251490	-33.360422
-23.880694	221.034102	-33.555175
-24.007832	220.812373	-33.757269
-24.140192	220.586307	-33.966705
-24.277772	220.355903	-34.183486
-24.420570	220.121165	-34.407613
-24.568584	219.882093	-34.639090
-24.721813	219.638690	-34.877919
-24.880254	219.390956	-35.124102
-25.043906	219.138895	-35.377641
-25.212767	218.882507	-35.638539
-25.386836	218.621795	-35.906797
-25.566110	218.356759	-36.182419
-25.750589	218.087403	-36.465405
-25.940269	217.813726	-36.755759
-26.135151	217.535732	-37.053481
-26.335232	217.253422	-37.358576
-26.540511	216.966798	-37.671044
-26.750987	216.675861	-37.990887
-26.966657	216.380614	-38.318109
-27.065337	216.246774	-38.467605
-27.169210	216.108627	-38.624483
-27.278275	215.966172	-38.788742
-27.392532	215.819410	-38.960383
-27.511980	215.668342	-39.139407
-27.636618	215.512970	-39.325816
-27.766446	215.353293	-39.519609
-27.901464	215.189312	-39.720789
-28.041670	215.021029	-39.929355
-28.187064	214.848444	-40.145309
-28.337646	214.671557	-40.368651
-28.493415	214.490370	-40.599382
-28.654371	214.304884	-40.837504
-28.820513	214.115099	-41.083016
-28.991840	213.921016	-41.335920
-29.168352	213.722636	-41.596217
-29.350048	213.519959	-41.863907
-29.536928	213.312987	-42.138992
-29.728992	213.101720	-42.421471
-29.926239	212.886159	-42.711346
-30.128669	212.666304	-43.008618
-30.336280	212.442158	-43.313288
-30.549073	212.213720	-43.625355
-30.767048	211.980991	-43.944822
-30.990203	211.743972	-44.271688
-31.218538	211.502664	-44.605954
-31.452053	211.257068	-44.947622
-31.690748	211.007184	-45.296692
-31.799562	210.893776	-45.455746
-31.913555	210.776082	-45.622203
-32.032727	210.654102	-45.796064
-32.157077	210.527836	-45.977328
-32.286606	210.397285	-46.165997
-32.421313	210.262449	-46.362069
-32.561198	210.123328	-46.565547
-32.706261	209.979924	-46.776429
-32.856502	209.832236	-46.994717
-33.011921	209.680264	-47.220410
-33.172517	209.524009	-47.453510
-33.338291	209.363472	-47.694016
-33.509242	209.198652	-47.941928
-33.685370	209.029550	-48.197247
-33.866675	208.856167	-48.459974
-34.053157	208.678503	-48.730108
-34.244816	208.496558	-49.007650
-34.441651	208.310332	-49.292600
-34.643663	208.119827	-49.584959
-34.850851	207.925041	-49.884726
-35.063215	207.725977	-50.191903
-35.280755	207.522633	-50.506488
-35.503471	207.315011	-50.828484
-35.731363	207.103110	-51.157889
-35.964431	206.886932	-51.494705
-36.202674	206.666477	-51.838932
-36.446093	206.441744	-52.190569
-36.694687	206.212735	-52.549617
-36.807476	206.109050	-52.712492
-36.925440	206.001089	-52.882778
-37.048580	205.888852	-53.060476
-37.176894	205.772339	-53.245585
-37.310384	205.651551	-53.438107
-37.449049	205.526487	-53.638041
-37.592889	205.397148	-53.845387
-37.741904	205.263534	-54.060145
-37.896094	205.125645	-54.282316
-38.055459	204.983481	-54.511899
-38.219998	204.837043	-54.748895
-38.389713	204.686330	-54.993303
-38.564602	204.531343	-55.245125
-38.744666	204.372082	-55.504360
-38.929905	204.208546	-55.771008
-39.120319	204.040737	-56.045069
-39.315908	203.868655	-56.326544
-39.516671	203.692299	-56.615432
-39.722608	203.511670	-56.911734
-39.933721	203.326768	-57.215450
-40.150007	203.137593	-57.526580
-40.371469	202.944145	-57.845124
-40.598105	202.746425	-58.171082
-40.829915	202.544432	-58.504454
-41.066900	202.338167	-58.845240
-41.309059	202.127630	-59.193441
-41.556393	201.912822	-59.549057
-41.808901	201.693741	-59.912088
-41.923338	201.594550	-60.076603
-42.042950	201.491088	-60.248533
-42.167736	201.383354	-60.427879
-42.297696	201.271350	-60.614639
-42.432831	201.155074	-60.808814
-42.573140	201.034526	-61.010405
-42.718623	200.909708	-61.219410
-42.869280	200.780619	-61.435831
-43.025112	200.647259	-61.659667
-43.186118	200.509628	-61.890919
-43.352299	200.367727	-62.129586
-43.523654	200.221555	-62.375668
-43.700183	200.071112	-62.629166
-43.881886	199.916399	-62.890079
-44.068763	199.757416	-63.158408
-44.260815	199.594162	-63.434152
-44.458041	199.426638	-63.717312
-44.660442	199.254844	-64.007888
-44.868016	199.078780	-64.305880
-45.080765	198.898446	-64.611288
-45.298688	198.713842	-64.924111
-45.521785	198.524968	-65.244350
-45.750056	198.331824	-65.572006
-45.983502	198.134411	-65.907077
-46.222122	197.932728	-66.249564
-46.465916	197.726776	-66.599468
-46.714884	197.516554	-66.956788
-46.969027	197.302063	-67.321524
-47.084171	197.204927	-67.486770
-47.204489	197.103522	-67.659433
-47.329982	196.997847	-67.839512
-47.460649	196.887904	-68.027008
-47.596490	196.773691	-68.221919
-47.737505	196.655209	-68.424248
-47.883694	196.532459	-68.633992
-48.035058	196.405439	-68.851153
-48.191596	196.274150	-69.075731
-48.353308	196.138593	-69.307725
-48.520194	195.998766	-69.547135
-48.692254	195.854671	-69.793962
-48.869489	195.706306	-70.048205
-49.051898	195.553673	-70.309865
-49.239481	195.396772	-70.578942
-49.432238	195.235601	-70.855435
-49.630169	195.070162	-71.139345
-49.833275	194.900454	-71.430671
-50.041554	194.726478	-71.729415
-50.255008	194.548233	-72.035574
-50.473636	194.365720	-72.349151
-50.697439	194.178938	-72.670144
-50.926415	193.987888	-72.998554
-51.160566	193.792569	-73.334381
-51.399891	193.592982	-73.677624
-51.644390	193.389126	-74.028284
-51.894063	193.181003	-74.386361
-52.148911	192.968611	-74.751855
-52.264364	192.872410	-74.917433
-52.384992	192.771942	-75.090428
-52.510794	192.667205	-75.270839
-52.641770	192.558200	-75.458668
-52.777920	192.444927	-75.653913
-52.919245	192.327386	-75.856575
-53.065743	192.205577	-76.066655
-53.217416	192.079500	-76.284151
-53.374263	191.949154	-76.509064
-53.536285	191.814541	-76.741394
-53.703480	191.675659	-76.981141
-53.875850	191.532510	-77.228305
-54.053394	191.385092	-77.482886
-54.236112	191.233406	-77.744884
-54.424004	191.077453	-78.014299
-54.617071	190.917231	-78.291130
-54.815312	190.752742	-78.575379
-55.018727	190.583984	-78.867045
-55.227316	190.410959	-79.166128
-55.441080	190.233666	-79.472628
-55.660017	190.052105	-79.786545
-55.884129	189.866276	-80.107879
-56.113416	189.676179	-80.436631
-56.347876	189.481814	-80.772799
-56.587511	189.283182	-81.116384
-56.832319	189.080282	-81.467387
-57.082303	188.873114	-81.825806
-57.337460	188.661678	-82.191643
-57.453050	188.565903	-82.357372
-57.573815	188.465861	-82.530518
-57.699753	188.361550	-82.711081
-57.830866	188.252972	-82.899061
-57.967153	188.140127	-83.094459
-58.108615	188.023013	-83.297274
-58.255250	187.901632	-83.507505
-58.407060	187.775983	-83.725154
-58.564044	187.646067	-83.950220
-58.726203	187.511883	-84.182704
-58.893535	187.373431	-84.422604
-59.066042	187.230712	-84.669922
-59.243723	187.083725	-84.924656
-59.426579	186.932470	-85.186808
-59.614608	186.776947	-85.456377
-59.807812	186.617158	-85.733364
-60.006190	186.453100	-86.017767
-60.209742	186.284775	-86.309588
-60.418469	186.112182	-86.608826
-60.632370	185.935322	-86.915481
-60.851445	185.754194	-87.229553
-61.075694	185.568798	-87.551042
-61.305118	185.379135	-87.879949
-61.539716	185.185205	-88.216273
-61.779488	184.987006	-88.560014
-62.024434	184.784541	-88.911172
-62.274555	184.577807	-89.269748
-62.529849	184.366807	-89.635740
-62.645501	184.271225	-89.801539
-62.766326	184.171376	-89.974754
-62.892326	184.067260	-90.155386
-63.023499	183.958876	-90.343436
-63.159848	183.846224	-90.538903
-63.301370	183.729305	-90.741788
-63.448067	183.608119	-90.952089
-63.599938	183.482665	-91.169808
-63.756983	183.352943	-91.394944
-63.919202	183.218954	-91.627497
-64.086596	183.080698	-91.867468
-64.259164	182.938174	-92.114855
-64.436906	182.791383	-92.369660
-64.619823	182.640324	-92.631883
-64.807914	182.484998	-92.901522
-65.001179	182.325404	-93.178579
-65.199618	182.161543	-93.463053
-65.403231	181.993414	-93.754945
-65.612019	181.821018	-94.054253
-65.825981	181.644354	-94.360979
-66.045118	181.463424	-94.675122
-66.269428	181.278225	-94.996683
-66.498913	181.088759	-95.325660
-66.733573	180.895026	-95.662055
-66.973406	180.697025	-96.005867
-67.218414	180.494757	-96.357097
-67.468596	180.288222	-96.715744
-67.723952	180.077419	-97.081808
-67.839630	179.981925	-97.247638
-67.960483	179.882164	-97.420885
-68.086510	179.778136	-97.601549
-68.217711	179.669840	-97.789630
-68.354087	179.557277	-97.985129
-68.495636	179.440446	-98.188045
-68.642360	179.319348	-98.398379
-68.794259	179.193983	-98.616130
-68.951331	179.064350	-98.841298
-69.113578	178.930450	-99.073883
-69.280999	178.792282	-99.313886
-69.453594	178.649847	-99.561306
-69.631364	178.503145	-99.816143
-69.814308	178.352175	-100.078397
-70.002426	178.196938	-100.348069
-70.195719	178.037433	-100.625158
-70.394186	177.873662	-100.909664
-70.597827	177.705622	-101.201588
-70.806642	177.533316	-101.500929
-71.020631	177.356742	-101.807687
-71.239795	177.175900	-102.121863
-71.464134	176.990791	-102.443456
-71.693646	176.801415	-102.772466
-71.928333	176.607772	-103.108893
-72.168194	176.409861	-103.452738
-72.413229	176.207682	-103.804000
-72.663438	176.001237	-104.162680
-72.918822	175.790524	-104.528776
-73.034513	175.695070	-104.694621
-73.155378	175.595349	-104.867882
-73.281417	175.491361	-105.048561
-73.412630	175.383105	-105.236657
-73.549018	175.270582	-105.432170
-73.690580	175.153792	-105.635101
-73.837316	175.032734	-105.845449
-73.989227	174.907409	-106.063215
-74.146312	174.777816	-106.288397
-74.308571	174.643957	-106.520997
-74.476004	174.505829	-106.761015
-74.648612	174.363435	-107.008449
-74.826394	174.216773	-107.263301
-75.009350	174.065844	-107.525570
-75.197481	173.910647	-107.795257
-75.390785	173.751183	-108.072361
-75.589265	173.587452	-108.356882
-75.792918	173.419453	-108.648820
-76.001746	173.247187	-108.948176
-76.215748	173.070654	-109.254949
-76.434924	172.889853	-109.569140
-76.659274	172.704785	-109.890747
-76.888799	172.515450	-110.219772
-77.123498	172.321847	-110.556215
-77.363372	172.123977	-110.900074
-77.608419	171.921840	-111.251351
-77.858641	171.715435	-111.610046
-78.114037	171.504763	-111.976157
-78.229733	171.409328	-112.142008
-78.350604	171.309625	-112.315276
-78.476648	171.205655	-112.495962
-78.607867	171.097417	-112.684064
-78.744261	170.984913	-112.879585
-78.885828	170.868141	-113.082522
-79.032570	170.747101	-113.292877
-79.184486	170.621794	-113.510649
-79.341576	170.492220	-113.735838
-79.503841	170.358379	-113.968445
-79.671280	170.220270	-114.208469
-79.843893	170.077894	-114.455910
-80.021681	169.931250	-114.710769
-80.204643	169.780340	-114.973045
-80.392779	169.625161	-115.242738
-80.586089	169.465716	-115.519849
-80.784574	169.302003	-115.804377
-80.988233	169.134023	-116.096322
-81.197066	168.961776	-116.395684
-81.411073	168.785261	-116.702464
-81.630255	168.604479	-117.016661
-81.854611	168.419429	-117.338276
-82.084142	168.230112	-117.667308
-82.318846	168.036528	-118.003757
-82.558725	167.838677	-118.347623
-82.803778	167.636558	-118.698907
-83.054006	167.430172	-119.057608
-83.309408	167.219518	-119.423727
-83.425106	167.124091	-119.589581
-83.545979	167.024397	-119.762852
-83.672026	166.920435	-119.943540
-83.803248	166.812206	-120.131646
-83.939643	166.699709	-120.327169
-84.081213	166.582946	-120.530110
-84.227958	166.461915	-120.740468
-84.379876	166.336616	-120.958243
-84.536969	166.207050	-121.183435
-84.699236	166.073217	-121.416045
-84.866678	165.935117	-121.656072
-85.039293	165.792749	-121.903516
-85.217083	165.646114	-122.158378
-85.400048	165.495212	-122.420657
-85.588186	165.340042	-122.690354
-85.781499	165.180605	-122.967467
-85.979986	165.016901	-123.251998
-86.183648	164.848929	-123.543947
-86.392484	164.676690	-123.843312
-86.606494	164.500183	-124.150095
-86.825678	164.319410	-124.464296
-87.050037	164.134369	-124.785913
-87.279569	163.945060	-125.114948
-87.514277	163.751485	-125.451400
-87.754158	163.553642	-125.795270
-87.999214	163.351531	-126.146557
-88.249444	163.145154	-126.505261
-88.504848	162.934509	-126.871383
-88.620548	162.839085	-127.037238
-88.741422	162.739395	-127.210511
-88.867470	162.635437	-127.391200
-88.998693	162.527211	-127.579308
-89.135089	162.414719	-127.774832
-89.276661	162.297959	-127.977774
-89.423406	162.176932	-128.188133
-89.575326	162.051637	-128.405910
-89.732420	161.922075	-128.631104
-89.894688	161.788246	-128.863715
-90.062131	161.650149	-129.103743
-90.234747	161.507785	-129.351189
-90.412539	161.361154	-129.606052
-90.595504	161.210255	-129.868333
-90.783644	161.055089	-130.138030
-90.976958	160.895656	-130.415146
-91.175446	160.731956	-130.699678
-91.379109	160.563988	-130.991628
-91.587945	160.391753	-131.290995
-91.801957	160.215250	-131.597779
-92.021142	160.034480	-131.911981
-92.245502	159.849443	-132.233600
-92.475036	159.660139	-132.562636
-92.709744	159.466567	-132.899090
-92.949627	159.268728	-133.242961
-93.194684	159.066621	-133.594249
-93.444915	158.860247	-133.952955
-93.700320	158.649606	-134.319078
-93.816021	158.554185	-134.484934
-93.936895	158.454496	-134.658207
-94.062944	158.350539	-134.838898
-94.194167	158.242316	-135.027006
-94.330564	158.129825	-135.222531
-94.472136	158.013067	-135.425473
-94.618882	157.892041	-135.635833
-94.770802	157.766748	-135.853610
-94.927896	157.637188	-136.078805
-95.090165	157.503360	-136.311417
-95.257608	157.365266	-136.551446
-95.430226	157.222903	-136.798892
-95.608017	157.076274	-137.053756
-95.790983	156.925377	-137.316037
-95.979124	156.770213	-137.585736
-96.172438	156.610781	-137.862851
-96.370927	156.447083	-138.147384
-96.574590	156.279117	-138.439335
-96.783427	156.106883	-138.738702
-96.997439	155.930382	-139.045488
-97.216625	155.749614	-139.359690
-97.440985	155.564579	-139.681310
-97.670520	155.375276	-140.010347
-97.905229	155.181706	-140.346801
-98.145112	154.983869	-140.690673
-98.390169	154.781764	-141.041962
-98.640401	154.575392	-141.400668
-98.895807	154.364753	-141.766792
-99.011507	154.269332	-141.932648
-99.132382	154.169644	-142.105921
-99.258431	154.065688	-142.286612
-99.389654	153.957465	-142.474720
-99.526052	153.844975	-142.670246
-99.667624	153.728218	-142.873189
-99.814370	153.607193	-143.083549
-99.966290	153.481901	-143.301326
-100.123385	153.352341	-143.526521
-100.285654	153.218515	-143.759133
-100.453097	153.080421	-143.999162
-100.625715	152.938059	-144.246609
-100.803507	152.791431	-144.501473
-100.986473	152.640535	-144.763755
-101.174613	152.485371	-145.033453
-101.367928	152.325941	-145.310569
-101.566417	152.162243	-145.595103
-101.770081	151.994277	-145.887054
-101.978918	151.822045	-146.186422
-102.192930	151.645545	-146.493207
-102.412116	151.464777	-146.807410
-102.636477	151.279743	-147.129030
-102.866012	151.090441	-147.458067
-103.100721	150.896872	-147.794522
-103.340604	150.699035	-148.138394
-103.585662	150.496931	-148.489683
-103.835894	150.290560	-148.848389
-104.091300	150.079921	-149.214513
-104.207000	149.984501	-149.380370
-104.327875	149.884813	-149.553643
-104.453924	149.780858	-149.734334
-104.585148	149.672635	-149.922443
-104.721545	149.560146	-150.117968
-104.863117	149.443389	-150.320911
-105.009864	149.322364	-150.531271
-105.161784	149.197072	-150.749049
-105.318879	149.067513	-150.974244
-105.481148	148.933687	-151.206856
-105.648591	148.795593	-151.446886
-105.821209	148.653232	-151.694333
-105.999001	148.506604	-151.949197
-106.181967	148.355708	-152.211478
-106.370108	148.200545	-152.481177
-106.563423	148.041115	-152.758293
-106.761912	147.877417	-153.042827
-106.965575	147.709452	-153.334778
-107.174413	147.537220	-153.634146
-107.388425	147.360720	-153.940931
-107.607612	147.179954	-154.255134
-107.831972	146.994919	-154.576754
-108.061507	146.805618	-154.905792
-108.296216	146.612049	-155.242247
-108.536100	146.414213	-155.586119
-108.781157	146.212109	-155.937408
-109.031389	146.005738	-156.296115
-109.286796	145.795100	-156.662239
-109.402496	145.699680	-156.828095
-109.523371	145.599992	-157.001369
-109.649420	145.496037	-157.182060
-109.780644	145.387815	-157.370168
-109.917042	145.275325	-157.565694
-110.058614	145.158568	-157.768637
-110.205360	145.037544	-157.978997
-110.357280	144.912253	-158.196775
-110.514375	144.782694	-158.421970
-110.676644	144.648867	-158.654582
-110.844088	144.510774	-158.894612
-111.016706	144.368413	-159.142059
-111.194498	144.221785	-159.396923
-111.377464	144.070889	-159.659205
-111.565605	143.915727	-159.928904
-111.758920	143.756296	-160.206020
-111.957409	143.592599	-160.490554
-112.161072	143.424634	-160.782504
-112.369910	143.252402	-161.081873
-112.583922	143.075903	-161.388658
-112.803108	142.895136	-161.702861
-113.027469	142.710102	-162.024481
-113.257004	142.520800	-162.353519
-113.491713	142.327232	-162.689974
-113.731597	142.129396	-163.033846
-113.976655	141.927292	-163.385135
-114.226887	141.720922	-163.743842
-114.482293	141.510284	-164.109966
-114.597994	141.414863	-164.275823
-114.718869	141.315176	-164.449096
-114.844918	141.211221	-164.629787
-114.976141	141.102999	-164.817896
-115.112539	140.990509	-165.013422
-115.254111	140.873752	-165.216365
-115.400857	140.752728	-165.426725
-115.552778	140.627437	-165.644503
-115.709873	140.497878	-165.869698
-115.872142	140.364052	-166.102310
-116.039585	140.225958	-166.342340
-116.212203	140.083597	-166.589787
-116.389995	139.936969	-166.844651
-116.572962	139.786074	-167.106932
-116.761102	139.630911	-167.376631
-116.954417	139.471481	-167.653748
-117.152906	139.307784	-167.938281
-117.356570	139.139819	-168.230232
-117.565408	138.967587	-168.529600
-117.779420	138.791088	-168.836386
-117.998606	138.610321	-169.150589
-118.222967	138.425287	-169.472209
-118.452502	138.235986	-169.801247
-118.687211	138.042417	-170.137702
-118.927095	137.844581	-170.481574
-119.172152	137.642478	-170.832863
-119.422385	137.436107	-171.191570
-119.677791	137.225469	-171.557694
-119.793492	137.130049	-171.723551
-119.914366	137.030361	-171.896825
-120.040416	136.926407	-172.077516
-120.171639	136.818184	-172.265624
-120.308037	136.705695	-172.461150
-120.449609	136.588938	-172.664093
-120.596355	136.467914	-172.874453
-120.748276	136.342622	-173.092231
-120.905371	136.213064	-173.317426
-121.067640	136.079238	-173.550038
-121.235083	135.941144	-173.790068
-121.407701	135.798783	-174.037515
-121.585493	135.652155	-174.292379
-121.768460	135.501260	-174.554661
-121.956600	135.346097	-174.824360
-122.149915	135.186667	-175.101476
-122.348405	135.022970	-175.386010
-122.552068	134.855005	-175.677961
-122.760906	134.682773	-175.977329
-122.974918	134.506274	-176.284114
-123.194104	134.325507	-176.598317
-123.418465	134.140473	-176.919938
-123.648000	133.951172	-177.248975
-123.882709	133.757603	-177.585430
-124.122593	133.559767	-177.929302
-124.367651	133.357664	-178.280592
-124.617883	133.151294	-178.639299
-124.873289	132.940656	-179.005423
-124.988990	132.845236	-179.171279
-125.109865	132.745548	-179.344553
-125.235914	132.641593	-179.525244
-125.367137	132.533371	-179.713352
-125.503535	132.420882	-179.908878
-125.645107	132.304125	-180.111821
-125.791853	132.183101	-180.322182
-125.943774	132.057809	-180.539959
-126.100869	131.928250	-180.765154
-126.263138	131.794424	-180.997767
-126.430582	131.656331	-181.237796
-126.603199	131.513970	-181.485243
-126.780992	131.367342	-181.740108
-126.963958	131.216447	-182.002389
-127.152099	131.061284	-182.272088
-127.345414	130.901854	-182.549205
-127.543903	130.738157	-182.833738
-127.747566	130.570192	-183.125689
-127.956404	130.397960	-183.425057
-128.170416	130.221461	-183.731843
-128.389603	130.040694	-184.046046
-128.613963	129.855660	-184.367666
-128.843498	129.666359	-184.696704
-129.078207	129.472790	-185.033159
-129.318091	129.274954	-185.377031
-129.563149	129.072851	-185.728320
-129.813381	128.866481	-186.087027
-130.068787	128.655843	-186.453152
-130.184488	128.560423	-186.619008
-130.305363	128.460735	-186.792282
-130.431412	128.356780	-186.972973
-130.562636	128.248558	-187.161081
-130.699033	128.136069	-187.356607
-130.840605	128.019312	-187.559550
-130.987352	127.898288	-187.769910
-131.139272	127.772996	-187.987688
-131.296367	127.643437	-188.212883
-131.458637	127.509611	-188.445495
-131.626080	127.371518	-188.685525
-131.798698	127.229157	-188.932972
-131.976490	127.082529	-189.187836
-132.159456	126.931634	-189.450118
-132.347597	126.776471	-189.719817
-132.540912	126.617041	-189.996933
-132.739401	126.453344	-190.281467
-132.943065	126.285379	-190.573418
-133.151902	126.113147	-190.872786
-133.365915	125.936648	-191.179572
-133.585101	125.755881	-191.493775
-133.809462	125.570847	-191.815395
-134.038997	125.381546	-192.144432
-134.273706	125.187977	-192.480887
-134.513589	124.990142	-192.824760
-134.758647	124.788038	-193.176049
-135.008879	124.581668	-193.534756
-135.264286	124.371030	-193.900880
-135.379986	124.275610	-194.066737
-135.500861	124.175922	-194.240010
-135.626910	124.071967	-194.420701
-135.758134	123.963745	-194.608810
-135.894532	123.851256	-194.804336
-136.036104	123.734499	-195.007279
-136.182850	123.613475	-195.217639
-136.334771	123.488183	-195.435417
-136.491866	123.358625	-195.660612
-136.654135	123.224799	-195.893224
-136.821578	123.086705	-196.133254
-136.994196	122.944344	-196.380701
-137.171988	122.797716	-196.635565
-137.354955	122.646821	-196.897847
-137.543095	122.491658	-197.167546
-137.736410	122.332228	-197.444662
-137.934899	122.168531	-197.729196
-138.138563	122.000566	-198.021147
-138.347401	121.828334	-198.320515
-138.561413	121.651835	-198.627300
-138.780599	121.471069	-198.941503
-139.004960	121.286035	-199.263124
-139.234495	121.096733	-199.592161
-139.469204	120.903165	-199.928616
-139.709088	120.705329	-200.272488
-139.954146	120.503226	-200.623778
-140.204378	120.296855	-200.982485
-140.459784	120.086217	-201.348609
-140.575485	119.990797	-201.514465
-140.696360	119.891110	-201.687739
-140.822409	119.787155	-201.868430
-140.953632	119.678933	-202.056539
-141.090030	119.566443	-202.252064
-141.231602	119.449686	-202.455007
-141.378349	119.328662	-202.665368
-141.530269	119.203371	-202.883145
-141.687364	119.073812	-203.108341
-141.849633	118.939986	-203.340953
-142.017077	118.801893	-203.580983
-142.189695	118.659532	-203.828430
-142.367487	118.512904	-204.083294
-142.550453	118.362008	-204.345576
-142.738594	118.206846	-204.615274
-142.931909	118.047416	-204.892391
-143.130398	117.883718	-205.176924
-143.334061	117.715754	-205.468875
-143.542899	117.543522	-205.768244
-143.756911	117.367022	-206.075029
-143.976098	117.186256	-206.389232
-144.200458	117.001222	-206.710852
-144.429993	116.811921	-207.039890
-144.664703	116.618352	-207.376345
-144.904586	116.420516	-207.720217
-145.149644	116.218413	-208.071507
-145.399876	116.012042	-208.430214
-145.655283	115.801405	-208.796338
-145.770983	115.705984	-208.962194
-145.891858	115.606297	-209.135468
-146.017907	115.502342	-209.316159
-146.149131	115.394120	-209.504267
-146.285529	115.281630	-209.699793
-146.427101	115.164874	-209.902736
-146.573847	115.043850	-210.113097
-146.725768	114.918558	-210.330874
-146.882862	114.788999	-210.556069
-147.045132	114.655173	-210.788682
-147.212575	114.517080	-211.028711
-147.385193	114.374719	-211.276158
-147.562985	114.228091	-211.531023
-147.745951	114.077196	-211.793304
-147.934092	113.922033	-212.063003
-148.127407	113.762603	-212.340120
-148.325896	113.598906	-212.624653
-148.529560	113.430941	-212.916604
-148.738398	113.258709	-213.215972
-148.952410	113.082210	-213.522758
-149.171596	112.901443	-213.836961
-149.395957	112.716409	-214.158581
-149.625492	112.527108	-214.487619
-149.860201	112.333539	-214.824074
-150.100085	112.135704	-215.167946
-150.345142	111.933600	-215.519235
-150.595375	111.727230	-215.877942
-150.850781	111.516592	-216.244067
-150.966482	111.421172	-216.409923
-151.087356	111.321484	-216.583197
-151.213406	111.217529	-216.763888
-151.344629	111.109307	-216.951996
-151.481027	110.996818	-217.147522
-151.622599	110.880061	-217.350465
-151.769345	110.759037	-217.560825
-151.921266	110.633745	-217.778603
-152.078361	110.504187	-218.003798
-152.240630	110.370361	-218.236410
-152.408074	110.232267	-218.476440
-152.580691	110.089907	-218.723887
-152.758483	109.943278	-218.978751
-152.941450	109.792383	-219.241033
-153.129591	109.637220	-219.510732
-153.322905	109.477790	-219.787848
-153.521395	109.314093	-220.072382
-153.725058	109.146128	-220.364333
-153.933896	108.973896	-220.663701
-154.147908	108.797397	-220.970487
-154.367095	108.616631	-221.284690
-154.591455	108.431597	-221.606310
-154.820990	108.242295	-221.935348
-155.055699	108.048727	-222.271802
-155.295583	107.850891	-222.615675
-155.540641	107.648788	-222.966964
-155.790873	107.442417	-223.325671
-156.046279	107.231779	-223.691795
-156.161980	107.136359	-223.857652
-156.282855	107.036672	-224.030925
-156.408904	106.932717	-224.211617
-156.540128	106.824495	-224.399725
-156.676525	106.712005	-224.595251
-156.818097	106.595248	-224.798194
-156.964844	106.474224	-225.008554
-157.116764	106.348933	-225.226332
-157.273859	106.219374	-225.451527
-157.436129	106.085548	-225.684139
-157.603572	105.947455	-225.924169
-157.776190	105.805094	-226.171616
-157.953982	105.658466	-226.426480
-158.136948	105.507570	-226.688762
-158.325089	105.352408	-226.958461
-158.518404	105.192978	-227.235577
-158.716893	105.029280	-227.520111
-158.920557	104.861316	-227.812062
-159.129394	104.689084	-228.111430
-159.343407	104.512585	-228.418216
-159.562593	104.331818	-228.732419
-159.786954	104.146784	-229.054039
-160.016489	103.957483	-229.383076
-160.251198	103.763914	-229.719531
-160.491081	103.566078	-230.063403
-160.736139	103.363975	-230.414693
-160.986371	103.157605	-230.773400
-161.241778	102.946967	-231.139524
-161.357478	102.851547	-231.305381
-161.478353	102.751859	-231.478654
-161.604402	102.647904	-231.659345
-161.735626	102.539682	-231.847454
-161.872024	102.427193	-232.042979
-162.013596	102.310436	-232.245923
-162.160342	102.189412	-232.456283
-162.312263	102.064120	-232.674061
-162.469358	101.934561	-232.899256
-162.631627	101.800735	-233.131868
-162.799070	101.662642	-233.371898
-162.971688	101.520281	-233.619345
-163.149480	101.373653	-233.874209
-163.332447	101.222758	-234.136491
-163.520587	101.067595	-234.406190
-163.713902	100.908165	-234.683306
-163.912392	100.744468	-234.967840
-164.116055	100.576503	-235.259791
-164.324893	100.404271	-235.559159
-164.538905	100.227772	-235.865944
-164.758091	100.047005	-236.180147
-164.982452	99.861971	-236.501768
-165.211987	99.672670	-236.830805
-165.446696	99.479102	-237.167260
-165.686580	99.281266	-237.511132
-165.931638	99.079163	-237.862422
-166.181870	98.872792	-238.221129
-166.437276	98.662154	-238.587253
-166.552977	98.566734	-238.753109
-166.673852	98.467046	-238.926383
-166.799901	98.363092	-239.107074
-166.931124	98.254869	-239.295183
-167.067522	98.142380	-239.490708
-167.209094	98.025623	-239.693651
-167.355841	97.904599	-239.904012
-167.507761	97.779308	-240.121789
-167.664856	97.649749	-240.346984
-167.827125	97.515923	-240.579597
-167.994569	97.377829	-240.819626
-168.167187	97.235469	-241.067073
-168.344979	97.088841	-241.321938
-168.527945	96.937945	-241.584219
-168.716086	96.782783	-241.853918
-168.909401	96.623353	-242.131035
-169.107890	96.459655	-242.415568
-169.311553	96.291691	-242.707519
-169.520391	96.119459	-243.006888
-169.734403	95.942959	-243.313673
-169.953590	95.762193	-243.627876
-170.177950	95.577159	-243.949496
-170.407485	95.387858	-244.278534
-170.642195	95.194289	-244.614989
-170.882078	94.996453	-244.958861
-171.127136	94.794350	-245.310151
-171.377368	94.587979	-245.668857
-171.632775	94.377342	-246.034982
-171.748475	94.281921	-246.200838
-171.869350	94.182234	-246.374112
-171.995399	94.078279	-246.554803
-172.126623	93.970057	-246.742911
-172.263021	93.857567	-246.938437
-172.404593	93.740811	-247.141380
-172.551339	93.619786	-247.351740
-172.703260	93.494495	-247.569518
-172.860355	93.364936	-247.794713
-173.022624	93.231110	-248.027326
-173.190067	93.093017	-248.267355
-173.362685	92.950656	-248.514802
-173.540477	92.804028	-248.769667
-173.723443	92.653133	-249.031948
-173.911584	92.497970	-249.301647
-174.104899	92.338540	-249.578763
-174.303388	92.174843	-249.863297
-174.507052	92.006878	-250.155248
-174.715890	91.834646	-250.454616
-174.929902	91.658147	-250.761402
-175.149088	91.477380	-251.075605
-175.373449	91.292346	-251.397225
-175.602984	91.103045	-251.726263
-175.837693	90.909476	-252.062718
-176.077577	90.711641	-252.406590
-176.322634	90.509537	-252.757879
-176.572867	90.303167	-253.116586
-176.828273	90.092529	-253.482710
-176.943974	89.997109	-253.648567
-177.064849	89.897421	-253.821841
-177.190898	89.793466	-254.002532
-177.322121	89.685244	-254.190640
-177.458519	89.572755	-254.386166
-177.600091	89.455998	-254.589109
-177.746837	89.334974	-254.799469
-177.898758	89.209682	-255.017247
-178.055853	89.080124	-255.242442
-178.218122	88.946298	-255.475054
-178.385566	88.808204	-255.715084
-178.558183	88.665843	-255.962531
-178.735976	88.519215	-256.217395
-178.918942	88.368320	-256.479677
-179.107083	88.213157	-256.749376
-179.300397	88.053727	-257.026492
-179.498887	87.890030	-257.311026
-179.702550	87.722065	-257.602977
-179.911388	87.549833	-257.902345
-180.125400	87.373334	-258.209131
-180.344587	87.192568	-258.523334
-180.568947	87.007534	-258.844954
-180.798482	86.818232	-259.173991
-181.033191	86.624664	-259.510446
-181.273075	86.426828	-259.854319
-181.518133	86.224725	-260.205608
-181.768365	86.018354	-260.564315
-182.023771	85.807716	-260.930439
-182.139472	85.712296	-261.096296
-182.260347	85.612609	-261.269569
-182.386396	85.508654	-261.450260
-182.517620	85.400432	-261.638369
-182.654017	85.287942	-261.833895
-182.795589	85.171185	-262.036838
-182.942336	85.050161	-262.247198
-183.094256	84.924870	-262.464976
-183.251351	84.795311	-262.690171
-183.413621	84.661485	-262.922783
-183.581064	84.523392	-263.162813
