-10.449375	216.823408	-19.087213
-10.456103	216.764722	-19.130201
-10.467200	216.701907	-19.181180
-10.482660	216.634965	-19.240155
-10.502477	216.563895	-19.307128
-10.526647	216.488699	-19.382103
-10.555165	216.409376	-19.465083
-10.588025	216.325928	-19.556070
-10.625222	216.238356	-19.655069
-10.666751	216.146659	-19.762081
-10.712608	216.050839	-19.877110
-10.762787	215.950895	-20.000159
-10.817283	215.846830	-20.131231
-10.876092	215.738643	-20.270329
-10.939208	215.626335	-20.417456
-11.006628	215.509907	-20.572614
-11.078347	215.389359	-20.735807
-11.154359	215.264692	-20.907036
-11.234661	215.135906	-21.086306
-11.319247	215.003003	-21.273618
-11.408115	214.865983	-21.468975
-11.501259	214.724846	-21.672380
-11.598675	214.579594	-21.883836
-11.700359	214.430226	-22.103344
-11.806307	214.276743	-22.330908
-11.916515	214.119147	-22.566529
-12.030980	213.957437	-22.810211
-12.149697	213.791615	-23.061954
-12.272662	213.621681	-23.321763
-12.399873	213.447635	-23.589639
-12.531326	213.269479	-23.865583
-12.667016	213.087213	-24.149599
-12.806941	212.900837	-24.441689
-12.951098	212.710352	-24.741854
-13.099482	212.515760	-25.050096
-13.252092	212.317060	-25.366418
-13.408924	212.114253	-25.690822
-13.569974	211.907340	-26.023309
-13.735241	211.696322	-26.363880
-13.904721	211.481198	-26.712539
-14.078411	211.261971	-27.069287
-14.256309	211.038640	-27.434125
-14.438412	210.811206	-27.807055
-14.624718	210.579670	-28.188079
-14.815224	210.344033	-28.577199
-14.901752	210.237491	-28.753726
-14.992477	210.126848	-28.938350
-15.087398	210.012105	-29.131073
-15.186513	209.893262	-29.331895
-15.289821	209.770320	-29.540817
-15.397323	209.643278	-29.757839
-15.509016	209.512137	-29.982962
-15.624900	209.376897	-30.216187
-15.744973	209.237558	-30.457514
-15.869235	209.094122	-30.706944
-15.997686	208.946587	-30.964478
-16.130323	208.794955	-31.230116
-16.267146	208.639226	-31.503859
-16.408155	208.479399	-31.785707
-16.553348	208.315476	-32.075662
-16.702724	208.147456	-32.373723
-16.856284	207.975341	-32.679891
-17.014025	207.799129	-32.994166
-17.175948	207.618822	-33.316550
-17.342051	207.434420	-33.647043
-17.512333	207.245922	-33.985646
-17.686795	207.053330	-34.332358
-17.865435	206.856644	-34.687180
-18.048252	206.655864	-35.050113
-18.235246	206.450990	-35.421158
-18.426416	206.242022	-35.800315
-18.621762	206.028961	-36.187584
-18.821283	205.811808	-36.582966
-18.911791	205.713500	-36.762253
-19.006474	205.611101	-36.949653
-19.105330	205.504609	-37.145168
-19.208360	205.394025	-37.348796
-19.315563	205.279349	-37.560539
-19.426939	205.160581	-37.780396
-19.542487	205.037721	-38.008367
-19.662208	204.910770	-38.244454
-19.786101	204.779728	-38.488656
-19.914165	204.644594	-38.740973
-20.046402	204.505369	-39.001405
-20.182809	204.362054	-39.269953
-20.323388	204.214647	-39.546617
-20.468138	204.063150	-39.831396
-20.617058	203.907562	-40.124292
-20.770149	203.747884	-40.425304
-20.927410	203.584115	-40.734433
-21.088841	203.416256	-41.051679
-21.254442	203.244308	-41.377041
-21.424213	203.068269	-41.710521
-21.598152	202.888140	-42.052117
-21.776261	202.703922	-42.401831
-21.958540	202.515615	-42.759663
-22.144987	202.323218	-43.125612
-22.335602	202.126732	-43.499679
-22.530386	201.926157	-43.881864
-22.729338	201.721493	-44.272168
-22.932459	201.512740	-44.670589
-23.024511	201.418222	-44.851124
-23.120730	201.319615	-45.039777
-23.221118	201.216920	-45.236550
-23.325673	201.110137	-45.441441
-23.434395	200.999265	-45.654451
-23.547285	200.884305	-45.875580
-23.664343	200.765257	-46.104828
-23.785568	200.642121	-46.342195
-23.910960	200.514896	-46.587681
-24.040519	200.383584	-46.841287
-24.174245	200.248183	-47.103012
-24.312138	200.108695	-47.372856
-24.454199	199.965119	-47.650820
-24.600426	199.817455	-47.936904
-24.750820	199.665703	-48.231106
-24.905381	199.509864	-48.533429
-25.064109	199.349937	-48.843871
-25.227003	199.185922	-49.162433
-25.394064	199.017820	-49.489115
-25.565291	198.845631	-49.823917
-25.740685	198.669355	-50.166839
-25.920246	198.488991	-50.517881
-26.103973	198.304539	-50.877043
-26.291866	198.116001	-51.244325
-26.483925	197.923376	-51.619727
-26.680151	197.726664	-52.003249
-26.880542	197.525864	-52.394892
-27.085100	197.320978	-52.794655
-27.177779	197.228189	-52.975765
-27.274623	197.131313	-53.164996
-27.375634	197.030351	-53.362347
-27.480810	196.925301	-53.567819
-27.590153	196.816165	-53.781411
-27.703661	196.702943	-54.003124
-27.821335	196.585633	-54.232958
-27.943175	196.464237	-54.470912
-28.069181	196.338755	-54.716987
-28.199353	196.209186	-54.971183
-28.333690	196.075530	-55.233499
-28.472194	195.937788	-55.503936
-28.614863	195.795960	-55.782494
-28.761698	195.650045	-56.069173
-28.912698	195.500044	-56.363972
-29.067865	195.345956	-56.666893
-29.227197	195.187782	-56.977934
-29.390695	195.025522	-57.297096
-29.558358	194.859175	-57.624379
-29.730187	194.688743	-57.959783
-29.906182	194.514224	-58.303308
-30.086342	194.335618	-58.654955
-30.270668	194.152927	-59.014722
-30.459159	193.966150	-59.382610
-30.651816	193.775286	-59.758619
-30.848639	193.580336	-60.142749
-31.049627	193.381301	-60.535001
-31.254781	193.178179	-60.935373
-31.347721	193.086176	-61.116750
-31.444827	192.990087	-61.306248
-31.546099	192.889912	-61.503867
-31.651535	192.785651	-61.709607
-31.761138	192.677305	-61.923469
-31.874906	192.564872	-62.145452
-31.992839	192.448353	-62.375556
-32.114938	192.327749	-62.613781
-32.241202	192.203059	-62.860127
-32.371631	192.074283	-63.114595
-32.506227	191.941421	-63.377184
-32.644987	191.804473	-63.647894
-32.787913	191.663439	-63.926726
-32.935004	191.518320	-64.213679
-33.086261	191.369114	-64.508753
-33.241683	191.215823	-64.811949
-33.401270	191.058447	-65.123266
-33.565023	190.896984	-65.442704
-33.732941	190.731436	-65.770264
-33.905025	190.561802	-66.105945
-34.081274	190.388083	-66.449747
-34.261688	190.210277	-66.801671
-34.446268	190.028386	-67.161716
-34.635013	189.842410	-67.529882
-34.827923	189.652347	-67.906170
-35.024999	189.458199	-68.290580
-35.226240	189.259966	-68.683110
-35.431647	189.057647	-69.083763
-35.524699	188.966001	-69.265263
-35.621916	188.870269	-69.454884
-35.723299	188.770452	-69.652627
-35.828847	188.666549	-69.858492
-35.938561	188.558561	-70.072478
-36.052440	188.446487	-70.294585
-36.170484	188.330328	-70.524814
-36.292693	188.210083	-70.763165
-36.419068	188.085752	-71.009636
-36.549608	187.957336	-71.264230
-36.684313	187.824834	-71.526945
-36.823184	187.688247	-71.797781
-36.966220	187.547575	-72.076739
-37.113421	187.402817	-72.363818
-37.264788	187.253973	-72.659019
-37.420320	187.101044	-72.962342
-37.580017	186.944029	-73.273786
-37.743879	186.782929	-73.593351
-37.911907	186.617744	-73.921038
-38.084100	186.448473	-74.256847
-38.260459	186.275116	-74.600777
-38.440982	186.097674	-74.952828
-38.625671	185.916147	-75.313001
-38.814525	185.730534	-75.681296
-39.007545	185.540836	-76.057712
-39.204730	185.347052	-76.442250
-39.406080	185.149183	-76.834909
-39.611595	184.947228	-77.235690
-39.704696	184.855744	-77.417247
-39.801961	184.760175	-77.606926
-39.903393	184.660520	-77.804726
-40.008989	184.556780	-78.010648
-40.118750	184.448955	-78.224692
-40.232677	184.337044	-78.446857
-40.350769	184.221047	-78.677143
-40.473027	184.100965	-78.915551
-40.599450	183.976798	-79.162081
-40.730037	183.848546	-79.416732
-40.864791	183.716208	-79.679505
-41.003709	183.579785	-79.950400
-41.146793	183.439276	-80.229416
-41.294042	183.294682	-80.516553
-41.445456	183.146002	-80.811813
-41.601036	182.993238	-81.115194
-41.760781	182.836388	-81.426696
-41.924691	182.675452	-81.746320
-42.092766	182.510431	-82.074066
-42.265007	182.341325	-82.409933
-42.441413	182.168133	-82.753922
-42.621984	181.990856	-83.106032
-42.806721	181.809494	-83.466264
-42.995623	181.624047	-83.834618
-43.188690	181.434514	-84.211093
-43.385922	181.240895	-84.595690
-43.587319	181.043192	-84.988409
-43.792882	180.841403	-85.389249
-43.886004	180.749992	-85.570832
-43.983291	180.654497	-85.760537
-44.084743	180.554916	-85.958364
-44.190360	180.451249	-86.164312
-44.300143	180.343498	-86.378382
-44.414090	180.231661	-86.600573
-44.532204	180.115738	-86.830886
-44.654482	179.995731	-87.069321
-44.780926	179.871638	-87.315877
-44.911534	179.743460	-87.570555
-45.046309	179.611196	-87.833355
-45.185248	179.474847	-88.104276
-45.328353	179.334413	-88.383319
-45.475623	179.189893	-88.670483
-45.627058	179.041288	-88.965769
-45.782659	178.888598	-89.269177
-45.942424	178.731823	-89.580707
-46.106355	178.570962	-89.900358
-46.274452	178.406016	-90.228130
-46.446713	178.236985	-90.564024
-46.623140	178.063868	-90.908040
-46.803732	177.886666	-91.260178
-46.988489	177.705379	-91.620437
-47.177412	177.520006	-91.988818
-47.370500	177.330549	-92.365320
-47.567753	177.137005	-92.749944
-47.769172	176.939377	-93.142690
-47.974755	176.737663	-93.543557
-48.067886	176.646286	-93.725152
-48.165182	176.550824	-93.914870
-48.266643	176.451277	-94.112708
-48.372270	176.347644	-94.318669
-48.482062	176.239926	-94.532751
-48.596019	176.128122	-94.754954
-48.714141	176.012234	-94.985280
-48.836429	175.892260	-95.223727
-48.962882	175.768200	-95.470295
-49.093500	175.640056	-95.724985
-49.228283	175.507826	-95.987797
-49.367232	175.371511	-96.258731
-49.510346	175.231110	-96.537786
-49.657625	175.086625	-96.824963
-49.809069	174.938054	-97.120261
-49.964679	174.785398	-97.423681
-50.124454	174.628656	-97.735223
-50.288394	174.467829	-98.054886
-50.456500	174.302917	-98.382671
-50.628771	174.133920	-98.718578
-50.805207	173.960837	-99.062606
-50.985808	173.783670	-99.414756
-51.170575	173.602416	-99.775027
-51.359506	173.417078	-100.143421
-51.552603	173.227654	-100.519936
-51.749866	173.034145	-100.904572
-51.951293	172.836551	-101.297330
-52.156886	172.634871	-101.698210
-52.250021	172.543510	-101.879811
-52.347321	172.448063	-102.069534
-52.448787	172.348530	-102.267378
-52.554417	172.244913	-102.473344
-52.664213	172.137210	-102.687431
-52.778174	172.025422	-102.909641
-52.896301	171.909548	-103.139972
-53.018592	171.789590	-103.378424
-53.145049	171.665546	-103.624998
-53.275672	171.537417	-103.879694
-53.410459	171.405202	-104.142512
-53.549412	171.268902	-104.413451
-53.692530	171.128517	-104.692512
-53.839813	170.984047	-104.979694
-53.991262	170.835492	-105.274998
-54.146875	170.682851	-105.578424
-54.306655	170.526125	-105.889971
-54.470599	170.365313	-106.209640
-54.638708	170.200417	-106.537431
-54.810983	170.031435	-106.873343
-54.987423	169.858368	-107.217377
-55.168029	169.681215	-107.569533
-55.352799	169.499978	-107.929810
-55.541735	169.314655	-108.298209
-55.734837	169.125247	-108.674730
-55.932103	168.931753	-109.059372
-56.133535	168.734174	-109.452136
-56.339132	168.532510	-109.853021
-56.432268	168.441156	-110.034625
-56.529570	168.345715	-110.224350
-56.631037	168.246190	-110.422197
-56.736670	168.142579	-110.628165
-56.846468	168.034883	-110.842255
-56.960431	167.923102	-111.064467
-57.078559	167.807236	-111.294801
-57.200852	167.687284	-111.533256
-57.327311	167.563247	-111.779833
-57.457935	167.435125	-112.034531
-57.592724	167.302917	-112.297351
-57.731679	167.166625	-112.568293
-57.874799	167.026247	-112.847356
-58.022084	166.881783	-113.134541
-58.173534	166.733235	-113.429848
-58.329150	166.580601	-113.733276
-58.488931	166.423882	-114.044826
-58.652877	166.263078	-114.364498
-58.820988	166.098188	-114.692291
-58.993265	165.929213	-115.028206
-59.169707	165.756153	-115.372242
-59.350314	165.579008	-115.724401
-59.535087	165.397777	-116.084681
-59.724024	165.212461	-116.453082
-59.917127	165.023060	-116.829605
-60.114395	164.829574	-117.214250
-60.315829	164.632002	-117.607017
-60.521428	164.430345	-118.007905
-60.614565	164.338994	-118.189509
-60.711868	164.243557	-118.379236
-60.813336	164.144034	-118.577084
-60.918969	164.040427	-118.783054
-61.028768	163.932734	-118.997145
-61.142732	163.820956	-119.219358
-61.260861	163.705093	-119.449692
-61.383155	163.585144	-119.688149
-61.509614	163.461110	-119.934727
-61.640239	163.332991	-120.189426
-61.775029	163.200787	-120.452248
-61.913985	163.064497	-120.723190
-62.057105	162.924123	-121.002255
-62.204391	162.779663	-121.289441
-62.355843	162.631117	-121.584749
-62.511459	162.478487	-121.888179
-62.671241	162.321771	-122.199730
-62.835188	162.160970	-122.519403
-63.003300	161.996083	-122.847197
-63.175577	161.827112	-123.183113
-63.352020	161.654055	-123.527151
-63.532628	161.476913	-123.879310
-63.717401	161.295685	-124.239591
-63.906340	161.110373	-124.607994
-64.099444	160.920975	-124.984519
-64.296713	160.727491	-125.369165
-64.498147	160.529923	-125.761932
-64.703747	160.328269	-126.162822
-64.796884	160.236919	-126.344427
-64.894188	160.141483	-126.534154
-64.995656	160.041963	-126.732002
-65.101289	159.938357	-126.937973
-65.211088	159.830665	-127.152064
-65.325053	159.718889	-127.374278
-65.443182	159.603027	-127.604613
-65.565477	159.483080	-127.843070
-65.691937	159.359047	-128.089648
-65.822562	159.230930	-128.344349
-65.957352	159.098727	-128.607170
-66.096308	158.962439	-128.878114
-66.239429	158.822065	-129.157179
-66.386715	158.677607	-129.444366
-66.538167	158.529063	-129.739674
-66.693784	158.376434	-130.043104
-66.853566	158.219719	-130.354656
-67.017513	158.058920	-130.674329
-67.185625	157.894035	-131.002124
-67.357903	157.725065	-131.338041
-67.534346	157.552009	-131.682079
-67.714955	157.374868	-132.034239
-67.899728	157.193643	-132.394521
-68.088667	157.008331	-132.762924
-68.281771	156.818935	-133.139449
-68.479041	156.625453	-133.524096
-68.680476	156.427886	-133.916864
-68.886076	156.226234	-134.317754
-68.979214	156.134884	-134.499359
-69.076517	156.039449	-134.689086
-69.177985	155.939929	-134.886935
-69.283619	155.836324	-135.092906
-69.393418	155.728633	-135.306998
-69.507382	155.616857	-135.529211
-69.625512	155.500996	-135.759547
-69.747807	155.381050	-135.998004
-69.874267	155.257018	-136.244583
-70.004892	155.128901	-136.499283
-70.139683	154.996699	-136.762105
-70.278639	154.860411	-137.033049
-70.421760	154.720039	-137.312114
-70.569046	154.575581	-137.599301
-70.720498	154.427037	-137.894610
-70.876115	154.274409	-138.198040
-71.035897	154.117695	-138.509592
-71.199845	153.956896	-138.829266
-71.367958	153.792012	-139.157061
-71.540236	153.623042	-139.492978
-71.716679	153.449988	-139.837016
-71.897287	153.272848	-140.189177
-72.082061	153.091622	-140.549459
-72.271000	152.906312	-140.917862
-72.464105	152.716916	-141.294387
-72.661374	152.523435	-141.679034
-72.862809	152.325869	-142.071803
-73.068409	152.124217	-142.472693
-73.161547	152.032868	-142.654298
-73.258850	151.937433	-142.844026
-73.360319	151.837913	-143.041875
-73.465953	151.734308	-143.247845
-73.575752	151.626618	-143.461937
-73.689716	151.514842	-143.684151
-73.807846	151.398981	-143.914487
-73.930141	151.279035	-144.152944
-74.056601	151.155004	-144.399523
-74.187227	151.026887	-144.654223
-74.322017	150.894685	-144.917045
-74.460973	150.758398	-145.187989
-74.604095	150.618026	-145.467055
-74.751381	150.473568	-145.754242
-74.902833	150.325025	-146.049551
-75.058450	150.172397	-146.352981
-75.218232	150.015683	-146.664533
-75.382180	149.854885	-146.984207
-75.550292	149.690001	-147.312002
-75.722571	149.521032	-147.647919
-75.899014	149.347977	-147.991958
-76.079622	149.170837	-148.344118
-76.264396	148.989612	-148.704400
-76.453335	148.804302	-149.072804
-76.646440	148.614907	-149.449329
-76.843710	148.421426	-149.833976
-77.045144	148.223860	-150.226745
-77.250745	148.022209	-150.627635
-77.343883	147.930859	-150.809241
-77.441186	147.835425	-150.998968
-77.542655	147.735905	-151.196817
-77.648289	147.632300	-151.402788
-77.758088	147.524610	-151.616880
-77.872052	147.412835	-151.839094
-77.990182	147.296974	-152.069429
-78.112477	147.177028	-152.307887
-78.238937	147.052997	-152.554465
-78.369562	146.924880	-152.809166
-78.504353	146.792678	-153.071988
-78.643309	146.656391	-153.342932
-78.786430	146.516019	-153.621998
-78.933717	146.371561	-153.909185
-79.085169	146.223019	-154.204494
-79.240786	146.070391	-154.507924
-79.400568	145.913677	-154.819476
-79.564516	145.752879	-155.139150
-79.732629	145.587995	-155.466945
-79.904907	145.419026	-155.802862
-80.081350	145.245971	-156.146901
-80.261959	145.068832	-156.499062
-80.446733	144.887607	-156.859344
-80.635672	144.702297	-157.227747
-80.828776	144.512902	-157.604273
-81.026046	144.319421	-157.988920
-81.227481	144.121855	-158.381688
-81.433081	143.920204	-158.782579
-81.526219	143.828855	-158.964184
-81.623523	143.733420	-159.153912
-81.724991	143.633901	-159.351761
-81.830625	143.530296	-159.557731
-81.940424	143.422606	-159.771824
-82.054389	143.310830	-159.994038
-82.172518	143.194970	-160.224373
-82.294813	143.075024	-160.462830
-82.421274	142.950992	-160.709409
-82.551899	142.822876	-160.964110
-82.686690	142.690674	-161.226932
-82.825646	142.554387	-161.497876
-82.968767	142.414015	-161.776942
-83.116054	142.269558	-162.064129
-83.267506	142.121015	-162.359438
-83.423123	141.968387	-162.662868
-83.582905	141.811674	-162.974420
-83.746853	141.650875	-163.294094
-83.914965	141.485991	-163.621890
-84.087244	141.317022	-163.957807
-84.263687	141.143968	-164.301845
-84.444296	140.966829	-164.654006
-84.629069	140.785604	-165.014288
-84.818009	140.600294	-165.382692
-85.011113	140.410899	-165.759217
-85.208383	140.217418	-166.143864
-85.409818	140.019852	-166.536633
-85.615418	139.818201	-166.937523
-85.708556	139.726852	-167.119129
-85.805860	139.631418	-167.308856
-85.907328	139.531898	-167.506705
-86.012962	139.428293	-167.712676
-86.122761	139.320603	-167.926768
-86.236726	139.208828	-168.148982
-86.354855	139.092967	-168.379318
-86.477150	138.973021	-168.617775
-86.603611	138.848990	-168.864354
-86.734236	138.720873	-169.119054
-86.869027	138.588672	-169.381877
-87.007983	138.452385	-169.652821
-87.151104	138.312013	-169.931886
-87.298391	138.167555	-170.219073
-87.449843	138.019013	-170.514382
-87.605460	137.866385	-170.817813
-87.765242	137.709671	-171.129365
-87.929190	137.548873	-171.449039
-88.097302	137.383989	-171.776834
-88.269581	137.215020	-172.112751
-88.446024	137.041966	-172.456790
-88.626633	136.864826	-172.808950
-88.811407	136.683602	-173.169233
-89.000346	136.498292	-173.537636
-89.193450	136.308896	-173.914162
-89.390720	136.115416	-174.298809
-89.592155	135.917850	-174.691577
-89.797755	135.716199	-175.092468
-89.890893	135.624850	-175.274073
-89.988197	135.529416	-175.463801
-90.089665	135.429896	-175.661650
-90.195299	135.326291	-175.867620
-90.305098	135.218601	-176.081713
-90.419063	135.106826	-176.303927
-90.537193	134.990965	-176.534262
-90.659487	134.871019	-176.772720
-90.785948	134.746988	-177.019299
-90.916573	134.618872	-177.273999
-91.051364	134.486670	-177.536821
-91.190320	134.350383	-177.807765
-91.333441	134.210011	-178.086831
-91.480728	134.065553	-178.374018
-91.632180	133.917011	-178.669327
-91.787797	133.764383	-178.972757
-91.947579	133.607670	-179.284310
-92.111527	133.446871	-179.603983
-92.279640	133.281987	-179.931779
-92.451918	133.113018	-180.267696
-92.628361	132.939964	-180.611735
-92.808970	132.762825	-180.963895
-92.993744	132.581600	-181.324177
-93.182683	132.396290	-181.692581
-93.375787	132.206895	-182.069106
-93.573057	132.013414	-182.453754
-93.774492	131.815849	-182.846522
-93.980092	131.614198	-183.247413
-94.073230	131.522848	-183.429018
-94.170534	131.427414	-183.618746
-94.272002	131.327894	-183.816595
-94.377636	131.224290	-184.022565
-94.487436	131.116599	-184.236658
-94.601400	131.004824	-184.458872
-94.719530	130.888963	-184.689207
-94.841825	130.769018	-184.927665
-94.968285	130.644986	-185.174243
-95.098910	130.516870	-185.428944
-95.233701	130.384668	-185.691766
-95.372657	130.248381	-185.962710
-95.515778	130.108009	-186.241776
-95.663065	129.963552	-186.528963
-95.814517	129.815009	-186.824272
-95.970134	129.662381	-187.127702
-96.129916	129.505668	-187.439254
-96.293864	129.344870	-187.758928
-96.461977	129.179986	-188.086724
-96.634255	129.011017	-188.422641
-96.810698	128.837963	-188.766680
-96.991307	128.660823	-189.118840
-97.176081	128.479598	-189.479122
-97.365020	128.294289	-189.847526
-97.558125	128.104893	-190.224051
-97.755394	127.911413	-190.608698
-97.956829	127.713847	-191.001467
-98.162429	127.512196	-191.402357
-98.255568	127.420847	-191.583963
-98.352871	127.325413	-191.773691
-98.454340	127.225893	-191.971540
-98.559974	127.122288	-192.177510
-98.669773	127.014598	-192.391603
-98.783737	126.902823	-192.613817
-98.901867	126.786962	-192.844152
-99.024162	126.667016	-193.082609
-99.150622	126.542985	-193.329188
-99.281248	126.414869	-193.583889
-99.416038	126.282667	-193.846711
-99.554994	126.146380	-194.117655
-99.698116	126.006008	-194.396721
-99.845402	125.861550	-194.683908
-99.996854	125.713008	-194.979217
-100.152471	125.560380	-195.282647
-100.312253	125.403667	-195.594199
-100.476201	125.242868	-195.913873
-100.644314	125.077984	-196.241669
-100.816592	124.909015	-196.577586
-100.993036	124.735961	-196.921625
-101.173644	124.558822	-197.273785
-101.358418	124.377597	-197.634067
-101.547357	124.192287	-198.002471
-101.740462	124.002892	-198.378996
-101.937731	123.809411	-198.763643
-102.139166	123.611846	-199.156412
-102.344767	123.410195	-199.557302
-102.437905	123.318846	-199.738908
-102.535208	123.223411	-199.928635
-102.636677	123.123892	-200.126484
-102.742311	123.020287	-200.332455
-102.852110	122.912597	-200.546547
-102.966074	122.800821	-200.768761
-103.084204	122.684961	-200.999097
-103.206499	122.565015	-201.237554
-103.332959	122.440984	-201.484133
-103.463585	122.312867	-201.738834
-103.598376	122.180665	-202.001656
-103.737332	122.044379	-202.272600
-103.880453	121.904006	-202.551666
-104.027739	121.759549	-202.838853
-104.179191	121.611006	-203.134162
-104.334808	121.458378	-203.437592
-104.494591	121.301665	-203.749144
-104.658538	121.140867	-204.068818
-104.826651	120.975983	-204.396614
-104.998929	120.807014	-204.732531
-105.175373	120.633960	-205.076570
-105.355981	120.456820	-205.428730
-105.540755	120.275596	-205.789012
-105.729695	120.090286	-206.157416
-105.922799	119.900890	-206.533941
-106.120069	119.707410	-206.918588
-106.321504	119.509844	-207.311357
-106.527104	119.308193	-207.712247
-106.620242	119.216844	-207.893853
-106.717545	119.121410	-208.083580
-106.819014	119.021890	-208.281429
-106.924648	118.918285	-208.487400
-107.034447	118.810595	-208.701492
-107.148412	118.698820	-208.923706
-107.266541	118.582959	-209.154042
-107.388836	118.463013	-209.392499
-107.515297	118.338982	-209.639078
-107.645922	118.210866	-209.893779
-107.780713	118.078664	-210.156601
-107.919669	117.942377	-210.427545
-108.062790	117.802005	-210.706610
-108.210077	117.657548	-210.993798
-108.361529	117.509005	-211.289107
-108.517146	117.356377	-211.592537
-108.676928	117.199664	-211.904089
-108.840876	117.038865	-212.223763
-109.008988	116.873982	-212.551559
-109.181267	116.705013	-212.887476
-109.357710	116.531959	-213.231514
-109.538319	116.354819	-213.583675
-109.723093	116.173594	-213.943957
-109.912032	115.988284	-214.312361
-110.105136	115.798889	-214.688886
-110.302406	115.605409	-215.073533
-110.503841	115.407843	-215.466302
-110.709441	115.206192	-215.867192
-110.802579	115.114843	-216.048798
-110.899883	115.019408	-216.238525
-111.001351	114.919889	-216.436374
-111.106985	114.816284	-216.642345
-111.216784	114.708594	-216.856437
-111.330749	114.596818	-217.078651
-111.448879	114.480958	-217.308987
-111.571174	114.361012	-217.547444
-111.697634	114.236981	-217.794023
-111.828259	114.108864	-218.048724
-111.963050	113.976663	-218.311546
-112.102006	113.840376	-218.582490
-112.245127	113.700004	-218.861555
-112.392414	113.555546	-219.148743
-112.543866	113.407004	-219.444052
-112.699483	113.254376	-219.747482
-112.859265	113.097662	-220.059034
-113.023213	112.936864	-220.378708
-113.191326	112.771980	-220.706503
-113.363604	112.603011	-221.042421
-113.540047	112.429957	-221.386459
-113.720656	112.252818	-221.738620
-113.905430	112.071593	-222.098902
-114.094369	111.886283	-222.467306
-114.287473	111.696888	-222.843831
-114.484743	111.503407	-223.228478
-114.686178	111.305842	-223.621247
-114.891778	111.104191	-224.022137
-114.984917	111.012841	-224.203743
-115.082220	110.917407	-224.393470
-115.183689	110.817887	-224.591319
-115.289323	110.714283	-224.797290
-115.399122	110.606592	-225.011382
-115.513086	110.494817	-225.233596
-115.631216	110.378956	-225.463932
-115.753511	110.259011	-225.702389
-115.879971	110.134979	-225.948968
-116.010597	110.006863	-226.203669
-116.145387	109.874661	-226.466491
-116.284343	109.738374	-226.737435
-116.427465	109.598002	-227.016500
-116.574751	109.453545	-227.303688
-116.726203	109.305002	-227.598996
-116.881820	109.152374	-227.902427
-117.041602	108.995661	-228.213979
-117.205550	108.834863	-228.533653
-117.373663	108.669979	-228.861448
-117.545941	108.501010	-229.197366
-117.722384	108.327956	-229.541404
-117.902993	108.150816	-229.893565
-118.087767	107.969592	-230.253847
-118.276706	107.784282	-230.622251
-118.469811	107.594886	-230.998776
-118.667080	107.401406	-231.383423
-118.868515	107.203840	-231.776192
-119.074116	107.002189	-232.177082
-119.167254	106.910840	-232.358688
-119.264557	106.815406	-232.548415
-119.366026	106.715886	-232.746264
-119.471660	106.612281	-232.952235
-119.581459	106.504591	-233.166327
-119.695423	106.392816	-233.388541
-119.813553	106.276955	-233.618877
-119.935848	106.157009	-233.857334
-120.062308	106.032978	-234.103913
-120.192934	105.904862	-234.358614
-120.327725	105.772660	-234.621436
-120.466681	105.636373	-234.892380
-120.609802	105.496001	-235.171445
-120.757088	105.351544	-235.458633
-120.908540	105.203001	-235.753941
-121.064157	105.050373	-236.057372
-121.223940	104.893660	-236.368924
-121.387887	104.732861	-236.688598
-121.556000	104.567978	-237.016393
-121.728278	104.399009	-237.352311
-121.904722	104.225954	-237.696349
-122.085330	104.048815	-238.048510
-122.270104	103.867590	-238.408792
-122.459043	103.682280	-238.777196
-122.652148	103.492885	-239.153721
-122.849418	103.299405	-239.538368
-123.050853	103.101839	-239.931137
-123.256453	102.900188	-240.332027
-123.349591	102.808839	-240.513633
-123.446894	102.713404	-240.703360
-123.548363	102.613885	-240.901209
-123.653997	102.510280	-241.107180
-123.763796	102.402590	-241.321272
-123.877761	102.290814	-241.543486
-123.995890	102.174954	-241.773822
-124.118185	102.055008	-242.012279
-124.244646	101.930977	-242.258858
-124.375271	101.802860	-242.513559
-124.510062	101.670659	-242.776381
-124.649018	101.534372	-243.047325
-124.792139	101.394000	-243.326390
-124.939426	101.249542	-243.613577
-125.090878	101.101000	-243.908886
-125.246495	100.948372	-244.212317
-125.406277	100.791658	-244.523869
-125.570225	100.630860	-244.843543
-125.738337	100.465976	-245.171338
-125.910616	100.297007	-245.507255
-126.087059	100.123953	-245.851294
-126.267668	99.946814	-246.203455
-126.452442	99.765589	-246.563737
-126.641381	99.580279	-246.932141
-126.834485	99.390884	-247.308666
-127.031755	99.197403	-247.693313
-127.233190	98.999837	-248.086082
-127.438790	98.798186	-248.486972
-127.531928	98.706837	-248.668578
-127.629232	98.611403	-248.858305
-127.730700	98.511883	-249.056154
-127.836334	98.408279	-249.262125
-127.946133	98.300588	-249.476217
-128.060098	98.188813	-249.698431
-128.178228	98.072952	-249.928767
-128.300523	97.953007	-250.167224
-128.426983	97.828975	-250.413803
-128.557608	97.700859	-250.668504
-128.692399	97.568657	-250.931326
-128.831355	97.432370	-251.202270
-128.974476	97.291998	-251.481335
-129.121763	97.147541	-251.768522
-129.273215	96.998998	-252.063831
-129.428832	96.846370	-252.367262
-129.588614	96.689657	-252.678814
-129.752562	96.528859	-252.998488
-129.920675	96.363975	-253.326283
-130.092953	96.195006	-253.662200
-130.269396	96.021952	-254.006239
-130.450005	95.844812	-254.358400
-130.634779	95.663588	-254.718682
-130.823718	95.478278	-255.087085
-131.016822	95.288882	-255.463611
-131.214092	95.095402	-255.848258
-131.415527	94.897836	-256.241027
-131.621127	94.696185	-256.641917
-131.714266	94.604836	-256.823523
-131.811569	94.509402	-257.013250
-131.913038	94.409882	-257.211099
-132.018671	94.306277	-257.417070
-132.128471	94.198587	-257.631162
-132.242435	94.086812	-257.853376
-132.360565	93.970951	-258.083712
-132.482860	93.851005	-258.322169
-132.609320	93.726974	-258.568748
-132.739946	93.598858	-258.823448
-132.874736	93.466656	-259.086271
-133.013692	93.330369	-259.357215
-133.156814	93.189997	-259.636280
-133.304100	93.045539	-259.923467
-133.455552	92.896997	-260.218776
-133.611169	92.744369	-260.522207
-133.770951	92.587656	-260.833759
-133.934899	92.426857	-261.153433
-134.103012	92.261974	-261.481228
-134.275290	92.093005	-261.817145
-134.451733	91.919950	-262.161184
-134.632342	91.742811	-262.513345
-134.817116	91.561586	-262.873627
-135.006055	91.376276	-263.242030
-135.199160	91.186881	-263.618556
-135.396429	90.993401	-264.003203
-135.597864	90.795835	-264.395972
-135.803465	90.594184	-264.796862
-135.896603	90.502835	-264.978468
-135.993906	90.407400	-265.168195
-136.095375	90.307881	-265.366044
-136.201009	90.204276	-265.572015
-136.310808	90.096586	-265.786107
-136.424772	89.984810	-266.008321
-136.542902	89.868950	-266.238657
-136.665197	89.749004	-266.477114
-136.791657	89.624973	-266.723693
-136.922283	89.496856	-266.978393
-137.057074	89.364655	-267.241216
-137.196030	89.228368	-267.512160
-137.339151	89.087996	-267.791225
-137.486437	88.943538	-268.078412
-137.637889	88.794995	-268.373721
-137.793506	88.642368	-268.677152
-137.953289	88.485654	-268.988704
-138.117236	88.324856	-269.308378
-138.285349	88.159972	-269.636173
-138.457627	87.991003	-269.972090
-138.634071	87.817949	-270.316129
-138.814679	87.640810	-270.668290
-138.999453	87.459585	-271.028572
-139.188392	87.274275	-271.396975
-139.381497	87.084880	-271.773501
-139.578767	86.891399	-272.158148
-139.780202	86.693833	-272.550917
-139.985802	86.492182	-272.951807
-140.078940	86.400833	-273.133413
-140.176243	86.305399	-273.323140
-140.277712	86.205879	-273.520989
-140.383346	86.102274	-273.726960
-140.493145	85.994584	-273.941052
-140.607110	85.882809	-274.163266
-140.725239	85.766948	-274.393602
-140.847534	85.647002	-274.632059
-140.973995	85.522971	-274.878638
-141.104620	85.394855	-275.133338
-141.239411	85.262653	-275.396161
-141.378367	85.126366	-275.667104
-141.521488	84.985994	-275.946170
-141.668775	84.841537	-276.233357
-141.820226	84.692994	-276.528666
