-26.834329	234.535463	10.279369
-26.897816	234.436139	10.268100
-26.969667	234.332360	10.260024
-27.049887	234.224128	10.255131
-27.138479	234.111445	10.253413
-27.235449	233.994310	10.254860
-27.340799	233.872725	10.259462
-27.454534	233.746691	10.267211
-27.576658	233.616209	10.278097
-27.707175	233.481281	10.292111
-27.846089	233.341907	10.309244
-27.993404	233.198088	10.329488
-28.149123	233.049826	10.352833
-28.313251	232.897122	10.379270
-28.485791	232.739976	10.408791
-28.666747	232.578391	10.441387
-28.856123	232.412366	10.477050
-29.053922	232.241904	10.515771
-29.260148	232.067004	10.557543
-29.474804	231.887669	10.602356
-29.697894	231.703900	10.650202
-29.929422	231.515697	10.701075
-30.169390	231.323061	10.754966
-30.417802	231.125994	10.811866
-30.674662	230.924497	10.871770
-30.939972	230.718571	10.934668
-31.213736	230.508217	11.000554
-31.495957	230.293436	11.069421
-31.786638	230.074230	11.141261
-32.085782	229.850598	11.216067
-32.393392	229.622544	11.293833
-32.709471	229.390066	11.374551
-33.034023	229.153168	11.458216
-33.367048	228.911849	11.544820
-33.708552	228.666112	11.634357
-34.058535	228.415956	11.726821
-34.417002	228.161384	11.822206
-34.783954	227.902396	11.920505
-35.159395	227.638994	12.021714
-35.543326	227.371178	12.125826
-35.935751	227.098950	12.232835
-36.336671	226.822311	12.342737
-36.516444	226.698905	12.392261
-36.704716	226.571089	12.444670
-36.901488	226.438864	12.499960
-37.106761	226.302230	12.558131
-37.320537	226.161189	12.619179
-37.542816	226.015740	12.683102
-37.773600	225.865884	12.749898
-38.012889	225.711622	12.819565
-38.260684	225.552954	12.892101
-38.516987	225.389880	12.967503
-38.781797	225.222402	13.045770
-39.055118	225.050519	13.126899
-39.336948	224.874232	13.210889
-39.627289	224.693541	13.297737
-39.926143	224.508448	13.387441
-40.233510	224.318952	13.480000
-40.549390	224.125055	13.575411
-40.873785	223.926756	13.673673
-41.206696	223.724056	13.774784
-41.548124	223.516956	13.878742
-41.898069	223.305455	13.985545
-42.256532	223.089556	14.095191
-42.623514	222.869258	14.207679
-42.999016	222.644561	14.323007
-43.383039	222.415467	14.441173
-43.775584	222.181975	14.562176
-44.176651	221.944087	14.686013
-44.586241	221.701802	14.812685
-44.772321	221.592018	14.870319
-44.966925	221.477838	14.930785
-45.170053	221.359264	14.994082
-45.381707	221.236294	15.060208
-45.601886	221.108929	15.129164
-45.830591	220.977170	15.200948
-46.067822	220.841016	15.275560
-46.313579	220.700469	15.352999
-46.567863	220.555527	15.433265
-46.830674	220.406192	15.516357
-47.102012	220.252464	15.602274
-47.381878	220.094342	15.691016
-47.670272	219.931827	15.782582
-47.967194	219.764920	15.876971
-48.272645	219.593620	15.974184
-48.586624	219.417928	16.074219
-48.909133	219.237844	16.177075
-49.240172	219.053369	16.282753
-49.579740	218.864501	16.391251
-49.927839	218.671243	16.502570
-50.284468	218.473593	16.616708
-50.649627	218.271553	16.733665
-51.023318	218.065122	16.853441
-51.405540	217.854301	16.976035
-51.796294	217.639089	17.101446
-52.195580	217.419488	17.229674
-52.603398	217.195497	17.360719
-53.019748	216.967117	17.494579
-53.208487	216.863718	17.555292
-53.405759	216.755929	17.618821
-53.611564	216.643752	17.685165
-53.825902	216.527186	17.754324
-54.048774	216.406231	17.826297
-54.280179	216.280887	17.901085
-54.520117	216.151155	17.978687
-54.768589	216.017035	18.059103
-55.025595	215.878527	18.142333
-55.291135	215.735630	18.228377
-55.565208	215.588345	18.317234
-55.847816	215.436672	18.408905
-56.138958	215.280612	18.503389
-56.438635	215.120163	18.600685
-56.746846	214.955327	18.700794
-57.063591	214.786104	18.803716
-57.388871	214.612493	18.909451
-57.722686	214.434495	19.017997
-58.065036	214.252110	19.129356
-58.415921	214.065337	19.243526
-58.775342	213.874178	19.360508
-59.143297	213.678632	19.480301
-59.519788	213.478699	19.602906
-59.904814	213.274379	19.728322
-60.298376	213.065673	19.856549
-60.700474	212.852580	19.987587
-61.111107	212.635102	20.121436
-61.530277	212.413237	20.258095
-61.720200	212.312769	20.320026
-61.918659	212.207916	20.384768
-62.125655	212.098677	20.452321
-62.341186	211.985052	20.522683
-62.565254	211.867041	20.595856
-62.797858	211.744644	20.671838
-63.038999	211.617862	20.750631
-63.288676	211.486694	20.832233
-63.546889	211.351140	20.916646
-63.813639	211.211200	21.003868
-64.088925	211.066875	21.093900
-64.372748	210.918164	21.186741
-64.665107	210.765068	21.282392
-64.966003	210.607586	21.380853
-65.275436	210.445719	21.482123
-65.593406	210.279467	21.586203
-65.919912	210.108829	21.693092
-66.254955	209.933806	21.802791
-66.598535	209.754398	21.915298
-66.950652	209.570605	22.030615
-67.311306	209.382427	22.148741
-67.680497	209.189864	22.269676
-68.058224	208.992916	22.393421
-68.444489	208.791582	22.519974
-68.839292	208.585864	22.649336
-69.242631	208.375762	22.781507
-69.654508	208.161274	22.916487
-70.074921	207.942402	23.054275
-70.265384	207.843271	23.116703
-70.464384	207.739756	23.181940
-70.671921	207.631857	23.249985
-70.887995	207.519573	23.320839
-71.112607	207.402904	23.394501
-71.345756	207.281850	23.470973
-71.587443	207.156413	23.550252
-71.837667	207.026590	23.632341
-72.096429	206.892383	23.717238
-72.363728	206.753792	23.804943
-72.639565	206.610816	23.895457
-72.923939	206.463456	23.988780
-73.216850	206.311712	24.084911
-73.518300	206.155583	24.183850
-73.828287	205.995070	24.285598
-74.146811	205.830172	24.390154
-74.473873	205.660890	24.497519
-74.809473	205.487224	24.607692
-75.153610	205.309174	24.720673
-75.506285	205.126739	24.836463
-75.867498	204.939920	24.955061
-76.237248	204.748717	25.076467
-76.615536	204.553130	25.200682
-77.002362	204.353159	25.327705
-77.397725	204.148803	25.457536
-77.801627	203.940064	25.590176
-78.214066	203.726940	25.725623
-78.635043	203.509433	25.863879
-78.825753	203.410910	25.926513
-79.025001	203.308004	25.991956
-79.232786	203.200713	26.060206
-79.449110	203.089038	26.131265
-79.673971	202.972980	26.205132
-79.907370	202.852537	26.281806
-80.149307	202.727711	26.361290
-80.399782	202.598501	26.443581
-80.658795	202.464906	26.528680
-80.926345	202.326928	26.616588
-81.202434	202.184566	26.707303
-81.487061	202.037820	26.800827
-81.780225	201.886690	26.897159
-82.081927	201.731176	26.996298
-82.392168	201.571278	27.098246
-82.710946	201.406997	27.203002
-83.038262	201.238332	27.310566
-83.374117	201.065282	27.420939
-83.718509	200.887849	27.534119
-84.071439	200.706033	27.650107
-84.432907	200.519832	27.768903
-84.802913	200.329248	27.890508
-85.181457	200.134280	28.014920
-85.568539	199.934928	28.142140
-85.964160	199.731192	28.272169
-86.368318	199.523072	28.405005
-86.781014	199.310569	28.540650
-87.202248	199.093682	28.679102
-87.393072	198.995436	28.741823
-87.592434	198.892806	28.807353
-87.800333	198.785792	28.875690
-88.016771	198.674394	28.946835
-88.241747	198.558613	29.020788
-88.475261	198.438448	29.097549
-88.717313	198.313899	29.177118
-88.967903	198.184966	29.259495
-89.227031	198.051650	29.344680
-89.494697	197.913951	29.432673
-89.770902	197.771867	29.523474
-90.055644	197.625400	29.617083
-90.348925	197.474549	29.713500
-90.650743	197.319315	29.812725
-90.961100	197.159697	29.914758
-91.279995	196.995695	30.019599
-91.607427	196.827310	30.127248
-91.943398	196.654541	30.237704
-92.287907	196.477389	30.350969
-92.640955	196.295853	30.467042
-93.002540	196.109933	30.585922
-93.372663	195.919630	30.707611
-93.751325	195.724943	30.832107
-94.138524	195.525872	30.959412
-94.534262	195.322418	31.089524
-94.938538	195.114580	31.222445
-95.351352	194.902359	31.358173
-95.772704	194.685754	31.496709
-95.963580	194.587633	31.559467
-96.162994	194.485128	31.625034
-96.370947	194.378240	31.693408
-96.587437	194.266968	31.764590
-96.812465	194.151313	31.838580
-97.046032	194.031274	31.915378
-97.288137	193.906851	31.994984
-97.538780	193.778045	32.077398
-97.797961	193.644855	32.162619
-98.065680	193.507282	32.250649
-98.341938	193.365325	32.341487
-98.626733	193.218985	32.435132
-98.920067	193.068261	32.531585
-99.221939	192.913154	32.630847
-99.532349	192.753663	32.732916
-99.851297	192.589788	32.837793
-100.178783	192.421530	32.945478
-100.514808	192.248889	33.055971
-100.859371	192.071863	33.169272
-101.212472	191.890455	33.285381
-101.574111	191.704663	33.404298
-101.944288	191.514487	33.526023
-102.323003	191.319928	33.650555
-102.710257	191.120985	33.777896
-103.106049	190.917659	33.908044
-103.510378	190.709949	34.041001
-103.923247	190.497856	34.176765
-104.344653	190.281380	34.315337
-104.535553	190.183315	34.378112
-104.734991	190.080868	34.443694
-104.942967	189.974036	34.512084
-105.159482	189.862821	34.583282
-105.384534	189.747223	34.657288
-105.618125	189.627241	34.734102
-105.860254	189.502876	34.813723
-106.110921	189.374127	34.896153
-106.370127	189.240995	34.981391
-106.637870	189.103479	35.069436
-106.914152	188.961580	35.160289
-107.198972	188.815297	35.253951
-107.492330	188.664631	35.350420
-107.794227	188.509581	35.449697
-108.104661	188.350148	35.551782
-108.423634	188.186331	35.656675
-108.751145	188.018131	35.764376
-109.087194	187.845547	35.874885
-109.431781	187.668580	35.988201
-109.784907	187.487230	36.104326
-110.146570	187.301496	36.223258
-110.516772	187.111378	36.344999
-110.895512	186.916877	36.469547
-111.282791	186.717992	36.596903
-111.678607	186.514724	36.727067
-112.082962	186.307073	36.860039
-112.495855	186.095038	36.995819
-112.917286	185.878619	37.134407
-113.108197	185.780581	37.197188
-113.307646	185.678159	37.262777
-113.515633	185.571354	37.331174
-113.732159	185.460165	37.402379
-113.957222	185.344592	37.476392
-114.190824	185.224637	37.553212
-114.432964	185.100297	37.632841
-114.683643	184.971575	37.715278
-114.942859	184.838469	37.800522
-115.210614	184.700979	37.888574
-115.486907	184.559106	37.979435
-115.771738	184.412849	38.073103
-116.065108	184.262209	38.169579
-116.367015	184.107186	38.268863
-116.677461	183.947779	38.370955
-116.996445	183.783988	38.475854
-117.323967	183.615814	38.583562
-117.660027	183.443257	38.694078
-118.004626	183.266316	38.807401
-118.357763	183.084992	38.923532
-118.719438	182.899284	39.042472
-119.089651	182.709193	39.164219
-119.468402	182.514718	39.288774
-119.855692	182.315860	39.416137
-120.251520	182.112618	39.546308
-120.655886	181.904993	39.679287
-121.068790	181.692985	39.815073
-121.490232	181.476593	39.953668
-121.681148	181.378566	40.016452
-121.880603	181.276156	40.082044
-122.088595	181.169362	40.150444
-122.305126	181.058185	40.221652
-122.530194	180.942625	40.295668
-122.763801	180.822681	40.372492
-123.005947	180.698354	40.452123
-123.256630	180.569643	40.534563
-123.515852	180.436548	40.619810
-123.783612	180.299071	40.707866
-124.059910	180.157209	40.798729
-124.344746	180.010965	40.892400
-124.638121	179.860337	40.988879
-124.940033	179.705325	41.088166
-125.250484	179.545930	41.190261
-125.569473	179.382151	41.295164
-125.897001	179.213989	41.402874
-126.233066	179.041444	41.513393
-126.577670	178.864515	41.626719
-126.930812	178.683203	41.742854
-127.292492	178.497507	41.861796
-127.662710	178.307428	41.983546
-128.041467	178.112965	42.108104
-128.428762	177.914119	42.235470
-128.824595	177.710889	42.365644
-129.228966	177.503276	42.498626
-129.641875	177.291280	42.634415
-130.063323	177.074900	42.773013
-130.254241	176.976879	42.835798
-130.453698	176.874474	42.901392
-130.661693	176.767686	42.969793
-130.878225	176.656514	43.041002
-131.103297	176.540959	43.115020
-131.336906	176.421020	43.191845
-131.579054	176.296698	43.271478
-131.829739	176.167993	43.353918
-132.088963	176.034904	43.439167
-132.356726	175.897432	43.527224
-132.633026	175.755576	43.618088
-132.917865	175.609336	43.711761
-133.211241	175.458714	43.808241
-133.513156	175.303708	43.907529
-133.823610	175.144318	44.009626
-134.142601	174.980545	44.114530
-134.470131	174.812388	44.222242
-134.806199	174.639848	44.332761
-135.150805	174.462925	44.446089
-135.503949	174.281618	44.562225
-135.865632	174.095928	44.681168
-136.235852	173.905854	44.802920
-136.614611	173.711397	44.927479
-137.001909	173.512556	45.054846
-137.397744	173.309332	45.185022
-137.802118	173.101724	45.318005
-138.215029	172.889733	45.453796
-138.636479	172.673359	45.592395
-138.827399	172.575340	45.655181
-139.026856	172.472938	45.720775
-139.234852	172.366152	45.789177
-139.451386	172.254983	45.860386
-139.676458	172.139430	45.934404
-139.910069	172.019494	46.011230
-140.152217	171.895174	46.090863
-140.402904	171.766471	46.173305
-140.662129	171.633385	46.258554
-140.929893	171.495915	46.346611
-141.206194	171.354062	46.437476
-141.491034	171.207825	46.531149
-141.784412	171.057205	46.627630
-142.086328	170.902201	46.726919
-142.396782	170.742814	46.829016
-142.715775	170.579043	46.933921
-143.043305	170.410889	47.041633
-143.379374	170.238352	47.152154
-143.723982	170.061431	47.265482
-144.077127	169.880126	47.381618
-144.438811	169.694439	47.500562
-144.809032	169.504367	47.622314
-145.187793	169.309913	47.746874
-145.575091	169.111074	47.874242
-145.970927	168.907853	48.004418
-146.375302	168.700248	48.137402
-146.788215	168.488259	48.273193
-147.209666	168.271887	48.411793
-147.400586	168.173869	48.474579
-147.600044	168.071468	48.540173
-147.808040	167.964684	48.608575
-148.024575	167.853515	48.679785
-148.249647	167.737964	48.753803
-148.483258	167.618029	48.830629
-148.725407	167.493710	48.910263
-148.976095	167.365009	48.992705
-149.235320	167.231923	49.077954
-149.503084	167.094454	49.166012
-149.779386	166.952602	49.256877
-150.064226	166.806367	49.350551
-150.357605	166.655747	49.447032
-150.659521	166.500745	49.546321
-150.969976	166.341359	49.648418
-151.288969	166.177589	49.753323
-151.616500	166.009436	49.861035
-151.952570	165.836900	49.971556
-152.297178	165.659980	50.084885
-152.650323	165.478677	50.201021
-153.012008	165.292990	50.319966
-153.382230	165.102920	50.441718
-153.760990	164.908467	50.566278
-154.148289	164.709629	50.693646
-154.544126	164.506409	50.823822
-154.948501	164.298805	50.956806
-155.361415	164.086818	51.092598
-155.782866	163.870447	51.231198
-155.973786	163.772430	51.293984
-156.173245	163.670029	51.359579
-156.381241	163.563245	51.427981
-156.597776	163.452077	51.499191
-156.822849	163.336526	51.573209
-157.056460	163.216592	51.650035
-157.298609	163.092274	51.729669
-157.549297	162.963572	51.812111
-157.808523	162.830487	51.897361
-158.076287	162.693019	51.985418
-158.352589	162.551167	52.076284
-158.637429	162.404932	52.169957
-158.930808	162.254314	52.266438
-159.232725	162.099312	52.365728
-159.543180	161.939926	52.467825
-159.862173	161.776157	52.572730
-160.189705	161.608005	52.680443
-160.525774	161.435469	52.790963
-160.870382	161.258550	52.904292
-161.223528	161.077247	53.020429
-161.585213	160.891561	53.139373
-161.955435	160.701491	53.261126
-162.334196	160.507038	53.385686
-162.721495	160.308201	53.513054
-163.117332	160.104981	53.643230
-163.521708	159.897378	53.776214
-163.934621	159.685391	53.912006
-164.356073	159.469021	54.050606
-164.546993	159.371004	54.113393
-164.746452	159.268603	54.178987
-164.954448	159.161819	54.247389
-165.170983	159.050652	54.318600
-165.396056	158.935101	54.392618
-165.629667	158.815167	54.469444
-165.871817	158.690849	54.549078
-166.122504	158.562148	54.631520
-166.381730	158.429064	54.716769
-166.649494	158.291596	54.804827
-166.925797	158.149744	54.895693
-167.210637	158.003509	54.989366
-167.504016	157.852891	55.085847
-167.805933	157.697889	55.185137
-168.116388	157.538504	55.287234
-168.435381	157.374735	55.392139
-168.762913	157.206583	55.499852
-169.098983	157.034047	55.610373
-169.443591	156.857128	55.723701
-169.796737	156.675826	55.839838
-170.158422	156.490140	55.958783
-170.528644	156.300070	56.080535
-170.907405	156.105617	56.205095
-171.294704	155.906781	56.332464
-171.690541	155.703561	56.462640
-172.094917	155.495958	56.595624
-172.507831	155.283972	56.731416
-172.929283	155.067601	56.870016
-173.120203	154.969585	56.932802
-173.319661	154.867184	56.998397
-173.527658	154.760400	57.066799
-173.744193	154.649233	57.138009
-173.969266	154.533682	57.212028
-174.202877	154.413748	57.288854
-174.445027	154.289431	57.368488
-174.695714	154.160730	57.450929
-174.954940	154.027645	57.536179
-175.222704	153.890177	57.624237
-175.499007	153.748326	57.715102
-175.783847	153.602091	57.808776
-176.077226	153.451473	57.905257
-176.379143	153.296471	58.004547
-176.689598	153.137086	58.106644
-177.008592	152.973317	58.211549
-177.336123	152.805165	58.319262
-177.672193	152.632630	58.429783
-178.016801	152.455711	58.543112
-178.369948	152.274408	58.659248
-178.731632	152.088722	58.778193
-179.101855	151.898653	58.899945
-179.480616	151.704200	59.024506
-179.867915	151.505364	59.151874
-180.263752	151.302145	59.282050
-180.668128	151.094542	59.415034
-181.081042	150.882555	59.550826
-181.502494	150.666185	59.689426
-181.693414	150.568168	59.752213
-181.892872	150.465768	59.817807
-182.100869	150.358984	59.886210
-182.317404	150.247817	59.957420
-182.542477	150.132266	60.031438
-182.776088	150.012332	60.108264
-183.018238	149.888015	60.187898
-183.268925	149.759314	60.270340
-183.528151	149.626229	60.355590
-183.795916	149.488761	60.443647
-184.072218	149.346910	60.534513
-184.357059	149.200675	60.628186
-184.650437	149.050057	60.724668
-184.952354	148.895055	60.823957
-185.262810	148.735670	60.926054
-185.581803	148.571902	61.030959
-185.909335	148.403750	61.138672
-186.245405	148.231214	61.249193
-186.590013	148.054295	61.362522
-186.943159	147.872993	61.478659
-187.304844	147.687307	61.597603
-187.675066	147.497238	61.719356
-188.053827	147.302785	61.843916
-188.441126	147.103949	61.971285
-188.836964	146.900729	62.101461
-189.241339	146.693126	62.234445
-189.654253	146.481140	62.370237
-190.075705	146.264770	62.508837
-190.266625	146.166753	62.571623
-190.466084	146.064353	62.637218
-190.674080	145.957569	62.705620
-190.890615	145.846402	62.776830
-191.115688	145.730851	62.850849
-191.349300	145.610917	62.927675
-191.591449	145.486600	63.007309
-191.842137	145.357899	63.089751
-192.101363	145.224814	63.175000
-192.369127	145.087346	63.263058
-192.645430	144.945495	63.353924
-192.930270	144.799260	63.447597
-193.223649	144.648642	63.544079
-193.525566	144.493641	63.643368
-193.836021	144.334255	63.745465
-194.155015	144.170487	63.850370
-194.482546	144.002335	63.958083
-194.818616	143.829799	64.068604
-195.163224	143.652881	64.181933
-195.516371	143.471578	64.298070
-195.878055	143.285893	64.417014
-196.248278	143.095823	64.538767
-196.627039	142.901371	64.663327
-197.014338	142.702535	64.790695
-197.410175	142.499315	64.920872
-197.814551	142.291712	65.053856
-198.227465	142.079726	65.189648
-198.648917	141.863356	65.328248
-198.839837	141.765339	65.391034
-199.039296	141.662938	65.456629
-199.247292	141.556155	65.525031
-199.463827	141.444988	65.596241
-199.688900	141.329437	65.670259
-199.922512	141.209503	65.747086
-200.164661	141.085185	65.826720
-200.415349	140.956484	65.909161
-200.674575	140.823400	65.994411
-200.942339	140.685932	66.082469
-201.218641	140.544081	66.173334
-201.503482	140.397846	66.267008
-201.796861	140.247228	66.363489
-202.098778	140.092226	66.462779
-202.409233	139.932841	66.564876
-202.728227	139.769073	66.669781
-203.055758	139.600921	66.777494
-203.391828	139.428385	66.888015
-203.736436	139.251466	67.001344
-204.089583	139.070164	67.117480
-204.451267	138.884478	67.236425
-204.821490	138.694409	67.358177
-205.200251	138.499956	67.482738
-205.587550	138.301120	67.610106
-205.983387	138.097901	67.740282
-206.387763	137.890298	67.873266
-206.800677	137.678311	68.009059
-207.222129	137.461941	68.147658
-207.413049	137.363925	68.210445
-207.612508	137.261524	68.276039
-207.820504	137.154741	68.344442
-208.037039	137.043573	68.415652
-208.262112	136.928023	68.489670
-208.495724	136.808089	68.566496
-208.737873	136.683771	68.646130
-208.988561	136.555070	68.728572
-209.247787	136.421986	68.813822
-209.515551	136.284518	68.901880
-209.791853	136.142667	68.992745
-210.076694	135.996432	69.086419
-210.370073	135.845814	69.182900
-210.671990	135.690812	69.282190
-210.982445	135.531427	69.384287
-211.301439	135.367659	69.489192
-211.628970	135.199507	69.596905
-211.965040	135.026971	69.707426
-212.309648	134.850052	69.820755
-212.662795	134.668750	69.936891
-213.024479	134.483064	70.055836
-213.394702	134.292995	70.177588
-213.773463	134.098542	70.302149
-214.160762	133.899706	70.429517
-214.556599	133.696487	70.559693
-214.960975	133.488884	70.692677
-215.373889	133.276897	70.828469
-215.795341	133.060527	70.967069
-215.986261	132.962511	71.029856
-216.185720	132.860110	71.095450
-216.393716	132.753327	71.163853
-216.610251	132.642159	71.235063
-216.835324	132.526609	71.309081
-217.068936	132.406675	71.385907
-217.311085	132.282357	71.465541
-217.561773	132.153656	71.547983
-217.820999	132.020572	71.633233
-218.088763	131.883104	71.721291
-218.365065	131.741253	71.812156
-218.649906	131.595018	71.905830
-218.943285	131.444400	72.002311
-219.245202	131.289398	72.101600
-219.555657	131.130013	72.203698
-219.874651	130.966245	72.308603
-220.202182	130.798093	72.416316
-220.538252	130.625557	72.526837
-220.882860	130.448638	72.640165
-221.236007	130.267336	72.756302
-221.597691	130.081650	72.875247
-221.967914	129.891581	72.996999
-222.346675	129.697128	73.121560
-222.733974	129.498292	73.248928
-223.129811	129.295073	73.379104
-223.534187	129.087470	73.512088
-223.947101	128.875483	73.647880
-224.368553	128.659114	73.786480
-224.559473	128.561097	73.849267
-224.758932	128.458696	73.914861
-224.966928	128.351913	73.983264
-225.183463	128.240746	74.054474
-225.408536	128.125195	74.128492
-225.642148	128.005261	74.205318
-225.884297	127.880943	74.284952
-226.134985	127.752242	74.367394
-226.394211	127.619158	74.452644
-226.661975	127.481690	74.540702
-226.938278	127.339839	74.631567
-227.223118	127.193604	74.725241
-227.516497	127.042986	74.821722
-227.818414	126.887984	74.921011
-228.128869	126.728599	75.023108
-228.447863	126.564831	75.128014
-228.775394	126.396679	75.235727
-229.111464	126.224143	75.346247
-229.456072	126.047224	75.459576
-229.809219	125.865922	75.575713
-230.170903	125.680236	75.694658
-230.541126	125.490167	75.816410
-230.919887	125.295715	75.940971
-231.307186	125.096878	76.068339
-231.703023	124.893659	76.198515
-232.107399	124.686056	76.331499
-232.520313	124.474070	76.467291
-232.941765	124.257700	76.605891
-233.132685	124.159683	76.668678
-233.332144	124.057283	76.734272
-233.540140	123.950499	76.802674
-233.756675	123.839332	76.873885
-233.981748	123.723781	76.947903
-234.215360	123.603847	77.024729
-234.457509	123.479529	77.104363
-234.708197	123.350828	77.186805
-234.967423	123.217744	77.272055
-235.235187	123.080276	77.360112
-235.511490	122.938425	77.450978
-235.796330	122.792190	77.544651
-236.089709	122.641572	77.641133
-236.391626	122.486570	77.740422
-236.702081	122.327185	77.842519
-237.021075	122.163417	77.947424
-237.348606	121.995265	78.055137
-237.684676	121.822729	78.165658
-238.029284	121.645811	78.278987
-238.382431	121.464508	78.395124
-238.744115	121.278822	78.514068
-239.114338	121.088753	78.635821
-239.493099	120.894301	78.760381
-239.880398	120.695465	78.887750
-240.276236	120.492245	79.017926
-240.680611	120.284642	79.150910
-241.093525	120.072656	79.286702
-241.514977	119.856286	79.425302
-241.705897	119.758269	79.488089
-241.905356	119.655869	79.553683
-242.113352	119.549085	79.622085
-242.329887	119.437918	79.693296
-242.554960	119.322367	79.767314
-242.788572	119.202433	79.844140
-243.030721	119.078116	79.923774
-243.281409	118.949415	80.006216
-243.540635	118.816330	80.091466
-243.808399	118.678862	80.179523
-244.084702	118.537011	80.270389
-244.369542	118.390776	80.364062
-244.662921	118.240158	80.460544
-244.964838	118.085157	80.559833
-245.275293	117.925771	80.661930
-245.594287	117.762003	80.766835
-245.921818	117.593851	80.874548
-246.257888	117.421316	80.985069
-246.602496	117.244397	81.098398
-246.955643	117.063094	81.214535
-247.317327	116.877409	81.333479
-247.687550	116.687339	81.455232
-248.066311	116.492887	81.579792
-248.453610	116.294051	81.707161
-248.849448	116.090831	81.837337
-249.253823	115.883228	81.970321
-249.666737	115.671242	82.106113
-250.088189	115.454872	82.244713
-250.279109	115.356855	82.307499
-250.478568	115.254455	82.373094
-250.686564	115.147671	82.441496
-250.903099	115.036504	82.512707
-251.128172	114.920953	82.586725
-251.361784	114.801019	82.663551
-251.603933	114.676702	82.743185
-251.854621	114.548001	82.825627
-252.113847	114.414916	82.910876
-252.381611	114.277448	82.998934
-252.657914	114.135597	83.089800
-252.942754	113.989362	83.183473
-253.236133	113.838744	83.279955
-253.538050	113.683743	83.379244
-253.848505	113.524358	83.481341
-254.167499	113.360589	83.586246
-254.495031	113.192437	83.693959
-254.831100	113.019902	83.804480
-255.175709	112.842983	83.917809
-255.528855	112.661680	84.033946
-255.890539	112.475995	84.152890
-256.260762	112.285926	84.274643
-256.639523	112.091473	84.399203
-257.026822	111.892637	84.526571
-257.422660	111.689417	84.656748
-257.827035	111.481814	84.789732
-258.239949	111.269828	84.925524
-258.661401	111.053458	85.064124
-258.852321	110.955441	85.126910
-259.051780	110.853041	85.192505
-259.259777	110.746257	85.260907
-259.476311	110.635090	85.332117
-259.701385	110.519539	85.406136
-259.934996	110.399605	85.482962
-260.177145	110.275288	85.562596
-260.427833	110.146587	85.645038
-260.687059	110.013502	85.730287
-260.954823	109.876035	85.818345
-261.231126	109.734183	85.909211
-261.515966	109.587949	86.002884
-261.809345	109.437330	86.099366
-262.111262	109.282329	86.198655
-262.421717	109.122944	86.300752
-262.740711	108.959175	86.405657
-263.068243	108.791023	86.513370
-263.404312	108.618488	86.623891
-263.748921	108.441569	86.737220
-264.102067	108.260267	86.853357
-264.463751	108.074581	86.972301
-264.833974	107.884512	87.094054
-265.212735	107.690059	87.218614
-265.600034	107.491223	87.345982
-265.995872	107.288003	87.476159
-266.400247	107.080400	87.609143
-266.813161	106.868414	87.744935
-267.234613	106.652044	87.883535
-267.425533	106.554027	87.946321
-267.624992	106.451627	88.011916
-267.832989	106.344843	88.080318
-268.049523	106.233676	88.151528
-268.274597	106.118125	88.225547
-268.508208	105.998191	88.302373
-268.750357	105.873874	88.382007
-269.001045	105.745173	88.464448
-269.260271	105.612089	88.549698
-269.528035	105.474621	88.637756
-269.804338	105.332769	88.728622
-270.089178	105.186535	88.822295
-270.382557	105.035916	88.918776
-270.684474	104.880915	89.018066
-270.994929	104.721530	89.120163
-271.313923	104.557761	89.225068
-271.641455	104.389609	89.332781
-271.977525	104.217074	89.443302
-272.322133	104.040155	89.556631
-272.675279	103.858853	89.672767
-273.036963	103.673167	89.791712
-273.407186	103.483098	89.913465
-273.785947	103.288645	90.038025
-274.173246	103.089809	90.165393
-274.569084	102.886589	90.295569
-274.973459	102.678986	90.428554
-275.386373	102.467000	90.564346
-275.807825	102.250630	90.702945
-275.998745	102.152613	90.765732
-276.198204	102.050213	90.831327
-276.406201	101.943429	90.899729
-276.622736	101.832262	90.970939
-276.847809	101.716712	91.044957
-277.081420	101.596777	91.121783
-277.323570	101.472460	91.201417
-277.574257	101.343759	91.283859
-277.833483	101.210675	91.369109
-278.101247	101.073207	91.457167
-278.377550	100.931355	91.548032
-278.662390	100.785121	91.641706
-278.955769	100.634503	91.738187
-279.257686	100.479501	91.837477
-279.568142	100.320116	91.939574
-279.887135	100.156347	92.044479
-280.214667	99.988195	92.152192
-280.550737	99.815660	92.262713
-280.895345	99.638741	92.376042
-281.248491	99.457439	92.492178
-281.610176	99.271753	92.611123
-281.980398	99.081684	92.732875
-282.359159	98.887231	92.857436
-282.746458	98.688395	92.984804
-283.142296	98.485176	93.114980
-283.546671	98.277573	93.247964
-283.959585	98.065586	93.383756
-284.381037	97.849216	93.522356
-284.571958	97.751199	93.585143
-284.771416	97.648799	93.650737
-284.979413	97.542015	93.719140
-285.195948	97.430848	93.790350
-285.421021	97.315298	93.864368
-285.654632	97.195364	93.941194
-285.896782	97.071046	94.020828
-286.147469	96.942345	94.103270
-286.406695	96.809261	94.188520
-286.674459	96.671793	94.276578
-286.950762	96.529942	94.367443
-287.235602	96.383707	94.461117
-287.528981	96.233089	94.557598
-287.830898	96.078087	94.656888
-288.141354	95.918702	94.758985
-288.460347	95.754933	94.863890
-288.787879	95.586781	94.971603
-289.123949	95.414246	95.082124
-289.468557	95.237327	95.195453
-289.821703	95.056025	95.311589
-290.183388	94.870339	95.430534
-290.553610	94.680270	95.552286
-290.932371	94.485817	95.676847
-291.319670	94.286981	95.804215
-291.715508	94.083762	95.934391
-292.119883	93.876159	96.067375
-292.532797	93.664172	96.203167
-292.954249	93.447802	96.341767
-293.145170	93.349786	96.404554
-293.344628	93.247385	96.470148
-293.552625	93.140602	96.538551
-293.769160	93.029434	96.609761
-293.994233	92.913884	96.683779
-294.227844	92.793950	96.760605
-294.469994	92.669632	96.840239
-294.720681	92.540931	96.922681
-294.979907	92.407847	97.007931
-295.247672	92.270379	97.095989
-295.523974	92.128528	97.186854
-295.808815	91.982293	97.280528
-296.102193	91.831675	97.377009
-296.404110	91.676673	97.476298
-296.714566	91.517288	97.578396
-297.033559	91.353520	97.683301
-297.361091	91.185368	97.791014
-297.697161	91.012832	97.901535
