29.715323	201.374817	-25.645597
29.682174	201.279586	-25.706167
29.655952	201.180352	-25.772736
29.636648	201.077116	-25.845317
29.624251	200.969880	-25.923921
29.618751	200.858645	-26.008561
29.620140	200.743413	-26.099250
29.628406	200.624185	-26.195998
29.643540	200.500962	-26.298819
29.665532	200.373746	-26.407725
29.694373	200.242539	-26.522727
29.730053	200.107342	-26.643837
29.772562	199.968157	-26.771068
29.821890	199.824984	-26.904430
29.878028	199.677826	-27.043936
29.940966	199.526684	-27.189597
30.010694	199.371559	-27.341425
30.087204	199.212453	-27.499430
30.170485	199.049368	-27.663625
30.260529	198.882305	-27.834020
30.357326	198.711264	-28.010627
30.460866	198.536249	-28.193456
30.571142	198.357260	-28.382519
30.688142	198.174299	-28.577826
30.811860	197.987368	-28.779387
30.942285	197.796467	-28.987214
31.079409	197.601598	-29.201316
31.223223	197.402764	-29.421704
31.373718	197.199964	-29.648388
31.530887	196.993202	-29.881378
31.694720	196.782478	-30.120684
31.865209	196.567793	-30.366316
32.042345	196.349150	-30.618282
32.226122	196.126550	-30.876593
32.416530	195.899994	-31.141259
32.613563	195.669484	-31.412287
32.817211	195.435021	-31.689688
33.027467	195.196607	-31.973470
33.244324	194.954243	-32.263641
33.467774	194.707931	-32.560212
33.697810	194.457673	-32.863190
33.934424	194.203469	-33.172583
34.177610	193.945322	-33.488400
34.427360	193.683233	-33.810649
34.683667	193.417203	-34.139338
34.800224	193.297493	-34.287945
34.923329	193.173845	-34.443003
35.052978	193.046259	-34.604516
35.189169	192.914736	-34.772486
35.331899	192.779277	-34.946919
35.481164	192.639882	-35.127815
35.636963	192.496553	-35.315180
35.799292	192.349289	-35.509017
35.968148	192.198091	-35.709327
36.143530	192.042961	-35.916116
36.325433	191.883899	-36.129385
36.513855	191.720905	-36.349139
36.708794	191.553980	-36.575379
36.910247	191.383125	-36.808110
37.118211	191.208340	-37.047334
37.332684	191.029627	-37.293055
37.553663	190.846986	-37.545274
37.781145	190.660418	-37.803996
38.015129	190.469923	-38.069223
38.255612	190.275501	-38.340958
38.502590	190.077155	-38.619204
38.756063	189.874884	-38.903963
39.016027	189.668689	-39.195238
39.282481	189.458571	-39.493033
39.555421	189.244530	-39.797349
39.834846	189.026568	-40.108190
40.120754	188.804684	-40.425558
40.413142	188.578880	-40.749455
40.546459	188.476406	-40.896852
40.686253	188.370013	-41.050781
40.832524	188.259701	-41.211245
40.985270	188.145470	-41.378245
41.144490	188.027320	-41.551781
41.310184	187.905252	-41.731855
41.482351	187.779267	-41.918467
41.660989	187.649364	-42.111620
41.846098	187.515544	-42.311313
42.037678	187.377807	-42.517548
42.235726	187.236154	-42.730326
42.440243	187.090584	-42.949649
42.651228	186.941099	-43.175516
42.868678	186.787697	-43.407929
43.092595	186.630381	-43.646890
43.322977	186.469150	-43.892398
43.559822	186.304004	-44.144456
43.803132	186.134944	-44.403064
44.052903	185.961970	-44.668223
44.309137	185.785082	-44.939934
44.571831	185.604281	-45.218198
44.840986	185.419567	-45.503015
45.116600	185.230941	-45.794388
45.398673	185.038401	-46.092317
45.687204	184.841950	-46.396802
45.982192	184.641588	-46.707844
46.283637	184.437314	-47.025446
46.591537	184.229129	-47.349606
46.731236	184.134874	-47.496577
46.877389	184.036709	-47.650109
47.029997	183.934634	-47.810201
47.189059	183.828648	-47.976855
47.354575	183.718752	-48.150071
47.526545	183.604946	-48.329848
47.704969	183.487230	-48.516189
47.889845	183.365605	-48.709092
48.081174	183.240070	-48.908558
48.278956	183.110626	-49.114588
48.483191	182.977272	-49.327182
48.693877	182.840010	-49.546341
48.911015	182.698838	-49.772064
49.134604	182.553758	-50.004352
49.364645	182.404769	-50.243205
49.601137	182.251871	-50.488624
49.844079	182.095065	-50.740610
50.093472	181.934351	-50.999161
50.349314	181.769729	-51.264280
50.611607	181.601199	-51.535966
50.880350	181.428761	-51.814219
51.155541	181.252416	-52.099040
51.437182	181.072163	-52.390428
51.725272	180.888002	-52.688386
52.019811	180.699935	-52.992912
52.320798	180.507961	-53.304007
52.628233	180.312079	-53.621672
52.942116	180.112292	-53.945906
53.084371	180.021834	-54.092811
53.233072	179.927470	-54.246287
53.388222	179.829199	-54.406333
53.549819	179.727022	-54.572949
53.717863	179.620939	-54.746135
53.892355	179.510950	-54.925893
54.073293	179.397054	-55.112221
54.260679	179.279253	-55.305120
54.454512	179.157545	-55.504590
54.654792	179.031931	-55.710632
54.861519	178.902412	-55.923245
55.074692	178.768987	-56.142429
55.294312	178.631656	-56.368185
55.520378	178.490419	-56.600513
55.752891	178.345277	-56.839412
55.991851	178.196229	-57.084884
56.237256	178.043276	-57.336928
56.489108	177.886417	-57.595544
56.747406	177.725653	-57.860732
57.012150	177.560984	-58.132493
57.283340	177.392410	-58.410826
57.560975	177.219930	-58.695732
57.845057	177.043546	-58.987211
58.135584	176.863256	-59.285263
58.432557	176.679062	-59.589889
58.735976	176.490962	-59.901087
59.045839	176.298958	-60.218859
59.362149	176.103050	-60.543204
59.505460	176.014328	-60.690140
59.655216	175.921701	-60.843650
59.811418	175.825169	-61.003733
59.974065	175.724734	-61.170391
60.143157	175.620393	-61.343622
60.318695	175.512148	-61.523426
60.500677	175.399999	-61.709805
60.689105	175.283946	-61.902758
60.883978	175.163988	-62.102284
61.085295	175.040125	-62.308385
61.293058	174.912359	-62.521059
61.507266	174.780688	-62.740308
61.727919	174.645112	-62.966131
61.955016	174.505633	-63.198528
62.188559	174.362249	-63.437499
62.428546	174.214962	-63.683045
62.674978	174.063770	-63.935165
62.927855	173.908674	-64.193859
63.187177	173.749674	-64.459128
63.452943	173.586770	-64.730972
63.725155	173.419962	-65.009389
64.003811	173.249250	-65.294382
64.288911	173.074634	-65.585949
64.580456	172.896115	-65.884090
64.878446	172.713691	-66.188807
65.182881	172.527364	-66.500098
65.493760	172.337132	-66.817964
65.811083	172.142997	-67.142405
65.954841	172.055065	-67.289380
66.105043	171.963230	-67.442930
66.261689	171.867491	-67.603056
66.424780	171.767848	-67.769756
66.594315	171.664301	-67.943031
66.770295	171.556851	-68.122881
66.952720	171.445497	-68.309306
67.141588	171.330239	-68.502307
67.336902	171.211078	-68.701882
67.538659	171.088013	-68.908032
67.746861	170.961045	-69.120758
67.961508	170.830173	-69.340058
68.182598	170.695398	-69.565934
68.410134	170.556719	-69.798384
68.644113	170.414136	-70.037410
68.884537	170.267650	-70.283011
69.131405	170.117261	-70.535187
69.384718	169.962968	-70.793939
69.644475	169.804771	-71.059265
69.910676	169.642671	-71.331167
70.183322	169.476668	-71.609644
70.462412	169.306761	-71.894697
70.747946	169.132951	-72.186324
71.039925	168.955238	-72.484527
71.338347	168.773621	-72.789306
71.643214	168.588100	-73.100659
71.954526	168.398677	-73.418588
72.272281	168.205350	-73.743093
72.416230	168.117777	-73.890096
72.566622	168.026302	-74.043675
72.723459	167.930923	-74.203829
72.886740	167.831640	-74.370558
73.056466	167.728455	-74.543863
73.232635	167.621366	-74.723743
73.415249	167.510374	-74.910199
73.604307	167.395478	-75.103230
73.799809	167.276680	-75.302836
74.001756	167.153978	-75.509019
74.210147	167.027372	-75.721776
74.424981	166.896864	-75.941109
74.646260	166.762452	-76.167018
74.873984	166.624138	-76.399502
75.108151	166.481919	-76.638561
75.348763	166.335798	-76.884196
75.595819	166.185774	-77.136407
75.849319	166.031846	-77.395193
76.109263	165.874015	-77.660554
76.375652	165.712281	-77.932491
76.648484	165.546644	-78.211004
76.927761	165.377104	-78.496092
77.213482	165.203660	-78.787756
77.505647	165.026313	-79.085995
77.804257	164.845063	-79.390810
78.109310	164.659911	-79.702200
78.420808	164.470854	-80.020166
78.738750	164.277895	-80.344708
78.882781	164.190486	-80.491728
79.033256	164.099174	-80.645323
79.190175	164.003959	-80.805494
79.353538	163.904840	-80.972240
79.523346	163.801819	-81.145562
79.699598	163.694894	-81.325460
79.882293	163.584067	-81.511933
80.071433	163.469336	-81.704982
80.267017	163.350702	-81.904606
80.469046	163.228165	-82.110806
80.677518	163.101725	-82.323582
80.892435	162.971382	-82.542934
81.113796	162.837136	-82.768861
81.341600	162.698987	-83.001363
81.575849	162.556935	-83.240441
81.816543	162.410979	-83.486095
82.063680	162.261121	-83.738325
82.317261	162.107359	-83.997130
82.577287	161.949695	-84.262511
82.843757	161.788127	-84.534467
83.116671	161.622656	-84.813000
83.396029	161.453283	-85.098107
83.681831	161.280006	-85.389791
83.974077	161.102826	-85.688050
84.272768	160.921743	-85.992885
84.577902	160.736757	-86.304295
84.889481	160.547868	-86.622282
85.207504	160.355076	-86.946843
85.351571	160.267742	-87.093872
85.502081	160.176504	-87.247476
85.659037	160.081363	-87.407656
85.822436	159.982320	-87.574412
85.992279	159.879373	-87.747743
86.168567	159.772523	-87.927650
86.351298	159.661770	-88.114133
86.540474	159.547114	-88.307191
86.736094	159.428556	-88.506825
86.938158	159.306094	-88.713035
87.146666	159.179729	-88.925820
87.361618	159.049461	-89.145182
87.583015	158.915290	-89.371118
87.810855	158.777216	-89.603631
88.045140	158.635239	-89.842719
88.285868	158.489359	-90.088383
88.533041	158.339577	-90.340623
88.786658	158.185891	-90.599438
89.046720	158.028302	-90.864829
89.313225	157.866810	-91.136796
89.586174	157.701415	-91.415338
89.865568	157.532117	-91.700456
90.151405	157.358916	-91.992150
90.443687	157.181812	-92.290419
90.742413	157.000805	-92.595265
91.047583	156.815896	-92.906685
91.359197	156.627083	-93.224682
91.677256	156.434367	-93.549254
91.821338	156.347066	-93.696288
91.971865	156.255862	-93.849897
92.128836	156.160755	-94.010081
92.292251	156.061746	-94.176842
92.462110	155.958833	-94.350178
92.638413	155.852017	-94.530090
92.821160	155.741298	-94.716577
93.010351	155.626677	-94.909641
93.205987	155.508152	-95.109279
93.408067	155.385724	-95.315494
93.616590	155.259394	-95.528285
93.831558	155.129160	-95.747651
94.052970	154.995023	-95.973593
94.280826	154.856984	-96.206110
94.515127	154.715041	-96.445203
94.755871	154.569196	-96.690872
95.003060	154.419447	-96.943117
95.256692	154.265796	-97.201937
95.516769	154.108241	-97.467334
95.783290	153.946784	-97.739305
96.056255	153.781423	-98.017853
96.335664	153.612160	-98.302976
96.621517	153.438994	-98.594675
96.913815	153.261924	-98.892950
97.212556	153.080952	-99.197801
97.517742	152.896077	-99.509227
97.829372	152.707299	-99.827229
98.147446	152.514617	-100.151806
98.291535	152.427332	-100.298842
98.442069	152.336143	-100.452453
98.599046	152.241052	-100.612640
98.762468	152.142058	-100.779403
98.932334	152.039160	-100.952742
99.108644	151.932360	-101.132656
99.291398	151.821657	-101.319146
99.480597	151.707051	-101.512212
99.676239	151.588542	-101.711853
99.878326	151.466129	-101.918070
100.086856	151.339814	-102.130863
100.301831	151.209596	-102.350232
100.523250	151.075475	-102.576176
100.751113	150.937451	-102.808696
100.985420	150.795524	-103.047792
101.226172	150.649694	-103.293463
101.473367	150.499962	-103.545711
101.727007	150.346326	-103.804534
101.987090	150.188787	-104.069932
102.253618	150.027345	-104.341907
102.526590	149.862001	-104.620457
102.806006	149.692753	-104.905583
103.091866	149.519602	-105.197284
103.384170	149.342549	-105.495562
103.682919	149.161592	-105.800415
103.988111	148.976733	-106.111844
104.299748	148.787970	-106.429848
104.617829	148.595305	-106.754428
104.761921	148.508027	-106.901465
104.912458	148.416845	-107.055078
105.069439	148.321761	-107.215266
105.232864	148.222773	-107.382030
105.402733	148.119883	-107.555370
105.579046	148.013090	-107.735285
105.761803	147.902394	-107.921776
105.951004	147.787795	-108.114843
106.146650	147.669293	-108.314486
106.348739	147.546888	-108.520704
106.557273	147.420580	-108.733498
106.772251	147.290369	-108.952868
106.993673	147.156255	-109.178814
107.221539	147.018238	-109.411335
107.455849	146.876318	-109.650432
107.696604	146.730495	-109.896105
107.943802	146.580770	-110.148353
108.197445	146.427141	-110.407178
108.457531	146.269609	-110.672578
108.724062	146.108175	-110.944553
108.997037	145.942837	-111.223105
109.276456	145.773597	-111.508232
109.562320	145.600453	-111.799935
109.854627	145.423407	-112.098213
110.153378	145.242458	-112.403068
110.458574	145.057605	-112.714498
110.770214	144.868850	-113.032504
111.088297	144.676192	-113.357085
111.232391	144.588917	-113.504122
111.382929	144.497738	-113.657736
111.539911	144.402657	-113.817924
111.703338	144.303673	-113.984689
111.873208	144.200786	-114.158029
112.049522	144.093996	-114.337945
112.232281	143.983303	-114.524437
112.421484	143.868707	-114.717505
112.617131	143.750208	-114.917148
112.819222	143.627807	-115.123367
113.027757	143.501502	-115.336161
113.242736	143.371294	-115.555532
113.464159	143.237183	-115.781478
113.692027	143.099170	-116.014000
113.926338	142.957253	-116.253098
114.167094	142.811434	-116.498771
114.414294	142.661711	-116.751020
114.667938	142.508086	-117.009845
114.928026	142.350558	-117.275245
115.194558	142.189126	-117.547222
115.467534	142.023792	-117.825774
115.746955	141.854555	-118.110901
116.032819	141.681415	-118.402605
116.325128	141.504371	-118.700884
116.623881	141.323425	-119.005739
116.929078	141.138576	-119.317170
117.240719	140.949824	-119.635176
117.558804	140.757170	-119.959758
117.702899	140.669896	-120.106796
117.853437	140.578719	-120.260409
118.010420	140.483639	-120.420598
118.173847	140.384657	-120.587363
118.343718	140.281771	-120.760704
118.520033	140.174983	-120.940620
118.702792	140.064291	-121.127112
118.891995	139.949697	-121.320180
119.087643	139.831199	-121.519824
119.289734	139.708799	-121.726043
119.498270	139.582496	-121.938838
119.713250	139.452289	-122.158208
119.934674	139.318180	-122.384155
120.162542	139.180168	-122.616677
120.396854	139.038253	-122.855775
120.637610	138.892435	-123.101449
120.884811	138.742714	-123.353698
121.138455	138.589090	-123.612523
121.398544	138.431563	-123.877924
121.665077	138.270133	-124.149901
121.938054	138.104801	-124.428453
122.217475	137.935565	-124.713581
122.503340	137.762426	-125.005285
122.795649	137.585385	-125.303564
123.094403	137.404440	-125.608420
123.399600	137.219593	-125.919850
123.711242	137.030842	-126.237857
124.029328	136.838189	-126.562440
124.173422	136.750916	-126.709477
124.323961	136.659739	-126.863091
124.480944	136.564660	-127.023280
124.644371	136.465679	-127.190045
124.814243	136.362794	-127.363386
124.990558	136.256006	-127.543302
125.173317	136.145315	-127.729794
125.362521	136.030721	-127.922862
125.558169	135.912224	-128.122506
125.760261	135.789825	-128.328725
125.968797	135.663522	-128.541521
126.183777	135.533317	-128.760891
126.405201	135.399208	-128.986838
126.633069	135.261197	-129.219360
126.867382	135.119282	-129.458458
127.108138	134.973465	-129.704132
127.355339	134.823745	-129.956382
127.608984	134.670121	-130.215207
127.869073	134.512595	-130.480608
128.135606	134.351166	-130.752585
128.408583	134.185834	-131.031137
128.688004	134.016599	-131.316265
128.973870	133.843461	-131.607969
129.266179	133.666420	-131.906249
129.564933	133.485476	-132.211104
129.870131	133.300629	-132.522535
130.181773	133.111880	-132.840542
130.499859	132.919227	-133.165125
130.643954	132.831954	-133.312163
130.794493	132.740778	-133.465776
130.951476	132.645699	-133.625965
131.114903	132.546718	-133.792731
131.284774	132.443833	-133.966071
131.461090	132.337046	-134.145988
131.643849	132.226355	-134.332480
131.833053	132.111762	-134.525548
132.028701	131.993265	-134.725192
132.230793	131.870866	-134.931411
132.439329	131.744564	-135.144206
132.654309	131.614358	-135.363577
132.875734	131.480250	-135.589524
133.103602	131.342239	-135.822046
133.337915	131.200325	-136.061144
133.578671	131.054508	-136.306818
133.825872	130.904788	-136.559068
134.079517	130.751165	-136.817893
134.339606	130.593639	-137.083294
134.606139	130.432210	-137.355271
134.879117	130.266879	-137.633824
135.158538	130.097644	-137.918952
135.444404	129.924506	-138.210656
135.736713	129.747465	-138.508935
136.035467	129.566522	-138.813791
136.340665	129.381675	-139.125222
136.652307	129.192926	-139.443229
136.970393	129.000274	-139.767812
137.114488	128.913001	-139.914850
137.265027	128.821825	-140.068463
137.422011	128.726747	-140.228653
137.585438	128.627765	-140.395418
137.755309	128.524881	-140.568758
137.931625	128.418093	-140.748675
138.114384	128.307403	-140.935167
138.303588	128.192810	-141.128235
138.499236	128.074313	-141.327879
138.701328	127.951914	-141.534098
138.909864	127.825612	-141.746894
139.124845	127.695407	-141.966265
139.346269	127.561299	-142.192211
139.574137	127.423288	-142.424734
139.808450	127.281374	-142.663832
140.049207	127.135557	-142.909506
140.296408	126.985837	-143.161755
140.550053	126.832214	-143.420581
140.810142	126.674689	-143.685982
141.076675	126.513260	-143.957959
141.349652	126.347928	-144.236511
141.629074	126.178694	-144.521639
141.914940	126.005556	-144.813343
142.207249	125.828516	-145.111623
142.506003	125.647572	-145.416479
142.811201	125.462726	-145.727910
143.122843	125.273976	-146.045917
143.440930	125.081324	-146.370500
143.585024	124.994052	-146.517537
143.735564	124.902876	-146.671151
143.892547	124.807798	-146.831340
144.055974	124.708816	-146.998105
144.225845	124.605932	-147.171446
144.402161	124.499144	-147.351363
144.584921	124.388454	-147.537855
144.774124	124.273861	-147.730923
144.969772	124.155365	-147.930567
145.171864	124.032965	-148.136786
145.380401	123.906663	-148.349582
145.595381	123.776458	-148.568953
145.816805	123.642350	-148.794899
146.044674	123.504339	-149.027422
146.278987	123.362425	-149.266520
146.519743	123.216609	-149.512194
146.766944	123.066889	-149.764443
147.020589	122.913266	-150.023269
147.280678	122.755740	-150.288670
147.547212	122.594312	-150.560647
147.820189	122.428980	-150.839199
148.099611	122.259746	-151.124327
148.385476	122.086608	-151.416032
148.677786	121.909568	-151.714311
148.976540	121.728625	-152.019167
149.281738	121.543778	-152.330598
149.593380	121.355029	-152.648605
149.911466	121.162377	-152.973188
150.055561	121.075104	-153.120226
150.206100	120.983929	-153.273839
150.363084	120.888850	-153.434029
150.526511	120.789869	-153.600794
150.696382	120.686984	-153.774134
150.872698	120.580197	-153.954051
151.055458	120.469507	-154.140543
151.244661	120.354914	-154.333611
151.440309	120.236417	-154.533255
151.642401	120.114018	-154.739475
151.850938	119.987716	-154.952270
152.065918	119.857511	-155.171641
152.287342	119.723403	-155.397588
152.515211	119.585392	-155.630110
152.749523	119.443478	-155.869208
152.990280	119.297662	-156.114882
153.237481	119.147942	-156.367132
153.491126	118.994319	-156.625957
153.751215	118.836794	-156.891358
154.017749	118.675365	-157.163335
154.290726	118.510033	-157.441888
154.570148	118.340799	-157.727016
154.856013	118.167661	-158.018720
155.148323	117.990621	-158.317000
155.447077	117.809678	-158.621855
155.752275	117.624831	-158.933286
156.063917	117.436082	-159.251293
156.382003	117.243430	-159.575876
156.526098	117.156158	-159.722914
156.676637	117.064982	-159.876528
156.833621	116.969904	-160.036717
156.997048	116.870922	-160.203482
157.166919	116.768038	-160.376823
157.343235	116.661250	-160.556739
157.525995	116.550560	-160.743232
157.715198	116.435967	-160.936300
157.910846	116.317471	-161.135944
158.112938	116.195072	-161.342163
158.321475	116.068770	-161.554958
158.536455	115.938565	-161.774329
158.757879	115.804457	-162.000276
158.985748	115.666446	-162.232798
159.220061	115.524532	-162.471897
159.460817	115.378715	-162.717570
159.708018	115.228995	-162.969820
159.961663	115.075373	-163.228645
160.221753	114.917847	-163.494047
160.488286	114.756419	-163.766023
160.761263	114.591087	-164.044576
161.040685	114.421853	-164.329704
161.326550	114.248715	-164.621408
161.618860	114.071675	-164.919688
161.917614	113.890731	-165.224544
162.222812	113.705885	-165.535975
162.534454	113.517136	-165.853982
162.852541	113.324484	-166.178565
162.996636	113.237211	-166.325602
163.147175	113.146036	-166.479216
163.304158	113.050957	-166.639405
163.467585	112.951976	-166.806171
163.637457	112.849091	-166.979511
163.813772	112.742304	-167.159428
163.996532	112.631614	-167.345920
164.185736	112.517021	-167.538988
164.381384	112.398525	-167.738632
164.583476	112.276125	-167.944852
164.792012	112.149823	-168.157647
165.006992	112.019618	-168.377018
165.228417	111.885511	-168.602964
165.456285	111.747500	-168.835487
165.690598	111.605586	-169.074585
165.931355	111.459769	-169.320259
166.178556	111.310049	-169.572509
166.432201	111.156427	-169.831334
166.692290	110.998901	-170.096735
166.958823	110.837472	-170.368712
167.231801	110.672141	-170.647264
167.511222	110.502906	-170.932393
167.797088	110.329769	-171.224097
168.089397	110.152729	-171.522377
168.388151	109.971785	-171.827232
168.693349	109.786939	-172.138663
169.004992	109.598190	-172.456670
169.323078	109.405538	-172.781253
169.467173	109.318265	-172.928291
169.617712	109.227090	-173.081905
169.774695	109.132011	-173.242094
169.938122	109.033030	-173.408859
170.107994	108.930145	-173.582200
170.284309	108.823358	-173.762116
170.467069	108.712668	-173.948609
170.656273	108.598075	-174.141677
170.851921	108.479578	-174.341321
171.054013	108.357179	-174.547540
171.262549	108.230877	-174.760335
171.477529	108.100672	-174.979706
171.698954	107.966564	-175.205653
171.926822	107.828554	-175.438175
172.161135	107.686640	-175.677274
172.401892	107.540823	-175.922947
172.649093	107.391103	-176.175197
172.902738	107.237481	-176.434022
173.162827	107.079955	-176.699424
173.429360	106.918526	-176.971400
173.702338	106.753195	-177.249953
173.981759	106.583960	-177.535081
174.267625	106.410823	-177.826785
174.559935	106.233783	-178.125065
174.858689	106.052839	-178.429921
175.163887	105.867993	-178.741352
175.475529	105.679244	-179.059359
175.793615	105.486592	-179.383942
175.937710	105.399319	-179.530980
176.088249	105.308144	-179.684593
176.245232	105.213065	-179.844783
176.408660	105.114084	-180.011548
176.578531	105.011199	-180.184888
176.754847	104.904412	-180.364805
176.937606	104.793722	-180.551297
177.126810	104.679129	-180.744365
177.322458	104.560632	-180.944009
177.524550	104.438233	-181.150229
177.733086	104.311931	-181.363024
177.948067	104.181726	-181.582395
178.169491	104.047618	-181.808342
178.397360	103.909608	-182.040864
178.631672	103.767694	-182.279962
178.872429	103.621877	-182.525636
179.119630	103.472157	-182.777886
179.373275	103.318535	-183.036711
179.633364	103.161009	-183.302112
179.899898	102.999580	-183.574089
180.172875	102.834249	-183.852642
180.452297	102.665014	-184.137770
180.738162	102.491877	-184.429474
181.030472	102.314837	-184.727754
181.329226	102.133893	-185.032609
181.634424	101.949047	-185.344040
181.946066	101.760298	-185.662047
182.264152	101.567646	-185.986630
182.408247	101.480373	-186.133668
182.558787	101.389198	-186.287282
182.715770	101.294119	-186.447471
182.879197	101.195138	-186.614236
183.049069	101.092253	-186.787577
183.225384	100.985466	-186.967494
183.408144	100.874776	-187.153986
183.597348	100.760183	-187.347054
183.792996	100.641687	-187.546698
183.995088	100.519287	-187.752917
184.203624	100.392985	-187.965712
184.418604	100.262780	-188.185083
184.640029	100.128672	-188.411030
184.867897	99.990662	-188.643552
185.102210	99.848748	-188.882651
185.342967	99.702931	-189.128325
185.590168	99.553211	-189.380574
185.843813	99.399589	-189.639400
186.103902	99.242063	-189.904801
186.370435	99.080634	-190.176778
186.643412	98.915303	-190.455330
186.922834	98.746068	-190.740458
187.208700	98.572931	-191.032162
187.501009	98.395891	-191.330442
187.799763	98.214947	-191.635298
188.104961	98.030101	-191.946729
188.416604	97.841352	-192.264736
188.734690	97.648700	-192.589319
188.878785	97.561427	-192.736357
189.029324	97.470252	-192.889970
189.186307	97.375173	-193.050160
189.349734	97.276192	-193.216925
189.519606	97.173307	-193.390266
189.695921	97.066520	-193.570182
189.878681	96.955830	-193.756674
190.067885	96.841237	-193.949742
190.263533	96.722741	-194.149386
190.465625	96.600341	-194.355606
190.674161	96.474039	-194.568401
190.889141	96.343834	-194.787772
191.110566	96.209726	-195.013719
191.338434	96.071716	-195.246241
191.572747	95.929802	-195.485339
191.813504	95.783985	-195.731013
192.060705	95.634265	-195.983263
192.314350	95.480643	-196.242088
192.574439	95.323117	-196.507489
192.840972	95.161688	-196.779466
193.113950	94.996357	-197.058019
193.393371	94.827122	-197.343147
193.679237	94.653985	-197.634851
193.971547	94.476945	-197.933131
194.270301	94.296001	-198.237986
194.575499	94.111155	-198.549418
194.887141	93.922406	-198.867425
195.205227	93.729754	-199.192007
195.349322	93.642481	-199.339045
195.499861	93.551306	-199.492659
195.656844	93.456227	-199.652848
195.820272	93.357246	-199.819613
195.990143	93.254361	-199.992954
196.166459	93.147574	-200.172871
196.349218	93.036884	-200.359363
196.538422	92.922291	-200.552431
196.734070	92.803795	-200.752075
196.936162	92.681395	-200.958294
197.144698	92.555093	-201.171089
197.359679	92.424888	-201.390460
197.581103	92.290781	-201.616407
197.808972	92.152770	-201.848930
198.043284	92.010856	-202.088028
198.284041	91.865039	-202.333702
198.531242	91.715319	-202.585951
198.784887	91.561697	-202.844777
199.044976	91.404171	-203.110178
199.311510	91.242742	-203.382155
199.584487	91.077411	-203.660707
199.863909	90.908176	-203.945836
200.149774	90.735039	-204.237540
200.442084	90.557999	-204.535819
200.740838	90.377055	-204.840675
201.046036	90.192209	-205.152106
201.357678	90.003460	-205.470113
201.675764	89.810808	-205.794696
201.819859	89.723535	-205.941734
201.970399	89.632360	-206.095347
202.127382	89.537281	-206.255537
202.290809	89.438300	-206.422302
202.460681	89.335416	-206.595643
202.636996	89.228628	-206.775559
202.819756	89.117938	-206.962052
203.008960	89.003345	-207.155120
203.204608	88.884849	-207.354763
203.406700	88.762450	-207.560983
203.615236	88.636148	-207.773778
203.830216	88.505943	-207.993149
204.051641	88.371835	-208.219096
204.279509	88.233824	-208.451618
204.513822	88.091910	-208.690716
204.754579	87.946093	-208.936390
205.001780	87.796373	-209.188640
205.255425	87.642751	-209.447465
205.515514	87.485225	-209.712866
205.782047	87.323797	-209.984843
206.055024	87.158465	-210.263396
206.334446	86.989231	-210.548524
206.620312	86.816093	-210.840228
206.912621	86.639053	-211.138508
207.211375	86.458109	-211.443363
207.516573	86.273263	-211.754795
207.828216	86.084514	-212.072802
208.146302	85.891862	-212.397384
208.290397	85.804589	-212.544422
208.440936	85.713414	-212.698036
208.597919	85.618335	-212.858225
208.761346	85.519354	-213.024990
208.931218	85.416470	-213.198331
209.107533	85.309682	-213.378248
209.290293	85.198992	-213.564740
209.479497	85.084399	-213.757808
209.675145	84.965903	-213.957452
209.877237	84.843504	-214.163671
210.085773	84.717202	-214.376467
210.300753	84.586997	-214.595838
210.522178	84.452889	-214.821784
210.750046	84.314878	-215.054307
210.984359	84.172964	-215.293405
211.225116	84.027147	-215.539079
211.472317	83.877427	-215.791328
211.725962	83.723805	-216.050154
211.986051	83.566279	-216.315555
212.252584	83.404851	-216.587532
212.525562	83.239519	-216.866084
212.804983	83.070285	-217.151213
213.090849	82.897147	-217.442917
213.383159	82.720107	-217.741197
213.681913	82.539164	-218.046052
213.987111	82.354317	-218.357483
214.298753	82.165568	-218.675490
214.616839	81.972916	-219.000073
214.760934	81.885643	-219.147111
214.911473	81.794468	-219.300724
215.068456	81.699389	-219.460914
215.231884	81.600408	-219.627679
215.401755	81.497524	-219.801020
215.578071	81.390736	-219.980936
215.760830	81.280046	-220.167429
215.950034	81.165453	-220.360497
216.145682	81.046957	-220.560140
216.347774	80.924558	-220.766360
216.556310	80.798256	-220.979155
216.771291	80.668051	-221.198526
216.992715	80.533943	-221.424473
217.220584	80.395932	-221.656995
217.454896	80.254018	-221.896093
217.695653	80.108201	-222.141767
217.942854	79.958481	-222.394017
218.196499	79.804859	-222.652842
218.456588	79.647333	-222.918243
218.723122	79.485905	-223.190220
218.996099	79.320573	-223.468773
219.275521	79.151339	-223.753901
219.561386	78.978201	-224.045605
219.853696	78.801161	-224.343885
220.152450	78.620218	-224.648741
220.457648	78.435371	-224.960172
220.769290	78.246622	-225.278179
221.087376	78.053970	-225.602762
221.231471	77.966697	-225.749799
221.382011	77.875522	-225.903413
221.538994	77.780443	-226.063602
221.702421	77.681462	-226.230368
221.872293	77.578578	-226.403708
222.048608	77.471790	-226.583625
222.231368	77.361100	-226.770117
222.420572	77.246507	-226.963185
222.616220	77.128011	-227.162829
222.818312	77.005612	-227.369048
223.026848	76.879310	-227.581844
223.241828	76.749105	-227.801215
223.463253	76.614997	-228.027161
223.691121	76.476986	-228.259684
223.925434	76.335072	-228.498782
224.166191	76.189255	-228.744456
224.413392	76.039536	-228.996706
224.667037	75.885913	-229.255531
224.927126	75.728387	-229.520932
225.193659	75.566959	-229.792909
225.466636	75.401627	-230.071461
225.746058	75.232393	-230.356590
226.031924	75.059255	-230.648294
226.324233	74.882215	-230.946574
226.622987	74.701272	-231.251429
226.928185	74.516425	-231.562860
227.239828	74.327676	-231.880867
227.557914	74.135024	-232.205450
227.702009	74.047751	-232.352488
227.852548	73.956576	-232.506102
228.009531	73.861497	-232.666291
228.172958	73.762516	-232.833056
228.342830	73.659632	-233.006397
228.519145	73.552844	-233.186313
228.701905	73.442154	-233.372806
228.891109	73.327561	-233.565874
229.086757	73.209065	-233.765518
229.288849	73.086666	-233.971737
229.497385	72.960364	-234.184532
229.712365	72.830159	-234.403903
229.933790	72.696051	-234.629850
230.161658	72.558040	-234.862372
230.395971	72.416126	-235.101471
