36.242526	219.706898	-14.632661
36.215420	219.621732	-14.631760
36.196685	219.532266	-14.634241
36.186319	219.438499	-14.640106
36.184324	219.340434	-14.649358
36.190699	219.238072	-14.661998
36.205443	219.131416	-14.678028
36.228557	219.020465	-14.697452
36.260041	218.905223	-14.720272
36.299894	218.785690	-14.746489
36.348116	218.661868	-14.776106
36.404708	218.533759	-14.809125
36.469669	218.401364	-14.845549
36.542999	218.264685	-14.885379
36.624697	218.123723	-14.928619
36.714764	217.978480	-14.975269
36.813200	217.828958	-15.025333
36.920005	217.675157	-15.078813
37.035178	217.517080	-15.135711
37.158719	217.354729	-15.196028
37.290629	217.188103	-15.259768
37.430906	217.017207	-15.326932
37.579552	216.842040	-15.397522
37.736566	216.662604	-15.471541
37.901947	216.478901	-15.548991
38.075697	216.290933	-15.629874
38.257814	216.098701	-15.714192
38.448299	215.902207	-15.801946
38.647152	215.701452	-15.893140
38.854373	215.496438	-15.987775
39.069961	215.287167	-16.085853
39.293917	215.073639	-16.187376
39.526241	214.855857	-16.292346
39.766932	214.633822	-16.400766
40.015991	214.407536	-16.512636
40.273418	214.177001	-16.627959
40.539212	213.942217	-16.746738
40.813374	213.703187	-16.868972
41.095904	213.459912	-16.994666
41.386802	213.212394	-17.123820
41.686067	212.960635	-17.256436
41.993701	212.704635	-17.392516
42.309702	212.444397	-17.532062
42.634072	212.179922	-17.675075
42.966810	211.911212	-17.821558
43.307917	211.638269	-17.971511
43.657391	211.361093	-18.124938
44.015235	211.079688	-18.281838
44.381447	210.794053	-18.442215
44.548571	210.664728	-18.515321
44.724064	210.531176	-18.591905
44.907927	210.393399	-18.671968
45.100158	210.251397	-18.755510
45.300759	210.105171	-18.842534
45.509728	209.954721	-18.933038
45.727068	209.800049	-19.027024
45.952776	209.641155	-19.124493
46.186854	209.478039	-19.225445
46.429302	209.310704	-19.329881
46.680119	209.139148	-19.437801
46.939307	208.963374	-19.549207
47.206864	208.783381	-19.664098
47.482791	208.599171	-19.782476
47.767088	208.410744	-19.904341
48.059756	208.218101	-20.029694
48.360794	208.021243	-20.158536
48.670202	207.820171	-20.290866
48.987981	207.614884	-20.426687
49.314130	207.405385	-20.565997
49.648650	207.191673	-20.708799
49.991541	206.973750	-20.855092
50.342803	206.751616	-21.004878
50.702437	206.525272	-21.158156
51.070441	206.294719	-21.314927
51.446817	206.059957	-21.475192
51.831565	205.820987	-21.638952
52.224684	205.577811	-21.806207
52.403683	205.467519	-21.882334
52.591053	205.353021	-21.961956
52.786796	205.234318	-22.045075
52.990910	205.111409	-22.131689
53.203397	204.984296	-22.221801
53.424256	204.852978	-22.315409
53.653487	204.717456	-22.412515
53.891090	204.577730	-22.513118
54.137066	204.433800	-22.617218
54.391415	204.285668	-22.724816
54.654135	204.133332	-22.835913
54.925229	203.976794	-22.950507
55.204695	203.816054	-23.068600
55.492534	203.651112	-23.190192
55.788746	203.481968	-23.315283
56.093331	203.308624	-23.443873
56.406289	203.131078	-23.575963
56.727620	202.949333	-23.711552
57.057324	202.763387	-23.850641
57.395401	202.573241	-23.993231
57.741852	202.378896	-24.139320
58.096676	202.180352	-24.288910
58.459873	201.977609	-24.442001
58.831444	201.770668	-24.598593
59.211389	201.559529	-24.758686
59.599708	201.344192	-24.922281
59.996400	201.124658	-25.089377
60.401467	200.900927	-25.259975
60.585193	200.799640	-25.337342
60.777293	200.694156	-25.418212
60.977767	200.584476	-25.502583
61.186615	200.470600	-25.590457
61.403838	200.352528	-25.681833
61.629434	200.230261	-25.776712
61.863405	200.103797	-25.875093
62.105751	199.973138	-25.976977
62.356471	199.838284	-26.082363
62.615565	199.699235	-26.191253
62.883033	199.555990	-26.303645
63.158876	199.408551	-26.419540
63.443094	199.256917	-26.538939
63.735686	199.101088	-26.661840
64.036653	198.941066	-26.788245
64.345994	198.776848	-26.918154
64.663711	198.608437	-27.051565
64.989802	198.435832	-27.188481
65.324267	198.259033	-27.328899
65.667108	198.078041	-27.472822
66.018323	197.892855	-27.620248
66.377914	197.703476	-27.771178
66.745879	197.509904	-27.925612
67.122220	197.312139	-28.083550
67.506935	197.110181	-28.244992
67.900026	196.904031	-28.409939
68.301492	196.693688	-28.578389
68.711333	196.479153	-28.750344
68.897058	196.382019	-28.828263
69.091158	196.280693	-28.909687
69.293633	196.175175	-28.994615
69.504483	196.065465	-29.083048
69.723709	195.951564	-29.174985
69.951310	195.833470	-29.270426
70.187287	195.711185	-29.369373
70.431639	195.584709	-29.471824
70.684367	195.454040	-29.577779
70.945470	195.319181	-29.687240
71.214948	195.180130	-29.800205
71.492802	195.036887	-29.916675
71.779032	194.889454	-30.036649
72.073637	194.737829	-30.160129
72.376618	194.582013	-30.287113
72.687975	194.422006	-30.417603
73.007707	194.257808	-30.551597
73.335814	194.089420	-30.689096
73.672298	193.916840	-30.830100
74.017157	193.740070	-30.974610
74.370392	193.559109	-31.122624
74.732003	193.373958	-31.274144
75.101989	193.184616	-31.429168
75.480351	192.991084	-31.587698
75.867089	192.793361	-31.749733
76.262203	192.591448	-31.915273
76.665693	192.385345	-32.084318
77.077559	192.175052	-32.256869
77.264157	192.079816	-32.335043
77.459132	191.980390	-32.416722
77.662482	191.876774	-32.501906
77.874208	191.768967	-32.590595
78.094311	191.656971	-32.682790
78.322789	191.540786	-32.778491
78.559643	191.420410	-32.877696
78.804873	191.295844	-32.980407
79.058480	191.167089	-33.086624
79.320462	191.034144	-33.196346
79.590820	190.897009	-33.309574
79.869555	190.755685	-33.426306
80.156665	190.610171	-33.546545
80.452152	190.460467	-33.670289
80.756015	190.306574	-33.797538
81.068253	190.148491	-33.928293
81.388868	189.986219	-34.062554
81.717860	189.819758	-34.200320
82.055227	189.649106	-34.341591
82.400970	189.474266	-34.486368
82.755090	189.295236	-34.634651
83.117585	189.112017	-34.786439
83.488457	188.924609	-34.941733
83.867705	188.733011	-35.100533
84.255330	188.537224	-35.262838
84.651330	188.337248	-35.428649
85.055707	188.133083	-35.597966
85.468460	187.924728	-35.770788
85.655447	187.830356	-35.849080
85.850811	187.731795	-35.930877
86.054551	187.629045	-36.016181
86.266667	187.522105	-36.104990
86.487159	187.410977	-36.197305
86.716028	187.295660	-36.293125
86.953273	187.176153	-36.392452
87.198894	187.052458	-36.495284
87.452892	186.924574	-36.601621
87.715266	186.792500	-36.711465
87.986016	186.656238	-36.824814
88.265143	186.515787	-36.941669
88.552645	186.371147	-37.062030
88.848525	186.222319	-37.185896
89.152780	186.069301	-37.313268
89.465412	185.912095	-37.444146
89.786420	185.750699	-37.578530
90.115805	185.585115	-37.716420
90.453566	185.415342	-37.857815
90.799703	185.241381	-38.002716
91.154217	185.063230	-38.151123
91.517107	184.880891	-38.303036
91.888374	184.694363	-38.458454
92.268017	184.503647	-38.617378
92.656036	184.308741	-38.779808
93.052432	184.109647	-38.945744
93.457204	183.906365	-39.115186
93.870353	183.698894	-39.288134
94.057514	183.604914	-39.366481
94.253053	183.506746	-39.448334
94.456967	183.404390	-39.533693
94.669259	183.297844	-39.622558
94.889926	183.187111	-39.714929
95.118970	183.072188	-39.810805
95.356391	182.953077	-39.910188
95.602188	182.829778	-40.013076
95.856361	182.702289	-40.119470
96.118911	182.570613	-40.229370
96.389837	182.434747	-40.342776
96.669140	182.294694	-40.459688
96.956819	182.150451	-40.580105
97.252875	182.002020	-40.704029
97.557307	181.849401	-40.831458
97.870116	181.692593	-40.962393
98.191301	181.531597	-41.096834
98.520862	181.366412	-41.234781
98.858800	181.197038	-41.376234
99.205115	181.023476	-41.521193
99.559806	180.845726	-41.669657
99.922873	180.663787	-41.821628
100.294317	180.477660	-41.977104
100.674137	180.287344	-42.136086
101.062334	180.092840	-42.298574
101.458908	179.894147	-42.464568
101.863858	179.691266	-42.634068
102.277184	179.484196	-42.807074
102.464425	179.390395	-42.885447
102.660042	179.292406	-42.967326
102.864035	179.190229	-43.052711
103.076406	179.083862	-43.141602
103.297152	178.973308	-43.233998
103.526276	178.858565	-43.329901
103.763775	178.739634	-43.429309
104.009651	178.616514	-43.532224
104.263904	178.489206	-43.638644
104.526533	178.357710	-43.748570
104.797539	178.222025	-43.862003
105.076921	178.082152	-43.978941
105.364680	177.938090	-44.099385
105.660816	177.789840	-44.223335
105.965327	177.637402	-44.350790
106.278216	177.480775	-44.481752
106.599481	177.319960	-44.616220
106.929122	177.154956	-44.754193
107.267140	176.985765	-44.895673
107.613534	176.812384	-45.040658
107.968305	176.634816	-45.189149
108.331453	176.453059	-45.341147
108.702977	176.267114	-45.496650
109.082878	176.076980	-45.655659
109.471155	175.882658	-45.818174
109.867808	175.684148	-45.984195
110.272838	175.481450	-46.153722
110.686245	175.274563	-46.326754
110.873522	175.180843	-46.405139
111.069174	175.082935	-46.487030
111.273204	174.980839	-46.572427
111.485610	174.874554	-46.661330
111.706392	174.764081	-46.753739
111.935551	174.649420	-46.849654
112.173087	174.530571	-46.949074
112.418999	174.407533	-47.052001
112.673287	174.280307	-47.158433
112.935953	174.148892	-47.268372
113.206994	174.013289	-47.381816
113.486413	173.873498	-47.498767
113.774207	173.729519	-47.619223
114.070379	173.581351	-47.743185
114.374927	173.428995	-47.870653
114.687851	173.272451	-48.001627
115.009152	173.111718	-48.136107
115.338830	172.946797	-48.274093
115.676884	172.777688	-48.415585
116.023314	172.604391	-48.560582
116.378122	172.426905	-48.709086
116.741305	172.245231	-48.861096
117.112866	172.059368	-49.016611
117.492803	171.869318	-49.175633
117.881116	171.675079	-49.338160
118.277806	171.476652	-49.504194
118.682873	171.274036	-49.673733
119.096316	171.067232	-49.846778
119.283608	170.973550	-49.925169
119.479277	170.875679	-50.007066
119.683323	170.773619	-50.092468
119.895745	170.667372	-50.181376
120.116543	170.556936	-50.273791
120.345719	170.442312	-50.369711
120.583271	170.323499	-50.469137
120.829199	170.200499	-50.572070
121.083504	170.073310	-50.678508
121.346185	169.941933	-50.788452
121.617243	169.806367	-50.901902
121.896678	169.666614	-51.018858
122.184489	169.522672	-51.139320
122.480677	169.374541	-51.263288
122.785241	169.222223	-51.390761
123.098182	169.065716	-51.521741
123.419499	168.905021	-51.656227
123.749193	168.740137	-51.794218
124.087264	168.571066	-51.935716
124.433711	168.397806	-52.080719
124.788534	168.220358	-52.229229
125.151735	168.038721	-52.381244
125.523311	167.852897	-52.536766
125.903265	167.662884	-52.695793
126.291595	167.468683	-52.858326
126.688301	167.270293	-53.024365
127.093384	167.067716	-53.193910
127.506844	166.860950	-53.366961
127.694144	166.767284	-53.445355
127.889820	166.669430	-53.527254
128.093873	166.567387	-53.612659
128.306302	166.461156	-53.701570
128.527108	166.350737	-53.793987
128.756291	166.236130	-53.889910
128.993850	166.117335	-53.989338
129.239786	165.994351	-54.092273
129.494098	165.867179	-54.198714
129.756787	165.735819	-54.308661
130.027852	165.600270	-54.422113
130.307294	165.460534	-54.539072
130.595113	165.316609	-54.659536
130.891308	165.168495	-54.783507
131.195880	165.016194	-54.910983
131.508828	164.859704	-55.041966
131.830153	164.699026	-55.176454
132.159854	164.534160	-55.314448
132.497932	164.365105	-55.455948
132.844387	164.191863	-55.600955
133.199218	164.014432	-55.749467
133.562426	163.832812	-55.901485
133.934010	163.647005	-56.057009
134.313971	163.457009	-56.216039
134.702308	163.262825	-56.378575
135.099022	163.064453	-56.544616
135.504113	162.861893	-56.714164
135.917580	162.655144	-56.887218
136.104883	162.561486	-56.965612
136.300563	162.463639	-57.047513
136.504619	162.361604	-57.132919
136.717052	162.255381	-57.221831
136.937861	162.144970	-57.314249
137.167047	162.030370	-57.410173
137.404609	161.911583	-57.509603
137.650548	161.788607	-57.612539
137.904864	161.661442	-57.718981
138.167556	161.530090	-57.828929
138.438625	161.394549	-57.942383
138.718071	161.254820	-58.059343
139.005892	161.110903	-58.179809
139.302091	160.962798	-58.303780
139.606666	160.810504	-58.431258
139.919618	160.654022	-58.562241
140.240946	160.493352	-58.696731
140.570651	160.328493	-58.834726
140.908732	160.159446	-58.976228
141.255190	159.986212	-59.121235
141.610025	159.808788	-59.269748
141.973236	159.627177	-59.421768
142.344823	159.441377	-59.577293
142.724788	159.251389	-59.736324
143.113128	159.057213	-59.898861
143.509846	158.858849	-60.064904
143.914940	158.656296	-60.234453
144.328410	158.449555	-60.407508
144.515715	158.355900	-60.485903
144.711396	158.258057	-60.567804
144.915454	158.156026	-60.653211
145.127888	158.049807	-60.742124
145.348699	157.939399	-60.834542
145.577886	157.824803	-60.930467
145.815450	157.706019	-61.029898
146.061391	157.583046	-61.132834
146.315708	157.455885	-61.239277
146.578402	157.324536	-61.349225
146.849472	157.188999	-61.462679
147.128919	157.049274	-61.579640
147.416743	156.905360	-61.700106
147.712943	156.757258	-61.824078
148.017519	156.604968	-61.951556
148.330472	156.448489	-62.082541
148.651802	156.287823	-62.217031
148.981509	156.122968	-62.355027
149.319591	155.953925	-62.496529
149.666051	155.780693	-62.641537
150.020887	155.603274	-62.790051
150.384100	155.421666	-62.942070
150.755689	155.235870	-63.097596
151.135655	155.045885	-63.256628
151.523997	154.851713	-63.419165
151.920716	154.653352	-63.585209
152.325811	154.450803	-63.754759
152.739283	154.244066	-63.927814
152.926589	154.150412	-64.006209
153.122271	154.052571	-64.088110
153.326329	153.950541	-64.173518
153.538764	153.844323	-64.262431
153.759576	153.733917	-64.354850
153.988764	153.619323	-64.450774
154.226329	153.500540	-64.550205
154.472270	153.377569	-64.653142
154.726588	153.250410	-64.759585
154.989282	153.119063	-64.869534
155.260353	152.983527	-64.982988
155.539801	152.843803	-65.099949
155.827625	152.699891	-65.220415
156.123826	152.551791	-65.344388
156.428403	152.399502	-65.471866
156.741357	152.243025	-65.602851
157.062687	152.082360	-65.737341
157.392394	151.917507	-65.875337
157.730478	151.748466	-66.016840
158.076938	151.575236	-66.161848
158.431775	151.397818	-66.310362
158.794988	151.216212	-66.462382
159.166578	151.030417	-66.617908
159.546545	150.840434	-66.776940
159.934888	150.646263	-66.939478
160.331607	150.447904	-67.105522
160.736704	150.245357	-67.275072
161.150176	150.038621	-67.448127
161.337482	149.944969	-67.526523
161.533164	149.847128	-67.608424
161.737223	149.745099	-67.693831
161.949658	149.638882	-67.782744
162.170470	149.528476	-67.875163
162.399659	149.413883	-67.971088
162.637224	149.295101	-68.070519
162.883165	149.172131	-68.173456
163.137483	149.044972	-68.279899
163.400178	148.913626	-68.389848
163.671250	148.778091	-68.503303
163.950697	148.638368	-68.620263
164.238522	148.494456	-68.740730
164.534723	148.346357	-68.864703
164.839301	148.194069	-68.992181
165.152255	148.037593	-69.123166
165.473586	147.876928	-69.257656
165.803293	147.712076	-69.395653
166.141377	147.543035	-69.537155
166.487837	147.369806	-69.682163
166.842674	147.192389	-69.830678
167.205888	147.010783	-69.982698
167.577478	146.824990	-70.138224
167.957445	146.635008	-70.297256
168.345789	146.440837	-70.459794
168.742508	146.242479	-70.625838
169.147605	146.039932	-70.795388
169.561078	145.833197	-70.968444
169.748384	145.739545	-71.046839
169.944066	145.641705	-71.128741
170.148125	145.539676	-71.214148
170.360561	145.433459	-71.303061
170.581373	145.323054	-71.395480
170.810561	145.208461	-71.491405
171.048126	145.089679	-71.590836
171.294068	144.966709	-71.693773
171.548386	144.839551	-71.800216
171.811081	144.708205	-71.910165
172.082153	144.572670	-72.023620
172.361601	144.432948	-72.140581
172.649426	144.289037	-72.261047
172.945627	144.140937	-72.385020
173.250205	143.988650	-72.512499
173.563159	143.832174	-72.643483
173.884490	143.671510	-72.777974
174.214197	143.506658	-72.915970
174.552281	143.337618	-73.057473
174.898742	143.164389	-73.202481
175.253579	142.986972	-73.350995
175.616793	142.805367	-73.503015
175.988383	142.619573	-73.658542
176.368350	142.429592	-73.817574
176.756694	142.235422	-73.980112
177.153414	142.037064	-74.146156
177.558511	141.834517	-74.315706
177.971984	141.627783	-74.488762
178.159290	141.534131	-74.567157
178.354972	141.436291	-74.649059
178.559031	141.334262	-74.734466
178.771467	141.228045	-74.823379
178.992279	141.117640	-74.915798
179.221467	141.003047	-75.011723
179.459033	140.884266	-75.111154
179.704975	140.761296	-75.214091
179.959293	140.634138	-75.320534
180.221988	140.502792	-75.430483
180.493059	140.367258	-75.543938
180.772508	140.227535	-75.660899
181.060332	140.083624	-75.781366
181.356534	139.935525	-75.905338
181.661111	139.783238	-76.032817
181.974066	139.626762	-76.163802
182.295397	139.466098	-76.298292
182.625104	139.301246	-76.436289
182.963189	139.132206	-76.577791
183.309649	138.958978	-76.722799
183.664487	138.781561	-76.871314
184.027700	138.599956	-77.023334
184.399291	138.414162	-77.178860
184.779258	138.224181	-77.337892
185.167601	138.030011	-77.500431
185.564322	137.831653	-77.666475
185.969418	137.629107	-77.836025
186.382892	137.422373	-78.009081
186.570197	137.328721	-78.087476
186.765880	137.230881	-78.169377
186.969939	137.128852	-78.254785
187.182374	137.022636	-78.343698
187.403187	136.912231	-78.436117
187.632375	136.797638	-78.532042
187.869941	136.678856	-78.631473
188.115882	136.555887	-78.734410
188.370201	136.428729	-78.840853
188.632896	136.297383	-78.950802
188.903967	136.161848	-79.064257
189.183416	136.022126	-79.181218
189.471240	135.878215	-79.301685
189.767442	135.730116	-79.425657
190.072020	135.577829	-79.553136
190.384974	135.421353	-79.684121
190.706305	135.260689	-79.818611
191.036013	135.095837	-79.956608
191.374097	134.926797	-80.098110
191.720558	134.753569	-80.243118
192.075395	134.576152	-80.391633
192.438609	134.394547	-80.543653
192.810199	134.208754	-80.699179
193.190166	134.018773	-80.858212
193.578510	133.824603	-81.020750
193.975230	133.626245	-81.186794
194.380327	133.423699	-81.356344
194.793800	133.216964	-81.529400
194.981106	133.123313	-81.607795
195.176788	133.025472	-81.689696
195.380847	132.923444	-81.775104
195.593283	132.817227	-81.864017
195.814095	132.706823	-81.956436
196.043284	132.592230	-82.052361
196.280849	132.473448	-82.151792
196.526791	132.350479	-82.254729
196.781110	132.223321	-82.361172
197.043805	132.091975	-82.471121
197.314876	131.956441	-82.584576
197.594324	131.816718	-82.701537
197.882149	131.672807	-82.822004
198.178350	131.524708	-82.945976
198.482928	131.372421	-83.073455
198.795883	131.215946	-83.204440
199.117214	131.055282	-83.338930
199.446921	130.890430	-83.476927
199.785006	130.721390	-83.618429
200.131466	130.548161	-83.763438
200.486304	130.370745	-83.911952
200.849518	130.189140	-84.063972
201.221108	130.003347	-84.219499
201.601075	129.813365	-84.378531
201.989419	129.619196	-84.541069
202.386139	129.420838	-84.707113
202.791236	129.218292	-84.876663
203.204709	129.011557	-85.049719
203.392015	128.917905	-85.128114
203.587697	128.820065	-85.210016
203.791756	128.718037	-85.295423
204.004192	128.611820	-85.384336
204.225004	128.501415	-85.476755
204.454193	128.386822	-85.572681
204.691758	128.268041	-85.672112
204.937700	128.145072	-85.775049
205.192019	128.017914	-85.881492
205.454714	127.886568	-85.991441
205.725785	127.751033	-86.104895
206.005233	127.611311	-86.221856
206.293058	127.467400	-86.342323
206.589259	127.319301	-86.466296
206.893837	127.167014	-86.593774
207.206792	127.010539	-86.724759
207.528123	126.849875	-86.859250
207.857830	126.685023	-86.997246
208.195915	126.515983	-87.138749
208.542375	126.342754	-87.283757
208.897213	126.165338	-87.432271
209.260427	125.983733	-87.584292
209.632017	125.797940	-87.739818
210.011984	125.607958	-87.898850
210.400328	125.413789	-88.061388
210.797048	125.215431	-88.227432
211.202145	125.012885	-88.396982
211.615618	124.806150	-88.570038
211.802924	124.712498	-88.648434
211.998607	124.614658	-88.730335
212.202666	124.512630	-88.815742
212.415101	124.406413	-88.904656
212.635913	124.296009	-88.997075
212.865102	124.181416	-89.093000
213.102667	124.062634	-89.192431
213.348609	123.939665	-89.295368
213.602928	123.812507	-89.401811
213.865623	123.681161	-89.511760
214.136694	123.545627	-89.625215
214.416143	123.405904	-89.742176
214.703967	123.261993	-89.862642
215.000169	123.113894	-89.986615
215.304747	122.961607	-90.114094
215.617701	122.805132	-90.245078
215.939032	122.644468	-90.379569
216.268740	122.479616	-90.517565
216.606824	122.310576	-90.659068
216.953285	122.137348	-90.804076
217.308122	121.959931	-90.952591
217.671336	121.778326	-91.104611
218.042926	121.592533	-91.260137
218.422893	121.402552	-91.419169
218.811237	121.208382	-91.581707
219.207957	121.010024	-91.747752
219.613054	120.807478	-91.917302
220.026527	120.600744	-92.090358
220.213833	120.507092	-92.168753
220.409516	120.409252	-92.250654
220.613575	120.307223	-92.336062
220.826010	120.201007	-92.424975
221.046823	120.090602	-92.517394
221.276011	119.976009	-92.613319
221.513577	119.857228	-92.712750
221.759518	119.734258	-92.815687
222.013837	119.607100	-92.922130
222.276532	119.475754	-93.032079
222.547604	119.340220	-93.145534
222.827052	119.200498	-93.262495
223.114877	119.056587	-93.382962
223.411078	118.908488	-93.506934
223.715656	118.756201	-93.634413
224.028610	118.599725	-93.765398
224.349941	118.439061	-93.899888
224.679649	118.274210	-94.037885
225.017733	118.105169	-94.179387
225.364194	117.931941	-94.324396
225.719031	117.754524	-94.472910
226.082245	117.572919	-94.624930
226.453836	117.387126	-94.780456
226.833803	117.197145	-94.939489
227.222146	117.002975	-95.102027
227.618867	116.804618	-95.268071
228.023963	116.602071	-95.437621
228.437437	116.395337	-95.610677
228.624743	116.301685	-95.689072
228.820425	116.203845	-95.770974
229.024484	116.101817	-95.856381
229.236920	115.995600	-95.945294
229.457732	115.885195	-96.037713
229.686921	115.770602	-96.133639
229.924486	115.651821	-96.233070
230.170428	115.528852	-96.336007
230.424746	115.401694	-96.442450
230.687441	115.270348	-96.552399
230.958513	115.134813	-96.665853
231.237961	114.995091	-96.782814
231.525786	114.851180	-96.903281
231.821987	114.703081	-97.027254
232.126565	114.550794	-97.154732
232.439519	114.394319	-97.285717
232.760851	114.233655	-97.420208
233.090558	114.068803	-97.558204
233.428642	113.899763	-97.699707
233.775103	113.726534	-97.844715
234.129940	113.549118	-97.993229
234.493154	113.367513	-98.145250
234.864745	113.181720	-98.300776
235.244712	112.991738	-98.459808
235.633056	112.797569	-98.622346
236.029776	112.599211	-98.788390
236.434873	112.396665	-98.957940
236.848346	112.189931	-99.130996
237.035652	112.096279	-99.209392
237.231334	111.998439	-99.291293
237.435393	111.896410	-99.376700
237.647829	111.790194	-99.465614
237.868641	111.679789	-99.558033
238.097830	111.565196	-99.653958
238.335395	111.446415	-99.753389
238.581337	111.323445	-99.856326
238.835655	111.196287	-99.962769
239.098350	111.064941	-100.072718
239.369422	110.929407	-100.186173
239.648870	110.789684	-100.303134
239.936695	110.645774	-100.423600
240.232896	110.497675	-100.547573
240.537474	110.345388	-100.675052
240.850429	110.188912	-100.806036
241.171760	110.028248	-100.940527
241.501467	109.863396	-101.078523
241.839552	109.694356	-101.220026
242.186012	109.521128	-101.365034
242.540850	109.343711	-101.513549
242.904064	109.162106	-101.665569
243.275654	108.976313	-101.821095
243.655621	108.786332	-101.980127
244.043965	108.592162	-102.142666
244.440685	108.393804	-102.308710
244.845782	108.191258	-102.478260
245.259255	107.984524	-102.651316
245.446561	107.890872	-102.729711
245.642243	107.793032	-102.811612
245.846303	107.691004	-102.897020
246.058738	107.584787	-102.985933
246.279550	107.474382	-103.078352
246.508739	107.359789	-103.174277
246.746304	107.241008	-103.273708
246.992246	107.118038	-103.376645
247.246565	106.990881	-103.483088
247.509260	106.859535	-103.593037
247.780331	106.724000	-103.706492
248.059780	106.584278	-103.823453
248.347604	106.440367	-103.943920
248.643806	106.292268	-104.067892
248.948384	106.139981	-104.195371
249.261338	105.983506	-104.326356
249.582669	105.822842	-104.460846
249.912377	105.657990	-104.598843
250.250461	105.488950	-104.740345
250.596922	105.315721	-104.885354
250.951759	105.138305	-105.033868
251.314973	104.956700	-105.185888
251.686563	104.770907	-105.341415
252.066530	104.580925	-105.500447
252.454874	104.386756	-105.662985
252.851594	104.188398	-105.829029
253.256691	103.985852	-105.998579
253.670164	103.779118	-106.171635
253.857470	103.685466	-106.250030
254.053153	103.587626	-106.331932
254.257212	103.485597	-106.417339
254.469647	103.379381	-106.506252
254.690460	103.268976	-106.598671
254.919648	103.154383	-106.694597
255.157214	103.035601	-106.794028
255.403155	102.912632	-106.896965
255.657474	102.785474	-107.003408
255.920169	102.654128	-107.113357
256.191241	102.518594	-107.226811
256.470689	102.378871	-107.343772
256.758514	102.234961	-107.464239
257.054715	102.086862	-107.588212
257.359293	101.934575	-107.715690
257.672247	101.778099	-107.846675
257.993578	101.617435	-107.981166
258.323286	101.452583	-108.119162
258.661370	101.283543	-108.260665
259.007831	101.110315	-108.405673
259.362668	100.932898	-108.554187
259.725882	100.751293	-108.706208
260.097473	100.565500	-108.861734
260.477440	100.375519	-109.020766
260.865783	100.181349	-109.183304
261.262504	99.982991	-109.349348
261.667600	99.780445	-109.518898
262.081074	99.573711	-109.691954
262.268380	99.480059	-109.770350
262.464062	99.382219	-109.852251
262.668121	99.280191	-109.937658
262.880557	99.173974	-110.026572
263.101369	99.063569	-110.118991
263.330558	98.948976	-110.214916
263.568123	98.830195	-110.314347
263.814065	98.707225	-110.417284
264.068383	98.580068	-110.523727
264.331078	98.448722	-110.633676
264.602150	98.313187	-110.747131
264.881598	98.173465	-110.864092
265.169423	98.029554	-110.984558
265.465624	97.881455	-111.108531
265.770202	97.729168	-111.236010
266.083157	97.572693	-111.366994
266.404488	97.412029	-111.501485
266.734195	97.247177	-111.639481
267.072279	97.078137	-111.780984
267.418740	96.904908	-111.925992
267.773578	96.727492	-112.074507
268.136791	96.545887	-112.226527
268.508382	96.360094	-112.382053
268.888349	96.170112	-112.541085
269.276693	95.975943	-112.703624
269.673413	95.777585	-112.869668
270.078510	95.575039	-113.039218
270.491983	95.368305	-113.212274
270.679289	95.274653	-113.290669
270.874971	95.176813	-113.372570
271.079030	95.074784	-113.457978
271.291466	94.968568	-113.546891
271.512278	94.858163	-113.639310
271.741467	94.743570	-113.735235
271.979032	94.624788	-113.834666
272.224974	94.501819	-113.937603
272.479293	94.374661	-114.044046
272.741988	94.243315	-114.153995
273.013059	94.107781	-114.267450
273.292507	93.968058	-114.384411
273.580332	93.824148	-114.504878
273.876533	93.676049	-114.628850
274.181111	93.523761	-114.756329
274.494066	93.367286	-114.887314
274.815397	93.206622	-115.021804
275.145104	93.041770	-115.159801
275.483189	92.872730	-115.301303
275.829649	92.699502	-115.446312
276.184487	92.522085	-115.594826
276.547701	92.340480	-115.746846
276.919291	92.154687	-115.902373
277.299258	91.964706	-116.061405
277.687602	91.770536	-116.223943
278.084322	91.572178	-116.389987
278.489419	91.369632	-116.559537
278.902892	91.162898	-116.732593
279.090198	91.069246	-116.810988
279.285881	90.971406	-116.892890
279.489940	90.869378	-116.978297
279.702375	90.763161	-117.067210
279.923187	90.652756	-117.159629
280.152376	90.538163	-117.255555
280.389941	90.419382	-117.354986
280.635883	90.296412	-117.457923
280.890202	90.169255	-117.564366
281.152897	90.037909	-117.674315
281.423968	89.902374	-117.787769
281.703417	89.762652	-117.904730
281.991241	89.618741	-118.025197
282.287443	89.470642	-118.149170
282.592021	89.318355	-118.276648
282.904975	89.161880	-118.407633
283.226306	89.001216	-118.542124
283.556014	88.836364	-118.680120
283.894098	88.667324	-118.821623
284.240559	88.494095	-118.966631
284.595396	88.316679	-119.115145
284.958610	88.135074	-119.267166
285.330200	87.949281	-119.422692
285.710168	87.759299	-119.581724
286.098511	87.565130	-119.744262
286.495231	87.366772	-119.910306
286.900328	87.164226	-120.079856
287.313802	86.957492	-120.252912
287.501107	86.863840	-120.331308
287.696790	86.766000	-120.413209
287.900849	86.663971	-120.498616
288.113284	86.557755	-120.587530
288.334097	86.447350	-120.679949
288.563285	86.332757	-120.775874
288.800851	86.213975	-120.875305
289.046793	86.091006	-120.978242
289.301111	85.963848	-121.084685
289.563806	85.832502	-121.194634
289.834878	85.696968	-121.308089
290.114326	85.557245	-121.425050
290.402151	85.413335	-121.545516
290.698352	85.265236	-121.669489
291.002930	85.112948	-121.796968
291.315884	84.956473	-121.927952
291.637215	84.795809	-122.062443
291.966923	84.630957	-122.200440
292.305007	84.461917	-122.341942
292.651468	84.288689	-122.486950
293.006305	84.111272	-122.635465
293.369519	83.929667	-122.787485
293.741110	83.743874	-122.943011
294.121077	83.553893	-123.102043
294.509420	83.359723	-123.264582
294.906141	83.161365	-123.430626
295.311237	82.958819	-123.600176
295.724711	82.752085	-123.773232
295.912017	82.658433	-123.851627
296.107699	82.560593	-123.933528
296.311758	82.458565	-124.018936
296.524194	82.352348	-124.107849
296.745006	82.241943	-124.200268
296.974195	82.127350	-124.296193
297.211760	82.008569	-124.395624
297.457702	81.885599	-124.498561
297.712020	81.758442	-124.605004
297.974715	81.627096	-124.714953
298.245787	81.491561	-124.828408
