36.092182	215.745706	44.048046
36.150636	215.669155	44.100777
36.214790	215.588227	44.160461
36.284645	215.502922	44.227098
36.360203	215.413241	44.300686
36.441466	215.319184	44.381225
36.528436	215.220753	44.468713
36.621113	215.117947	44.563150
36.719501	215.010768	44.664536
36.823599	214.899215	44.772868
36.933410	214.783291	44.888146
37.048935	214.662995	45.010369
37.170177	214.538327	45.139536
37.297136	214.409289	45.275647
37.429813	214.275882	45.418700
37.568212	214.138105	45.568694
37.712332	213.995960	45.725630
37.862177	213.849447	45.889505
38.017746	213.698567	46.060319
38.179042	213.543321	46.238072
38.346067	213.383708	46.422762
38.518821	213.219730	46.614388
38.697306	213.051388	46.812950
38.881524	212.878681	47.018447
39.071476	212.701611	47.230878
39.267163	212.520179	47.450242
39.468588	212.334384	47.676539
39.675750	212.144228	47.909767
39.888653	211.949712	48.149927
40.107297	211.750835	48.397016
40.331683	211.547599	48.651036
40.561813	211.340004	48.911984
40.797689	211.128050	49.179860
41.039311	210.911740	49.454663
41.286682	210.691072	49.736393
41.539801	210.466049	50.025049
41.798672	210.236670	50.320631
42.063294	210.002936	50.623137
42.333669	209.764848	50.932567
42.609799	209.522406	51.248920
42.891685	209.275612	51.572196
43.019094	209.164368	51.718455
43.152261	209.048772	51.871636
43.291186	208.928825	52.031739
43.435869	208.804527	52.198762
43.586312	208.675877	52.372707
43.742515	208.542877	52.553573
43.904477	208.405526	52.741359
44.072201	208.263826	52.936065
44.245686	208.117775	53.137691
44.424932	207.967375	53.346238
44.609941	207.812626	53.561703
44.800713	207.653528	53.784088
44.997248	207.490081	54.013392
45.199547	207.322286	54.249615
45.407610	207.150142	54.492756
45.621439	206.973651	54.742816
45.841032	206.792813	54.999793
46.066392	206.607628	55.263689
46.297518	206.418095	55.534502
46.534411	206.224217	55.812233
46.777071	206.025992	56.096881
47.025499	205.823421	56.388446
47.279695	205.616504	56.686928
47.539660	205.405242	56.992326
47.805395	205.189636	57.304641
48.076899	204.969684	57.623872
48.354173	204.745388	57.950019
48.637218	204.516748	58.283081
48.765541	204.413232	58.434136
48.899635	204.305372	58.592107
49.039501	204.193168	58.756993
49.185139	204.076621	58.928794
49.336548	203.955731	59.107510
49.493730	203.830498	59.293142
49.656683	203.700922	59.485689
49.825410	203.567003	59.685151
49.999909	203.428742	59.891528
50.180180	203.286137	60.104821
50.366225	203.139191	60.325027
50.558043	202.987902	60.552149
50.755635	202.832271	60.786185
50.959000	202.672298	61.027137
51.168139	202.507984	61.275002
51.383052	202.339327	61.529782
51.603740	202.166329	61.791477
51.830201	201.988990	62.060086
52.062438	201.807309	62.335609
52.300449	201.621287	62.618047
52.544234	201.430924	62.907398
52.793795	201.236221	63.203664
53.049132	201.037176	63.506844
53.310243	200.833791	63.816938
53.577131	200.626066	64.133945
53.849794	200.414000	64.457867
54.128233	200.197594	64.788703
54.412449	199.976848	65.126452
54.541225	199.876894	65.279507
54.675779	199.772600	65.439475
54.816108	199.663967	65.606357
54.962214	199.550993	65.780153
55.114097	199.433681	65.960862
55.271757	199.312028	66.148485
55.435193	199.186036	66.343022
55.604407	199.055705	66.544472
55.779397	198.921034	66.752835
55.960164	198.782024	66.968112
56.146708	198.638675	67.190303
56.339030	198.490987	67.419407
56.537128	198.338959	67.655425
56.741004	198.182593	67.898356
56.950658	198.021887	68.148200
57.166088	197.856843	68.404958
57.387297	197.687460	68.668629
57.614282	197.513738	68.939213
57.847046	197.335677	69.216711
58.085587	197.153277	69.501122
58.329906	196.966539	69.792447
58.580003	196.775463	70.090685
58.835878	196.580048	70.395836
59.097531	196.380295	70.707900
59.364962	196.176203	71.026877
59.638171	195.967773	71.352768
59.917158	195.755005	71.685572
60.201923	195.537899	72.025289
60.330932	195.439572	72.179201
60.465718	195.336908	72.340026
60.606283	195.229906	72.507764
60.752626	195.118565	72.682415
60.904748	195.002887	72.863980
61.062648	194.882871	73.052457
61.226327	194.758517	73.247848
61.395784	194.629825	73.450152
61.571020	194.496795	73.659369
61.752035	194.359427	73.875499
61.938828	194.217722	74.098542
62.131400	194.071679	74.328499
62.329750	193.921298	74.565368
62.533879	193.766580	74.809151
62.743787	193.607524	75.059846
62.959474	193.444130	75.317455
63.180939	193.276399	75.581977
63.408184	193.104330	75.853412
63.641207	192.927924	76.131760
63.880009	192.747180	76.417021
64.124590	192.562098	76.709195
64.374950	192.372680	77.008283
64.631089	192.178924	77.314283
64.893007	191.980830	77.627196
65.160703	191.778399	77.947023
65.434179	191.571631	78.273762
65.713434	191.360525	78.607415
65.998469	191.145083	78.947980
66.127593	191.047498	79.102265
66.262498	190.945575	79.263464
66.403181	190.839316	79.431575
66.549643	190.728719	79.606599
66.701885	190.613785	79.788536
66.859905	190.494514	79.977387
67.023705	190.370906	80.173150
67.193284	190.242960	80.375826
67.368643	190.110678	80.585416
67.549780	189.974058	80.801918
67.736697	189.833102	81.025334
67.929393	189.687808	81.255662
68.127869	189.538177	81.492904
68.332123	189.384209	81.737058
68.542157	189.225904	81.988126
68.757970	189.063263	82.246107
68.979563	188.896284	82.511000
69.206935	188.724968	82.782807
69.440086	188.549315	83.061527
69.679016	188.369325	83.347159
69.923726	188.184999	83.639705
70.174216	187.996335	83.939164
70.430484	187.803335	84.245536
70.692532	187.605997	84.558821
70.960360	187.404323	84.879019
71.233967	187.198312	85.206130
71.513353	186.987964	85.540154
71.798519	186.773279	85.881091
71.927701	186.676031	86.035540
72.062664	186.574446	86.196902
72.203406	186.468524	86.365178
72.349927	186.358265	86.540366
72.502228	186.243670	86.722467
72.660308	186.124738	86.911482
72.824167	186.001469	87.107409
72.993807	185.873863	87.310250
73.169225	185.741921	87.520003
73.350423	185.605641	87.736670
73.537401	185.465025	87.960249
73.730158	185.320072	88.190742
73.928695	185.170783	88.428147
74.133011	185.017157	88.672466
74.343106	184.859194	88.923698
74.558982	184.696894	89.181842
74.780636	184.530257	89.446900
75.008070	184.359284	89.718871
75.241284	184.183974	89.997755
75.480277	184.004327	90.283551
75.725050	183.820344	90.576261
75.975603	183.632024	90.875884
76.231934	183.439367	91.182420
76.494046	183.242374	91.495869
76.761937	183.041044	91.816231
77.035607	182.835377	92.143506
77.315057	182.625374	92.477694
77.600287	182.411034	92.818795
77.729498	182.313939	92.973317
77.864489	182.212507	93.134752
78.005260	182.106739	93.303100
78.151810	181.996634	93.478361
78.304139	181.882193	93.660535
78.462248	181.763415	93.849622
78.626137	181.640300	94.045623
78.795805	181.512849	94.248536
78.971253	181.381061	94.458362
79.152481	181.244937	94.675101
79.339488	181.104476	94.898754
79.532275	180.959678	95.129319
79.730841	180.810543	95.366797
79.935187	180.657072	95.611189
80.145312	180.499265	95.862493
80.361218	180.337121	96.120711
80.582902	180.170640	96.385841
80.810367	179.999823	96.657885
81.043611	179.824669	96.936841
81.282634	179.645178	97.222711
81.527437	179.461351	97.515494
81.778020	179.273187	97.815189
82.034382	179.080687	98.121798
82.296524	178.883850	98.435320
82.564446	178.682676	98.755755
82.838147	178.477166	99.083103
83.117628	178.267320	99.417364
83.402889	178.053137	99.758537
83.532114	177.956111	99.913092
83.667118	177.854750	100.074559
83.807902	177.749052	100.242940
83.954466	177.639017	100.418233
84.106810	177.524645	100.600440
84.264933	177.405938	100.789559
84.428836	177.282893	100.985592
84.598518	177.155512	101.188537
84.773980	177.023794	101.398396
84.955222	176.887740	101.615168
85.142243	176.747350	101.838852
85.335044	176.602622	102.069450
85.533624	176.453559	102.306961
85.737985	176.300158	102.551385
85.948124	176.142422	102.802722
86.164044	175.980348	103.060972
86.385743	175.813938	103.326135
86.613222	175.643192	103.598211
86.846480	175.468109	103.877200
87.085518	175.288689	104.163102
87.330336	175.104933	104.455917
87.580933	174.916841	104.755645
87.837310	174.724411	105.062286
88.099467	174.527646	105.375841
88.367403	174.326543	105.696308
88.641119	174.121105	106.023688
88.920615	173.911329	106.357982
89.205890	173.697218	106.699188
89.335122	173.600224	106.853757
89.470133	173.498894	107.015239
89.610923	173.393228	107.183634
89.757494	173.283225	107.358942
89.909844	173.168886	107.541162
90.067974	173.050210	107.730296
90.231883	172.927197	107.926344
90.401572	172.799848	108.129304
90.577041	172.668162	108.339177
90.758289	172.532140	108.555963
90.945317	172.391782	108.779662
91.138125	172.247087	109.010274
91.336712	172.098055	109.247800
91.541079	171.944687	109.492238
91.751226	171.786982	109.743589
91.967152	171.624941	110.001854
92.188858	171.458563	110.267031
92.416344	171.287849	110.539122
92.649609	171.112798	110.818125
92.888654	170.933411	111.104042
93.133479	170.749688	111.396872
93.384083	170.561627	111.696615
93.640467	170.369231	112.003270
93.902631	170.172497	112.316839
94.170574	169.971428	112.637321
94.444297	169.766021	112.964716
94.723799	169.556278	113.299024
95.009082	169.342199	113.640245
95.138316	169.245220	113.794820
95.273330	169.143905	113.956308
95.414124	169.038253	114.124710
95.560698	168.928264	114.300024
95.713051	168.813939	114.482251
95.871184	168.695278	114.671392
96.035097	168.572280	114.867445
96.204789	168.444945	115.070412
96.380261	168.313275	115.280292
96.561512	168.177267	115.497084
96.748544	168.036923	115.720790
96.941355	167.892243	115.951409
97.139945	167.743226	116.188941
97.344315	167.589872	116.433385
97.554465	167.432182	116.684743
97.770395	167.270156	116.943014
97.992104	167.103793	117.208198
98.219593	166.933093	117.480295
98.452861	166.758057	117.759305
98.691910	166.578685	118.045229
98.936737	166.394976	118.338065
99.187345	166.206930	118.637814
99.443732	166.014548	118.944476
99.705899	165.817830	119.258052
99.973846	165.616775	119.578540
100.247572	165.411383	119.905941
100.527078	165.201655	120.240256
100.812363	164.987591	120.581484
100.941599	164.890618	120.736062
101.076615	164.789309	120.897553
101.217410	164.683664	121.065957
101.363986	164.573682	121.241274
101.516340	164.459364	121.423505
101.674475	164.340709	121.612648
101.838389	164.217718	121.808705
102.008082	164.090390	122.011674
102.183556	163.958726	122.221557
102.364809	163.822725	122.438352
102.551842	163.682387	122.662061
102.744654	163.537714	122.892682
102.943246	163.388703	123.130217
103.147618	163.235356	123.374665
103.357769	163.077673	123.626026
103.573700	162.915653	123.884300
103.795411	162.749297	124.149487
104.022901	162.578604	124.421587
104.256172	162.403575	124.700600
104.495221	162.224209	124.986526
104.740051	162.040507	125.279365
104.990660	161.852468	125.579117
105.247049	161.660093	125.885782
105.509217	161.463381	126.199360
105.777165	161.262333	126.519852
106.050893	161.056948	126.847256
106.330400	160.847227	127.181574
106.615687	160.633169	127.522804
106.744924	160.536200	127.677383
106.879940	160.434894	127.838876
107.020737	160.329252	128.007281
107.167312	160.219273	128.182600
107.319668	160.104957	128.364832
107.477803	159.986306	128.553976
107.641718	159.863317	128.750034
107.811412	159.735992	128.953005
107.986886	159.604331	129.162889
108.168140	159.468333	129.379686
108.355173	159.327999	129.603396
108.547986	159.183328	129.834019
108.746579	159.034321	130.071555
108.950952	158.880977	130.316004
109.161104	158.723297	130.567366
109.377036	158.561280	130.825641
109.598747	158.394927	131.090829
109.826238	158.224237	131.362931
110.059509	158.049211	131.641945
110.298559	157.869848	131.927872
110.543390	157.686149	132.220713
110.793999	157.498113	132.520466
111.050389	157.305741	132.827133
111.312558	157.109032	133.140712
111.580507	156.907987	133.461205
111.854235	156.702606	133.788611
112.133743	156.492887	134.122929
112.419031	156.278833	134.464161
112.548268	156.181865	134.618741
112.683285	156.080560	134.780234
112.824081	155.974919	134.948641
112.970657	155.864942	135.123960
113.123013	155.750628	135.306192
113.281149	155.631977	135.495337
113.445064	155.508990	135.691396
113.614759	155.381667	135.894367
113.790233	155.250007	136.104251
113.971487	155.114011	136.321049
114.158521	154.973678	136.544759
114.351334	154.829008	136.775383
114.549927	154.680002	137.012920
114.754300	154.526660	137.257369
114.964453	154.368981	137.508732
115.180385	154.206966	137.767008
115.402097	154.040614	138.032197
115.629588	153.869926	138.304299
115.862859	153.694901	138.583313
116.101910	153.515539	138.869241
116.346740	153.331842	139.162082
116.597351	153.143807	139.461837
116.853740	152.951437	139.768504
117.115910	152.754729	140.082084
117.383859	152.553686	140.402577
117.657588	152.348305	140.729983
117.937096	152.138588	141.064303
118.222384	151.924535	141.405535
118.351622	151.827568	141.560115
118.486639	151.726264	141.721609
118.627435	151.620624	141.890015
118.774011	151.510647	142.065335
118.926367	151.396333	142.247567
119.084503	151.277684	142.436713
119.248418	151.154697	142.632771
119.418113	151.027375	142.835743
119.593588	150.895715	143.045628
119.774842	150.759719	143.262425
119.961876	150.619387	143.486136
120.154689	150.474718	143.716760
120.353283	150.325713	143.954297
120.557656	150.172371	144.198747
120.767808	150.014693	144.450110
120.983740	149.852678	144.708386
121.205452	149.686327	144.973575
121.432944	149.515640	145.245677
121.666215	149.340615	145.524692
121.905266	149.161255	145.810621
122.150097	148.977557	146.103462
122.400707	148.789524	146.403216
122.657097	148.597154	146.709884
122.919267	148.400447	147.023464
123.187216	148.199404	147.343958
123.460945	147.994024	147.671364
123.740454	147.784308	148.005684
124.025742	147.570256	148.346917
124.154979	147.473288	148.501497
124.289996	147.371985	148.662990
124.430793	147.266345	148.831397
124.577369	147.156368	149.006717
124.729725	147.042055	149.188949
124.887861	146.923406	149.378095
125.051776	146.800420	149.574154
125.221471	146.673097	149.777125
125.396946	146.541438	149.987010
125.578200	146.405443	150.203808
125.765234	146.265111	150.427519
125.958048	146.120442	150.658143
126.156641	145.971437	150.895680
126.361014	145.818096	151.140130
126.571167	145.660418	151.391493
126.787099	145.498403	151.649769
127.008811	145.332052	151.914959
127.236303	145.161365	152.187061
127.469574	144.986341	152.466076
127.708625	144.806981	152.752005
127.953456	144.623284	153.044846
128.204066	144.435250	153.344600
128.460456	144.242881	153.651268
128.722626	144.046174	153.964849
128.990575	143.845131	154.285342
129.264304	143.639752	154.612749
129.543813	143.430036	154.947069
129.829102	143.215984	155.288301
129.958339	143.119017	155.442882
130.093356	143.017713	155.604375
130.234153	142.912074	155.772782
130.380729	142.802097	155.948102
130.533085	142.687784	156.130334
130.691221	142.569135	156.319480
130.855136	142.446149	156.515539
131.024831	142.318826	156.718511
131.200306	142.187168	156.928395
131.381560	142.051172	157.145193
131.568594	141.910840	157.368904
131.761408	141.766172	157.599528
131.960001	141.617167	157.837065
132.164374	141.463826	158.081516
132.374527	141.306148	158.332879
132.590459	141.144134	158.591155
132.812171	140.977783	158.856344
133.039663	140.807096	159.128447
133.272934	140.632072	159.407462
133.511985	140.452712	159.693390
133.756816	140.269015	159.986232
134.007427	140.080982	160.285986
134.263817	139.888612	160.592654
134.525986	139.691906	160.906235
134.793936	139.490863	161.226728
135.067665	139.285484	161.554135
135.347174	139.075768	161.888455
135.632462	138.861716	162.229688
135.761699	138.764749	162.384268
135.896716	138.663446	162.545762
136.037513	138.557806	162.714168
136.184089	138.447829	162.889488
136.336445	138.333517	163.071721
136.494581	138.214867	163.260867
136.658497	138.091881	163.456925
136.828192	137.964559	163.659897
137.003666	137.832900	163.869782
137.184921	137.696905	164.086580
137.371955	137.556573	164.310291
137.564768	137.411905	164.540915
137.763362	137.262900	164.778452
137.967735	137.109559	165.022902
138.177888	136.951881	165.274266
138.393820	136.789867	165.532542
138.615532	136.623516	165.797731
138.843024	136.452829	166.069833
139.076295	136.277805	166.348849
139.315346	136.098445	166.634777
139.560177	135.914748	166.927619
139.810787	135.726715	167.227373
140.067178	135.534345	167.534041
140.329347	135.337639	167.847622
140.597297	135.136597	168.168115
140.871026	134.931217	168.495522
141.150535	134.721502	168.829842
141.435823	134.507450	169.171075
141.565060	134.410483	169.325655
141.700077	134.309180	169.487149
141.840874	134.203540	169.655556
141.987450	134.093563	169.830875
142.139806	133.979250	170.013108
142.297942	133.860601	170.202254
142.461858	133.737615	170.398312
142.631553	133.610293	170.601284
142.807027	133.478634	170.811169
142.988282	133.342639	171.027967
143.175316	133.202307	171.251678
143.368129	133.057639	171.482302
143.566723	132.908634	171.719839
143.771096	132.755293	171.964290
143.981249	132.597615	172.215653
144.197181	132.435601	172.473929
144.418893	132.269250	172.739118
144.646385	132.098563	173.011221
144.879656	131.923539	173.290236
145.118707	131.744179	173.576165
145.363538	131.560483	173.869006
145.614149	131.372450	174.168761
145.870539	131.180080	174.475428
146.132708	130.983374	174.789009
146.400658	130.782331	175.109503
146.674387	130.576952	175.436910
146.953896	130.367236	175.771229
147.239184	130.153184	176.112462
147.368422	130.056217	176.267043
147.503439	129.954914	176.428536
147.644235	129.849274	176.596943
147.790812	129.739298	176.772263
147.943168	129.624985	176.954495
148.101303	129.506336	177.143641
148.265219	129.383350	177.339700
148.434914	129.256028	177.542672
148.610388	129.124369	177.752557
148.791643	128.988374	177.969355
148.978677	128.848042	178.193066
149.171491	128.703374	178.423690
149.370084	128.554369	178.661227
149.574457	128.401028	178.905677
149.784610	128.243350	179.157040
150.000542	128.081336	179.415316
150.222254	127.914985	179.680506
150.449746	127.744298	179.952608
150.683017	127.569274	180.231624
150.922069	127.389914	180.517552
151.166899	127.206217	180.810394
151.417510	127.018184	181.110148
151.673900	126.825815	181.416816
151.936070	126.629109	181.730397
152.204019	126.428066	182.050890
152.477748	126.222687	182.378297
152.757257	126.012971	182.712617
153.042545	125.798919	183.053850
153.171783	125.701952	183.208430
153.306800	125.600649	183.369924
153.447596	125.495009	183.538330
153.594173	125.385033	183.713650
153.746529	125.270720	183.895883
153.904665	125.152071	184.085029
154.068580	125.029085	184.281087
154.238275	124.901763	184.484059
154.413750	124.770104	184.693944
154.595004	124.634109	184.910742
154.782038	124.493777	185.134453
154.974852	124.349109	185.365077
155.173445	124.200104	185.602614
155.377818	124.046763	185.847065
155.587971	123.889085	186.098428
155.803904	123.727071	186.356704
156.025616	123.560720	186.621893
156.253107	123.390033	186.893996
156.486379	123.215009	187.173011
156.725430	123.035649	187.458940
156.970261	122.851953	187.751781
157.220871	122.663919	188.051536
157.477261	122.471550	188.358203
157.739431	122.274844	188.671784
158.007380	122.073801	188.992278
158.281109	121.868422	189.319685
158.560618	121.658706	189.654004
158.845907	121.444654	189.995237
158.975144	121.347687	190.149818
159.110161	121.246384	190.311311
159.250958	121.140744	190.479718
159.397534	121.030768	190.655038
159.549890	120.916455	190.837270
159.708026	120.797806	191.026416
159.871941	120.674820	191.222475
160.041636	120.547498	191.425447
160.217111	120.415839	191.635332
160.398365	120.279844	191.852130
160.585399	120.139512	192.075841
160.778213	119.994844	192.306465
160.976807	119.845839	192.544002
161.181180	119.692498	192.788452
161.391332	119.534820	193.039815
161.607265	119.372806	193.298092
161.828977	119.206455	193.563281
162.056469	119.035768	193.835383
162.289740	118.860744	194.114399
162.528791	118.681384	194.400327
162.773622	118.497688	194.693169
163.024232	118.309655	194.992923
163.280622	118.117285	195.299591
163.542792	117.920579	195.613172
163.810742	117.719536	195.933665
164.084471	117.514157	196.261072
164.363980	117.304442	196.595392
164.649268	117.090390	196.936625
164.778505	116.993423	197.091205
164.913522	116.892119	197.252699
165.054319	116.786479	197.421106
165.200895	116.676503	197.596425
165.353252	116.562190	197.778658
165.511387	116.443541	197.967804
165.675303	116.320555	198.163863
165.844998	116.193233	198.366834
166.020472	116.061574	198.576719
166.201727	115.925579	198.793517
166.388761	115.785247	199.017228
166.581575	115.640579	199.247852
166.780168	115.491574	199.485390
166.984541	115.338233	199.729840
167.194694	115.180555	199.981203
167.410626	115.018541	200.239479
167.632338	114.852190	200.504669
167.859830	114.681503	200.776771
168.093101	114.506480	201.055786
168.332153	114.327120	201.341715
168.576983	114.143423	201.634556
168.827594	113.955390	201.934311
169.083984	113.763020	202.240979
169.346154	113.566314	202.554559
169.614103	113.365271	202.875053
169.887832	113.159892	203.202460
170.167341	112.950177	203.536780
170.452629	112.736125	203.878013
170.581867	112.639158	204.032593
170.716884	112.537855	204.194087
170.857680	112.432215	204.362493
171.004257	112.322238	204.537813
171.156613	112.207926	204.720046
171.314749	112.089276	204.909191
171.478664	111.966290	205.105250
171.648359	111.838968	205.308222
171.823834	111.707309	205.518107
172.005088	111.571314	205.734905
172.192122	111.430982	205.958616
172.384936	111.286314	206.189240
172.583529	111.137309	206.426777
172.787902	110.983968	206.671227
172.998055	110.826291	206.922591
173.213987	110.664276	207.180867
173.435700	110.497926	207.446056
173.663191	110.327239	207.718159
173.896463	110.152215	207.997174
174.135514	109.972855	208.283103
174.380345	109.789158	208.575944
174.630955	109.601125	208.875699
174.887345	109.408755	209.182366
175.149515	109.212049	209.495947
175.417464	109.011007	209.816441
175.691193	108.805628	210.143847
175.970702	108.595912	210.478167
176.255991	108.381860	210.819400
176.385228	108.284893	210.973981
176.520245	108.183590	211.135474
176.661042	108.077950	211.303881
176.807618	107.967974	211.479201
176.959974	107.853661	211.661433
177.118110	107.735011	211.850579
177.282025	107.612026	212.046638
177.451720	107.484703	212.249610
177.627195	107.353045	212.459495
177.808449	107.217049	212.676293
177.995483	107.076718	212.900004
178.188297	106.932049	213.130628
178.386891	106.783045	213.368165
178.591264	106.629703	213.612615
178.801416	106.472026	213.863978
179.017349	106.310012	214.122255
179.239061	106.143661	214.387444
179.466553	105.972974	214.659546
179.699824	105.797950	214.938562
179.938875	105.618590	215.224490
180.183706	105.434893	215.517332
180.434316	105.246860	215.817086
180.690706	105.054491	216.123754
180.952876	104.857784	216.437335
181.220826	104.656742	216.757828
181.494555	104.451363	217.085235
181.774064	104.241647	217.419555
182.059352	104.027595	217.760788
182.188589	103.930628	217.915368
182.323606	103.829325	218.076862
182.464403	103.723685	218.245269
182.610979	103.613709	218.420588
182.763336	103.499396	218.602821
182.921471	103.380747	218.791967
183.085387	103.257761	218.988026
183.255082	103.130439	219.190997
183.430556	102.998780	219.400882
183.611811	102.862785	219.617680
183.798845	102.722453	219.841391
183.991659	102.577785	220.072015
184.190252	102.428780	220.309553
184.394625	102.275439	220.554003
184.604778	102.117761	220.805366
184.820710	101.955747	221.063642
185.042422	101.789396	221.328832
185.269914	101.618709	221.600934
185.503185	101.443685	221.879949
185.742237	101.264325	222.165878
185.987067	101.080629	222.458719
186.237678	100.892595	222.758474
186.494068	100.700226	223.065142
186.756238	100.503520	223.378722
187.024187	100.302477	223.699216
187.297916	100.097098	224.026623
187.577425	99.887382	224.360943
187.862713	99.673330	224.702176
187.991951	99.576364	224.856756
188.126968	99.475060	225.018250
188.267764	99.369420	225.186656
188.414341	99.259444	225.361976
188.566697	99.145131	225.544209
188.724833	99.026482	225.733354
188.888748	98.903496	225.929413
189.058443	98.776174	226.132385
189.233918	98.644515	226.342270
189.415172	98.508520	226.559068
189.602206	98.368188	226.782779
189.795020	98.223520	227.013403
189.993613	98.074515	227.250940
190.197986	97.921174	227.495390
190.408139	97.763496	227.746754
190.624072	97.601482	228.005030
190.845784	97.435131	228.270219
191.073275	97.264444	228.542322
191.306547	97.089421	228.821337
191.545598	96.910060	229.107265
191.790429	96.726364	229.400107
192.041039	96.538331	229.699862
192.297429	96.345961	230.006529
192.559599	96.149255	230.320110
192.827548	95.948212	230.640604
193.101277	95.742833	230.968010
193.380786	95.533118	231.302330
193.666075	95.319066	231.643563
193.795312	95.222099	231.798144
193.930329	95.120795	231.959637
194.071126	95.015156	232.128044
194.217702	94.905179	232.303364
194.370058	94.790866	232.485596
194.528194	94.672217	232.674742
194.692109	94.549231	232.870801
194.861804	94.421909	233.073773
195.037279	94.290250	233.283658
195.218533	94.154255	233.500456
195.405567	94.013923	233.724167
195.598381	93.869255	233.954791
195.796975	93.720250	234.192328
196.001348	93.566909	234.436778
196.211500	93.409231	234.688141
196.427433	93.247217	234.946418
196.649145	93.080867	235.211607
196.876637	92.910179	235.483709
197.109908	92.735156	235.762725
197.348959	92.555796	236.048653
197.593790	92.372099	236.341495
197.844400	92.184066	236.641249
198.100790	91.991696	236.947917
198.362960	91.794990	237.261498
198.630910	91.593948	237.581991
198.904639	91.388568	237.909398
199.184148	91.178853	238.243718
199.469436	90.964801	238.584951
199.598673	90.867834	238.739531
199.733690	90.766531	238.901025
199.874487	90.660891	239.069432
200.021063	90.550914	239.244751
200.173420	90.436602	239.426984
200.331555	90.317952	239.616130
200.495471	90.194967	239.812188
200.665166	90.067644	240.015160
200.840640	89.935986	240.225045
201.021895	89.799990	240.441843
201.208929	89.659659	240.665554
201.401743	89.514990	240.896178
201.600336	89.365986	241.133715
201.804709	89.212644	241.378166
202.014862	89.054967	241.629529
202.230794	88.892953	241.887805
202.452506	88.726602	242.152994
202.679998	88.555915	242.425097
202.913269	88.380891	242.704112
203.152321	88.201531	242.990041
203.397151	88.017834	243.282882
203.647762	87.829801	243.582637
203.904152	87.637431	243.889305
204.166322	87.440725	244.202885
204.434271	87.239683	244.523379
204.708000	87.034304	244.850786
204.987509	86.824588	245.185106
205.272797	86.610536	245.526338
205.402035	86.513569	245.680919
205.537052	86.412266	245.842413
205.677848	86.306626	246.010819
205.824425	86.196650	246.186139
205.976781	86.082337	246.368372
206.134917	85.963688	246.557517
206.298832	85.840702	246.753576
206.468527	85.713380	246.956548
206.644002	85.581721	247.166433
206.825256	85.445726	247.383231
207.012290	85.305394	247.606942
207.205104	85.160726	247.837566
207.403697	85.011721	248.075103
207.608070	84.858380	248.319553
207.818223	84.700702	248.570917
208.034156	84.538688	248.829193
208.255868	84.372337	249.094382
208.483359	84.201650	249.366485
208.716631	84.026626	249.645500
208.955682	83.847266	249.931428
209.200513	83.663569	250.224270
209.451123	83.475536	250.524025
209.707513	83.283167	250.830692
209.969683	83.086461	251.144273
210.237632	82.885418	251.464767
210.511361	82.680039	251.792173
210.790870	82.470323	252.126493
211.076159	82.256271	252.467726
211.205396	82.159304	252.622307
211.340413	82.058001	252.783800
211.481210	81.952361	252.952207
211.627786	81.842385	253.127526
211.780142	81.728072	253.309759
211.938278	81.609423	253.498905
212.102193	81.486437	253.694964
212.271888	81.359115	253.897936
212.447363	81.227456	254.107821
212.628617	81.091461	254.324619
212.815652	80.951129	254.548330
213.008465	80.806461	254.778954
213.207059	80.657456	255.016491
213.411432	80.504115	255.260941
213.621584	80.346437	255.512304
213.837517	80.184423	255.770580
214.059229	80.018072	256.035770
214.286721	79.847385	256.307872
214.519992	79.672361	256.586888
214.759043	79.493001	256.872816
215.003874	79.309305	257.165658
215.254484	79.121272	257.465412
215.510874	78.928902	257.772080
215.773044	78.732196	258.085660
216.040994	78.531153	258.406154
216.314723	78.325774	258.733561
216.594232	78.116059	259.067881
216.879520	77.902007	259.409114
217.008757	77.805040	259.563694
217.143774	77.703736	259.725188
217.284571	77.598097	259.893594
217.431148	77.488120	260.068914
217.583504	77.373807	260.251147
217.741639	77.255158	260.440293
217.905555	77.132172	260.636351
218.075250	77.004850	260.839323
218.250724	76.873191	261.049208
218.431979	76.737196	261.266006
218.619013	76.596864	261.489717
218.811827	76.452196	261.720341
219.010420	76.303191	261.957878
219.214793	76.149850	262.202329
219.424946	75.992172	262.453692
219.640878	75.830158	262.711968
219.862590	75.663808	262.977157
220.090082	75.493120	263.249260
220.323353	75.318097	263.528275
