-40.431551	219.031642	39.374071
-40.478583	218.876626	39.400772
-40.532041	218.717184	39.433727
-40.591927	218.553318	39.472936
-40.658244	218.385032	39.518399
-40.730993	218.212326	39.570114
-40.810177	218.035203	39.628080
-40.895798	217.853665	39.692297
-40.987859	217.667714	39.762764
-41.086361	217.477353	39.839480
-41.191307	217.282582	39.922444
-41.302699	217.083405	40.011656
-41.420539	216.879824	40.107114
-41.544830	216.671841	40.208818
-41.675573	216.459457	40.316768
-41.812772	216.242675	40.430962
-41.956427	216.021498	40.551399
-42.106541	215.795926	40.678079
-42.263117	215.565963	40.811002
-42.426156	215.331610	40.950166
-42.595661	215.092870	41.095570
-42.771634	214.849745	41.247215
-42.954076	214.602236	41.405099
-43.142991	214.350347	41.569221
-43.338379	214.094079	41.739581
-43.540244	213.833434	41.916179
-43.748587	213.568414	42.099013
-43.963411	213.299022	42.288084
-44.184717	213.025260	42.483389
-44.412507	212.747130	42.684930
-44.646784	212.464634	42.892704
-44.887549	212.177774	43.106712
-45.134805	211.886553	43.326953
-45.388553	211.590972	43.553427
-45.648796	211.291034	43.786133
-45.915535	210.986742	44.025069
-46.188773	210.678096	44.270237
-46.468511	210.365100	44.521635
-46.754751	210.047755	44.779263
-46.883424	209.906359	44.895239
-47.018602	209.760618	45.017444
-47.160286	209.610533	45.145879
-47.308477	209.456104	45.280542
-47.463175	209.297333	45.421433
-47.624382	209.134221	45.568553
-47.792098	208.966768	45.721902
-47.966324	208.794976	45.881478
-48.147061	208.618845	46.047282
-48.334310	208.438378	46.219314
-48.528071	208.253573	46.397574
-48.728346	208.064434	46.582061
-48.935134	207.870960	46.772775
-49.148438	207.673152	46.969716
-49.368257	207.471012	47.172885
-49.594593	207.264540	47.382279
-49.827447	207.053738	47.597901
-50.066818	206.838607	47.819749
-50.312709	206.619146	48.047824
-50.565119	206.395359	48.282124
-50.824049	206.167245	48.522651
-51.089501	205.934805	48.769404
-51.361475	205.698041	49.022382
-51.639972	205.456953	49.281587
-51.924992	205.211543	49.547016
-52.216537	204.961811	49.818672
-52.514607	204.707758	50.096553
-52.819202	204.449387	50.380659
-52.958314	204.331930	50.510475
-53.103952	204.210156	50.646515
-53.256118	204.084064	50.788781
-53.414811	203.953655	50.937272
-53.580032	203.818930	51.091988
-53.751782	203.679888	51.252930
-53.930060	203.536530	51.420096
-54.114867	203.388857	51.593488
-54.306203	203.236869	51.773104
-54.504069	203.080567	51.958946
-54.708464	202.919951	52.151012
-54.919390	202.755022	52.349303
-55.136847	202.585779	52.553820
-55.360834	202.412224	52.764561
-55.591353	202.234357	52.981527
-55.828403	202.052178	53.204718
-56.071984	201.865688	53.434134
-56.322098	201.674887	53.669775
-56.578745	201.479776	53.911640
-56.841924	201.280355	54.159731
-57.111637	201.076625	54.414046
-57.387882	200.868586	54.674586
-57.670662	200.656238	54.941351
-57.959975	200.439583	55.214341
-58.255823	200.218620	55.493555
-58.558206	199.993351	55.778994
-58.867123	199.763774	56.070659
-59.182576	199.529892	56.368547
-59.325747	199.423983	56.503771
-59.475454	199.313768	56.645218
-59.631696	199.199248	56.792891
-59.794475	199.080423	56.946789
-59.963789	198.957294	57.106911
-60.139640	198.829860	57.273258
-60.322027	198.698121	57.445830
-60.510951	198.562079	57.624627
-60.706411	198.421732	57.809649
-60.908409	198.277082	58.000896
-61.116943	198.128129	58.198367
-61.332014	197.974872	58.402064
-61.553622	197.817313	58.611985
-61.781768	197.655450	58.828131
-62.016451	197.489285	59.050502
-62.257672	197.318818	59.279098
-62.505430	197.144048	59.513919
-62.759726	196.964976	59.754965
-63.020560	196.781603	60.002236
-63.287933	196.593928	60.255732
-63.561843	196.401952	60.515452
-63.842292	196.205675	60.781398
-64.129280	196.005097	61.053569
-64.422805	195.800218	61.331965
-64.722870	195.591038	61.616585
-65.029474	195.377559	61.907431
-65.342616	195.159780	62.204502
-65.662298	194.937700	62.507798
-65.807186	194.837156	62.645269
-65.958614	194.732313	62.788965
-66.116581	194.623170	62.938887
-66.281087	194.509727	63.095033
-66.452133	194.391986	63.257405
-66.629718	194.269945	63.426001
-66.813843	194.143606	63.600823
-67.004507	194.012968	63.781870
-67.201712	193.878030	63.969142
-67.405456	193.738795	64.162640
-67.615739	193.595260	64.362362
-67.832563	193.447427	64.568310
-68.055927	193.295296	64.780483
-68.285830	193.138867	64.998881
-68.522274	192.978139	65.223505
-68.765258	192.813113	65.454353
-69.014782	192.643789	65.691427
-69.270846	192.470168	65.934727
-69.533450	192.292248	66.184251
-69.802595	192.110031	66.440001
-70.078280	191.923516	66.701976
-70.360505	191.732704	66.970176
-70.649271	191.537594	67.244602
-70.944577	191.338187	67.525253
-71.246424	191.134483	67.812129
-71.554812	190.926482	68.105231
-71.869740	190.714184	68.404558
-72.191210	190.497589	68.710111
-72.336858	190.399505	68.848552
-72.489048	190.297124	68.993218
-72.647778	190.190446	69.144110
-72.813050	190.079472	69.301227
-72.984862	189.964201	69.464570
-73.163215	189.844634	69.634138
-73.348109	189.720770	69.809932
-73.539544	189.592609	69.991951
-73.737520	189.460152	70.180195
-73.942037	189.323399	70.374665
-74.153095	189.182350	70.575361
-74.370694	189.037004	70.782282
-74.594834	188.887362	70.995428
-74.825515	188.733424	71.214800
-75.062738	188.575189	71.440397
-75.306502	188.412659	71.672220
-75.556806	188.245833	71.910269
-75.813652	188.074710	72.154543
-76.077040	187.899292	72.405042
-76.346968	187.719577	72.661767
-76.623438	187.535567	72.924717
-76.906449	187.347261	73.193893
-77.196001	187.154660	73.469295
-77.492095	186.957762	73.750922
-77.794730	186.756569	74.038775
-78.103907	186.551080	74.332853
-78.419625	186.341296	74.633157
-78.741884	186.127216	74.939686
-78.887877	186.030254	75.078555
-79.040411	185.928996	75.223649
-79.199487	185.823443	75.374968
-79.365104	185.713595	75.532513
-79.537263	185.599451	75.696284
-79.715964	185.481012	75.866280
-79.901206	185.358277	76.042502
-80.092989	185.231247	76.224950
-80.291314	185.099922	76.413623
-80.496181	184.964301	76.608522
-80.707589	184.824385	76.809647
-80.925538	184.680174	77.016997
-81.150030	184.531668	77.230573
-81.381063	184.378866	77.450374
-81.618637	184.221770	77.676401
-81.862753	184.060378	77.908654
-82.113411	183.894691	78.147132
-82.370610	183.724709	78.391836
-82.634351	183.550432	78.642766
-82.904634	183.371859	78.899921
-83.181459	183.188992	79.163302
-83.464825	183.001830	79.432909
-83.754732	182.810372	79.708742
-84.051182	182.614620	79.990800
-84.354173	182.414573	80.279084
-84.663706	182.210230	80.573593
-84.979780	182.001593	80.874328
-85.302397	181.788661	81.181289
-85.448547	181.692210	81.320348
-85.601239	181.591463	81.465632
-85.760472	181.486422	81.617142
-85.926248	181.377086	81.774878
-86.098565	181.263456	81.938839
-86.277424	181.145530	82.109026
-86.462825	181.023310	82.285439
-86.654767	180.896795	82.468078
-86.853251	180.765985	82.656942
-87.058278	180.630880	82.852032
-87.269845	180.491480	83.053348
-87.487955	180.347786	83.260890
-87.712607	180.199797	83.474657
-87.943800	180.047513	83.694650
-88.181535	179.890934	83.920869
-88.425812	179.730061	84.153313
-88.676631	179.564893	84.391983
-88.933991	179.395430	84.636879
-89.197894	179.221673	84.888001
-89.468338	179.043620	85.145348
-89.745324	178.861274	85.408922
-90.028852	178.674632	85.678721
-90.318922	178.483696	85.954745
-90.615534	178.288465	86.236996
-90.918687	178.088940	86.525472
-91.228383	177.885120	86.820174
-91.544620	177.677005	87.121102
-91.867399	177.464596	87.428255
-92.013622	177.368377	87.567399
-92.166386	177.267863	87.712769
-92.325691	177.163055	87.864364
-92.491539	177.053952	88.022185
-92.663929	176.940555	88.186232
-92.842861	176.822863	88.356505
-93.028334	176.700877	88.533003
-93.220349	176.574596	88.715728
-93.418907	176.444021	88.904678
-93.624006	176.309150	89.099854
-93.835647	176.169986	89.301255
-94.053830	176.026527	89.508883
-94.278555	175.878773	89.722736
-94.509822	175.726725	89.942815
-94.747630	175.570382	90.169119
-94.991981	175.409745	90.401650
-95.242873	175.244813	90.640406
-95.500308	175.075586	90.885388
-95.764284	174.902066	91.136596
-96.034803	174.724250	91.394030
-96.311863	174.542140	91.657689
-96.595465	174.355736	91.927575
-96.885609	174.165037	92.203686
-97.182295	173.970044	92.486022
-97.485523	173.770756	92.774585
-97.795293	173.567173	93.069373
-98.111605	173.359297	93.370388
-98.434458	173.147125	93.677628
-98.580713	173.051012	93.816810
-98.733511	172.950605	93.962218
-98.892850	172.845903	94.113852
-99.058731	172.736906	94.271711
-99.231154	172.623615	94.435797
-99.410119	172.506030	94.606108
-99.595625	172.384150	94.782645
-99.787674	172.257976	94.965408
-99.986265	172.127507	95.154396
-100.191398	171.992744	95.349611
-100.403072	171.853686	95.551051
-100.621289	171.710334	95.758717
-100.846048	171.562687	95.972609
-101.077348	171.410746	96.192727
-101.315190	171.254511	96.419070
-101.559575	171.093981	96.651639
-101.810501	170.929157	96.890434
-102.067970	170.760038	97.135455
-102.331980	170.586625	97.386702
-102.602532	170.408917	97.644174
-102.879626	170.226915	97.907873
-103.163262	170.040619	98.177797
-103.453440	169.850028	98.453947
-103.750160	169.655143	98.736322
-104.053422	169.455963	99.024924
-104.363226	169.252489	99.319751
-104.679572	169.044720	99.620805
-105.002460	168.832657	99.928084
-105.148731	168.736592	100.067283
-105.301543	168.636233	100.212708
-105.460897	168.531579	100.364360
-105.626794	168.422631	100.522236
-105.799232	168.309389	100.686339
-105.978212	168.191852	100.856668
-106.163734	168.070020	101.033222
-106.355798	167.943894	101.216002
-106.554404	167.813474	101.405008
-106.759553	167.678760	101.600240
-106.971243	167.539751	101.801698
-107.189475	167.396447	102.009381
-107.414249	167.248850	102.223291
-107.645564	167.096957	102.443426
-107.883422	166.940771	102.669787
-108.127822	166.780290	102.902374
-108.378764	166.615515	103.141186
-108.636248	166.446445	103.386225
-108.900274	166.273081	103.637489
-109.170842	166.095422	103.894979
-109.447951	165.913469	104.158695
-109.731603	165.727222	104.428636
-110.021797	165.536681	104.704804
-110.318532	165.341844	104.987197
-110.621810	165.142714	105.275816
-110.931630	164.939289	105.570661
-111.247991	164.731570	105.871732
-111.570895	164.519557	106.179029
-111.717172	164.423514	106.318236
-111.869992	164.323176	106.463669
-112.029353	164.218544	106.615328
-112.195256	164.109618	106.773213
-112.367701	163.996398	106.937323
-112.546689	163.878883	107.107660
-112.732218	163.757073	107.284222
-112.924289	163.630970	107.467010
-113.122902	163.500572	107.656024
-113.328057	163.365879	107.851264
-113.539754	163.226893	108.052729
-113.757993	163.083611	108.260421
-113.982775	162.936036	108.474338
-114.214098	162.784166	108.694481
-114.451963	162.628002	108.920850
-114.696370	162.467543	109.153444
-114.947319	162.302790	109.392265
-115.204810	162.133743	109.637311
-115.468843	161.960401	109.888583
-115.739417	161.782765	110.146081
-116.016534	161.600834	110.409805
-116.300193	161.414610	110.679755
-116.590394	161.224090	110.955930
-116.887137	161.029277	111.238332
-117.190422	160.830169	111.526959
-117.500249	160.626766	111.821812
-117.816617	160.419070	112.122890
-118.139528	160.207079	112.430195
-118.285809	160.111046	112.569406
-118.438631	160.010718	112.714842
-118.597996	159.906097	112.866505
-118.763902	159.797180	113.024393
-118.936351	159.683970	113.188507
-119.115341	159.566465	113.358847
-119.300873	159.444666	113.535413
-119.492948	159.318572	113.718205
-119.691564	159.188184	113.907222
-119.896723	159.053502	114.102466
-120.108423	158.914525	114.303935
-120.326665	158.771254	114.511630
-120.551450	158.623689	114.725550
-120.782776	158.471829	114.945697
-121.020644	158.315675	115.172069
-121.265055	158.155227	115.404668
-121.516007	157.990484	115.643492
-121.773501	157.821447	115.888542
-122.037537	157.648115	116.139817
-122.308115	157.470489	116.397319
-122.585236	157.288569	116.661046
-122.868898	157.102354	116.931000
-123.159102	156.911845	117.207179
-123.455848	156.717042	117.489584
-123.759136	156.517944	117.778214
-124.068966	156.314552	118.073071
-124.385338	156.106866	118.374153
-124.708252	155.894885	118.681461
-124.854534	155.798856	118.820674
-125.007358	155.698534	118.966112
-125.166724	155.593916	119.117776
-125.332632	155.485005	119.275666
-125.505082	155.371799	119.439782
-125.684074	155.254299	119.610124
-125.869608	155.132504	119.786691
-126.061684	155.006415	119.969484
-126.260302	154.876032	120.158503
-126.465462	154.741354	120.353748
-126.677164	154.602382	120.555219
-126.895407	154.459116	120.762916
-127.120193	154.311555	120.976838
-127.351521	154.159700	121.196986
-127.589391	154.003550	121.423360
-127.833803	153.843106	121.655960
-128.084756	153.678368	121.894786
-128.342252	153.509336	122.139837
-128.606290	153.336009	122.391115
-128.876869	153.158388	122.648618
-129.153991	152.976472	122.912347
-129.437655	152.790262	123.182302
-129.727860	152.599758	123.458483
-130.024608	152.404959	123.740889
-130.327898	152.205866	124.029521
-130.637729	152.002479	124.324380
-130.954103	151.794797	124.625464
-131.277018	151.582821	124.932773
-131.423301	151.486794	125.071987
-131.576126	151.386474	125.217426
-131.735492	151.281859	125.369090
-131.901401	151.172949	125.526981
-132.073852	151.059745	125.691098
-132.252844	150.942247	125.861440
-132.438379	150.820455	126.038008
-132.630455	150.694368	126.220802
-132.829074	150.563986	126.409822
-133.034235	150.429311	126.605068
-133.245937	150.290341	126.806539
-133.464182	150.147077	127.014236
-133.688968	149.999518	127.228159
-133.920297	149.847665	127.448308
-134.158167	149.691518	127.674683
-134.402579	149.531076	127.907284
-134.653534	149.366340	128.146110
-134.911030	149.197309	128.391163
-135.175069	149.023985	128.642441
-135.445649	148.846366	128.899945
-135.722772	148.664452	129.163674
-136.006436	148.478244	129.433630
-136.296642	148.287742	129.709811
-136.593391	148.092945	129.992219
-136.896681	147.893855	130.280852
-137.206513	147.690469	130.575711
-137.522887	147.482790	130.876795
-137.845804	147.270816	131.184106
-137.992087	147.174790	131.323320
-138.144912	147.074470	131.468759
-138.304279	146.969856	131.620424
-138.470188	146.860948	131.778315
-138.642639	146.747745	131.942432
-138.821631	146.630248	132.112775
-139.007166	146.508456	132.289343
-139.199243	146.382370	132.472137
-139.397862	146.251990	132.661158
-139.603023	146.117315	132.856403
-139.814726	145.978346	133.057875
-140.032971	145.835083	133.265573
-140.257757	145.687525	133.479496
-140.489086	145.535673	133.699646
-140.726957	145.379527	133.926021
-140.971370	145.219086	134.158622
-141.222324	145.054351	134.397449
-141.479821	144.885322	134.642501
-141.743860	144.711998	134.893780
-142.014441	144.534380	135.151284
-142.291563	144.352467	135.415014
-142.575228	144.166260	135.684970
-142.865435	143.975759	135.961152
-143.162183	143.780964	136.243559
-143.465474	143.581874	136.532193
-143.775307	143.378489	136.827052
-144.091681	143.170811	137.128137
-144.414598	142.958838	137.435448
-144.560881	142.862813	137.574662
-144.713706	142.762493	137.720101
-144.873073	142.657880	137.871767
-145.038982	142.548972	138.029658
-145.211433	142.435769	138.193775
-145.390426	142.318272	138.364117
-145.575961	142.196481	138.540686
-145.768038	142.070396	138.723481
-145.966657	141.940016	138.912501
-146.171818	141.805342	139.107747
-146.383521	141.666373	139.309219
-146.601766	141.523110	139.516917
-146.826553	141.375553	139.730840
-147.057882	141.223702	139.950990
-147.295753	141.067556	140.177365
-147.540166	140.907115	140.409966
-147.791121	140.742381	140.648793
-148.048618	140.573352	140.893846
-148.312657	140.400028	141.145125
-148.583238	140.222411	141.402629
-148.860360	140.040498	141.666359
-149.144025	139.854292	141.936315
-149.434232	139.663791	142.212497
-149.730981	139.468996	142.494905
-150.034272	139.269907	142.783539
-150.344104	139.066523	143.078398
-150.660479	138.858845	143.379483
-150.983396	138.646872	143.686794
-151.129679	138.550847	143.826008
-151.282504	138.450528	143.971448
-151.441871	138.345915	144.123113
-151.607781	138.237007	144.281004
-151.780232	138.123805	144.445121
-151.959225	138.006308	144.615464
-152.144760	137.884517	144.792033
-152.336837	137.758432	144.974827
-152.535456	137.628052	145.163848
-152.740617	137.493378	145.359094
-152.952320	137.354410	145.560566
-153.170565	137.211147	145.768264
-153.395352	137.063590	145.982188
-153.626681	136.911739	146.202337
-153.864552	136.755593	146.428712
-154.108965	136.595153	146.661314
-154.359920	136.430418	146.900141
-154.617417	136.261390	147.145194
-154.881456	136.088066	147.396472
-155.152037	135.910449	147.653977
-155.429160	135.728537	147.917707
-155.712825	135.542331	148.187663
-156.003032	135.351830	148.463845
-156.299781	135.157035	148.746253
-156.603071	134.957946	149.034887
-156.912904	134.754562	149.329746
-157.229279	134.546884	149.630831
-157.552196	134.334912	149.938143
-157.698479	134.238887	150.077356
-157.851304	134.138568	150.222796
-158.010672	134.033955	150.374461
-158.176581	133.925047	150.532353
-158.349032	133.811845	150.696470
-158.528025	133.694349	150.866813
-158.713560	133.572558	151.043381
-158.905637	133.446473	151.226176
-159.104256	133.316093	151.415196
-159.309417	133.181419	151.610443
-159.521121	133.042451	151.811915
-159.739366	132.899188	152.019613
-159.964153	132.751631	152.233536
-160.195482	132.599780	152.453686
-160.433353	132.443634	152.680061
-160.677766	132.283194	152.912662
-160.928721	132.118460	153.151489
-161.186218	131.949431	153.396542
-161.450257	131.776108	153.647821
-161.720838	131.598491	153.905326
-161.997961	131.416579	154.169056
-162.281625	131.230373	154.439012
-162.571832	131.039872	154.715194
-162.868581	130.845078	154.997602
-163.171872	130.645988	155.286236
-163.481705	130.442605	155.581095
-163.798080	130.234927	155.882181
-164.120997	130.022955	156.189492
-164.267280	129.926930	156.328706
-164.420105	129.826611	156.474145
-164.579472	129.721998	156.625811
-164.745382	129.613090	156.783702
-164.917833	129.499888	156.947819
-165.096826	129.382391	157.118162
-165.282361	129.260601	157.294731
-165.474438	129.134516	157.477525
-165.673057	129.004136	157.666546
-165.878218	128.869462	157.861792
-166.089922	128.730494	158.063264
-166.308167	128.587231	158.270962
-166.532954	128.439675	158.484886
-166.764283	128.287823	158.705035
-167.002154	128.131678	158.931411
-167.246567	127.971238	159.164012
-167.497522	127.806503	159.402839
-167.755019	127.637475	159.647892
-168.019058	127.464152	159.899171
-168.289639	127.286534	160.156675
-168.566762	127.104623	160.420405
-168.850427	126.918416	160.690362
-169.140634	126.727916	160.966544
-169.437382	126.533121	161.248952
-169.740673	126.334032	161.537585
-170.050506	126.130649	161.832445
-170.366881	125.922971	162.133530
-170.689798	125.710999	162.440841
-170.836081	125.614974	162.580055
-170.988906	125.514655	162.725495
-171.148274	125.410042	162.877160
-171.314183	125.301134	163.035051
-171.486634	125.187932	163.199169
-171.665627	125.070435	163.369511
-171.851162	124.948645	163.546080
-172.043240	124.822560	163.728875
-172.241859	124.692180	163.917895
-172.447020	124.557506	164.113142
-172.658723	124.418538	164.314614
-172.876968	124.275275	164.522312
-173.101755	124.127719	164.736235
-173.333084	123.975867	164.956385
-173.570955	123.819722	165.182760
-173.815368	123.659282	165.415362
-174.066323	123.494548	165.654189
-174.323820	123.325519	165.899241
-174.587859	123.152196	166.150520
-174.858440	122.974579	166.408025
-175.135563	122.792667	166.671755
-175.419228	122.606461	166.941711
-175.709435	122.415960	167.217893
-176.006184	122.221166	167.500301
-176.309475	122.022076	167.788935
-176.619308	121.818693	168.083795
-176.935683	121.611015	168.384880
-177.258599	121.399043	168.692191
-177.404883	121.303018	168.831405
-177.557708	121.202699	168.976844
-177.717075	121.098086	169.128510
-177.882984	120.989178	169.286401
-178.055435	120.875976	169.450518
-178.234429	120.758480	169.620861
-178.419964	120.636689	169.797430
-178.612041	120.510604	169.980225
-178.810660	120.380224	170.169245
-179.015821	120.245551	170.364491
-179.227524	120.106582	170.565963
-179.445769	119.963320	170.773661
-179.670556	119.815763	170.987585
-179.901886	119.663912	171.207735
-180.139757	119.507766	171.434110
-180.384170	119.347326	171.666711
-180.635125	119.182592	171.905538
-180.892622	119.013563	172.150591
-181.156661	118.840240	172.401870
-181.427242	118.662623	172.659375
-181.704365	118.480711	172.923105
-181.988029	118.294505	173.193061
-182.278236	118.104005	173.469243
-182.574985	117.909210	173.751651
-182.878276	117.710121	174.040285
-183.188109	117.506738	174.335144
-183.504484	117.299060	174.636230
-183.827401	117.087088	174.943541
-183.973684	116.991063	175.082755
-184.126509	116.890744	175.228194
-184.285877	116.786131	175.379860
-184.451786	116.677223	175.537751
-184.624237	116.564021	175.701868
-184.803230	116.446524	175.872211
-184.988765	116.324734	176.048780
-185.180842	116.198649	176.231574
-185.379462	116.068269	176.420595
-185.584623	115.933595	176.615841
-185.796326	115.794627	176.817313
-186.014571	115.651365	177.025011
-186.239358	115.503808	177.238935
-186.470687	115.351957	177.459085
-186.708558	115.195811	177.685460
-186.952971	115.035371	177.918061
-187.203926	114.870637	178.156888
-187.461423	114.701608	178.401941
-187.725462	114.528285	178.653220
-187.996043	114.350668	178.910724
-188.273166	114.168756	179.174455
-188.556831	113.982550	179.444411
-188.847038	113.792050	179.720593
-189.143787	113.597255	180.003001
-189.447078	113.398166	180.291635
-189.756911	113.194782	180.586494
-190.073286	112.987105	180.887580
-190.396202	112.775132	181.194891
-190.542486	112.679108	181.334105
-190.695311	112.578789	181.479544
-190.854678	112.474175	181.631210
-191.020587	112.365268	181.789101
-191.193038	112.252066	181.953218
-191.372032	112.134569	182.123561
-191.557567	112.012778	182.300130
-191.749644	111.886693	182.482924
-191.948263	111.756314	182.671945
-192.153424	111.621640	182.867191
-192.365127	111.482672	183.068663
-192.583372	111.339409	183.276361
-192.808159	111.191853	183.490285
-193.039489	111.040001	183.710434
-193.277360	110.883856	183.936810
-193.521773	110.723416	184.169411
-193.772728	110.558682	184.408238
-194.030225	110.389653	184.653291
-194.294264	110.216330	184.904570
-194.564845	110.038713	185.162074
-194.841968	109.856801	185.425805
-195.125633	109.670595	185.695761
-195.415839	109.480094	185.971943
-195.712588	109.285300	186.254351
-196.015879	109.086211	186.542985
-196.325712	108.882827	186.837844
-196.642087	108.675149	187.138929
-196.965004	108.463177	187.446241
-197.111287	108.367153	187.585454
-197.264112	108.266834	187.730894
-197.423480	108.162220	187.882560
-197.589389	108.053312	188.040451
-197.761840	107.940110	188.204568
-197.940833	107.822614	188.374911
-198.126368	107.700823	188.551480
-198.318446	107.574738	188.734274
-198.517065	107.444359	188.923295
-198.722226	107.309685	189.118541
-198.933929	107.170717	189.320013
-199.152174	107.027454	189.527711
-199.376961	106.879897	189.741635
-199.608290	106.728046	189.961784
-199.846161	106.571901	190.188160
-200.090574	106.411461	190.420761
-200.341529	106.246726	190.659588
-200.599026	106.077698	190.904641
-200.863065	105.904375	191.155920
-201.133646	105.726757	191.413424
-201.410769	105.544846	191.677155
-201.694434	105.358640	191.947111
-201.984641	105.168139	192.223293
-202.281390	104.973344	192.505701
-202.584681	104.774255	192.794334
-202.894514	104.570872	193.089194
-203.210889	104.363194	193.390279
-203.533805	104.151222	193.697591
-203.680089	104.055197	193.836804
-203.832914	103.954878	193.982244
-203.992281	103.850265	194.133909
-204.158190	103.741357	194.291801
-204.330642	103.628155	194.455918
-204.509635	103.510659	194.626261
-204.695170	103.388868	194.802830
-204.887247	103.262783	194.985624
-205.085866	103.132404	195.174645
-205.291027	102.997730	195.369891
-205.502730	102.858762	195.571363
-205.720976	102.715499	195.779061
-205.945763	102.567942	195.992985
-206.177092	102.416091	196.213134
-206.414963	102.259945	196.439510
-206.659376	102.099505	196.672111
-206.910331	101.934771	196.910938
-207.167828	101.765742	197.155991
-207.431867	101.592420	197.407270
-207.702448	101.414802	197.664774
-207.979571	101.232890	197.928504
-208.263236	101.046684	198.198461
-208.553443	100.856184	198.474643
-208.850192	100.661389	198.757051
-209.153482	100.462300	199.045684
-209.463315	100.258917	199.340544
-209.779690	100.051239	199.641629
-210.102607	99.839267	199.948940
-210.248890	99.743242	200.088154
-210.401716	99.642923	200.233594
-210.561083	99.538310	200.385259
-210.726992	99.429402	200.543151
-210.899443	99.316200	200.707268
-211.078436	99.198704	200.877611
-211.263971	99.076913	201.054179
-211.456049	98.950828	201.236974
-211.654668	98.820448	201.425994
-211.859829	98.685775	201.621241
-212.071532	98.546806	201.822713
-212.289777	98.403544	202.030411
-212.514564	98.255987	202.244334
-212.745893	98.104136	202.464484
-212.983764	97.947990	202.690859
-213.228177	97.787550	202.923461
-213.479132	97.622816	203.162288
-213.736629	97.453787	203.407341
-214.000668	97.280464	203.658619
-214.271249	97.102847	203.916124
-214.548372	96.920935	204.179854
-214.832037	96.734729	204.449811
-215.122244	96.544229	204.725993
-215.418993	96.349434	205.008401
-215.722284	96.150345	205.297034
-216.032117	95.946962	205.591894
-216.348492	95.739284	205.892979
-216.671409	95.527312	206.200290
-216.817692	95.431287	206.339504
-216.970517	95.330968	206.484944
-217.129884	95.226355	206.636609
-217.295794	95.117447	206.794501
-217.468245	95.004245	206.958618
-217.647238	94.886748	207.128961
-217.832773	94.764958	207.305529
-218.024850	94.638873	207.488324
-218.223469	94.508493	207.677344
-218.428630	94.373819	207.872591
-218.640334	94.234851	208.074063
-218.858579	94.091589	208.281761
-219.083366	93.944032	208.495684
-219.314695	93.792181	208.715834
-219.552566	93.636035	208.942209
-219.796979	93.475595	209.174811
-220.047934	93.310861	209.413638
-220.305431	93.141832	209.658691
-220.569470	92.968509	209.909969
-220.840051	92.790892	210.167474
-221.117174	92.608980	210.431204
-221.400839	92.422774	210.701161
-221.691046	92.232274	210.977343
-221.987795	92.037479	211.259750
-222.291086	91.838390	211.548384
-222.600918	91.635006	211.843244
-222.917293	91.427329	212.144329
-223.240210	91.215356	212.451640
-223.386493	91.119332	212.590854
-223.539319	91.019013	212.736294
-223.698686	90.914399	212.887959
-223.864595	90.805492	213.045850
-224.037046	90.692290	213.209968
-224.216039	90.574793	213.380310
-224.401575	90.453003	213.556879
-224.593652	90.326917	213.739674
-224.792271	90.196538	213.928694
-224.997432	90.061864	214.123941
-225.209135	89.922896	214.325413
-225.427380	89.779634	214.533111
-225.652167	89.632077	214.747034
-225.883496	89.480225	214.967184
-226.121367	89.324080	215.193559
-226.365780	89.163640	215.426161
-226.616735	88.998906	215.664988
-226.874232	88.829877	215.910041
-227.138271	88.656554	216.161319
-227.408852	88.478937	216.418824
-227.685975	88.297025	216.682554
-227.969640	88.110819	216.952510
-228.259847	87.920319	217.228692
-228.556596	87.725524	217.511100
-228.859887	87.526435	217.799734
-229.169720	87.323051	218.094594
-229.486095	87.115373	218.395679
-229.809012	86.903401	218.702990
-229.955295	86.807377	218.842204
-230.108120	86.707058	218.987644
-230.267487	86.602444	219.139309
-230.433397	86.493537	219.297200
-230.605848	86.380335	219.461317
-230.784841	86.262838	219.631660
-230.970376	86.141047	219.808229
-231.162453	86.014962	219.991024
-231.361072	85.884583	220.180044
-231.566234	85.749909	220.375290
-231.777937	85.610941	220.576763
-231.996182	85.467678	220.784460
-232.220969	85.320121	220.998384
-232.452298	85.168270	221.218534
-232.690169	85.012125	221.444909
-232.934582	84.851685	221.677510
-233.185537	84.686950	221.916338
-233.443034	84.517922	222.161390
-233.707073	84.344599	222.412669
-233.977654	84.166982	222.670174
-234.254777	83.985070	222.933904
-234.538442	83.798864	223.203860
-234.828649	83.608363	223.480042
-235.125398	83.413569	223.762450
-235.428689	83.214480	224.051084
-235.738522	83.011096	224.345944
-236.054896	82.803418	224.647029
-236.377813	82.591446	224.954340
-236.524097	82.495421	225.093554
-236.676922	82.395102	225.238994
-236.836289	82.290489	225.390659
-237.002198	82.181581	225.548550
-237.174649	82.068379	225.712667
-237.353643	81.950883	225.883010
-237.539178	81.829092	226.059579
-237.731255	81.703007	226.242374
-237.929874	81.572628	226.431394
-238.135035	81.437954	226.626640
-238.346738	81.298986	226.828112
-238.564983	81.155723	227.035810
-238.789770	81.008166	227.249734
-239.021099	80.856315	227.469884
-239.258971	80.700170	227.696259
-239.503384	80.539730	227.928860
-239.754339	80.374995	228.167687
-240.011836	80.205967	228.412740
-240.275875	80.032644	228.664019
-240.546456	79.855026	228.921524
-240.823579	79.673115	229.185254
-241.107243	79.486909	229.455210
-241.397450	79.296408	229.731392
-241.694199	79.101613	230.013800
-241.997490	78.902524	230.302434
-242.307323	78.699141	230.597293
-242.623698	78.491463	230.898379
-242.946615	78.279491	231.205690
-243.092898	78.183466	231.344904
-243.245723	78.083147	231.490343
-243.405091	77.978534	231.642009
-243.571000	77.869626	231.799900
-243.743451	77.756424	231.964017
-243.922444	77.638928	232.134360
-244.107979	77.517137	232.310929
-244.300056	77.391052	232.493724
-244.498676	77.260673	232.682744
-244.703837	77.125999	232.877990
-244.915540	76.987031	233.079462
-245.133785	76.843768	233.287160
-245.358572	76.696211	233.501084
-245.589901	76.544360	233.721234
-245.827772	76.388214	233.947609
-246.072185	76.227774	234.180210
-246.323140	76.063040	234.419037
-246.580637	75.894012	234.664090
-246.844676	75.720689	234.915369
-247.115257	75.543071	235.172874
-247.392380	75.361159	235.436604
