-49.665245	232.112600	46.314169
-49.679242	231.992026	46.294058
-49.699684	231.866721	46.279953
-49.726574	231.736689	46.271853
-49.759916	231.601930	46.269756
-49.799713	231.462446	46.273661
-49.845966	231.318240	46.283566
-49.898680	231.169313	46.299470
-49.957857	231.015667	46.321370
-50.023500	230.857305	46.349266
-50.095612	230.694228	46.383155
-50.174195	230.526438	46.423037
-50.259253	230.353937	46.468909
-50.350789	230.176727	46.520770
-50.448805	229.994810	46.578618
-50.553304	229.808188	46.642452
-50.664289	229.616863	46.712271
-50.781763	229.420837	46.788072
-50.905729	229.220111	46.869855
-51.036190	229.014689	46.957617
-51.173148	228.804571	47.051358
-51.316606	228.589760	47.151075
-51.466567	228.370257	47.256767
-51.623033	228.146065	47.368433
-51.786009	227.917186	47.486071
-51.955496	227.683621	47.609679
-52.131496	227.445372	47.739257
-52.314014	227.202443	47.874803
-52.503051	226.954833	48.016315
-52.698611	226.702547	48.163792
-52.900695	226.445584	48.317232
-53.109308	226.183948	48.476635
-53.324450	225.917641	48.641998
-53.546126	225.646664	48.813321
-53.774338	225.371019	48.990601
-54.009087	225.090709	49.173839
-54.250378	224.805736	49.363032
-54.498212	224.516100	49.558179
-54.752593	224.221805	49.759278
-55.013522	223.922853	49.966330
-55.281003	223.619245	50.179331
-55.555038	223.310984	50.398282
-55.835629	222.998071	50.623181
-56.122779	222.680509	50.854026
-56.416490	222.358300	51.090816
-56.549215	222.213826	51.198108
-56.688506	222.064708	51.311343
-56.834362	221.910947	51.430522
-56.986785	221.752543	51.555644
-57.145777	221.589497	51.686707
-57.311339	221.421810	51.823713
-57.483470	221.249484	51.966660
-57.662174	221.072518	52.115548
-57.847450	220.890915	52.270377
-58.039299	220.704674	52.431145
-58.237724	220.513797	52.597853
-58.442724	220.318284	52.770499
-58.654301	220.118137	52.949085
-58.872456	219.913357	53.133608
-59.097191	219.703944	53.324069
-59.328505	219.489899	53.520468
-59.566400	219.271224	53.722803
-59.810877	219.047918	53.931075
-60.061938	218.819984	54.145282
-60.319582	218.587422	54.365425
-60.583812	218.350232	54.591503
-60.854628	218.108417	54.823516
-61.132031	217.861976	55.061463
-61.416022	217.610911	55.305345
-61.706602	217.355223	55.555159
-62.003773	217.094912	55.810907
-62.307535	216.829980	56.072588
-62.617889	216.560427	56.340202
-62.759503	216.437924	56.462424
-62.907712	216.310802	56.590579
-63.062514	216.179062	56.724665
-63.223911	216.042703	56.864683
-63.391902	215.901726	57.010633
-63.566489	215.756131	57.162513
-63.747671	215.605920	57.320326
-63.935450	215.451092	57.484069
-64.129825	215.291648	57.653743
-64.330798	215.127588	57.829348
-64.538367	214.958912	58.010883
-64.752535	214.785622	58.198350
-64.973300	214.607717	58.391746
-65.200665	214.425198	58.591073
-65.434628	214.238065	58.796330
-65.675191	214.046319	59.007516
-65.922354	213.849961	59.224633
-66.176117	213.648990	59.447680
-66.436481	213.443407	59.676656
-66.703446	213.233212	59.911561
-66.977012	213.018407	60.152396
-67.257181	212.798991	60.399160
-67.543952	212.574964	60.651853
-67.837326	212.346328	60.910476
-68.137303	212.113083	61.175027
-68.443883	211.875228	61.445507
-68.757067	211.632765	61.721916
-69.076856	211.385694	62.004253
-69.221964	211.273803	62.132410
-69.373676	211.157305	62.266495
-69.531994	211.036200	62.406509
-69.696917	210.910487	62.552452
-69.868446	210.780168	62.704322
-70.046580	210.645242	62.862121
-70.231320	210.505710	63.025848
-70.422665	210.361571	63.195503
-70.620617	210.212827	63.371087
-70.825176	210.059476	63.552599
-71.036340	209.901520	63.740038
-71.254112	209.738959	63.933406
-71.478490	209.571792	64.132702
-71.709476	209.400021	64.337926
-71.947068	209.223644	64.549078
-72.191268	209.042663	64.766158
-72.442075	208.857077	64.989166
-72.699490	208.666888	65.218101
-72.963513	208.472094	65.452965
-73.234144	208.272696	65.693756
-73.511383	208.068695	65.940475
-73.795230	207.860090	66.193122
-74.085686	207.646883	66.451696
-74.382751	207.429072	66.716199
-74.686424	207.206658	66.986629
-74.996707	206.979642	67.262986
-75.313598	206.748023	67.545271
-75.637099	206.511802	67.833484
-75.783710	206.404846	67.964120
-75.936931	206.293288	68.100683
-76.096761	206.177129	68.243174
-76.263200	206.056367	68.391592
-76.436250	205.931004	68.545938
-76.615909	205.801039	68.706211
-76.802179	205.666473	68.872412
-76.995058	205.527306	69.044541
-77.194548	205.383537	69.222597
-77.400647	205.235167	69.406580
-77.613357	205.082196	69.596491
-77.832677	204.924624	69.792329
-78.058607	204.762452	69.994095
-78.291148	204.595678	70.201789
-78.530299	204.424304	70.415409
-78.776061	204.248328	70.634958
-79.028434	204.067753	70.860433
-79.287417	203.882577	71.091837
-79.553011	203.692801	71.329167
-79.825215	203.498424	71.572425
-80.104031	203.299447	71.821611
-80.389458	203.095870	72.076724
-80.681495	202.887693	72.337764
-80.980144	202.674917	72.604732
-81.285404	202.457540	72.877627
-81.597275	202.235564	73.156450
-81.915758	202.008988	73.441200
-82.240852	201.777813	73.731877
-82.388140	201.673121	73.863580
-82.542040	201.563829	74.001210
-82.702552	201.449938	74.144767
-82.869675	201.331448	74.294252
-83.043410	201.208359	74.449665
-83.223756	201.080670	74.611005
-83.410714	200.948383	74.778272
-83.604284	200.811496	74.951466
-83.804465	200.670010	75.130588
-84.011258	200.523925	75.315638
-84.224663	200.373241	75.506615
-84.444680	200.217958	75.703519
-84.671308	200.058077	75.906350
-84.904548	199.893596	76.115109
-85.144400	199.724517	76.329796
-85.390864	199.550839	76.550409
-85.643940	199.372562	76.776951
-85.903628	199.189686	77.009419
-86.169928	199.002212	77.247815
-86.442840	198.810139	77.492139
-86.722364	198.613468	77.742389
-87.008500	198.412198	77.998568
-87.301248	198.206329	78.260673
-87.600608	197.995862	78.528706
-87.906581	197.780797	78.802667
-88.219165	197.561134	79.082554
-88.538362	197.336872	79.368370
-88.864171	197.108012	79.660112
-89.011772	197.004353	79.792282
-89.165984	196.896095	79.930380
-89.326809	196.783240	80.074405
-89.494246	196.665786	80.224357
-89.668296	196.543735	80.380237
-89.848958	196.417085	80.542045
-90.036232	196.285837	80.709779
-90.230118	196.149991	80.883441
-90.430617	196.009547	81.063031
-90.637729	195.864505	81.248548
-90.851453	195.714865	81.439992
-91.071789	195.560627	81.637364
-91.298737	195.401791	81.840663
-91.532298	195.238357	82.049890
-91.772472	195.070325	82.265044
-92.019258	194.897695	82.486125
-92.272656	194.720467	82.713134
-92.532667	194.538642	82.946071
-92.799291	194.352218	83.184935
-93.072527	194.161197	83.429726
-93.352375	193.965578	83.680445
-93.638837	193.765361	83.937091
-93.931910	193.560546	84.199664
-94.231596	193.351134	84.468165
-94.537895	193.137124	84.742594
-94.850807	192.918516	85.022950
-95.170331	192.695311	85.309233
-95.496467	192.467507	85.601444
-95.644212	192.364319	85.733821
-95.798569	192.256532	85.872125
-95.959539	192.144149	86.016357
-96.127121	192.027167	86.166516
-96.301317	191.905588	86.322603
-96.482124	191.779411	86.484617
-96.669545	191.648637	86.652559
-96.863578	191.513265	86.826428
-97.064224	191.373295	87.006225
-97.271482	191.228728	87.191949
-97.485354	191.079564	87.383600
-97.705838	190.925801	87.581179
-97.932934	190.767442	87.784686
-98.166643	190.604485	87.994119
-98.406965	190.436930	88.209481
-98.653900	190.264778	88.430770
-98.907448	190.088028	88.657986
-99.167608	189.906681	88.891130
-99.434381	189.720736	89.130201
-99.707766	189.530194	89.375200
-99.987765	189.335054	89.626126
-100.274376	189.135317	89.882980
-100.567600	188.930983	90.145761
-100.867437	188.722051	90.414469
-101.173886	188.508521	90.689106
-101.486948	188.290394	90.969669
-101.806623	188.067670	91.256160
-102.132911	187.840349	91.548579
-102.280723	187.737374	91.681048
-102.435147	187.629802	91.819444
-102.596184	187.517633	91.963768
-102.763834	187.400866	92.114019
-102.938096	187.279502	92.270198
-103.118972	187.153541	92.432305
-103.306460	187.022982	92.600338
-103.500561	186.887826	92.774300
-103.701275	186.748072	92.954189
-103.908602	186.603722	93.140005
-104.122541	186.454774	93.331749
-104.343094	186.301228	93.529420
-104.570259	186.143085	93.733019
-104.804037	185.980345	93.942545
-105.044428	185.813008	94.157999
-105.291431	185.641073	94.379380
-105.545048	185.464541	94.606689
-105.805277	185.283411	94.839925
-106.072119	185.097685	95.079089
-106.345574	184.907361	95.324180
-106.625642	184.712439	95.575199
-106.912322	184.512921	95.832145
-107.205616	184.308805	96.095019
-107.505522	184.100092	96.363820
-107.812041	183.886781	96.638549
-108.125173	183.668873	96.919205
-108.444918	183.446368	97.205789
-108.771276	183.219266	97.498300
-108.919118	183.116389	97.630810
-109.073573	183.008915	97.769248
-109.234642	182.896843	97.913613
-109.402323	182.780174	98.063905
-109.576617	182.658908	98.220125
-109.757523	182.533045	98.382273
-109.945043	182.402584	98.550348
-110.139176	182.267526	98.724350
-110.339921	182.127871	98.904280
-110.547279	181.983619	99.090138
-110.761250	181.834769	99.281923
-110.981834	181.681323	99.479636
-111.209031	181.523279	99.683276
-111.442841	181.360637	99.892843
-111.683264	181.193399	100.108339
-111.930299	181.021563	100.329761
-112.183947	180.845130	100.557111
-112.444209	180.664100	100.790389
-112.711083	180.478472	101.029594
-112.984570	180.288248	101.274727
-113.264669	180.093426	101.525787
-113.551382	179.894007	101.782775
-113.844708	179.689990	102.045690
-114.144646	179.481377	102.314533
-114.451198	179.268166	102.589303
-114.764362	179.050358	102.870001
-115.084139	178.827953	103.156626
-115.410529	178.600951	103.449179
-115.558386	178.498118	103.581707
-115.712856	178.390688	103.720163
-115.873938	178.278661	103.864547
-116.041634	178.162037	104.014858
-116.215942	178.040815	104.171096
-116.396864	177.914996	104.333262
-116.584398	177.784580	104.501356
-116.778545	177.649567	104.675377
-116.979305	177.509957	104.855325
-117.186678	177.365750	105.041201
-117.400663	177.216945	105.233005
-117.621262	177.063543	105.430736
-117.848474	176.905544	105.634395
-118.082298	176.742948	105.843981
-118.322735	176.575754	106.059495
-118.569785	176.403964	106.280936
-118.823449	176.227576	106.508304
-119.083725	176.046591	106.741601
-119.350613	175.861008	106.980824
-119.624115	175.670829	107.225976
-119.904230	175.476052	107.477055
-120.190958	175.276679	107.734061
-120.484298	175.072708	107.996995
-120.784251	174.864140	108.265856
-121.090818	174.650974	108.540645
-121.403997	174.433212	108.821361
-121.723789	174.210852	109.108005
-122.050194	173.983895	109.400577
-122.198057	173.881083	109.533113
-122.352534	173.773673	109.671578
-122.513623	173.661666	109.815969
-122.681325	173.545062	109.966289
-122.855640	173.423861	110.122536
-123.036568	173.298063	110.284710
-123.224109	173.167667	110.452812
-123.418263	173.032675	110.626841
-123.619030	172.893085	110.806798
-123.826409	172.748898	110.992682
-124.040402	172.600113	111.184494
-124.261007	172.446732	111.382234
-124.488226	172.288753	111.585901
-124.722057	172.126178	111.795495
-124.962501	171.959005	112.011017
-125.209558	171.787235	112.232467
-125.463228	171.610867	112.459844
-125.723511	171.429903	112.693149
-125.990406	171.244341	112.932381
-126.263915	171.054183	113.177540
-126.544037	170.859427	113.428627
-126.830771	170.660074	113.685642
-127.124118	170.456123	113.948584
-127.424079	170.247576	114.217454
-127.730652	170.034431	114.492251
-128.043838	169.816689	114.772976
-128.363637	169.594350	115.059628
-128.690049	169.367414	115.352208
-128.837915	169.264611	115.484749
-128.992395	169.157211	115.623217
-129.153487	169.045213	115.767612
-129.321192	168.928618	115.917935
-129.495511	168.807426	116.074186
-129.676442	168.681637	116.236364
-129.863986	168.551251	116.404469
-130.058143	168.416268	116.578503
-130.258912	168.276687	116.758463
-130.466295	168.132509	116.944351
-130.680291	167.983735	117.136167
-130.900899	167.830363	117.333910
-131.128121	167.672393	117.537581
-131.361955	167.509827	117.747179
-131.602402	167.342663	117.962705
-131.849463	167.170903	118.184158
-132.103136	166.994545	118.411539
-132.363422	166.813590	118.644848
-132.630321	166.628038	118.884084
-132.903832	166.437888	119.129247
-133.183957	166.243142	119.380338
-133.470695	166.043798	119.637356
-133.764045	165.839857	119.900302
-134.064009	165.631319	120.169176
-134.370585	165.418184	120.443977
-134.683774	165.200452	120.724705
-135.003576	164.978122	121.011362
-135.329991	164.751196	121.303945
-135.477859	164.648397	121.436487
-135.632340	164.541000	121.574957
-135.793434	164.429007	121.719354
-135.961141	164.312416	121.869679
-136.135460	164.191229	122.025931
-136.316393	164.065444	122.188111
-136.503938	163.935062	122.356218
-136.698097	163.800083	122.530253
-136.898868	163.660506	122.710215
-137.106252	163.516333	122.896105
-137.320249	163.367562	123.087923
-137.540859	163.214195	123.285667
-137.768082	163.056230	123.489340
-138.001918	162.893667	123.698940
-138.242367	162.726508	123.914467
-138.489428	162.554752	124.135922
-138.743103	162.378398	124.363305
-139.003390	162.197447	124.596615
-139.270291	162.011900	124.835853
-139.543804	161.821754	125.081018
-139.823930	161.627012	125.332110
-140.110669	161.427673	125.589131
-140.404021	161.223736	125.852078
-140.703986	161.015203	126.120953
-141.010564	160.802072	126.395756
-141.323754	160.584344	126.676487
-141.643558	160.362019	126.963144
-141.969975	160.135096	127.255730
-142.117843	160.032299	127.388273
-142.272325	159.924905	127.526743
-142.433419	159.812913	127.671141
-142.601127	159.696325	127.821466
-142.775447	159.575139	127.977719
-142.956380	159.449356	128.139900
-143.143926	159.318976	128.308008
-143.338085	159.183999	128.482044
-143.538857	159.044425	128.662007
-143.746242	158.900253	128.847897
-143.960240	158.751484	129.039715
-144.180850	158.598119	129.237461
-144.408074	158.440156	129.441134
-144.641910	158.277595	129.650735
-144.882360	158.110438	129.866263
-145.129422	157.938684	130.087719
-145.383097	157.762332	130.315102
-145.643385	157.581383	130.548413
-145.910286	157.395837	130.787652
-146.183800	157.205694	131.032818
-146.463927	157.010954	131.283911
-146.750667	156.811616	131.540932
-147.044019	156.607682	131.803880
-147.343985	156.399150	132.072756
-147.650564	156.186021	132.347560
-147.963755	155.968295	132.628291
-148.283559	155.745972	132.914950
-148.609976	155.519052	133.207536
-148.757845	155.416255	133.340079
-148.912327	155.308862	133.478550
-149.073422	155.196872	133.622948
-149.241130	155.080284	133.773274
-149.415450	154.959099	133.929527
-149.596384	154.833317	134.091708
-149.783930	154.702938	134.259816
-149.978089	154.567961	134.433852
-150.178862	154.428388	134.613816
-150.386247	154.284217	134.799707
-150.600245	154.135449	134.991525
-150.820856	153.982085	135.189271
-151.048080	153.824122	135.392945
-151.281916	153.661563	135.602546
-151.522366	153.494407	135.818075
-151.769429	153.322653	136.039531
-152.023104	153.146302	136.266914
-152.283393	152.965355	136.500225
-152.550294	152.779809	136.739464
-152.823808	152.589667	136.984630
-153.103935	152.394928	137.235724
-153.390675	152.195591	137.492746
-153.684028	151.991658	137.755694
-153.983994	151.783127	138.024571
-154.290573	151.569999	138.299375
-154.603765	151.352274	138.580106
-154.923569	151.129952	138.866765
-155.249987	150.903032	139.159351
-155.397856	150.800236	139.291895
-155.552338	150.692843	139.430366
-155.713433	150.580853	139.574764
-155.881141	150.464266	139.725090
-156.055461	150.343081	139.881344
-156.236395	150.217300	140.043525
-156.423942	150.086921	140.211633
-156.618101	149.951945	140.385669
-156.818873	149.812372	140.565633
-157.026259	149.668202	140.751524
-157.240257	149.519434	140.943343
-157.460868	149.366070	141.141089
-157.688092	149.208108	141.344763
-157.921929	149.045549	141.554364
-158.162379	148.878393	141.769893
-158.409441	148.706640	141.991349
-158.663117	148.530290	142.218733
-158.923406	148.349342	142.452044
-159.190307	148.163798	142.691283
-159.463822	147.973656	142.936449
-159.743949	147.778917	143.187543
-160.030689	147.579581	143.444565
-160.324042	147.375647	143.707514
-160.624008	147.167117	143.976390
-160.930587	146.953989	144.251194
-161.243779	146.736265	144.531926
-161.563584	146.513943	144.818585
-161.890001	146.287024	145.111171
-162.037871	146.184228	145.243715
-162.192353	146.076835	145.382186
-162.353448	145.964845	145.526584
-162.521155	145.848258	145.676911
-162.695476	145.727074	145.833164
-162.876410	145.601293	145.995345
-163.063957	145.470914	146.163454
-163.258116	145.335938	146.337490
-163.458888	145.196365	146.517454
-163.666274	145.052195	146.703345
-163.880272	144.903428	146.895164
-164.100883	144.750064	147.092910
-164.328107	144.592102	147.296584
-164.561944	144.429544	147.506185
-164.802394	144.262388	147.721714
-165.049457	144.090635	147.943170
-165.303133	143.914285	148.170554
-165.563421	143.733337	148.403865
-165.830323	143.547793	148.643104
-166.103837	143.357651	148.888271
-166.383965	143.162913	149.139365
-166.670705	142.963577	149.396386
-166.964058	142.759644	149.659335
-167.264024	142.551113	149.928212
-167.570603	142.337986	150.203016
-167.883795	142.120261	150.483748
-168.203600	141.897940	150.770407
-168.530018	141.671021	151.062994
-168.677887	141.568225	151.195537
-168.832369	141.460833	151.334008
-168.993464	141.348843	151.478407
-169.161172	141.232256	151.628733
-169.335493	141.111071	151.784986
-169.516426	140.985290	151.947168
-169.703973	140.854912	152.115276
-169.898133	140.719936	152.289312
-170.098905	140.580363	152.469276
-170.306290	140.436193	152.655167
-170.520289	140.287426	152.846986
-170.740900	140.134062	153.044732
-170.968124	139.976100	153.248406
-171.201961	139.813542	153.458008
-171.442411	139.646386	153.673536
-171.689474	139.474633	153.894993
-171.943149	139.298283	154.122377
-172.203438	139.117336	154.355688
-172.470340	138.931792	154.594927
-172.743854	138.741650	154.840094
-173.023982	138.546911	155.091188
-173.310722	138.347576	155.348209
-173.604075	138.143643	155.611158
-173.904041	137.935112	155.880035
-174.210620	137.721985	156.154839
-174.523812	137.504261	156.435571
-174.843617	137.281939	156.722230
-175.170035	137.055020	157.014817
-175.317904	136.952225	157.147360
-175.472386	136.844832	157.285831
-175.633481	136.732842	157.430230
-175.801189	136.616255	157.580556
-175.975510	136.495071	157.736810
-176.156444	136.369290	157.898991
-176.343990	136.238911	158.067099
-176.538150	136.103936	158.241136
-176.738922	135.964363	158.421099
-176.946308	135.820193	158.606991
-177.160306	135.671426	158.798809
-177.380917	135.518062	158.996556
-177.608141	135.360100	159.200229
-177.841978	135.197542	159.409831
-178.082428	135.030386	159.625360
-178.329491	134.858633	159.846816
-178.583167	134.682283	160.074200
-178.843456	134.501336	160.307512
-179.110357	134.315792	160.546751
-179.383872	134.125650	160.791917
-179.663999	133.930912	161.043011
-179.950739	133.731576	161.300033
-180.244093	133.527643	161.562982
-180.544059	133.319113	161.831858
-180.850638	133.105986	162.106663
-181.163830	132.888261	162.387394
-181.483635	132.665940	162.674053
-181.810052	132.439021	162.966640
-181.957922	132.336225	163.099184
-182.112404	132.228833	163.237655
-182.273499	132.116843	163.382053
-182.441207	132.000256	163.532379
-182.615527	131.879072	163.688633
-182.796461	131.753290	163.850814
-182.984008	131.622912	164.018923
-183.178167	131.487936	164.192959
-183.378940	131.348364	164.372923
-183.586325	131.204194	164.558814
-183.800324	131.055427	164.750633
-184.020935	130.902062	164.948379
-184.248159	130.744101	165.152053
-184.481996	130.581543	165.361654
-184.722446	130.414387	165.577183
-184.969509	130.242634	165.798640
-185.223185	130.066284	166.026024
-185.483473	129.885337	166.259335
-185.750375	129.699793	166.498574
-186.023889	129.509651	166.743741
-186.304017	129.314912	166.994835
-186.590757	129.115577	167.251856
-186.884110	128.911644	167.514805
-187.184076	128.703114	167.783682
-187.490655	128.489986	168.058486
-187.803847	128.272262	168.339218
-188.123652	128.049941	168.625877
-188.450070	127.823022	168.918464
-188.597939	127.720226	169.051007
-188.752421	127.612834	169.189478
-188.913516	127.500844	169.333877
-189.081224	127.384257	169.484203
-189.255545	127.263073	169.640457
-189.436479	127.137291	169.802638
-189.624026	127.006913	169.970747
-189.818185	126.871937	170.144783
-190.018958	126.732365	170.324747
-190.226343	126.588195	170.510638
-190.440341	126.439428	170.702457
-190.660953	126.286064	170.900203
-190.888177	126.128102	171.103877
-191.122014	125.965544	171.313478
-191.362464	125.798388	171.529007
-191.609527	125.626635	171.750463
-191.863202	125.450285	171.977847
-192.123491	125.269338	172.211159
-192.390393	125.083794	172.450398
-192.663907	124.893652	172.695564
-192.944034	124.698914	172.946658
-193.230775	124.499578	173.203680
-193.524128	124.295645	173.466629
-193.824094	124.087115	173.735506
-194.130673	123.873988	174.010310
-194.443865	123.656263	174.291042
-194.763670	123.433942	174.577701
-195.090088	123.207023	174.870288
-195.237957	123.104228	175.002831
-195.392439	122.996835	175.141302
-195.553534	122.884845	175.285701
-195.721242	122.768258	175.436027
-195.895563	122.647074	175.592281
-196.076497	122.521293	175.754462
-196.264043	122.390914	175.922570
-196.458203	122.255939	176.096607
-196.658975	122.116366	176.276570
-196.866361	121.972196	176.462462
-197.080359	121.823429	176.654280
-197.300970	121.670065	176.852027
-197.528194	121.512103	177.055701
-197.762032	121.349545	177.265302
-198.002481	121.182389	177.480831
-198.249544	121.010636	177.702287
-198.503220	120.834286	177.929671
-198.763509	120.653339	178.162983
-199.030410	120.467795	178.402222
-199.303925	120.277654	178.647388
-199.584052	120.082915	178.898482
-199.870793	119.883579	179.155504
-200.164146	119.679646	179.418453
-200.464112	119.471116	179.687330
-200.770691	119.257989	179.962134
-201.083883	119.040265	180.242865
-201.403688	118.817943	180.529525
-201.730106	118.591024	180.822111
-201.877975	118.488229	180.954655
-202.032457	118.380836	181.093126
-202.193552	118.268847	181.237525
-202.361260	118.152260	181.387851
-202.535581	118.031075	181.544104
-202.716515	117.905294	181.706286
-202.904061	117.774916	181.874394
-203.098221	117.639940	182.048430
-203.298993	117.500367	182.228394
-203.506379	117.356197	182.414285
-203.720377	117.207430	182.606104
-203.940988	117.054066	182.803851
-204.168212	116.896105	183.007524
-204.402049	116.733546	183.217126
-204.642499	116.566391	183.432655
-204.889562	116.394638	183.654111
-205.143238	116.218288	183.881495
-205.403527	116.037341	184.114807
-205.670428	115.851796	184.354046
-205.943943	115.661655	184.599212
-206.224070	115.466916	184.850306
-206.510811	115.267581	185.107328
-206.804164	115.063648	185.370277
-207.104130	114.855118	185.639153
-207.410709	114.641990	185.913958
-207.723901	114.424266	186.194689
-208.043706	114.201945	186.481349
-208.370124	113.975026	186.773935
-208.517993	113.872230	186.906479
-208.672475	113.764838	187.044950
-208.833570	113.652848	187.189348
-209.001278	113.536261	187.339675
-209.175599	113.415077	187.495928
-209.356532	113.289296	187.658109
-209.544079	113.158917	187.826218
-209.738239	113.023942	188.000254
-209.939011	112.884369	188.180218
-210.146397	112.740199	188.366109
-210.360395	112.591432	188.557928
-210.581006	112.438068	188.755674
-210.808230	112.280106	188.959348
-211.042067	112.117548	189.168950
-211.282517	111.950392	189.384478
-211.529580	111.778639	189.605935
-211.783256	111.602289	189.833319
-212.043545	111.421342	190.066630
-212.310446	111.235798	190.305869
-212.583961	111.045656	190.551036
-212.864088	110.850918	190.802130
-213.150828	110.651582	191.059152
-213.444182	110.447649	191.322101
-213.744148	110.239119	191.590977
-214.050727	110.025992	191.865781
-214.363919	109.808268	192.146513
-214.683724	109.585946	192.433172
-215.010141	109.359027	192.725759
-215.158011	109.256232	192.858303
-215.312493	109.148839	192.996774
-215.473588	109.036849	193.141172
-215.641296	108.920262	193.291498
-215.815617	108.799078	193.447752
-215.996550	108.673297	193.609933
-216.184097	108.542919	193.778042
-216.378257	108.407943	193.952078
-216.579029	108.268370	194.132042
-216.786414	108.124200	194.317933
-217.000413	107.975433	194.509752
-217.221024	107.822069	194.707498
-217.448248	107.664108	194.911172
-217.682085	107.501549	195.120773
-217.922535	107.334394	195.336302
-218.169598	107.162641	195.557759
-218.423274	106.986291	195.785143
-218.683562	106.805344	196.018454
-218.950464	106.619799	196.257693
-219.223978	106.429658	196.502860
-219.504106	106.234919	196.753954
-219.790846	106.035584	197.010975
-220.084199	105.831651	197.273924
-220.384166	105.623121	197.542801
-220.690745	105.409993	197.817605
-221.003937	105.192269	198.098337
-221.323742	104.969947	198.384996
-221.650159	104.743029	198.677583
-221.798029	104.640233	198.810126
-221.952511	104.532841	198.948598
-222.113606	104.420851	199.092996
-222.281314	104.304264	199.243322
-222.455634	104.183080	199.399576
-222.636568	104.057298	199.561757
-222.824115	103.926920	199.729866
-223.018274	103.791944	199.903902
-223.219047	103.652372	200.083866
-223.426432	103.508202	200.269757
-223.640431	103.359435	200.461576
-223.861042	103.206071	200.659322
-224.088266	103.048109	200.862996
-224.322103	102.885551	201.072597
-224.562553	102.718395	201.288126
-224.809616	102.546642	201.509583
-225.063292	102.370292	201.736967
-225.323580	102.189345	201.970278
-225.590482	102.003801	202.209517
-225.863996	101.813659	202.454684
-226.144124	101.618921	202.705778
-226.430864	101.419585	202.962799
-226.724217	101.215652	203.225748
-227.024184	101.007122	203.494625
-227.330763	100.793995	203.769429
-227.643955	100.576270	204.050161
-227.963759	100.353949	204.336820
-228.290177	100.127030	204.629407
-228.438046	100.024235	204.761950
-228.592529	99.916842	204.900421
-228.753624	99.804852	205.044820
-228.921331	99.688265	205.195146
-229.095652	99.567081	205.351400
-229.276586	99.441300	205.513581
-229.464133	99.310921	205.681690
-229.658292	99.175946	205.855726
-229.859065	99.036373	206.035689
-230.066450	98.892203	206.221581
-230.280448	98.743436	206.413400
-230.501060	98.590072	206.611146
-230.728284	98.432111	206.814820
-230.962121	98.269552	207.024421
-231.202571	98.102396	207.239950
-231.449634	97.930644	207.461406
-231.703309	97.754294	207.688790
-231.963598	97.573347	207.922102
-232.230500	97.387802	208.161341
-232.504014	97.197661	208.406507
-232.784142	97.002922	208.657601
-233.070882	96.803586	208.914623
-233.364235	96.599654	209.177572
-233.664201	96.391123	209.446449
-233.970780	96.177996	209.721253
-234.283972	95.960272	210.001985
-234.603777	95.737950	210.288644
-234.930195	95.511032	210.581231
-235.078064	95.408236	210.713774
-235.232546	95.300844	210.852245
-235.393641	95.188854	210.996644
-235.561349	95.072267	211.146970
-235.735670	94.951083	211.303224
-235.916604	94.825301	211.465405
-236.104151	94.694923	211.633513
-236.298310	94.559947	211.807550
-236.499083	94.420375	211.987513
-236.706468	94.276205	212.173405
-236.920466	94.127438	212.365223
-237.141078	93.974073	212.562970
-237.368302	93.816112	212.766644
-237.602139	93.653554	212.976245
-237.842589	93.486398	213.191774
-238.089652	93.314645	213.413230
-238.343327	93.138295	213.640614
-238.603616	92.957348	213.873926
-238.870518	92.771804	214.113165
-239.144032	92.581662	214.358331
-239.424160	92.386924	214.609425
-239.710900	92.187588	214.866447
-240.004253	91.983655	215.129396
-240.304219	91.775125	215.398273
-240.610798	91.561998	215.673077
-240.923990	91.344273	215.953808
-241.243795	91.121952	216.240468
-241.570213	90.895033	216.533054
-241.718082	90.792238	216.665598
-241.872564	90.684845	216.804069
-242.033659	90.572855	216.948468
-242.201367	90.456268	217.098794
-242.375688	90.335084	217.255047
-242.556622	90.209303	217.417229
-242.744168	90.078924	217.585337
-242.938328	89.943949	217.759373
-243.139101	89.804376	217.939337
-243.346486	89.660206	218.125228
-243.560484	89.511439	218.317047
-243.781095	89.358075	218.514794
-244.008320	89.200114	218.718467
-244.242157	89.037555	218.928069
-244.482607	88.870399	219.143598
-244.729669	88.698647	219.365054
-244.983345	88.522297	219.592438
-245.243634	88.341349	219.825750
-245.510535	88.155805	220.064989
-245.784050	87.965664	220.310155
-246.064177	87.770925	220.561249
-246.350918	87.571589	220.818271
-246.644271	87.367656	221.081220
-246.944237	87.159126	221.350096
-247.250816	86.945999	221.624901
-247.564008	86.728275	221.905632
-247.883813	86.505953	222.192292
-248.210231	86.279035	222.484878
-248.358100	86.176239	222.617422
-248.512582	86.068846	222.755893
-248.673677	85.956857	222.900291
-248.841385	85.840270	223.050618
-249.015706	85.719086	223.206871
-249.196640	85.593304	223.369052
-249.384186	85.462926	223.537161
-249.578346	85.327950	223.711197
-249.779118	85.188378	223.891161
-249.986504	85.044208	224.077052
-250.200502	84.895441	224.268871
-250.421113	84.742076	224.466617
-250.648337	84.584115	224.670291
-250.882174	84.421556	224.879893
-251.122624	84.254401	225.095421
-251.369687	84.082648	225.316878
-251.623363	83.906298	225.544262
-251.883652	83.725351	225.777573
-252.150553	83.539807	226.016812
-252.424068	83.349665	226.261979
-252.704195	83.154927	226.513073
-252.990936	82.955591	226.770095
-253.284289	82.751658	227.033044
-253.584255	82.543128	227.301920
-253.890834	82.330001	227.576724
-254.204026	82.112276	227.857456
-254.523831	81.889955	228.144115
-254.850249	81.663036	228.436702
-254.998118	81.560241	228.569246
-255.152600	81.452848	228.707717
-255.313695	81.340858	228.852115
-255.481403	81.224271	229.002441
-255.655724	81.103087	229.158695
-255.836658	80.977306	229.320876
-256.024204	80.846927	229.488985
-256.218364	80.711952	229.663021
-256.419136	80.572379	229.842985
-256.626522	80.428209	230.028876
-256.840520	80.279442	230.220695
-257.061131	80.126078	230.418441
-257.288355	79.968116	230.622115
-257.522192	79.805558	230.831716
-257.762642	79.638402	231.047245
