20.433306	216.442922	15.115844
20.450083	216.286847	15.079153
20.474183	216.126626	15.047862
20.505617	215.962260	15.021961
20.544393	215.793753	15.001439
20.590521	215.621106	14.986285
20.644009	215.444322	14.976489
20.704868	215.263404	14.972040
20.773107	215.078354	14.972926
20.848733	214.889175	14.979138
20.931757	214.695870	14.990665
21.022188	214.498440	15.007496
21.120034	214.296889	15.029621
21.225304	214.091218	15.057030
21.338008	213.881432	15.089711
21.458153	213.667531	15.127655
21.585748	213.449519	15.170851
21.720803	213.227398	15.219290
21.863325	213.001171	15.272961
22.013322	212.770840	15.331854
22.170804	212.536409	15.395959
22.335778	212.297878	15.465268
22.508252	212.055252	15.539769
22.688234	211.808532	15.619455
22.875733	211.557721	15.704314
23.070755	211.302822	15.794339
23.273309	211.043838	15.889520
23.483401	210.780770	15.989848
23.701040	210.513622	16.095314
23.926233	210.242395	16.205910
24.158986	209.967094	16.321627
24.399307	209.687719	16.442456
24.647203	209.404275	16.568391
24.902680	209.116763	16.699421
25.165746	208.825185	16.835541
25.436407	208.529546	16.976741
25.714669	208.229847	17.123015
26.000538	207.926090	17.274354
26.294022	207.618280	17.430752
26.595126	207.306417	17.592201
26.903855	206.990505	17.758695
27.220217	206.670546	17.930227
27.544216	206.346544	18.106790
27.692362	206.200006	18.187905
27.848153	206.049428	18.274042
28.011592	205.894812	18.365198
28.182683	205.736157	18.461370
28.361426	205.573466	18.562555
28.547826	205.406739	18.668751
28.741883	205.235978	18.779955
28.943601	205.061185	18.896164
29.152981	204.882359	19.017376
29.370026	204.699503	19.143588
29.594739	204.512617	19.274797
29.827122	204.321703	19.411002
30.067176	204.126762	19.552199
30.314904	203.927795	19.698387
30.570308	203.724804	19.849563
30.833390	203.517789	20.005724
31.104153	203.306751	20.166868
31.382599	203.091693	20.332993
31.668728	202.872615	20.504098
31.962545	202.649518	20.680179
32.264050	202.422404	20.861234
32.573245	202.191273	21.047262
32.890133	201.956128	21.238261
33.214715	201.716969	21.434228
33.546994	201.473797	21.635162
33.886971	201.226614	21.841060
34.234647	200.975421	22.051921
34.590026	200.720219	22.267744
34.953108	200.461009	22.488525
35.116425	200.345073	22.587954
35.287449	200.225130	22.692340
35.466179	200.101183	22.801682
35.652617	199.973230	22.915980
35.846763	199.841274	23.035232
36.048618	199.705313	23.159438
36.258183	199.565350	23.288597
36.475458	199.421383	23.422708
36.700445	199.273415	23.561771
36.933144	199.121445	23.705785
37.173555	198.965475	23.854750
37.421680	198.805504	24.008665
37.677519	198.641533	24.167528
37.941073	198.473562	24.331340
38.212342	198.301593	24.500101
38.491327	198.125626	24.673808
38.778029	197.945661	24.852462
39.072449	197.761699	25.036062
39.374587	197.573740	25.224607
39.684443	197.381786	25.418098
40.002019	197.185836	25.616532
40.327315	196.985891	25.819911
40.660332	196.781952	26.028233
41.001070	196.574019	26.241497
41.349530	196.362092	26.459704
41.705713	196.146174	26.682852
42.069619	195.926263	26.910942
42.441249	195.702360	27.143972
42.610067	195.600944	27.249873
42.786611	195.495537	27.360714
42.970879	195.386140	27.476495
43.162873	195.272752	27.597215
43.362592	195.155374	27.722875
43.570036	195.034007	27.853474
43.785207	194.908651	27.989012
44.008103	194.779305	28.129489
44.238727	194.645970	28.274905
44.477076	194.508647	28.425259
44.723153	194.367335	28.580551
44.976957	194.222035	28.740781
45.238489	194.072747	28.905950
45.507748	193.919471	29.076056
45.784735	193.762208	29.251100
46.069451	193.600958	29.431081
46.361894	193.435721	29.615999
46.662067	193.266498	29.805854
46.969968	193.093288	30.000647
47.285598	192.916091	30.200376
47.608958	192.734909	30.405041
47.940047	192.549742	30.614644
48.278867	192.360589	30.829182
48.625416	192.167451	31.048656
48.979695	191.970328	31.273067
49.341705	191.769221	31.502413
49.711446	191.564129	31.736695
50.088918	191.355054	31.975913
50.260031	191.260409	32.084370
50.438875	191.161781	32.197761
50.625451	191.059170	32.316089
50.819758	190.952575	32.439351
51.021796	190.841997	32.567549
51.231567	190.727435	32.700682
51.449069	190.608891	32.838750
51.674302	190.486364	32.981753
51.907268	190.359853	33.129691
52.147966	190.229360	33.282564
52.396396	190.094885	33.440372
52.652558	189.956427	33.603115
52.916452	189.813986	33.770792
53.188079	189.667564	33.943404
53.467439	189.517159	34.120951
53.754530	189.362772	34.303433
54.049355	189.204404	34.490849
54.351912	189.042053	34.683200
54.662203	188.875721	34.880485
54.980226	188.705407	35.082705
55.305982	188.531112	35.289859
55.639471	188.352836	35.501948
55.980694	188.170578	35.718971
56.329649	187.984340	35.940928
56.686339	187.794120	36.167819
57.050761	187.599920	36.399645
57.422918	187.401739	36.636405
57.802807	187.199577	36.878099
57.974933	187.108040	36.987615
58.154792	187.012521	37.102065
58.342384	186.913023	37.221449
58.537711	186.809544	37.345767
58.740772	186.702085	37.475019
58.951566	186.590645	37.609205
59.170094	186.475226	37.748325
59.396357	186.355826	37.892379
59.630353	186.232447	38.041368
59.872084	186.105087	38.195290
60.121548	185.973748	38.354146
60.378747	185.838429	38.517936
60.643680	185.699130	38.686660
60.916347	185.555851	38.860318
61.196749	185.408592	39.038909
61.484884	185.257354	39.222435
61.780754	185.102136	39.410895
62.084359	184.942939	39.604288
62.395698	184.779763	39.802615
62.714771	184.612606	40.005876
63.041578	184.441471	40.214071
63.376121	184.266356	40.427200
63.718397	184.087262	40.645263
64.068409	183.904189	40.868259
64.426155	183.717137	41.096189
64.791635	183.526105	41.329053
65.164850	183.331095	41.566851
65.545800	183.132106	41.809583
65.718384	183.041984	41.919551
65.898702	182.947883	42.034453
66.086755	182.849803	42.154288
66.282543	182.747745	42.279058
66.486066	182.641708	42.408761
66.697323	182.531692	42.543398
66.916316	182.417697	42.682968
67.143043	182.299724	42.827472
67.377505	182.177771	42.976910
67.619702	182.051841	43.131282
67.869634	181.921931	43.290588
68.127300	181.788043	43.454827
68.392702	181.650176	43.624000
68.665839	181.508331	43.798106
68.946710	181.362507	43.977147
69.235317	181.212704	44.161121
69.531659	181.058923	44.350028
69.835735	180.901164	44.543870
70.147547	180.739426	44.742645
70.467093	180.573710	44.946353
70.794375	180.404015	45.154996
71.129392	180.230342	45.368572
71.472144	180.052691	45.587082
71.822631	179.871061	45.810525
72.180853	179.685453	46.038902
72.546810	179.495866	46.272213
72.920502	179.302302	46.510458
73.301930	179.104759	46.753636
73.474723	179.015281	46.863801
73.655251	178.921825	46.978899
73.843515	178.824391	47.098931
74.039513	178.722979	47.223897
74.243247	178.617588	47.353796
74.454716	178.508220	47.488629
74.673921	178.394873	47.628396
74.900860	178.277548	47.773096
75.135535	178.156245	47.922730
75.377945	178.030964	48.077298
75.628090	177.901705	48.236800
75.885970	177.768468	48.401235
76.151586	177.631252	48.570603
76.424937	177.490059	48.744906
76.706023	177.344888	48.924142
76.994844	177.195739	49.108311
77.291401	177.042611	49.297415
77.595693	176.885506	49.491452
77.907720	176.724423	49.690422
78.227483	176.559361	49.894327
78.554981	176.390322	50.103165
78.890214	176.217305	50.316936
79.233182	176.040310	50.535642
79.583886	175.859337	50.759281
79.942325	175.674386	50.987853
80.308500	175.485457	51.221360
80.682410	175.292550	51.459799
81.064055	175.095665	51.703173
81.236944	175.006480	51.813424
81.417569	174.913317	51.928609
81.605928	174.816176	52.048727
81.802024	174.715058	52.173780
82.005854	174.609961	52.303765
82.217421	174.500887	52.438685
82.436722	174.387834	52.578538
82.663759	174.270804	52.723325
82.898531	174.149796	52.873045
83.141038	174.024811	53.027699
83.391281	173.895847	53.187287
83.649260	173.762906	53.351808
83.914973	173.625987	53.521263
84.188422	173.485090	53.695652
84.469607	173.340215	53.874974
84.758527	173.191363	54.059230
85.055182	173.038533	54.248420
85.359572	172.881725	54.442543
85.671698	172.720939	54.641600
85.991560	172.556175	54.845591
86.319157	172.387434	55.054515
86.654489	172.214715	55.268373
86.997557	172.038018	55.487165
87.348360	171.857344	55.710890
87.706898	171.672692	55.939549
88.073172	171.484062	56.173141
88.447181	171.291454	56.411668
88.828926	171.094869	56.655127
89.001859	171.005816	56.765417
89.182528	170.912787	56.880640
89.370933	170.815779	57.000797
89.567072	170.714794	57.125887
89.770947	170.609831	57.255911
89.982558	170.500890	57.390869
90.201904	170.387972	57.530760
90.428985	170.271076	57.675585
90.663802	170.150202	57.825344
90.906354	170.025350	57.980036
91.156642	169.896521	58.139662
91.414665	169.763714	58.304222
91.680424	169.626930	58.473715
91.953918	169.486168	58.648142
92.235148	169.341428	58.827503
92.524112	169.192711	59.011797
92.820813	169.040015	59.201025
93.125249	168.883343	59.395187
93.437420	168.722692	59.594282
93.757327	168.558064	59.798311
94.084969	168.389458	60.007274
94.420347	168.216875	60.221170
94.763460	168.040314	60.440000
95.114308	167.859775	60.663763
95.472892	167.675258	60.892461
95.839212	167.486764	61.126092
96.213267	167.294293	61.364656
96.595057	167.097843	61.608155
96.768011	167.008852	61.718461
96.948700	166.915882	61.833701
97.137124	166.818935	61.953875
97.333284	166.718011	62.078982
97.537180	166.613108	62.209023
97.748811	166.504228	62.343998
97.968177	166.391371	62.483906
98.195279	166.274536	62.628749
98.430117	166.153723	62.778524
98.672689	166.028933	62.933234
98.922998	165.900165	63.092877
99.181042	165.767419	63.257454
99.446821	165.630696	63.426964
99.720335	165.489995	63.601408
100.001586	165.345316	63.780786
100.290571	165.196660	63.965097
100.587292	165.044026	64.154342
100.891749	164.887415	64.348521
101.203941	164.726826	64.547633
101.523869	164.562259	64.751679
101.851532	164.393715	64.960659
102.186930	164.221193	65.174573
102.530064	164.044694	65.393420
102.880933	163.864217	65.617200
103.239538	163.679762	65.845915
103.605879	163.491330	66.079563
103.979954	163.298920	66.318144
104.361766	163.102533	66.561660
104.534729	163.013568	66.671974
104.715427	162.920627	66.787222
104.903861	162.823707	66.907403
105.100030	162.722810	67.032518
105.303935	162.617935	67.162567
105.515576	162.509083	67.297549
105.734951	162.396253	67.437465
105.962063	162.279446	67.582315
106.196909	162.158661	67.732098
106.439492	162.033898	67.886815
106.689809	161.905158	68.046466
106.947863	161.772440	68.211050
107.213651	161.635745	68.380568
107.487175	161.495072	68.555020
107.768435	161.350421	68.734405
108.057430	161.201793	68.918725
108.354161	161.049187	69.107977
108.658627	160.892604	69.302164
108.970829	160.732043	69.501284
109.290766	160.567504	69.705337
109.618438	160.398988	69.914325
109.953846	160.226494	70.128246
110.296990	160.050023	70.347101
110.647869	159.869574	70.570889
111.006483	159.685147	70.799611
111.372833	159.496743	71.033267
111.746918	159.304361	71.271856
112.128739	159.108002	71.515379
112.301707	159.019050	71.625697
112.482409	158.926121	71.740948
112.670847	158.829214	71.861133
112.867021	158.728330	71.986251
113.070930	158.623468	72.116303
113.282575	158.514628	72.251289
113.501955	158.401811	72.391208
113.729070	158.285016	72.536061
113.963922	158.164244	72.685848
114.206508	158.039494	72.840569
114.456830	157.910766	73.000223
114.714888	157.778061	73.164811
114.980681	157.641378	73.334332
115.254209	157.500718	73.508787
115.535473	157.356080	73.688176
115.824473	157.207464	73.872499
116.121208	157.054871	74.061755
116.425678	156.898300	74.255945
116.737884	156.737752	74.455068
117.057825	156.573226	74.659125
117.385502	156.404723	74.868116
117.720915	156.232242	75.082040
118.064063	156.055783	75.300899
118.414946	155.875347	75.524690
118.773565	155.690933	75.753416
119.139919	155.502542	75.987075
119.514009	155.310173	76.225668
119.895834	155.113827	76.469195
120.068803	155.024881	76.579514
120.249508	154.931957	76.694766
120.437948	154.835056	76.814952
120.634124	154.734177	76.940072
120.838035	154.629321	77.070126
121.049681	154.520487	77.205113
121.269063	154.407675	77.345034
121.496181	154.290886	77.489889
121.731034	154.170120	77.639677
121.973623	154.045375	77.794399
122.223947	153.916653	77.954055
122.482006	153.783954	78.118644
122.747801	153.647277	78.288167
123.021332	153.506623	78.462624
123.302598	153.361990	78.642014
123.591599	153.213381	78.826339
123.888336	153.060793	79.015596
124.192808	152.904228	79.209788
124.505016	152.743686	79.408913
124.824960	152.579166	79.612971
125.152639	152.410668	79.821964
125.488053	152.238193	80.035890
125.831203	152.061740	80.254749
126.182088	151.881310	80.478543
126.540709	151.696902	80.707270
126.907066	151.508517	80.940931
127.281157	151.316154	81.179525
127.662985	151.119813	81.423053
127.835955	151.030869	81.533373
128.016660	150.937948	81.648626
128.205101	150.841050	81.768813
128.401278	150.740174	81.893934
128.605190	150.635320	82.023988
128.816837	150.526489	82.158976
129.036220	150.413680	82.298898
129.263339	150.296893	82.443753
129.498193	150.176129	82.593542
129.740782	150.051388	82.748265
129.991107	149.922668	82.907921
130.249167	149.789972	83.072511
130.514963	149.653297	83.242035
130.788495	149.512645	83.416492
131.069762	149.368016	83.595883
131.358764	149.219409	83.780208
131.655502	149.066824	83.969467
131.959975	148.910262	84.163659
132.272184	148.749722	84.362784
132.592128	148.585205	84.566844
132.919808	148.416710	84.775837
133.255223	148.244237	84.989764
133.598374	148.067787	85.208624
133.949261	147.887359	85.432418
134.307882	147.702954	85.661146
134.674240	147.514571	85.894807
135.048332	147.322211	86.133402
135.430161	147.125873	86.376931
135.603131	147.036931	86.487251
135.783837	146.944011	86.602505
135.972278	146.847113	86.722692
136.168455	146.746238	86.847813
136.372368	146.641386	86.977868
136.584016	146.532556	87.112856
136.803399	146.419748	87.252778
137.030518	146.302963	87.397634
137.265372	146.182200	87.547423
137.507962	146.057459	87.702146
137.758288	145.928741	87.861803
138.016348	145.796046	88.026393
138.282145	145.659373	88.195917
138.555676	145.518722	88.370375
138.836944	145.374094	88.549766
139.125947	145.225488	88.734091
139.422685	145.072904	88.923350
139.727159	144.916343	89.117542
140.039368	144.755805	89.316668
140.359313	144.591288	89.520728
140.686993	144.422795	89.729721
141.022409	144.250323	89.943648
141.365560	144.073874	90.162509
141.716446	143.893448	90.386304
142.075069	143.709044	90.615032
142.441426	143.520662	90.848693
142.815520	143.328303	91.087289
143.197348	143.131966	91.330818
143.370319	143.043025	91.441138
143.551025	142.950105	91.556392
143.739467	142.853208	91.676579
143.935644	142.752334	91.801700
144.139556	142.647482	91.931755
144.351204	142.538652	92.066744
144.570588	142.425845	92.206666
144.797707	142.309060	92.351522
145.032562	142.188298	92.501311
145.275152	142.063558	92.656034
145.525477	141.934841	92.815691
145.783538	141.802146	92.980282
146.049335	141.665473	93.149806
146.322867	141.524823	93.324264
146.604134	141.380195	93.503655
146.893137	141.231590	93.687980
147.189876	141.079007	93.877239
147.494350	140.922447	94.071432
147.806559	140.761908	94.270558
148.126504	140.597393	94.474618
148.454184	140.428900	94.683611
148.789600	140.256429	94.897538
149.132752	140.079980	95.116399
149.483639	139.899555	95.340194
149.842261	139.715151	95.568922
150.208619	139.526770	95.802584
150.582712	139.334411	96.041179
150.964541	139.138075	96.284709
151.137512	139.049134	96.395029
151.318218	138.956215	96.510283
151.506660	138.859318	96.630470
151.702837	138.758444	96.755591
151.906750	138.653592	96.885646
152.118398	138.544763	97.020635
152.337782	138.431956	97.160557
152.564901	138.315171	97.305413
152.799755	138.194409	97.455202
153.042345	138.069670	97.609926
153.292671	137.940952	97.769582
153.550732	137.808258	97.934173
153.816529	137.671585	98.103697
154.090061	137.530935	98.278155
154.371328	137.386308	98.457547
154.660332	137.237703	98.641872
154.957070	137.085120	98.831131
155.261544	136.928560	99.025323
155.573754	136.768022	99.224450
155.893699	136.603507	99.428510
156.221379	136.435014	99.637503
156.556795	136.262543	99.851431
156.899947	136.086095	100.070291
157.250834	135.905669	100.294086
157.609456	135.721266	100.522814
157.975814	135.532885	100.756476
158.349908	135.340527	100.995072
158.731737	135.144191	101.238601
158.904707	135.055250	101.348921
159.085414	134.962331	101.464175
159.273855	134.865434	101.584363
159.470033	134.764560	101.709484
159.673945	134.659708	101.839539
159.885594	134.550879	101.974528
160.104977	134.438072	102.114450
160.332096	134.321288	102.259306
160.566951	134.200526	102.409095
160.809541	134.075787	102.563818
161.059867	133.947069	102.723475
161.317928	133.814375	102.888066
161.583725	133.677703	103.057590
161.857257	133.537053	103.232048
162.138525	133.392425	103.411440
162.427528	133.243820	103.595765
162.724266	133.091238	103.785024
163.028740	132.934678	103.979217
163.340950	132.774140	104.178343
163.660895	132.609625	104.382403
163.988576	132.441132	104.591396
164.323992	132.268661	104.805324
164.667143	132.092214	105.024185
165.018030	131.911788	105.247979
165.376653	131.727385	105.476708
165.743011	131.539004	105.710370
166.117104	131.346646	105.948965
166.498933	131.150310	106.192495
166.671904	131.061369	106.302815
166.852610	130.968450	106.418069
167.041052	130.871553	106.538256
167.237229	130.770679	106.663377
167.441142	130.665828	106.793432
167.652790	130.556999	106.928421
167.872174	130.444192	107.068343
168.099293	130.327407	107.213199
168.334148	130.206646	107.362989
168.576738	130.081906	107.517712
168.827064	129.953189	107.677369
169.085125	129.820494	107.841960
169.350922	129.683822	108.011484
169.624454	129.543172	108.185942
169.905721	129.398545	108.365333
170.194724	129.249940	108.549659
170.491463	129.097358	108.738918
170.795937	128.940798	108.933110
171.108147	128.780260	109.132236
171.428092	128.615745	109.336296
171.755772	128.447252	109.545290
172.091189	128.274782	109.759217
172.434340	128.098334	109.978078
172.785227	127.917908	110.201873
173.143850	127.733505	110.430601
173.510208	127.545124	110.664263
173.884301	127.352766	110.902859
174.266130	127.156430	111.146388
174.439101	127.067489	111.256709
174.619807	126.974570	111.371962
174.808249	126.877674	111.492150
175.004426	126.776800	111.617271
175.208339	126.671948	111.747326
175.419987	126.563119	111.882315
175.639371	126.450312	112.022237
175.866490	126.333528	112.167093
176.101345	126.212766	112.316883
176.343935	126.088027	112.471606
176.594261	125.959310	112.631263
176.852322	125.826615	112.795853
177.118119	125.689943	112.965378
177.391651	125.549293	113.139836
177.672919	125.404666	113.319227
177.961922	125.256061	113.503552
178.258660	125.103479	113.692811
178.563134	124.946919	113.887004
178.875344	124.786381	114.086130
179.195289	124.621866	114.290190
179.522970	124.453373	114.499184
179.858386	124.280903	114.713111
180.201537	124.104455	114.931972
180.552424	123.924029	115.155767
180.911047	123.739626	115.384495
181.277405	123.551246	115.618157
181.651498	123.358887	115.856753
182.033327	123.162552	116.100282
182.206298	123.073610	116.210602
182.387005	122.980692	116.325856
182.575446	122.883795	116.446044
182.771624	122.782921	116.571165
182.975536	122.678070	116.701220
183.187185	122.569240	116.836209
183.406568	122.456434	116.976131
183.633688	122.339649	117.120987
183.868542	122.218888	117.270776
184.111132	122.094148	117.425500
184.361458	121.965431	117.585157
184.619519	121.832737	117.749747
184.885316	121.696064	117.919272
185.158848	121.555415	118.093730
185.440116	121.410787	118.273121
185.729119	121.262182	118.457446
186.025858	121.109600	118.646705
186.330332	120.953040	118.840898
186.642541	120.792502	119.040024
186.962486	120.627987	119.244084
187.290167	120.459494	119.453078
187.625583	120.287024	119.667005
187.968735	120.110576	119.885866
188.319622	119.930151	120.109661
188.678244	119.745748	120.338389
189.044602	119.557367	120.572051
189.418696	119.365009	120.810647
189.800525	119.168673	121.054176
189.973496	119.079732	121.164496
190.154202	118.986813	121.279750
190.342644	118.889917	121.399938
190.538821	118.789043	121.525059
190.742734	118.684191	121.655114
190.954382	118.575362	121.790103
191.173766	118.462555	121.930025
191.400885	118.345771	122.074881
191.635740	118.225009	122.224670
191.878330	118.100270	122.379394
192.128656	117.971553	122.539051
192.386717	117.838858	122.703641
192.652513	117.702186	122.873166
192.926046	117.561536	123.047624
193.207313	117.416909	123.227015
193.496316	117.268304	123.411340
193.793055	117.115722	123.600599
194.097529	116.959162	123.794792
194.409739	116.798624	123.993918
194.729684	116.634109	124.197978
195.057364	116.465616	124.406972
195.392781	116.293146	124.620899
195.735932	116.116698	124.839760
196.086819	115.936272	125.063555
196.445442	115.751869	125.292283
196.811800	115.563489	125.525945
197.185893	115.371130	125.764541
197.567722	115.174795	126.008070
197.740693	115.085853	126.118391
197.921399	114.992935	126.233644
198.109841	114.896038	126.353832
198.306018	114.795164	126.478953
198.509931	114.690313	126.609008
198.721579	114.581484	126.743997
198.940963	114.468677	126.883919
199.168082	114.351893	127.028775
199.402937	114.231131	127.178565
199.645527	114.106391	127.333288
199.895853	113.977674	127.492945
200.153914	113.844980	127.657535
200.419711	113.708308	127.827060
200.693243	113.567658	128.001518
200.974511	113.423031	128.180909
201.263514	113.274426	128.365235
201.560253	113.121843	128.554493
201.864727	112.965283	128.748686
202.176936	112.804746	128.947812
202.496881	112.640230	129.151872
202.824562	112.471738	129.360866
203.159978	112.299267	129.574793
203.503130	112.122819	129.793654
203.854017	111.942394	130.017449
204.212639	111.757991	130.246177
204.578997	111.569610	130.479839
204.953091	111.377252	130.718435
205.334920	111.180916	130.961964
205.507891	111.091975	131.072285
205.688597	110.999056	131.187538
205.877039	110.902160	131.307726
206.073216	110.801286	131.432847
206.277129	110.696434	131.562902
206.488777	110.587605	131.697891
206.708161	110.474799	131.837813
206.935280	110.358014	131.982669
207.170135	110.237252	132.132459
207.412725	110.112513	132.287182
207.663051	109.983796	132.446839
207.921112	109.851101	132.611429
208.186908	109.714429	132.780954
208.460441	109.573780	132.955412
208.741708	109.429152	133.134803
209.030711	109.280547	133.319129
209.327450	109.127965	133.508388
209.631924	108.971405	133.702580
209.944134	108.810867	133.901706
210.264079	108.646352	134.105766
210.591759	108.477859	134.314760
210.927176	108.305389	134.528687
211.270327	108.128941	134.747548
211.621214	107.948516	134.971343
211.979837	107.764113	135.200071
212.346195	107.575732	135.433733
212.720288	107.383374	135.672329
213.102117	107.187038	135.915858
213.275088	107.098097	136.026179
213.455794	107.005178	136.141433
213.644236	106.908282	136.261620
213.840413	106.807408	136.386741
214.044326	106.702556	136.516796
214.255974	106.593727	136.651785
214.475358	106.480920	136.791707
214.702477	106.364136	136.936563
214.937332	106.243374	137.086353
215.179922	106.118635	137.241076
215.430248	105.989918	137.400733
215.688309	105.857223	137.565323
215.954106	105.720551	137.734848
216.227638	105.579901	137.909306
216.508906	105.435274	138.088697
216.797909	105.286669	138.273023
217.094647	105.134087	138.462282
217.399122	104.977527	138.656474
217.711331	104.816989	138.855601
218.031276	104.652474	139.059661
218.358957	104.483981	139.268654
218.694373	104.311511	139.482581
219.037525	104.135063	139.701442
219.388412	103.954637	139.925237
219.747034	103.770234	140.153965
220.113392	103.581854	140.387627
220.487486	103.389496	140.626223
220.869315	103.193160	140.869752
221.042286	103.104219	140.980073
221.222992	103.011300	141.095327
221.411434	102.914403	141.215514
221.607611	102.813529	141.340635
221.811524	102.708678	141.470690
222.023172	102.599849	141.605679
222.242556	102.487042	141.745601
222.469675	102.370258	141.890457
222.704530	102.249496	142.040247
222.947120	102.124756	142.194970
223.197446	101.996039	142.354627
223.455507	101.863345	142.519218
223.721303	101.726673	142.688742
223.994836	101.586023	142.863200
224.276103	101.441396	143.042591
224.565106	101.292791	143.226917
224.861845	101.140208	143.416176
225.166319	100.983648	143.610368
225.478529	100.823111	143.809495
225.798474	100.658596	144.013555
226.126154	100.490103	144.222548
226.461570	100.317632	144.436476
226.804722	100.141185	144.655337
227.155609	99.960759	144.879131
227.514232	99.776356	145.107860
227.880590	99.587975	145.341522
228.254683	99.395617	145.580117
228.636512	99.199282	145.823647
228.809483	99.110340	145.933967
228.990189	99.017421	146.049221
229.178631	98.920525	146.169408
229.374808	98.819651	146.294530
229.578721	98.714800	146.424584
229.790369	98.605970	146.559573
230.009753	98.493164	146.699495
230.236872	98.376379	146.844351
230.471727	98.255618	146.994141
230.714317	98.130878	147.148864
230.964643	98.002161	147.308521
231.222704	97.869467	147.473112
231.488501	97.732794	147.642636
231.762033	97.592145	147.817094
232.043301	97.447517	147.996485
232.332304	97.298913	148.180811
232.629042	97.146330	148.370070
232.933517	96.989770	148.564262
233.245726	96.829232	148.763389
233.565671	96.664717	148.967449
233.893352	96.496225	149.176442
234.228768	96.323754	149.390370
234.571920	96.147306	149.609231
234.922807	95.966881	149.833025
235.281429	95.782478	150.061754
235.647787	95.594097	150.295416
236.021881	95.401739	150.534011
236.403710	95.205403	150.777541
236.576681	95.116462	150.887861
236.757387	95.023543	151.003115
236.945829	94.926647	151.123302
237.142006	94.825773	151.248424
237.345919	94.720921	151.378478
237.557567	94.612092	151.513467
237.776951	94.499285	151.653389
238.004070	94.382501	151.798245
238.238925	94.261739	151.948035
238.481515	94.137000	152.102758
238.731841	94.008283	152.262415
238.989902	93.875588	152.427006
239.255698	93.738916	152.596530
239.529231	93.598266	152.770988
239.810498	93.453639	152.950380
240.099501	93.305034	153.134705
240.396240	93.152452	153.323964
240.700714	92.995892	153.518156
241.012924	92.835354	153.717283
241.332869	92.670839	153.921343
241.660549	92.502346	154.130336
241.995965	92.329876	154.344264
242.339117	92.153428	154.563125
242.690004	91.973003	154.786919
243.048627	91.788600	155.015648
243.414985	91.600219	155.249310
243.789078	91.407861	155.487905
244.170907	91.211525	155.731435
244.343878	91.122584	155.841755
244.524584	91.029665	155.957009
244.713026	90.932769	156.077196
244.909203	90.831895	156.202318
245.113116	90.727043	156.332373
245.324764	90.618214	156.467361
245.544148	90.505407	156.607283
245.771267	90.388623	156.752139
246.006122	90.267861	156.901929
246.248712	90.143122	157.056652
246.499038	90.014405	157.216309
246.757099	89.881710	157.380900
247.022896	89.745038	157.550424
247.296428	89.604388	157.724882
247.577696	89.459761	157.904274
247.866699	89.311156	158.088599
248.163437	89.158574	158.277858
248.467912	89.002014	158.472051
248.780121	88.841476	158.671177
249.100066	88.676961	158.875237
249.427747	88.508468	159.084230
249.763163	88.335998	159.298158
250.106315	88.159550	159.517019
250.457202	87.979124	159.740813
250.815824	87.794721	159.969542
251.182182	87.606341	160.203204
251.556276	87.413983	160.441799
251.938105	87.217647	160.685329
252.111076	87.128705	160.795649
252.291782	87.035787	160.910903
252.480224	86.938890	161.031090
252.676401	86.838016	161.156212
252.880314	86.733165	161.286267
253.091962	86.624336	161.421255
253.311346	86.511529	161.561177
253.538465	86.394745	161.706033
253.773320	86.273983	161.855823
254.015910	86.149243	162.010546
254.266235	86.020526	162.170203
254.524297	85.887832	162.334794
254.790093	85.751160	162.504318
255.063626	85.610510	162.678776
255.344893	85.465883	162.858168
255.633896	85.317278	163.042493
255.930635	85.164695	163.231752
256.235109	85.008135	163.425945
256.547319	84.847598	163.625071
256.867264	84.683082	163.829131
257.194944	84.514590	164.038125
257.530360	84.342119	164.252052
257.873512	84.165672	164.470913
258.224399	83.985246	164.694707
258.583022	83.800843	164.923436
258.949380	83.612462	165.157098
259.323473	83.420104	165.395693
259.705302	83.223768	165.639223
259.878273	83.134827	165.749543
260.058979	83.041908	165.864797
260.247421	82.945012	165.984985
260.443598	82.844138	166.110106
260.647511	82.739286	166.240161
260.859159	82.630457	166.375149
261.078543	82.517651	166.515072
261.305662	82.400866	166.659927
261.540517	82.280104	166.809717
261.783107	82.155365	166.964440
262.033433	82.026648	167.124097
262.291494	81.893953	167.288688
262.557291	81.757281	167.458212
262.830823	81.616632	167.632670
263.112091	81.472004	167.812062
263.401094	81.323399	167.996387
