30.233127	234.994485	-42.135879
30.273463	234.897798	-42.168963
30.318964	234.796468	-42.209242
30.369632	234.690496	-42.256715
30.425470	234.579883	-42.311381
30.486479	234.464631	-42.373239
30.552663	234.344740	-42.442288
30.624022	234.220212	-42.518527
30.700560	234.091047	-42.601956
30.782278	233.957247	-42.692574
30.869179	233.818813	-42.790380
30.961265	233.675745	-42.895372
31.058537	233.528046	-43.007551
31.160999	233.375716	-43.126915
31.268652	233.218756	-43.253464
31.381497	233.057167	-43.387196
31.499538	232.890951	-43.528111
31.622777	232.720108	-43.676209
31.751215	232.544639	-43.831487
31.884855	232.364547	-43.993946
32.023698	232.179831	-44.163585
32.167746	231.990493	-44.340403
32.317003	231.796534	-44.524399
32.471468	231.597955	-44.715573
32.631146	231.394758	-44.913923
32.796037	231.186943	-45.119450
32.966144	230.974511	-45.332152
33.141468	230.757464	-45.552028
33.322012	230.535802	-45.779079
33.507776	230.309527	-46.013302
33.698765	230.078640	-46.254698
33.894978	229.843143	-46.503267
34.096418	229.603035	-46.759006
34.303087	229.358319	-47.021917
34.514987	229.108995	-47.291997
34.732119	228.855064	-47.569247
34.954486	228.596529	-47.853666
35.182089	228.333389	-48.145253
35.414929	228.065646	-48.444008
35.653009	227.793301	-48.749930
35.896331	227.516355	-49.063018
36.144895	227.234810	-49.383273
36.257615	227.107729	-49.528685
36.375581	226.976051	-49.681263
36.498793	226.839775	-49.841006
36.627252	226.698902	-50.007914
36.760958	226.553432	-50.181986
36.899913	226.403367	-50.363223
37.044117	226.248706	-50.551625
37.193572	226.089450	-50.747190
37.348276	225.925600	-50.949920
37.508232	225.757156	-51.159813
37.673440	225.584118	-51.376870
37.843901	225.406487	-51.601091
38.019615	225.224265	-51.832474
38.200583	225.037450	-52.071021
38.386807	224.846044	-52.316730
38.578285	224.650047	-52.569602
38.775020	224.449460	-52.829637
38.977012	224.244283	-53.096834
39.184261	224.034517	-53.371193
39.396769	223.820162	-53.652714
39.614535	223.601218	-53.941397
39.837561	223.377687	-54.237241
40.065848	223.149569	-54.540247
40.299395	222.916865	-54.850415
40.538203	222.679574	-55.167744
40.782274	222.437697	-55.492234
41.031608	222.191236	-55.823885
41.286205	221.940189	-56.162697
41.401825	221.826452	-56.316631
41.522709	221.708130	-56.477726
41.648858	221.585225	-56.645981
41.780272	221.457736	-56.821397
41.916951	221.325665	-57.003974
42.058896	221.189011	-57.193711
42.206106	221.047774	-57.390609
42.358582	220.901954	-57.594667
42.516324	220.751553	-57.805886
42.679332	220.596569	-58.024264
42.847608	220.437004	-58.249804
43.021150	220.272858	-58.482503
43.199960	220.104130	-58.722363
43.384037	219.930822	-58.969383
43.573382	219.752933	-59.223563
43.767994	219.570463	-59.484903
43.967876	219.383413	-59.753403
44.173025	219.191783	-60.029064
44.383444	218.995573	-60.311884
44.599131	218.794784	-60.601864
44.820088	218.589416	-60.899005
45.046314	218.379468	-61.203305
45.277810	218.164942	-61.514765
45.514576	217.945838	-61.833385
45.756613	217.722155	-62.159165
46.003919	217.493894	-62.492105
46.256497	217.261055	-62.832204
46.514346	217.023638	-63.179464
46.631223	216.916145	-63.336896
46.753371	216.804075	-63.501488
46.880791	216.687428	-63.673240
47.013483	216.566203	-63.852152
47.151446	216.440402	-64.038223
47.294681	216.310024	-64.231454
47.443188	216.175069	-64.431845
47.596967	216.035538	-64.639396
47.756018	215.891431	-64.854106
47.920340	215.742747	-65.075976
48.089936	215.589487	-65.305006
48.264803	215.431650	-65.541196
48.444943	215.269238	-65.784545
48.630356	215.102250	-66.035054
48.821041	214.930686	-66.292723
49.016999	214.754547	-66.557551
49.218229	214.573832	-66.829539
49.424733	214.388541	-67.108687
49.636510	214.198676	-67.394995
49.853560	214.004235	-67.688462
50.075883	213.805219	-67.989089
50.303479	213.601628	-68.296876
50.536349	213.393462	-68.611822
50.774493	213.180721	-68.933928
51.017910	212.963406	-69.263194
51.266601	212.741516	-69.599620
51.520565	212.515052	-69.943205
51.779804	212.284013	-70.293950
51.897260	212.179390	-70.452878
52.019991	212.070192	-70.618965
52.147995	211.956420	-70.792211
52.281274	211.838074	-70.972618
52.419827	211.715154	-71.160184
52.563654	211.587661	-71.354910
52.712755	211.455593	-71.556796
52.867131	211.318951	-71.765841
53.026780	211.177736	-71.982046
53.191705	211.031947	-72.205411
53.361903	210.881584	-72.435936
53.537376	210.726648	-72.673621
53.718124	210.567138	-72.918465
53.904146	210.403055	-73.170469
54.095443	210.234398	-73.429633
54.292014	210.061168	-73.695957
54.493860	209.883364	-73.969440
54.700980	209.700987	-74.250083
54.913376	209.514037	-74.537886
55.131045	209.322513	-74.832849
55.353990	209.126417	-75.134972
55.582210	208.925747	-75.444254
55.815704	208.720504	-75.760696
56.054474	208.510688	-76.084298
56.298518	208.296299	-76.415060
56.547837	208.077338	-76.752982
56.802432	207.853803	-77.098063
57.062301	207.625696	-77.450305
57.180030	207.522382	-77.609886
57.303034	207.414495	-77.776626
57.431313	207.302035	-77.950527
57.564868	207.185003	-78.131587
57.703697	207.063398	-78.319807
57.847802	206.937220	-78.515188
57.997182	206.806470	-78.717727
58.151837	206.671147	-78.927427
58.311768	206.531252	-79.144287
58.476973	206.386784	-79.368307
58.647454	206.237743	-79.599486
58.823210	206.084130	-79.837825
59.004242	205.925945	-80.083325
59.190548	205.763187	-80.335984
59.382130	205.595857	-80.595803
59.578988	205.423955	-80.862782
59.781121	205.247480	-81.136920
59.988529	205.066432	-81.418219
60.201212	204.880813	-81.706678
60.419171	204.690621	-82.002296
60.642405	204.495857	-82.305075
60.870915	204.296520	-82.615013
61.104700	204.092612	-82.932111
61.343761	203.884131	-83.256369
61.588097	203.671078	-83.587788
61.837709	203.453453	-83.926366
62.092596	203.231256	-84.272104
62.352758	203.004486	-84.625002
62.470616	202.901768	-84.784872
62.593749	202.794477	-84.951902
62.722158	202.682615	-85.126092
62.855843	202.566180	-85.307442
62.994803	202.445173	-85.495952
63.139039	202.319595	-85.691622
63.288550	202.189444	-85.894452
63.443336	202.054722	-86.104441
63.603399	201.915427	-86.321591
63.768737	201.771560	-86.545901
63.939350	201.623122	-86.777371
64.115240	201.470111	-87.016000
64.296404	201.312529	-87.261790
64.482845	201.150374	-87.514740
64.674561	200.983648	-87.774849
64.871553	200.812350	-88.042119
65.073820	200.636480	-88.316548
65.281363	200.456038	-88.598138
65.494182	200.271024	-88.886887
65.712276	200.081438	-89.182797
65.935646	199.887281	-89.485866
66.164292	199.688551	-89.796096
66.398213	199.485250	-90.113485
66.637410	199.277377	-90.438035
66.881883	199.064932	-90.769744
67.131631	198.847915	-91.108614
67.386655	198.626327	-91.454643
67.646955	198.400166	-91.807833
67.764874	198.297719	-91.967832
67.888068	198.190700	-92.134991
68.016538	198.079109	-92.309310
68.150284	197.962946	-92.490790
68.289305	197.842211	-92.679429
68.433602	197.716905	-92.875228
68.583175	197.587027	-93.078187
68.738024	197.452577	-93.288306
68.898148	197.313556	-93.505586
69.063548	197.169963	-93.730025
69.234224	197.021798	-93.961624
69.410176	196.869061	-94.200384
69.591403	196.711753	-94.446303
69.777906	196.549873	-94.699382
69.969685	196.383421	-94.959622
70.166740	196.212398	-95.227021
70.369070	196.036803	-95.501581
70.576677	195.856636	-95.783300
70.789559	195.671898	-96.072180
71.007716	195.482588	-96.368219
71.231150	195.288706	-96.671419
71.459859	195.090253	-96.981778
71.693845	194.887228	-97.299298
71.933105	194.679631	-97.623978
72.177642	194.467463	-97.955817
72.427455	194.250723	-98.294817
72.682543	194.029411	-98.640977
72.942907	193.803528	-98.994297
73.060854	193.701204	-99.154354
73.184077	193.594307	-99.321571
73.312575	193.482840	-99.495948
73.446350	193.366801	-99.677485
73.585400	193.246190	-99.866182
73.729726	193.121007	-100.062039
73.879328	192.991253	-100.265056
74.034206	192.856928	-100.475234
74.194359	192.718030	-100.692571
74.359788	192.574561	-100.917068
74.530493	192.426521	-101.148726
74.706474	192.273909	-101.387543
74.887731	192.116725	-101.633521
75.074263	191.954970	-101.886658
75.266072	191.788643	-102.146956
75.463156	191.617745	-102.414414
75.665516	191.442275	-102.689031
75.873152	191.262234	-102.970809
76.086063	191.077620	-103.259747
76.304251	190.888436	-103.555845
76.527714	190.694680	-103.859103
76.756453	190.496352	-104.169521
76.990468	190.293452	-104.487099
77.229759	190.085981	-104.811837
77.474326	189.873939	-105.143735
77.724168	189.657325	-105.482793
77.979286	189.436139	-105.829012
78.239680	189.210382	-106.182390
78.357641	189.108114	-106.342473
78.480877	189.001274	-106.509716
78.609389	188.889862	-106.684119
78.743177	188.773879	-106.865682
78.882240	188.653325	-107.054405
79.026580	188.528198	-107.250288
79.176195	188.398501	-107.453332
79.331086	188.264232	-107.663535
79.491253	188.125391	-107.880899
79.656696	187.981978	-108.105422
79.827415	187.833995	-108.337106
80.003409	187.681439	-108.575949
80.184680	187.524312	-108.821953
80.371226	187.362614	-109.075117
80.563048	187.196344	-109.335440
80.760146	187.025502	-109.602924
80.962520	186.850089	-109.877568
81.170169	186.670105	-110.159372
81.383095	186.485549	-110.448336
81.601296	186.296421	-110.744461
81.824773	186.102722	-111.047745
82.053526	185.904451	-111.358189
82.287555	185.701609	-111.675793
82.526860	185.494195	-112.000558
82.771440	185.282210	-112.332482
83.021297	185.065653	-112.671567
83.276429	184.844525	-113.017812
83.536837	184.618825	-113.371216
83.654804	184.516582	-113.531311
83.778046	184.409768	-113.698566
83.906564	184.298382	-113.872980
84.040358	184.182424	-114.054555
84.179428	184.061895	-114.243290
84.323774	183.936795	-114.439185
84.473396	183.807123	-114.642240
84.628293	183.672879	-114.852455
84.788466	183.534064	-115.069830
84.953915	183.390677	-115.294366
85.124641	183.242719	-115.526061
85.300641	183.090190	-115.764916
85.481918	182.933089	-116.010932
85.668471	182.771416	-116.264107
85.860299	182.605172	-116.524443
86.057404	182.434356	-116.791939
86.259784	182.258969	-117.066594
86.467440	182.079010	-117.348410
86.680372	181.894480	-117.637386
86.898579	181.705379	-117.933522
87.122063	181.511705	-118.236818
87.350822	181.313461	-118.547274
87.584858	181.110645	-118.864891
87.824169	180.903257	-119.189667
88.068756	180.691298	-119.521603
88.318619	180.474767	-119.860700
88.573757	180.253665	-120.206956
88.834172	180.027991	-120.560373
88.952141	179.925760	-120.720473
89.075387	179.818957	-120.887733
89.203908	179.707582	-121.062153
89.337705	179.591637	-121.243733
89.476777	179.471119	-121.432473
89.621126	179.346030	-121.628373
89.770751	179.216370	-121.831434
89.925651	179.082138	-122.041654
90.085827	178.943335	-122.259035
90.251279	178.799960	-122.483575
90.422007	178.652014	-122.715276
90.598011	178.499496	-122.954136
90.779291	178.342406	-123.200157
90.965847	178.180746	-123.453338
91.157678	178.014513	-123.713679
91.354785	177.843709	-123.981180
91.557168	177.668334	-124.255841
91.764827	177.488387	-124.537662
91.977762	177.303869	-124.826644
92.195973	177.114779	-125.122785
92.419459	176.921117	-125.426086
92.648222	176.722885	-125.736548
92.882260	176.520080	-126.054170
93.121574	176.312704	-126.378951
93.366164	176.100757	-126.710893
93.616030	175.884238	-127.049995
93.871172	175.663148	-127.396257
94.131590	175.437486	-127.749679
94.249560	175.335260	-127.909781
94.372807	175.228462	-128.077043
94.501329	175.117093	-128.251466
94.635128	175.001153	-128.433048
94.774202	174.880641	-128.621791
94.918552	174.755557	-128.817693
95.068178	174.625902	-129.020756
95.223080	174.491676	-129.230979
95.383257	174.352878	-129.448362
95.548711	174.209508	-129.672905
95.719440	174.061567	-129.904608
95.895445	173.909055	-130.143471
96.076726	173.751971	-130.389494
96.263283	173.590315	-130.642678
96.455116	173.424088	-130.903021
96.652225	173.253290	-131.170524
96.854609	173.077920	-131.445188
97.062269	172.897978	-131.727012
97.275206	172.713465	-132.015995
97.493418	172.524381	-132.312139
97.716906	172.330725	-132.615443
97.945670	172.132497	-132.925907
98.179709	171.929698	-133.243531
98.419025	171.722328	-133.568315
98.663616	171.510386	-133.900259
98.913483	171.293872	-134.239363
99.168627	171.072788	-134.585628
99.429046	170.847131	-134.939052
99.547017	170.744907	-135.099155
99.670264	170.638112	-135.266419
99.798787	170.526746	-135.440842
99.932586	170.410808	-135.622426
100.071661	170.290298	-135.811169
100.216012	170.165217	-136.007073
100.365638	170.035564	-136.210137
100.520540	169.901340	-136.420361
100.680719	169.762544	-136.637745
100.846173	169.619177	-136.862289
101.016903	169.471239	-137.093993
101.192909	169.318729	-137.332857
101.374190	169.161647	-137.578882
101.560748	168.999994	-137.832066
101.752581	168.833770	-138.092411
101.949691	168.662974	-138.359915
102.152076	168.487606	-138.634580
102.359737	168.307667	-138.916404
102.572674	168.123156	-139.205389
102.790886	167.934074	-139.501534
103.014375	167.740421	-139.804839
103.243139	167.542196	-140.115304
103.477180	167.339399	-140.432929
103.716496	167.132031	-140.757714
103.961088	166.920092	-141.089660
104.210956	166.703581	-141.428765
104.466100	166.482499	-141.775030
104.726519	166.256845	-142.128456
104.844491	166.154622	-142.288560
104.967738	166.047828	-142.455824
105.096262	165.936462	-142.630248
105.230061	165.820525	-142.811832
105.369136	165.700017	-143.000576
105.513487	165.574937	-143.196480
105.663114	165.445285	-143.399544
105.818017	165.311062	-143.609769
105.978195	165.172268	-143.827153
106.143649	165.028902	-144.051698
106.314380	164.880964	-144.283402
106.490386	164.728455	-144.522267
106.671668	164.571375	-144.768292
106.858226	164.409723	-145.021477
107.050059	164.243500	-145.281822
107.247169	164.072705	-145.549327
107.449554	163.897338	-145.823992
107.657216	163.717400	-146.105817
107.870153	163.532891	-146.394802
108.088366	163.343810	-146.690948
108.311855	163.150158	-146.994253
108.540620	162.951934	-147.304719
108.774660	162.749138	-147.622344
109.013977	162.541772	-147.947130
109.258569	162.329833	-148.279076
109.508437	162.113323	-148.618182
109.763581	161.892242	-148.964448
110.024001	161.666589	-149.317874
110.141973	161.564367	-149.477978
110.265221	161.457574	-149.645242
110.393744	161.346209	-149.819666
110.527543	161.230272	-150.001250
110.666619	161.109764	-150.189995
110.810970	160.984685	-150.385899
110.960597	160.855034	-150.588964
111.115500	160.720811	-150.799188
111.275678	160.582017	-151.016573
111.441133	160.438652	-151.241118
111.611863	160.290715	-151.472823
111.787869	160.138206	-151.711688
111.969152	159.981126	-151.957713
112.155710	159.819475	-152.210898
112.347543	159.653252	-152.471243
112.544653	159.482457	-152.738748
112.747039	159.307091	-153.013414
112.954700	159.127154	-153.295239
113.167637	158.942645	-153.584225
113.385851	158.753565	-153.880370
113.609340	158.559913	-154.183676
113.838104	158.361690	-154.494141
114.072145	158.158895	-154.811767
114.311462	157.951528	-155.136553
114.556054	157.739591	-155.468499
114.805923	157.523081	-155.807605
115.061067	157.302000	-156.153871
115.321487	157.076348	-156.507298
115.439459	156.974126	-156.667402
115.562706	156.867333	-156.834666
115.691230	156.755968	-157.009090
115.825029	156.640032	-157.190675
115.964105	156.519524	-157.379419
116.108456	156.394445	-157.575324
116.258083	156.264794	-157.778388
116.412986	156.130572	-157.988613
116.573164	155.991778	-158.205998
116.738619	155.848413	-158.430543
116.909350	155.700476	-158.662248
117.085356	155.547968	-158.901113
117.266638	155.390888	-159.147138
117.453196	155.229237	-159.400323
117.645030	155.063014	-159.660669
117.842140	154.892220	-159.928174
118.044525	154.716854	-160.202839
118.252187	154.536917	-160.484665
118.465124	154.352408	-160.773651
118.683338	154.163328	-161.069796
118.906827	153.969677	-161.373102
119.135592	153.771454	-161.683568
119.369632	153.568659	-162.001194
119.608949	153.361293	-162.325980
119.853542	153.149355	-162.657926
120.103410	152.932846	-162.997032
120.358554	152.711766	-163.343298
120.618974	152.486113	-163.696725
120.736946	152.383892	-163.856829
120.860194	152.277099	-164.024093
120.988718	152.165734	-164.198517
121.122517	152.049798	-164.380102
121.261592	151.929290	-164.568846
121.405944	151.804211	-164.764751
121.555571	151.674560	-164.967816
121.710473	151.540338	-165.178041
121.870652	151.401544	-165.395425
122.036107	151.258179	-165.619970
122.206837	151.110243	-165.851675
122.382844	150.957734	-166.090540
122.564126	150.800655	-166.336566
122.750684	150.639004	-166.589751
122.942518	150.472781	-166.850096
123.139628	150.301987	-167.117602
123.342013	150.126621	-167.392267
123.549675	149.946684	-167.674093
123.762612	149.762176	-167.963078
123.980826	149.573096	-168.259224
124.204315	149.379444	-168.562530
124.433080	149.181221	-168.872996
124.667121	148.978427	-169.190622
124.906437	148.771061	-169.515408
125.151030	148.559123	-169.847354
125.400898	148.342614	-170.186460
125.656043	148.121534	-170.532726
125.916463	147.895882	-170.886153
126.034435	147.793660	-171.046257
126.157682	147.686867	-171.213521
126.286206	147.575502	-171.387946
126.420005	147.459566	-171.569530
126.559081	147.339059	-171.758275
126.703432	147.213979	-171.954179
126.853059	147.084329	-172.157244
127.007962	146.950107	-172.367469
127.168141	146.811313	-172.584854
127.333595	146.667948	-172.809399
127.504326	146.520011	-173.041104
127.680332	146.367503	-173.279969
127.861614	146.210424	-173.525994
128.048172	146.048773	-173.779179
128.240006	145.882550	-174.039525
128.437116	145.711756	-174.307030
128.639502	145.536391	-174.581696
128.847163	145.356454	-174.863521
129.060101	145.171945	-175.152507
129.278314	144.982865	-175.448653
129.501803	144.789214	-175.751959
129.730568	144.590991	-176.062424
129.964609	144.388196	-176.380050
130.203926	144.180830	-176.704837
130.448518	143.968893	-177.036783
130.698387	143.752384	-177.375889
130.953531	143.531303	-177.722155
131.213951	143.305652	-178.075582
131.331923	143.203430	-178.235686
131.455171	143.096637	-178.402950
131.583695	142.985272	-178.577375
131.717494	142.869336	-178.758959
131.856569	142.748828	-178.947704
132.000921	142.623749	-179.143608
132.150548	142.494099	-179.346673
132.305451	142.359877	-179.556898
132.465629	142.221083	-179.774283
132.631084	142.077718	-179.998828
132.801814	141.929781	-180.230533
132.977821	141.777273	-180.469398
133.159103	141.620194	-180.715423
133.345661	141.458543	-180.968608
133.537495	141.292320	-181.228954
133.734605	141.121526	-181.496459
133.936991	140.946161	-181.771125
134.144652	140.766224	-182.052950
134.357590	140.581715	-182.341936
134.575803	140.392635	-182.638082
134.799292	140.198984	-182.941388
135.028057	140.000761	-183.251854
135.262098	139.797966	-183.569480
135.501415	139.590601	-183.894266
135.746007	139.378663	-184.226212
135.995876	139.162154	-184.565318
136.251020	138.941074	-184.911584
136.511440	138.715422	-185.265011
136.629412	138.613200	-185.425115
136.752660	138.506407	-185.592379
136.881183	138.395043	-185.766804
137.014983	138.279106	-185.948388
137.154058	138.158599	-186.137133
137.298409	138.033520	-186.333037
137.448036	137.903869	-186.536102
137.602939	137.769647	-186.746327
137.763118	137.630853	-186.963712
137.928573	137.487488	-187.188257
138.099303	137.339552	-187.419962
138.275310	137.187044	-187.658827
138.456592	137.029964	-187.904852
138.643150	136.868313	-188.158038
138.834984	136.702091	-188.418383
139.032094	136.531297	-188.685888
139.234480	136.355931	-188.960554
139.442141	136.175994	-189.242379
139.655079	135.991486	-189.531365
139.873292	135.802406	-189.827511
140.096781	135.608754	-190.130817
140.325546	135.410531	-190.441283
140.559587	135.207737	-190.758909
140.798904	135.000371	-191.083695
141.043496	134.788434	-191.415641
141.293365	134.571925	-191.754747
141.548509	134.350844	-192.101014
141.808929	134.125193	-192.454440
141.926901	134.022971	-192.614544
142.050149	133.916178	-192.781809
142.178672	133.804813	-192.956233
142.312472	133.688877	-193.137817
142.451547	133.568369	-193.326562
142.595898	133.443290	-193.522467
142.745525	133.313640	-193.725531
142.900428	133.179418	-193.935756
143.060607	133.040624	-194.153141
143.226062	132.897259	-194.377686
143.396792	132.749323	-194.609391
143.572799	132.596815	-194.848256
143.754081	132.439735	-195.094281
143.940639	132.278084	-195.347467
144.132473	132.111861	-195.607812
144.329583	131.941067	-195.875318
144.531968	131.765702	-196.149983
144.739630	131.585765	-196.431809
144.952567	131.401257	-196.720794
145.170781	131.212177	-197.016940
145.394270	131.018525	-197.320246
145.623035	130.820302	-197.630712
145.857076	130.617508	-197.948338
146.096392	130.410142	-198.273124
146.340985	130.198204	-198.605070
146.590854	129.981696	-198.944176
146.845998	129.760615	-199.290443
147.106418	129.534963	-199.643869
147.224390	129.432742	-199.803973
147.347638	129.325949	-199.971238
147.476161	129.214584	-200.145662
147.609961	129.098648	-200.327247
147.749036	128.978140	-200.515991
147.893387	128.853061	-200.711896
148.043014	128.723411	-200.914961
148.197917	128.589188	-201.125186
148.358096	128.450395	-201.342570
148.523551	128.307030	-201.567115
148.694281	128.159093	-201.798820
148.870288	128.006585	-202.037686
149.051570	127.849506	-202.283711
149.238128	127.687855	-202.536896
149.429962	127.521632	-202.797241
149.627072	127.350838	-203.064747
149.829457	127.175473	-203.339412
150.037119	126.995536	-203.621238
150.250056	126.811027	-203.910224
150.468270	126.621947	-204.206369
150.691759	126.428296	-204.509675
150.920524	126.230073	-204.820141
151.154565	126.027279	-205.137767
151.393881	125.819913	-205.462553
151.638474	125.607975	-205.794500
151.888342	125.391466	-206.133606
152.143487	125.170386	-206.479872
152.403907	124.944734	-206.833299
152.521879	124.842512	-206.993403
152.645127	124.735719	-207.160667
152.773650	124.624355	-207.335092
152.907450	124.508419	-207.516676
153.046525	124.387911	-207.705421
153.190876	124.262832	-207.901325
153.340503	124.133181	-208.104390
153.495406	123.998959	-208.314615
153.655585	123.860166	-208.532000
153.821040	123.716801	-208.756545
153.991770	123.568864	-208.988250
154.167777	123.416356	-209.227115
154.349059	123.259277	-209.473140
154.535617	123.097626	-209.726325
154.727451	122.931403	-209.986671
154.924561	122.760609	-210.254176
155.126946	122.585244	-210.528842
155.334608	122.405307	-210.810667
155.547545	122.220798	-211.099653
155.765759	122.031718	-211.395799
155.989248	121.838067	-211.699105
156.218013	121.639844	-212.009571
156.452054	121.437049	-212.327197
156.691370	121.229684	-212.651983
156.935963	121.017746	-212.983929
157.185831	120.801237	-213.323035
157.440976	120.580157	-213.669301
157.701396	120.354505	-214.022728
157.819368	120.252283	-214.182832
157.942616	120.145490	-214.350096
158.071139	120.034126	-214.524521
158.204939	119.918190	-214.706105
158.344014	119.797682	-214.894850
158.488365	119.672603	-215.090755
158.637992	119.542952	-215.293819
158.792895	119.408730	-215.504044
158.953074	119.269937	-215.721429
159.118529	119.126572	-215.945974
159.289259	118.978635	-216.177679
159.465266	118.826127	-216.416544
159.646548	118.669047	-216.662569
159.833106	118.507396	-216.915755
160.024940	118.341174	-217.176100
160.222050	118.170380	-217.443606
160.424435	117.995015	-217.718271
160.632097	117.815078	-218.000097
160.845034	117.630569	-218.289082
161.063248	117.441489	-218.585228
161.286737	117.247838	-218.888534
161.515502	117.049615	-219.199000
161.749543	116.846820	-219.516626
161.988859	116.639454	-219.841412
162.233452	116.427517	-220.173358
162.483320	116.211008	-220.512464
162.738465	115.989928	-220.858731
162.998885	115.764276	-221.212157
163.116857	115.662054	-221.372261
163.240105	115.555261	-221.539526
163.368628	115.443896	-221.713950
163.502428	115.327960	-221.895535
163.641503	115.207453	-222.084279
163.785854	115.082374	-222.280184
163.935481	114.952723	-222.483249
164.090384	114.818501	-222.693473
164.250563	114.679707	-222.910858
164.416018	114.536342	-223.135403
164.586748	114.388406	-223.367108
164.762755	114.235898	-223.605974
164.944037	114.078818	-223.851999
165.130595	113.917167	-224.105184
165.322429	113.750945	-224.365529
165.519539	113.580151	-224.633035
165.721924	113.404785	-224.907700
165.929586	113.224848	-225.189526
166.142523	113.040340	-225.478512
166.360737	112.851260	-225.774657
166.584226	112.657609	-226.077963
166.812991	112.459386	-226.388429
167.047032	112.256591	-226.706055
167.286348	112.049225	-227.030841
167.530941	111.837288	-227.362788
167.780809	111.620779	-227.701894
168.035954	111.399699	-228.048160
168.296374	111.174047	-228.401587
168.414346	111.071825	-228.561691
168.537594	110.965032	-228.728955
168.666117	110.853667	-228.903380
168.799917	110.737731	-229.084964
168.938992	110.617224	-229.273709
169.083343	110.492145	-229.469613
169.232970	110.362494	-229.672678
169.387873	110.228272	-229.882903
169.548052	110.089478	-230.100288
169.713507	109.946113	-230.324833
169.884237	109.798177	-230.556538
170.060243	109.645669	-230.795403
170.241526	109.488589	-231.041428
170.428084	109.326938	-231.294613
170.619918	109.160716	-231.554959
170.817028	108.989922	-231.822464
171.019413	108.814556	-232.097130
171.227075	108.634619	-232.378955
171.440012	108.450111	-232.667941
171.658226	108.261031	-232.964087
171.881715	108.067379	-233.267393
172.110480	107.869156	-233.577859
172.344521	107.666362	-233.895485
172.583837	107.458996	-234.220271
172.828430	107.247059	-234.552217
173.078298	107.030550	-234.891323
173.333443	106.809469	-235.237589
173.593863	106.583818	-235.591016
173.711835	106.481596	-235.751120
173.835083	106.374803	-235.918384
173.963606	106.263438	-236.092809
174.097406	106.147502	-236.274393
174.236481	106.026995	-236.463138
174.380832	105.901915	-236.659043
174.530459	105.772265	-236.862107
174.685362	105.638043	-237.072332
174.845541	105.499249	-237.289717
175.010996	105.355884	-237.514262
175.181726	105.207948	-237.745967
175.357732	105.055440	-237.984832
175.539015	104.898360	-238.230857
175.725573	104.736709	-238.484043
175.917407	104.570487	-238.744388
176.114517	104.399693	-239.011894
176.316902	104.224327	-239.286559
176.524564	104.044390	-239.568385
176.737501	103.859882	-239.857370
176.955715	103.670802	-240.153516
177.179204	103.477150	-240.456822
177.407969	103.278927	-240.767288
177.642010	103.076133	-241.084914
177.881326	102.868767	-241.409700
178.125919	102.656830	-241.741646
178.375787	102.440321	-242.080752
178.630932	102.219240	-242.427019
178.891352	101.993588	-242.780445
179.009324	101.891367	-242.940549
179.132572	101.784574	-243.107814
179.261095	101.673209	-243.282238
179.394895	101.557273	-243.463823
179.533970	101.436765	-243.652567
179.678321	101.311686	-243.848472
179.827948	101.182036	-244.051537
179.982851	101.047814	-244.261761
180.143030	100.909020	-244.479146
180.308485	100.765655	-244.703691
180.479215	100.617719	-244.935396
180.655221	100.465211	-245.174262
180.836504	100.308131	-245.420287
181.023062	100.146480	-245.673472
181.214896	99.980257	-245.933817
181.412006	99.809463	-246.201323
181.614391	99.634098	-246.475988
181.822053	99.454161	-246.757814
182.034990	99.269653	-247.046800
182.253204	99.080573	-247.342945
182.476693	98.886921	-247.646251
182.705458	98.688698	-247.956717
182.939499	98.485904	-248.274343
183.178815	98.278538	-248.599129
183.423408	98.066601	-248.931076
183.673276	97.850092	-249.270182
183.928421	97.629011	-249.616448
184.188841	97.403359	-249.969875
184.306813	97.301138	-250.129979
184.430060	97.194345	-250.297243
184.558584	97.082980	-250.471668
184.692384	96.967044	-250.653252
184.831459	96.846536	-250.841997
184.975810	96.721457	-251.037901
185.125437	96.591807	-251.240966
185.280340	96.457585	-251.451191
185.440519	96.318791	-251.668576
185.605974	96.175426	-251.893121
185.776704	96.027489	-252.124826
185.952710	95.874981	-252.363691
186.133993	95.717902	-252.609716
186.320551	95.556251	-252.862901
186.512385	95.390028	-253.123247
186.709495	95.219234	-253.390752
186.911880	95.043869	-253.665418
187.119542	94.863932	-253.947243
187.332479	94.679423	-254.236229
187.550693	94.490344	-254.532375
187.774182	94.296692	-254.835681
188.002947	94.098469	-255.146147
188.236988	93.895675	-255.463773
188.476304	93.688309	-255.788559
188.720897	93.476371	-256.120505
188.970765	93.259862	-256.459611
189.225910	93.038782	-256.805877
189.486330	92.813130	-257.159304
189.604302	92.710909	-257.319408
189.727549	92.604115	-257.486672
189.856073	92.492751	-257.661097
189.989873	92.376815	-257.842681
190.128948	92.256307	-258.031426
190.273299	92.131228	-258.227331
190.422926	92.001578	-258.430395
190.577829	91.867355	-258.640620
190.738008	91.728562	-258.858005
190.903463	91.585197	-259.082550
191.074193	91.437260	-259.314255
191.250199	91.284752	-259.553120
191.431482	91.127673	-259.799145
191.618040	90.966022	-260.052331
191.809874	90.799799	-260.312676
192.006984	90.629005	-260.580182
192.209369	90.453640	-260.854847
192.417031	90.273703	-261.136673
192.629968	90.089194	-261.425658
192.848181	89.900114	-261.721804
193.071671	89.706463	-262.025110
193.300436	89.508240	-262.335576
193.534477	89.305446	-262.653202
193.773793	89.098080	-262.977988
194.018386	88.886142	-263.309934
194.268254	88.669633	-263.649040
194.523399	88.448553	-263.995307
194.783819	88.222901	-264.348733
194.901791	88.120679	-264.508837
195.025038	88.013886	-264.676102
195.153562	87.902522	-264.850526
195.287362	87.786586	-265.032111
195.426437	87.666078	-265.220855
195.570788	87.540999	-265.416760
195.720415	87.411348	-265.619825
195.875318	87.277126	-265.830049
196.035497	87.138333	-266.047434
196.200951	86.994968	-266.271979
196.371682	86.847031	-266.503684
196.547688	86.694523	-266.742550
196.728971	86.537444	-266.988575
196.915529	86.375793	-267.241760
197.107363	86.209570	-267.502105
197.304473	86.038776	-267.769611
197.506858	85.863411	-268.044276
197.714520	85.683474	-268.326102
