14.633926	237.113925	-12.132248
14.615150	236.956767	-12.112844
14.603282	236.795191	-12.099164
14.598322	236.629198	-12.091209
14.600272	236.458792	-12.088976
14.609135	236.283973	-12.092468
14.624913	236.104747	-12.101683
14.647606	235.921113	-12.116620
14.677218	235.733076	-12.137280
14.713749	235.540638	-12.163663
14.757203	235.343802	-12.195767
14.807579	235.142569	-12.233594
14.864881	234.936943	-12.277142
14.929111	234.726926	-12.326411
15.000269	234.512521	-12.381402
15.078359	234.293730	-12.442113
15.163381	234.070556	-12.508545
15.255337	233.843001	-12.580697
15.354230	233.611068	-12.658570
15.460061	233.374760	-12.742162
15.572832	233.134080	-12.831474
15.692545	232.889029	-12.926507
15.819201	232.639610	-13.027258
15.952802	232.385826	-13.133729
16.093350	232.127680	-13.245919
16.240846	231.865174	-13.363829
16.395293	231.598311	-13.487457
16.556692	231.327093	-13.616805
16.725045	231.051523	-13.751871
16.900352	230.771604	-13.892657
17.082617	230.487338	-14.039161
17.271841	230.198728	-14.191384
17.468025	229.905776	-14.349326
17.671170	229.608485	-14.512987
17.881279	229.306858	-14.682367
18.098354	229.000898	-14.857466
18.322394	228.690606	-15.038284
18.553404	228.375986	-15.224821
18.791382	228.057040	-15.417078
19.036332	227.733772	-15.615054
19.288255	227.406183	-15.818749
19.547153	227.074276	-16.028165
19.813026	226.738054	-16.243300
20.085876	226.397519	-16.464156
20.365705	226.052675	-16.690732
20.491934	225.899008	-16.792970
20.625145	225.741035	-16.900928
20.765337	225.578758	-17.014607
20.912511	225.412176	-17.134008
21.066667	225.241293	-17.259129
21.227807	225.066108	-17.389971
21.395932	224.886624	-17.526535
21.571040	224.702841	-17.668821
21.753135	224.514760	-17.816828
21.942215	224.322383	-17.970557
22.138281	224.125710	-18.130007
22.341335	223.924744	-18.295180
22.551376	223.719485	-18.466075
22.768406	223.509934	-18.642693
22.992424	223.296093	-18.825033
23.223432	223.077963	-19.013095
23.461431	222.855545	-19.206881
23.706420	222.628840	-19.406389
23.958400	222.397849	-19.611621
24.217373	222.162574	-19.822576
24.483338	221.923016	-20.039255
24.756296	221.679176	-20.261657
25.036247	221.431056	-20.489783
25.323193	221.178656	-20.723634
25.617134	220.921977	-20.963209
25.918070	220.661022	-21.208508
26.226003	220.395790	-21.459532
26.540931	220.126284	-21.716282
26.862858	219.852505	-21.978756
27.007817	219.729965	-22.096954
27.159775	219.603154	-22.220877
27.318730	219.472072	-22.350527
27.484685	219.336719	-22.485901
27.657637	219.197096	-22.627002
27.837589	219.053204	-22.773829
28.024541	218.905043	-22.926381
28.218491	218.752613	-23.084660
28.419441	218.595916	-23.248665
28.627392	218.434951	-23.418397
28.842342	218.269720	-23.593854
29.064293	218.100223	-23.775039
29.293245	217.926460	-23.961950
29.529197	217.748432	-24.154588
29.772151	217.566139	-24.352953
30.022106	217.379583	-24.557045
30.279063	217.188763	-24.766864
30.543022	216.993680	-24.982410
30.813983	216.794335	-25.203683
31.091946	216.590728	-25.430684
31.376912	216.382860	-25.663413
31.668881	216.170732	-25.901869
31.967853	215.954343	-26.146053
32.273829	215.733695	-26.395966
32.586808	215.508788	-26.651606
32.906791	215.279623	-26.912974
33.233778	215.046199	-27.180071
33.567769	214.808519	-27.452896
33.719539	214.700838	-27.576874
33.878314	214.588900	-27.706581
34.044093	214.472706	-27.842017
34.216877	214.352257	-27.983182
34.396667	214.227551	-28.130075
34.583461	214.098591	-28.282697
34.777261	213.965375	-28.441048
34.978066	213.827904	-28.605128
35.185876	213.686178	-28.774937
35.400692	213.540198	-28.950475
35.622514	213.389964	-29.131743
35.851341	213.235476	-29.318739
36.087174	213.076734	-29.511465
36.330013	212.913739	-29.709920
36.579858	212.746491	-29.914105
36.836709	212.574990	-30.124019
37.100567	212.399236	-30.339663
37.371431	212.219230	-30.561036
37.649301	212.034972	-30.788139
37.934178	211.846461	-31.020971
38.226062	211.653700	-31.259533
38.524952	211.456687	-31.503825
38.830849	211.255422	-31.753847
39.143754	211.049907	-32.009599
39.463665	210.840142	-32.271081
39.790584	210.626126	-32.538293
40.124510	210.407860	-32.811236
40.465443	210.185344	-33.089908
40.620008	210.084609	-33.216248
40.781582	209.979623	-33.348318
40.950162	209.870389	-33.486119
41.125751	209.756905	-33.629650
41.308347	209.639173	-33.778912
41.497951	209.517191	-33.933904
41.694562	209.390961	-34.094626
41.898182	209.260481	-34.261079
42.108809	209.125754	-34.433262
42.326445	208.986777	-34.611176
42.551088	208.843553	-34.794820
42.782739	208.696080	-34.984195
43.021399	208.544359	-35.179301
43.267066	208.388390	-35.380137
43.519742	208.228173	-35.586704
43.779426	208.063708	-35.799002
44.046119	207.894996	-36.017031
44.319819	207.722036	-36.240790
44.600528	207.544829	-36.470280
44.888246	207.363375	-36.705501
45.182971	207.177673	-36.946453
45.484706	206.987724	-37.193136
45.793449	206.793529	-37.445550
46.109200	206.595086	-37.703694
46.431960	206.392397	-37.967570
46.761729	206.185461	-38.237177
47.098507	205.974279	-38.512514
47.442293	205.758850	-38.793583
47.598066	205.661303	-38.920939
47.760847	205.559509	-39.054025
47.930638	205.453469	-39.192842
48.107437	205.343183	-39.337391
48.291245	205.228650	-39.487671
48.482062	205.109872	-39.643682
48.679888	204.986848	-39.805424
48.884723	204.859579	-39.972897
49.096567	204.728063	-40.146102
49.315420	204.592302	-40.325038
49.541283	204.452295	-40.509705
49.774154	204.308042	-40.700104
50.014034	204.159544	-40.896234
50.260923	204.006801	-41.098095
50.514822	203.849812	-41.305687
50.775730	203.688577	-41.519011
51.043647	203.523097	-41.738066
51.318573	203.353372	-41.962853
51.600508	203.179402	-42.193371
51.889452	203.001186	-42.429620
52.185406	202.818726	-42.671601
52.488369	202.632020	-42.919313
52.798342	202.441069	-43.172757
53.115323	202.245874	-43.431932
53.439314	202.046433	-43.696839
53.770315	201.842748	-43.967477
54.108325	201.634818	-44.243846
54.453344	201.422643	-44.525947
54.609652	201.326548	-44.653751
54.772969	201.226209	-44.787286
54.943295	201.121625	-44.926552
55.120632	201.012796	-45.071551
55.304977	200.899723	-45.222280
55.496332	200.782406	-45.378742
55.694697	200.660844	-45.540934
55.900071	200.535037	-45.708859
56.112454	200.404986	-45.882515
56.331847	200.270690	-46.061902
56.558250	200.132150	-46.247022
56.791662	199.989366	-46.437873
57.032084	199.842337	-46.634455
57.279515	199.691064	-46.836769
57.533956	199.535547	-47.044815
57.795406	199.375785	-47.258592
58.063866	199.211779	-47.478101
58.339335	199.043528	-47.703342
58.621815	198.871034	-47.934314
58.911303	198.694295	-48.171018
59.207802	198.513312	-48.413454
59.511310	198.328085	-48.661622
59.821827	198.138614	-48.915521
60.139355	197.944899	-49.175152
60.463892	197.746940	-49.440514
60.795438	197.544736	-49.711608
61.133995	197.338289	-49.988434
61.479561	197.127598	-50.270992
61.636109	197.032164	-50.398996
61.799667	196.932486	-50.532732
61.970234	196.828564	-50.672200
62.147811	196.720398	-50.817399
62.332398	196.607988	-50.968330
62.523995	196.491335	-51.124993
62.722601	196.370437	-51.287388
62.928217	196.245296	-51.455514
63.140843	196.115910	-51.629372
63.360479	195.982281	-51.808962
63.587124	195.844408	-51.994284
63.820779	195.702291	-52.185337
64.061444	195.555931	-52.382122
64.309119	195.405326	-52.584639
64.563803	195.250478	-52.792888
64.825497	195.091386	-53.006869
65.094201	194.928050	-53.226581
65.369915	194.760470	-53.452025
65.652638	194.588647	-53.683201
65.942372	194.412580	-53.920109
66.239115	194.232269	-54.162749
66.542867	194.047715	-54.411120
66.853630	193.858916	-54.665223
67.171402	193.665874	-54.925058
67.496185	193.468589	-55.190625
67.827977	193.267059	-55.461924
68.166779	193.061286	-55.738954
68.512590	192.851270	-56.021716
68.669247	192.756136	-56.149811
68.832914	192.656758	-56.283637
69.003590	192.553137	-56.423196
69.181276	192.445272	-56.568486
69.365972	192.333164	-56.719508
69.557678	192.216812	-56.876262
69.756394	192.096216	-57.038747
69.962119	191.971377	-57.206965
70.174854	191.842294	-57.380914
70.394600	191.708967	-57.560595
70.621355	191.571397	-57.746008
70.855120	191.429584	-57.937153
71.095894	191.283527	-58.134029
71.343679	191.133226	-58.336638
71.598473	190.978682	-58.544978
71.860278	190.819894	-58.759050
72.129092	190.656863	-58.978855
72.404916	190.489588	-59.204390
72.687750	190.318069	-59.435658
72.977594	190.142307	-59.672658
73.274447	189.962302	-59.915389
73.578311	189.778053	-60.163853
73.889184	189.589560	-60.418048
74.207067	189.396824	-60.677975
74.531960	189.199844	-60.943634
74.863863	188.998621	-61.215025
75.202776	188.793155	-61.492148
75.548699	188.583445	-61.775002
75.705405	188.488447	-61.903138
75.869121	188.389206	-62.037005
76.039846	188.285721	-62.176604
76.217582	188.177993	-62.321935
76.402327	188.066021	-62.472998
76.594083	187.949806	-62.629793
76.792848	187.829348	-62.792320
76.998623	187.704646	-62.960579
77.211408	187.575700	-63.134569
77.431203	187.442511	-63.314292
77.658008	187.305079	-63.499746
77.891822	187.163403	-63.690932
78.132647	187.017484	-63.887850
78.380481	186.867321	-64.090500
78.635326	186.712915	-64.298882
78.897180	186.554265	-64.512995
79.166044	186.391372	-64.732841
79.441918	186.224236	-64.958418
79.724802	186.052856	-65.189728
80.014696	185.877232	-65.426769
80.311600	185.697366	-65.669542
80.615514	185.513255	-65.918047
80.926437	185.324902	-66.172284
81.244371	185.132305	-66.432253
81.569314	184.935464	-66.697953
81.901267	184.734380	-66.969386
82.240230	184.529053	-67.246551
82.586204	184.319482	-67.529447
82.742932	184.224546	-67.657601
82.906670	184.125367	-67.791487
83.077418	184.021944	-67.931105
83.255176	183.914278	-68.076454
83.439944	183.802369	-68.227536
83.631722	183.686216	-68.384349
83.830509	183.565820	-68.546895
84.036307	183.441180	-68.715172
84.249115	183.312297	-68.889181
84.468932	183.179171	-69.068922
84.695759	183.041801	-69.254395
84.929597	182.900188	-69.445600
85.170444	182.754331	-69.642537
85.418301	182.604231	-69.845206
85.673168	182.449887	-70.053606
85.935045	182.291301	-70.267739
86.203932	182.128470	-70.487603
86.479829	181.961397	-70.713199
86.762735	181.790080	-70.944528
87.052652	181.614519	-71.181588
87.349578	181.434716	-71.424380
87.653515	181.250668	-71.672904
87.964461	181.062378	-71.927159
88.282418	180.869844	-72.187147
88.607384	180.673067	-72.452867
88.939360	180.472046	-72.724318
89.278346	180.266782	-73.001502
89.624342	180.057274	-73.284417
89.781080	179.962367	-73.412579
89.944829	179.863216	-73.546474
90.115587	179.759821	-73.686100
90.293355	179.652183	-73.831458
90.478133	179.540302	-73.982548
90.669921	179.424178	-74.139370
90.868719	179.303810	-74.301924
91.074527	179.179198	-74.470210
91.287345	179.050344	-74.644227
91.507172	178.917246	-74.823977
91.734010	178.779904	-75.009458
91.967858	178.638319	-75.200672
92.208715	178.492491	-75.397617
92.456582	178.342420	-75.600294
92.711460	178.188105	-75.808703
92.973347	178.029546	-76.022844
93.242244	177.866745	-76.242717
93.518151	177.699700	-76.468322
93.801068	177.528411	-76.699659
94.090995	177.352880	-76.936728
94.387932	177.173104	-77.179528
94.691879	176.989086	-77.428061
95.002836	176.800824	-77.682325
95.320802	176.608319	-77.942321
95.645779	176.411570	-78.208049
95.977766	176.210578	-78.479509
96.316762	176.005343	-78.756701
96.662768	175.795864	-79.039625
96.819511	175.700969	-79.167792
96.983264	175.601831	-79.301690
97.154027	175.498450	-79.441320
97.331800	175.390825	-79.586682
97.516583	175.278956	-79.737776
97.708375	175.162845	-79.894601
97.907178	175.042489	-80.057159
98.112990	174.917891	-80.225449
98.325813	174.789049	-80.399470
98.545645	174.655964	-80.579224
98.772488	174.518636	-80.764709
99.006340	174.377064	-80.955926
99.247202	174.231249	-81.152876
99.495074	174.081190	-81.355557
99.749956	173.926888	-81.563970
100.011848	173.768343	-81.778114
100.280750	173.605554	-81.997991
100.556662	173.438522	-82.223600
100.839583	173.267247	-82.454941
101.129515	173.091728	-82.692013
101.426457	172.911966	-82.934818
101.730408	172.727960	-83.183354
102.041370	172.539711	-83.437622
102.359341	172.347219	-83.697622
102.684322	172.150484	-83.963354
103.016314	171.949505	-84.234818
103.355315	171.744283	-84.512014
103.701326	171.534817	-84.794942
103.858071	171.439928	-84.923110
104.021826	171.340795	-85.057010
104.192591	171.237420	-85.196642
104.370366	171.129801	-85.342006
104.555151	171.017938	-85.493101
104.746946	170.901832	-85.649929
104.945750	170.781483	-85.812488
105.151565	170.656890	-85.980780
105.364389	170.528055	-86.154803
105.584224	170.394975	-86.334558
105.811068	170.257653	-86.520045
106.044923	170.116087	-86.711264
106.285787	169.970277	-86.908215
106.533661	169.820225	-87.110898
106.788545	169.665929	-87.319313
107.050439	169.507389	-87.533459
107.319343	169.344606	-87.753338
107.595257	169.177580	-87.978948
107.878181	169.006311	-88.210291
108.168115	168.830798	-88.447365
108.465059	168.651042	-88.690171
108.769012	168.467042	-88.938709
109.079976	168.278799	-89.192979
109.397950	168.086313	-89.452981
109.722933	167.889584	-89.718715
110.054926	167.688611	-89.990181
110.393930	167.483394	-90.267379
110.739943	167.273935	-90.550308
110.896689	167.179048	-90.678477
111.060445	167.079919	-90.812378
111.231211	166.976545	-90.952010
111.408987	166.868929	-91.097375
111.593773	166.757069	-91.248471
111.785568	166.640966	-91.405300
111.984374	166.520619	-91.567860
112.190190	166.396030	-91.736152
112.403015	166.267196	-91.910176
112.622851	166.134120	-92.089932
112.849696	165.996800	-92.275420
113.083551	165.855236	-92.466640
113.324417	165.709430	-92.663591
113.572292	165.559380	-92.866275
113.827177	165.405086	-93.074691
114.089072	165.246550	-93.288838
114.357977	165.083770	-93.508717
114.633892	164.916746	-93.734329
114.916817	164.745479	-93.965672
115.206752	164.569969	-94.202747
115.503696	164.390216	-94.445554
115.807651	164.206219	-94.694093
116.118615	164.017979	-94.948364
116.436590	163.825495	-95.208367
116.761574	163.628768	-95.474101
117.093569	163.427798	-95.745568
117.432573	163.222585	-96.022766
117.778587	163.013128	-96.305697
117.935334	162.918242	-96.433866
118.099090	162.819114	-96.567767
118.269857	162.715742	-96.707400
118.447633	162.608127	-96.852765
118.632419	162.496268	-97.003861
118.824215	162.380166	-97.160690
119.023021	162.259821	-97.323251
119.228837	162.135232	-97.491543
119.441663	162.006400	-97.665568
119.661499	161.873325	-97.845324
119.888345	161.736006	-98.030812
120.122201	161.594444	-98.222033
120.363067	161.448638	-98.418985
120.610942	161.298590	-98.621669
120.865828	161.144298	-98.830085
121.127723	160.985762	-99.044232
121.396629	160.822983	-99.264112
121.672544	160.655961	-99.489724
121.955469	160.484696	-99.721067
122.245405	160.309187	-99.958143
122.542350	160.129434	-100.200950
122.846305	159.945439	-100.449489
123.157270	159.757200	-100.703761
123.475245	159.564718	-100.963764
123.800230	159.367992	-101.229499
124.132225	159.167023	-101.500966
124.471229	158.961811	-101.778165
124.817244	158.752355	-102.061095
124.973991	158.657470	-102.189265
125.137747	158.558342	-102.323166
125.308514	158.454971	-102.462799
125.486290	158.347356	-102.608164
125.671077	158.235498	-102.759261
125.862873	158.119397	-102.916090
126.061679	157.999052	-103.078651
126.267496	157.874464	-103.246943
126.480322	157.745632	-103.420968
126.700158	157.612557	-103.600724
126.927004	157.475239	-103.786213
127.160860	157.333678	-103.977433
127.401726	157.187873	-104.174385
127.649602	157.037825	-104.377070
127.904487	156.883533	-104.585486
128.166383	156.724998	-104.799634
128.435289	156.562220	-105.019514
128.711204	156.395198	-105.245125
128.994130	156.223933	-105.476469
129.284065	156.048425	-105.713545
129.581011	155.868673	-105.956352
129.884966	155.684678	-106.204892
130.195931	155.496440	-106.459163
130.513906	155.303958	-106.719166
130.838891	155.107233	-106.984902
131.170886	154.906265	-107.256369
131.509891	154.701053	-107.533568
131.855906	154.491598	-107.816499
132.012653	154.396713	-107.944668
132.176410	154.297585	-108.078569
132.347176	154.194214	-108.218203
132.524953	154.086600	-108.363568
132.709740	153.974742	-108.514665
132.901536	153.858641	-108.671494
133.100342	153.738296	-108.834055
133.306159	153.613709	-109.002347
133.518985	153.484877	-109.176372
133.738821	153.351803	-109.356129
133.965667	153.214485	-109.541617
134.199523	153.072924	-109.732837
134.440389	152.927119	-109.929790
134.688265	152.777071	-110.132474
134.943151	152.622780	-110.340890
135.205047	152.464245	-110.555038
135.473953	152.301467	-110.774918
135.749868	152.134446	-111.000530
136.032794	151.963181	-111.231874
136.322729	151.787673	-111.468950
136.619675	151.607921	-111.711757
136.923630	151.423927	-111.960297
137.234596	151.235688	-112.214568
137.552571	151.043207	-112.474572
137.877556	150.846482	-112.740307
138.209551	150.645514	-113.011774
138.548556	150.440302	-113.288973
138.894571	150.230848	-113.571904
139.051318	150.135963	-113.700074
139.215075	150.036836	-113.833975
139.385842	149.933465	-113.973608
139.563618	149.825850	-114.118973
139.748405	149.713993	-114.270070
139.940201	149.597891	-114.426899
140.139008	149.477547	-114.589460
140.344824	149.352959	-114.757753
140.557650	149.224128	-114.931778
140.777487	149.091054	-115.111534
141.004333	148.953736	-115.297023
141.238189	148.812175	-115.488243
141.479055	148.666370	-115.685196
141.726931	148.516322	-115.887880
141.981817	148.362031	-116.096296
142.243713	148.203497	-116.310444
142.512618	148.040719	-116.530324
142.788534	147.873698	-116.755936
143.071460	147.702433	-116.987280
143.361395	147.526925	-117.224356
143.658341	147.347174	-117.467163
143.962296	147.163179	-117.715703
144.273261	146.974941	-117.969974
144.591237	146.782460	-118.229978
144.916222	146.585735	-118.495713
145.248217	146.384767	-118.767180
145.587222	146.179555	-119.044379
145.933237	145.970101	-119.327311
146.089984	145.875216	-119.455480
146.253741	145.776089	-119.589381
146.424508	145.672718	-119.729015
146.602284	145.565104	-119.874380
146.787071	145.453246	-120.025477
146.978867	145.337145	-120.182306
147.177674	145.216801	-120.344867
147.383490	145.092213	-120.513160
147.596317	144.963382	-120.687184
147.816153	144.830307	-120.866941
148.042999	144.692990	-121.052429
148.276855	144.551429	-121.243650
148.517721	144.405624	-121.440602
148.765597	144.255576	-121.643287
149.020483	144.101285	-121.851703
149.282379	143.942751	-122.065851
149.551285	143.779973	-122.285731
149.827200	143.612952	-122.511343
150.110126	143.441687	-122.742687
150.400062	143.266179	-122.979762
150.697007	143.086428	-123.222570
151.000963	142.902433	-123.471110
151.311928	142.714195	-123.725381
151.629903	142.521714	-123.985385
151.954889	142.324989	-124.251120
152.286884	142.124021	-124.522587
152.625889	141.918810	-124.799786
152.971904	141.709355	-125.082717
153.128651	141.614471	-125.210887
153.292408	141.515343	-125.344788
153.463174	141.411973	-125.484421
153.640951	141.304358	-125.629787
153.825738	141.192501	-125.780884
154.017534	141.076400	-125.937713
154.216341	140.956055	-126.100274
154.422157	140.831468	-126.268566
154.634983	140.702637	-126.442591
154.854819	140.569562	-126.622348
155.081666	140.432245	-126.807836
155.315522	140.290683	-126.999057
155.556388	140.144879	-127.196009
155.804264	139.994831	-127.398694
156.059150	139.840540	-127.607110
156.321046	139.682006	-127.821258
156.589951	139.519228	-128.041138
156.865867	139.352207	-128.266750
157.148793	139.180942	-128.498094
157.438728	139.005434	-128.735169
157.735674	138.825683	-128.977977
158.039629	138.641688	-129.226517
158.350595	138.453451	-129.480788
158.668570	138.260969	-129.740792
158.993555	138.064245	-130.006527
159.325551	137.863277	-130.277994
159.664556	137.658065	-130.555193
160.010571	137.448611	-130.838124
160.167318	137.353726	-130.966294
160.331074	137.254599	-131.100195
160.501841	137.151228	-131.239829
160.679618	137.043614	-131.385194
160.864404	136.931756	-131.536291
161.056201	136.815655	-131.693120
161.255007	136.695311	-131.855681
161.460824	136.570723	-132.023974
161.673650	136.441892	-132.197998
161.893486	136.308818	-132.377755
162.120333	136.171500	-132.563244
162.354189	136.029939	-132.754464
162.595055	135.884135	-132.951416
162.842931	135.734087	-133.154101
163.097817	135.579796	-133.362517
163.359713	135.421261	-133.576665
163.628618	135.258483	-133.796545
163.904534	135.091462	-134.022157
164.187460	134.920198	-134.253501
164.477395	134.744690	-134.490577
164.774341	134.564939	-134.733384
165.078296	134.380944	-134.981924
165.389262	134.192706	-135.236195
165.707237	134.000225	-135.496199
166.032222	133.803500	-135.761934
166.364218	133.602532	-136.033401
166.703223	133.397321	-136.310601
167.049238	133.187866	-136.593532
167.205985	133.092982	-136.721701
167.369741	132.993854	-136.855602
167.540508	132.890484	-136.995236
167.718285	132.782869	-137.140601
167.903071	132.671012	-137.291698
168.094868	132.554911	-137.448527
168.293674	132.434566	-137.611088
168.499491	132.309979	-137.779381
168.712317	132.181148	-137.953405
168.932153	132.048073	-138.133162
169.159000	131.910756	-138.318651
169.392856	131.769195	-138.509871
169.633722	131.623390	-138.706824
169.881598	131.473342	-138.909508
170.136484	131.319051	-139.117924
170.398380	131.160517	-139.332072
170.667285	130.997739	-139.551952
170.943201	130.830718	-139.777564
171.226127	130.659453	-140.008908
171.516062	130.483945	-140.245984
171.813008	130.304194	-140.488792
172.116963	130.120200	-140.737331
172.427929	129.931962	-140.991603
172.745904	129.739481	-141.251606
173.070889	129.542756	-141.517341
173.402885	129.341788	-141.788809
173.741890	129.136577	-142.066008
174.087905	128.927122	-142.348939
174.244652	128.832238	-142.477108
174.408408	128.733110	-142.611010
174.579175	128.629739	-142.750643
174.756952	128.522125	-142.896008
174.941738	128.410267	-143.047105
175.133535	128.294166	-143.203934
175.332341	128.173822	-143.366495
175.538158	128.049235	-143.534788
175.750984	127.920404	-143.708813
175.970820	127.787329	-143.888569
176.197667	127.650011	-144.074058
176.431523	127.508450	-144.265278
176.672389	127.362646	-144.462231
176.920265	127.212598	-144.664915
177.175151	127.058307	-144.873331
177.437047	126.899773	-145.087479
177.705952	126.736995	-145.307359
177.981868	126.569974	-145.532971
178.264794	126.398709	-145.764315
178.554729	126.223201	-146.001391
178.851675	126.043450	-146.244199
179.155630	125.859456	-146.492738
179.466596	125.671218	-146.747010
179.784571	125.478736	-147.007013
180.109556	125.282012	-147.272749
180.441552	125.081044	-147.544216
180.780557	124.875832	-147.821415
181.126572	124.666378	-148.104346
181.283319	124.571494	-148.232516
181.447075	124.472366	-148.366417
181.617842	124.368995	-148.506050
181.795619	124.261381	-148.651415
181.980405	124.149523	-148.802512
182.172202	124.033422	-148.959341
182.371008	123.913078	-149.121902
182.576825	123.788490	-149.290195
182.789651	123.659659	-149.464220
183.009487	123.526585	-149.643977
183.236334	123.389267	-149.829465
183.470190	123.247706	-150.020686
183.711056	123.101902	-150.217638
183.958932	122.951854	-150.420322
184.213818	122.797563	-150.628739
184.475714	122.639028	-150.842887
184.744619	122.476251	-151.062767
185.020535	122.309230	-151.288379
185.303461	122.137965	-151.519722
185.593396	121.962457	-151.756798
185.890342	121.782706	-151.999606
186.194297	121.598711	-152.248146
186.505263	121.410473	-152.502417
186.823238	121.217992	-152.762420
187.148223	121.021268	-153.028156
187.480219	120.820300	-153.299623
187.819224	120.615088	-153.576822
188.165239	120.405634	-153.859753
188.321986	120.310749	-153.987923
188.485742	120.211622	-154.121824
188.656509	120.108251	-154.261457
188.834286	120.000637	-154.406823
189.019072	119.888779	-154.557920
189.210869	119.772678	-154.714749
189.409675	119.652334	-154.877310
189.615492	119.527746	-155.045602
189.828318	119.398915	-155.219627
190.048154	119.265841	-155.399384
190.275001	119.128523	-155.584872
190.508857	118.986962	-155.776093
190.749723	118.841158	-155.973045
190.997599	118.691110	-156.175730
191.252485	118.536819	-156.384146
191.514381	118.378284	-156.598294
191.783286	118.215507	-156.818174
192.059202	118.048485	-157.043786
192.342128	117.877221	-157.275130
192.632063	117.701713	-157.512206
192.929009	117.521962	-157.755013
193.232964	117.337967	-158.003553
193.543930	117.149729	-158.257824
193.861905	116.957248	-158.517828
194.186890	116.760523	-158.783563
194.518886	116.559555	-159.055030
194.857891	116.354344	-159.332229
195.203906	116.144890	-159.615161
195.360653	116.050005	-159.743330
195.524410	115.950878	-159.877231
195.695176	115.847507	-160.016865
195.872953	115.739893	-160.162230
196.057740	115.628035	-160.313327
196.249536	115.511934	-160.470156
196.448343	115.391590	-160.632717
196.654159	115.267002	-160.801010
196.866985	115.138171	-160.975034
197.086822	115.005097	-161.154791
197.313668	114.867779	-161.340280
197.547524	114.726218	-161.531500
197.788390	114.580414	-161.728452
198.036266	114.430366	-161.931137
198.291152	114.276075	-162.139553
198.553048	114.117540	-162.353701
198.821954	113.954762	-162.573581
199.097869	113.787741	-162.799193
199.380795	113.616477	-163.030537
199.670731	113.440969	-163.267613
199.967676	113.261218	-163.510420
200.271632	113.077223	-163.758960
200.582597	112.888985	-164.013232
200.900572	112.696504	-164.273235
201.225558	112.499779	-164.538970
201.557553	112.298811	-164.810438
201.896558	112.093600	-165.087637
202.242573	111.884145	-165.370568
202.399320	111.789261	-165.498737
202.563077	111.690134	-165.632639
202.733843	111.586763	-165.772272
202.911620	111.479148	-165.917637
203.096407	111.367291	-166.068734
203.288203	111.251190	-166.225563
203.487010	111.130846	-166.388124
203.692826	111.006258	-166.556417
203.905652	110.877427	-166.730442
204.125489	110.744353	-166.910198
204.352335	110.607035	-167.095687
204.586191	110.465474	-167.286907
204.827057	110.319669	-167.483860
205.074933	110.169622	-167.686544
205.329819	110.015331	-167.894960
205.591715	109.856796	-168.109108
205.860621	109.694018	-168.328988
206.136536	109.526997	-168.554600
206.419462	109.355733	-168.785944
206.709398	109.180225	-169.023020
207.006343	109.000474	-169.265828
207.310299	108.816479	-169.514367
207.621264	108.628241	-169.768639
207.939239	108.435760	-170.028642
208.264225	108.239035	-170.294378
208.596220	108.038067	-170.565845
208.935225	107.832856	-170.843044
209.281240	107.623401	-171.125975
209.437987	107.528517	-171.254144
209.601744	107.429390	-171.388046
209.772510	107.326019	-171.527679
209.950287	107.218404	-171.673044
210.135074	107.106547	-171.824141
210.326870	106.990446	-171.980970
210.525677	106.870101	-172.143531
210.731493	106.745514	-172.311824
210.944319	106.616683	-172.485849
211.164156	106.483608	-172.665606
211.391002	106.346291	-172.851094
211.624858	106.204730	-173.042315
211.865724	106.058925	-173.239267
212.113600	105.908878	-173.441951
212.368486	105.754586	-173.650367
212.630382	105.596052	-173.864516
212.899288	105.433274	-174.084396
213.175203	105.266253	-174.310008
213.458129	105.094989	-174.541351
213.748065	104.919481	-174.778427
214.045010	104.739729	-175.021235
214.348966	104.555735	-175.269775
214.659931	104.367497	-175.524046
214.977906	104.175016	-175.784049
215.302892	103.978291	-176.049785
215.634887	103.777323	-176.321252
215.973892	103.572112	-176.598451
216.319907	103.362657	-176.881382
216.476654	103.267773	-177.009552
216.640411	103.168645	-177.143453
216.811177	103.065274	-177.283086
216.988954	102.957660	-177.428452
217.173741	102.845803	-177.579549
217.365537	102.729702	-177.736378
217.564344	102.609357	-177.898939
217.770160	102.484770	-178.067231
217.982986	102.355939	-178.241256
218.202823	102.222864	-178.421013
218.429669	102.085547	-178.606501
218.663525	101.943986	-178.797722
218.904391	101.798181	-178.994674
219.152267	101.648133	-179.197358
219.407153	101.493842	-179.405775
219.669049	101.335308	-179.619923
219.937955	101.172530	-179.839803
220.213870	101.005509	-180.065415
220.496796	100.834244	-180.296759
220.786732	100.658737	-180.533834
221.083677	100.478985	-180.776642
221.387633	100.294991	-181.025182
221.698598	100.106753	-181.279453
222.016573	99.914272	-181.539457
222.341559	99.717547	-181.805192
222.673554	99.516579	-182.076659
223.012559	99.311368	-182.353858
223.358574	99.101913	-182.636789
223.515321	99.007029	-182.764959
223.679078	98.907901	-182.898860
223.849845	98.804530	-183.038494
224.027621	98.696916	-183.183859
224.212408	98.585059	-183.334956
224.404204	98.468958	-183.491785
224.603011	98.348613	-183.654346
224.808827	98.224026	-183.822639
225.021654	98.095195	-183.996663
225.241490	97.962120	-184.176420
225.468336	97.824803	-184.361909
225.702192	97.683241	-184.553129
225.943058	97.537437	-184.750081
226.190934	97.387389	-184.952766
226.445820	97.233098	-185.161182
226.707716	97.074564	-185.375330
226.976622	96.911786	-185.595210
227.252538	96.744765	-185.820822
227.535463	96.573500	-186.052166
227.825399	96.397992	-186.289242
228.122344	96.218241	-186.532049
228.426300	96.034247	-186.780589
228.737265	95.846009	-187.034860
229.055241	95.653527	-187.294864
229.380226	95.456803	-187.560599
229.712221	95.255835	-187.832066
230.051226	95.050624	-188.109266
230.397241	94.841169	-188.392197
230.553988	94.746285	-188.520366
230.717745	94.647157	-188.654268
230.888512	94.543786	-188.793901
231.066288	94.436172	-188.939266
231.251075	94.324314	-189.090363
231.442871	94.208213	-189.247192
231.641678	94.087869	-189.409753
231.847494	93.963281	-189.578046
232.060321	93.834450	-189.752071
232.280157	93.701376	-189.931827
232.507003	93.564058	-190.117316
232.740859	93.422497	-190.308536
232.981725	93.276693	-190.505489
233.229601	93.126645	-190.708173
