43.148555	204.415283	-27.954238
43.168491	204.309914	-27.970823
43.196065	204.200399	-27.992356
43.231277	204.086742	-28.018839
43.274127	203.968942	-28.050273
43.324615	203.847002	-28.086657
43.382741	203.720923	-28.127994
43.448507	203.590707	-28.174283
43.521912	203.456356	-28.225526
43.602956	203.317870	-28.281723
43.691640	203.175252	-28.342876
43.787964	203.028503	-28.408985
43.891929	202.877625	-28.480051
44.003535	202.722619	-28.556075
44.122781	202.563487	-28.637058
44.249669	202.400231	-28.723000
44.384199	202.232851	-28.813902
44.526371	202.061350	-28.909766
44.676185	201.885730	-29.010592
44.833642	201.705991	-29.116380
44.998742	201.522136	-29.227132
45.171486	201.334165	-29.342849
45.351873	201.142082	-29.463531
45.539904	200.945886	-29.589179
45.735580	200.745580	-29.719793
45.938900	200.541166	-29.855376
46.149865	200.332645	-29.995927
46.368476	200.120018	-30.141447
46.594732	199.903288	-30.291937
46.828635	199.682455	-30.447398
47.070184	199.457522	-30.607831
47.319380	199.228490	-30.773236
47.576223	198.995361	-30.943614
47.840714	198.758136	-31.118967
48.112852	198.516817	-31.299294
48.392639	198.271405	-31.484596
48.680075	198.021903	-31.674875
48.975159	197.768311	-31.870131
49.277893	197.510632	-32.070365
49.588277	197.248867	-32.275577
49.906311	196.983018	-32.485768
50.231995	196.713087	-32.700940
50.565331	196.439074	-32.921092
50.906318	196.160982	-33.146226
51.060964	196.035820	-33.248299
51.223262	195.906580	-33.355355
51.393213	195.773265	-33.467393
51.570816	195.635874	-33.584415
51.756071	195.494408	-33.706420
51.948979	195.348868	-33.833409
52.149540	195.199255	-33.965382
52.357754	195.045570	-34.102340
52.573621	194.887813	-34.244283
52.797141	194.725985	-34.391210
53.028316	194.560087	-34.543124
53.267144	194.390119	-34.700023
53.513626	194.216082	-34.861908
53.767762	194.037978	-35.028779
54.029553	193.855806	-35.200637
54.298998	193.669567	-35.377483
54.576099	193.479263	-35.559315
54.860854	193.284894	-35.746135
55.153264	193.086460	-35.937943
55.453330	192.883963	-36.134740
55.761051	192.677404	-36.336525
56.076428	192.466782	-36.543299
56.399462	192.252099	-36.755062
56.730151	192.033355	-36.971814
57.068497	191.810552	-37.193557
57.414499	191.583690	-37.420289
57.768158	191.352769	-37.652012
58.129474	191.117791	-37.888725
58.293926	191.011253	-37.996453
58.466035	190.900659	-38.109172
58.645802	190.786009	-38.226883
58.833226	190.667303	-38.349584
59.028308	190.544542	-38.477277
59.231047	190.417726	-38.609962
59.441444	190.286855	-38.747639
59.659500	190.151930	-38.890307
59.885213	190.012951	-39.037968
60.118584	189.869919	-39.190620
60.359614	189.722833	-39.348265
60.608301	189.571694	-39.510903
60.864648	189.416503	-39.678533
61.128652	189.257260	-39.851155
61.400316	189.093964	-40.028771
61.679638	188.926618	-40.211379
61.966619	188.755220	-40.398981
62.261258	188.579771	-40.591575
62.563557	188.400272	-40.789164
62.873515	188.216723	-40.991745
63.191132	188.029124	-41.199320
63.516409	187.837475	-41.411889
63.849344	187.641778	-41.629452
64.189940	187.442032	-41.852008
64.538195	187.238237	-42.079559
64.894110	187.030395	-42.312104
65.257684	186.818504	-42.549643
65.628919	186.602567	-42.792177
65.797283	186.504816	-42.902168
65.973308	186.403017	-43.017154
66.156993	186.297172	-43.137134
66.348337	186.187281	-43.262109
66.547343	186.073343	-43.392079
66.754008	185.955359	-43.527044
66.968334	185.833330	-43.667004
67.190320	185.707254	-43.811959
67.419967	185.577133	-43.961908
67.657274	185.442966	-44.116853
67.902242	185.304754	-44.276793
68.154870	185.162497	-44.441729
68.415159	185.016195	-44.611659
68.683108	184.865848	-44.786585
68.958719	184.711456	-44.966506
69.241990	184.553020	-45.151423
69.532922	184.390539	-45.341335
69.831514	184.224015	-45.536243
70.137768	184.053446	-45.736146
70.451683	183.878833	-45.941045
70.773259	183.700177	-46.150940
71.102495	183.517477	-46.365830
71.439393	183.330734	-46.585717
71.783952	183.139947	-46.810599
72.136173	182.945118	-47.040477
72.496054	182.746245	-47.275351
72.863597	182.543330	-47.515221
73.238802	182.336373	-47.760087
73.408826	182.242671	-47.871046
73.586511	182.144928	-47.987002
73.771858	182.043142	-48.107953
73.964866	181.937314	-48.233901
74.165536	181.827444	-48.364845
74.373867	181.713531	-48.500786
74.589860	181.595577	-48.641722
74.813515	181.473581	-48.787655
75.044831	181.347544	-48.938585
75.283809	181.217464	-49.094510
75.530448	181.083343	-49.255432
75.784749	180.945180	-49.421351
76.046712	180.802976	-49.592265
76.316337	180.656730	-49.768177
76.593623	180.506443	-49.949084
76.878572	180.352115	-50.134989
77.171182	180.193746	-50.325890
77.471454	180.031335	-50.521787
77.779387	179.864884	-50.722681
78.094983	179.694391	-50.928571
78.418241	179.519858	-51.139458
78.749160	179.341283	-51.355342
79.087742	179.158668	-51.576222
79.433985	178.972013	-51.802100
79.787891	178.781316	-52.032973
80.149459	178.586579	-52.268844
80.518688	178.387802	-52.509711
80.895580	178.184985	-52.755575
81.066332	178.093134	-52.866964
81.244745	177.997244	-52.983349
81.430821	177.897313	-53.104731
81.624559	177.793343	-53.231110
81.825960	177.685332	-53.362486
82.035022	177.573281	-53.498859
82.251747	177.457189	-53.640229
82.476133	177.337058	-53.786595
82.708182	177.212887	-53.937959
82.947894	177.084676	-54.094319
83.195267	176.952425	-54.255676
83.450303	176.816134	-54.422030
83.713001	176.675803	-54.593381
83.983361	176.531432	-54.769729
84.261384	176.383022	-54.951074
84.547068	176.230571	-55.137416
84.840415	176.074081	-55.328755
85.141425	175.913552	-55.525091
85.450097	175.748982	-55.726424
85.766431	175.580373	-55.932754
86.090427	175.407725	-56.144081
86.422086	175.231037	-56.360405
86.761407	175.050309	-56.581726
87.108390	174.865542	-56.808044
87.463036	174.676735	-57.039359
87.825345	174.483889	-57.275671
88.195315	174.287004	-57.516980
88.572949	174.086079	-57.763286
88.744025	173.995072	-57.874868
88.922764	173.900026	-57.991448
89.109165	173.800941	-58.113024
89.303229	173.697816	-58.239598
89.504956	173.590652	-58.371168
89.714344	173.479449	-58.507736
89.931396	173.364207	-58.649301
90.156110	173.244925	-58.795863
90.388486	173.121604	-58.947422
90.628525	172.994245	-59.103978
90.876226	172.862846	-59.265531
91.131590	172.727407	-59.432082
91.394616	172.587930	-59.603630
91.665305	172.444414	-59.780175
91.943656	172.296858	-59.961717
92.229670	172.145264	-60.148256
92.523346	171.989630	-60.339792
92.824685	171.829958	-60.536326
93.133686	171.666246	-60.737856
93.450350	171.498495	-60.944384
93.774677	171.326706	-61.155909
94.106666	171.150877	-61.372432
94.446317	170.971010	-61.593951
94.793631	170.787103	-61.820468
95.148608	170.599158	-62.051982
95.511247	170.407174	-62.288493
95.881549	170.211150	-62.530001
96.259514	170.011088	-62.776507
96.430737	169.920465	-62.888177
96.609622	169.825803	-63.004844
96.796170	169.727103	-63.126509
96.990381	169.624363	-63.253171
97.192254	169.517585	-63.384830
97.401790	169.406767	-63.521486
97.618988	169.291911	-63.663140
97.843849	169.173016	-63.809790
98.076373	169.050083	-63.961438
98.316559	168.923110	-64.118084
98.564408	168.792099	-64.279726
98.819919	168.657049	-64.446366
99.083093	168.517960	-64.618003
99.353930	168.374833	-64.794637
99.632430	168.227667	-64.976269
99.918592	168.076462	-65.162898
100.212416	167.921218	-65.354524
100.513904	167.761936	-65.551147
100.823054	167.598614	-65.752768
101.139866	167.431255	-65.959386
101.464341	167.259856	-66.171001
101.796479	167.084419	-66.387613
102.136280	166.904943	-66.609223
102.483743	166.721428	-66.835830
102.838869	166.533875	-67.067434
103.201657	166.342283	-67.304036
103.572108	166.146652	-67.545634
103.950222	165.946983	-67.792231
104.121511	165.856534	-67.903941
104.300463	165.762047	-68.020648
104.487077	165.663522	-68.142353
104.681354	165.560957	-68.269055
104.883294	165.454354	-68.400754
105.092896	165.343712	-68.537451
105.310161	165.229032	-68.679145
105.535089	165.110313	-68.825836
105.767679	164.987556	-68.977525
106.007932	164.860760	-69.134211
106.255848	164.729925	-69.295894
106.511426	164.595052	-69.462574
106.774667	164.456140	-69.634252
107.045571	164.313189	-69.810927
107.324137	164.166200	-69.992599
107.610366	164.015172	-70.179269
107.904258	163.860106	-70.370936
108.205813	163.701001	-70.567600
108.515030	163.537858	-70.769262
108.831910	163.370676	-70.975921
109.156452	163.199455	-71.187577
109.488657	163.024196	-71.404230
109.828525	162.844898	-71.625881
110.176056	162.661562	-71.852529
110.531249	162.474187	-72.084175
110.894105	162.282774	-72.320817
111.264624	162.087322	-72.562457
111.642806	161.887832	-72.809095
111.814125	161.797462	-72.920823
111.993106	161.703055	-73.037549
112.179750	161.604609	-73.159272
112.374058	161.502124	-73.285993
112.576027	161.395601	-73.417710
112.785660	161.285039	-73.554426
113.002955	161.170439	-73.696138
113.227913	161.051800	-73.842848
113.460533	160.929123	-73.994555
113.700817	160.802407	-74.151259
113.948763	160.671652	-74.312961
114.204371	160.536860	-74.479660
114.467643	160.398028	-74.651356
114.738577	160.255158	-74.828050
115.017174	160.108250	-75.009741
115.303433	159.957303	-75.196429
115.597355	159.802317	-75.388115
115.898940	159.643293	-75.584798
116.208188	159.480231	-75.786478
116.525098	159.313130	-75.993156
116.849672	159.141990	-76.204830
117.181907	158.966812	-76.421503
117.521806	158.787596	-76.643172
117.869367	158.604340	-76.869839
118.224591	158.417047	-77.101503
118.587478	158.225715	-77.338165
118.958027	158.030344	-77.579824
119.336239	157.830935	-77.826480
119.507572	157.740602	-77.938217
119.686567	157.646231	-78.054951
119.873225	157.547821	-78.176683
120.067546	157.445373	-78.303411
120.269529	157.338886	-78.435138
120.479175	157.228361	-78.571861
120.696484	157.113797	-78.713582
120.921456	156.995194	-78.860300
121.154090	156.872554	-79.012016
121.394387	156.745874	-79.168728
121.642347	156.615156	-79.330439
121.897969	156.480400	-79.497146
122.161255	156.341605	-79.668851
122.432203	156.198772	-79.845553
122.710813	156.051900	-80.027253
122.997087	155.900990	-80.213949
123.291023	155.746041	-80.405644
123.592622	155.587054	-80.602335
123.901883	155.424029	-80.804024
124.218807	155.256964	-81.010710
124.543394	155.085862	-81.222393
124.875644	154.910721	-81.439074
125.215556	154.731541	-81.660752
125.563132	154.548323	-81.887428
125.918370	154.361066	-82.119101
126.281270	154.169771	-82.355771
126.651833	153.974438	-82.597438
127.030060	153.775066	-82.844103
127.201398	153.684750	-82.955844
127.380400	153.590395	-83.072582
127.567064	153.492001	-83.194317
127.761391	153.389570	-83.321050
127.963381	153.283099	-83.452780
128.173033	153.172590	-83.589507
128.390348	153.058043	-83.731232
128.615326	152.939457	-83.877954
128.847966	152.816833	-84.029673
129.088270	152.690171	-84.186390
129.336236	152.559470	-84.348104
129.591864	152.424730	-84.514815
129.855156	152.285952	-84.686524
130.126110	152.143135	-84.863230
130.404727	151.996280	-85.044934
130.691007	151.845387	-85.231634
130.984949	151.690455	-85.423332
131.286554	151.531484	-85.620028
131.595822	151.368476	-85.821720
131.912753	151.201428	-86.028411
132.237346	151.030342	-86.240098
132.569602	150.855218	-86.456783
132.909521	150.676055	-86.678465
133.257102	150.492854	-86.905144
133.612346	150.305615	-87.136821
133.975253	150.114336	-87.373495
134.345823	149.919020	-87.615166
134.724055	149.719665	-87.861835
134.895397	149.629356	-87.973578
135.074401	149.535009	-88.090317
135.261068	149.436623	-88.212054
135.455398	149.334198	-88.338789
135.657391	149.227736	-88.470521
135.867046	149.117234	-88.607250
136.084364	149.002695	-88.748976
136.309344	148.884117	-88.895700
136.541988	148.761500	-89.047421
136.782294	148.634845	-89.204140
137.030263	148.504151	-89.365855
137.285894	148.369419	-89.532569
137.549189	148.230649	-89.704279
137.820146	148.087840	-89.880987
138.098766	147.940993	-90.062692
138.385048	147.790107	-90.249395
138.678993	147.635183	-90.441094
138.980601	147.476220	-90.637792
139.289872	147.313219	-90.839486
139.606806	147.146179	-91.046178
139.931402	146.975101	-91.257867
140.263661	146.799984	-91.474554
140.603582	146.620829	-91.696237
140.951167	146.437636	-91.922919
141.306414	146.250404	-92.154597
141.669324	146.059133	-92.391273
142.039896	145.863824	-92.632946
142.418132	145.664477	-92.879617
142.589474	145.574172	-92.991360
142.768480	145.479828	-93.108101
142.955148	145.381445	-93.229839
143.149479	145.279024	-93.356574
143.351473	145.172565	-93.488306
143.561130	145.062067	-93.625036
143.778449	144.947531	-93.766764
144.003431	144.828956	-93.913488
144.236076	144.706343	-94.065210
144.476383	144.579692	-94.221929
144.724353	144.449002	-94.383646
144.979986	144.314273	-94.550360
145.243282	144.175506	-94.722071
145.514240	144.032701	-94.898780
145.792861	143.885857	-95.080486
146.079145	143.734974	-95.267189
146.373091	143.580054	-95.458890
146.674701	143.421094	-95.655588
146.983973	143.258097	-95.857283
147.300908	143.091061	-96.063976
147.625505	142.919986	-96.275666
147.957765	142.744873	-96.492353
148.297688	142.565721	-96.714038
148.645274	142.382531	-96.940720
149.000522	142.195303	-97.172399
149.363434	142.004036	-97.409076
149.734007	141.808731	-97.650750
150.112244	141.609387	-97.897421
150.283587	141.519083	-98.009165
150.462594	141.424740	-98.125906
150.649263	141.326360	-98.247644
150.843594	141.223940	-98.374380
151.045589	141.117483	-98.506113
151.255246	141.006986	-98.642843
151.472565	140.892452	-98.784571
151.697548	140.773879	-98.931296
151.930193	140.651267	-99.083018
152.170501	140.524617	-99.239738
152.418472	140.393929	-99.401455
152.674106	140.259202	-99.568169
152.937402	140.120436	-99.739881
153.208361	139.977632	-99.916590
153.486982	139.830790	-100.098296
153.773267	139.679909	-100.285000
154.067214	139.524990	-100.476701
154.368824	139.366033	-100.673399
154.678097	139.203036	-100.875095
154.995032	139.036002	-101.081788
155.319630	138.864929	-101.293478
155.651891	138.689817	-101.510166
155.991814	138.510667	-101.731851
156.339401	138.327479	-101.958533
156.694650	138.140252	-102.190213
157.057561	137.948987	-102.426890
157.428136	137.753683	-102.668564
157.806373	137.554341	-102.915236
157.977717	137.464038	-103.026980
158.156723	137.369696	-103.143721
158.343392	137.271316	-103.265460
158.537724	137.168897	-103.392195
158.739719	137.062440	-103.523928
158.949376	136.951945	-103.660659
159.166696	136.837411	-103.802387
159.391679	136.718838	-103.949112
159.624325	136.596228	-104.100834
159.864633	136.469578	-104.257554
160.112604	136.338891	-104.419271
160.368238	136.204164	-104.585986
160.631534	136.065400	-104.757698
160.902494	135.922597	-104.934407
161.181116	135.775755	-105.116113
161.467400	135.624875	-105.302817
161.761348	135.469957	-105.494518
162.062958	135.311000	-105.691217
162.372231	135.148004	-105.892913
162.689166	134.980970	-106.099606
163.013765	134.809898	-106.311297
163.346026	134.634787	-106.527984
163.685950	134.455638	-106.749670
164.033536	134.272450	-106.976352
164.388786	134.085224	-107.208032
164.751698	133.893960	-107.444709
165.122272	133.698657	-107.686384
165.500510	133.499315	-107.933056
165.671854	133.409012	-108.044800
165.850860	133.314671	-108.161541
166.037530	133.216291	-108.283279
166.231862	133.113873	-108.410015
166.433856	133.007416	-108.541749
166.643514	132.896921	-108.678479
166.860834	132.782388	-108.820207
167.085817	132.663816	-108.966932
167.318463	132.541205	-109.118655
167.558771	132.414556	-109.275375
167.806742	132.283869	-109.437092
168.062376	132.149143	-109.603806
168.325673	132.010378	-109.775518
168.596632	131.867576	-109.952228
168.875254	131.720734	-110.133934
169.161539	131.569855	-110.320638
169.455487	131.414937	-110.512339
169.757097	131.255980	-110.709038
170.066370	131.092985	-110.910734
170.383306	130.925951	-111.117427
170.707904	130.754879	-111.329118
171.040165	130.579769	-111.545806
171.380089	130.400620	-111.767491
171.727676	130.217433	-111.994174
172.082925	130.030207	-112.225854
172.445838	129.838943	-112.462531
172.816413	129.643640	-112.704206
173.194650	129.444299	-112.950878
173.365994	129.353996	-113.062622
173.545001	129.259655	-113.179363
173.731670	129.161275	-113.301101
173.926002	129.058857	-113.427837
174.127997	128.952401	-113.559571
174.337654	128.841906	-113.696301
174.554975	128.727372	-113.838029
174.779958	128.608801	-113.984754
175.012603	128.486190	-114.136477
175.252912	128.359541	-114.293197
175.500883	128.228854	-114.454914
175.756517	128.094128	-114.621629
176.019814	127.955364	-114.793341
176.290773	127.812562	-114.970050
176.569395	127.665720	-115.151757
176.855680	127.514841	-115.338461
177.149628	127.359923	-115.530162
177.451238	127.200966	-115.726860
177.760511	127.037972	-115.928556
178.077447	126.870938	-116.135250
178.402046	126.699866	-116.346940
178.734307	126.524756	-116.563628
179.074231	126.345607	-116.785314
179.421818	126.162420	-117.011997
179.777067	125.975195	-117.243677
180.139979	125.783931	-117.480354
180.510554	125.588628	-117.722029
180.888792	125.389287	-117.968701
181.060136	125.298984	-118.080445
181.239143	125.204643	-118.197186
181.425812	125.106264	-118.318924
181.620144	125.003846	-118.445660
181.822139	124.897389	-118.577394
182.031796	124.786894	-118.714124
182.249117	124.672361	-118.855852
182.474100	124.553789	-119.002577
182.706746	124.431179	-119.154300
182.947054	124.304530	-119.311020
183.195025	124.173843	-119.472737
183.450659	124.039117	-119.639452
183.713956	123.900353	-119.811164
183.984915	123.757551	-119.987873
184.263538	123.610710	-120.169580
184.549822	123.459830	-120.356284
184.843770	123.304912	-120.547985
185.145380	123.145956	-120.744684
185.454654	122.982961	-120.946380
185.771589	122.815928	-121.153073
186.096188	122.644856	-121.364764
186.428449	122.469746	-121.581452
186.768373	122.290597	-121.803137
187.115960	122.107410	-122.029820
187.471210	121.920184	-122.261500
187.834122	121.728920	-122.498177
188.204697	121.533618	-122.739852
188.582935	121.334277	-122.986524
188.754278	121.243974	-123.098268
188.933285	121.149633	-123.215009
189.119954	121.051254	-123.336748
189.314287	120.948836	-123.463484
189.516281	120.842379	-123.595217
189.725939	120.731884	-123.731947
189.943259	120.617351	-123.873675
190.168242	120.498779	-124.020401
190.400888	120.376169	-124.172123
190.641197	120.249520	-124.328843
190.889168	120.118833	-124.490561
191.144802	119.984108	-124.657275
191.408099	119.845343	-124.828987
191.679058	119.702541	-125.005696
191.957680	119.555700	-125.187403
192.243965	119.404821	-125.374107
192.537913	119.249903	-125.565808
192.839523	119.090946	-125.762507
193.148796	118.927951	-125.964203
193.465732	118.760918	-126.170896
193.790331	118.589847	-126.382587
194.122592	118.414736	-126.599275
194.462516	118.235588	-126.820961
194.810103	118.052401	-127.047643
195.165352	117.865175	-127.279323
195.528265	117.673911	-127.516001
195.898840	117.478609	-127.757675
196.277077	117.279268	-128.004348
196.448421	117.188965	-128.116091
196.627428	117.094624	-128.232833
196.814097	116.996245	-128.354571
197.008429	116.893827	-128.481307
197.210424	116.787370	-128.613040
197.420082	116.676875	-128.749771
197.637402	116.562342	-128.891499
197.862385	116.443770	-129.038224
198.095031	116.321160	-129.189947
198.335340	116.194511	-129.346667
198.583311	116.063824	-129.508384
198.838945	115.929099	-129.675099
199.102242	115.790334	-129.846811
199.373201	115.647532	-130.023520
199.651823	115.500691	-130.205227
199.938108	115.349812	-130.391931
200.232056	115.194894	-130.583632
200.533666	115.035937	-130.780331
200.842939	114.872943	-130.982027
201.159875	114.705909	-131.188720
201.484474	114.534838	-131.400411
201.816735	114.359728	-131.617099
202.156659	114.180579	-131.838784
202.504246	113.997392	-132.065467
202.859495	113.810166	-132.297147
203.222408	113.618902	-132.533824
203.592983	113.423600	-132.775499
203.971220	113.224259	-133.022171
204.142564	113.133956	-133.133915
204.321571	113.039615	-133.250656
204.508240	112.941236	-133.372395
204.702573	112.838818	-133.499131
204.904567	112.732362	-133.630864
205.114225	112.621867	-133.767595
205.331545	112.507333	-133.909323
205.556528	112.388762	-134.056048
205.789174	112.266151	-134.207771
206.029483	112.139503	-134.364490
206.277454	112.008815	-134.526208
206.533088	111.874090	-134.692922
206.796385	111.735326	-134.864634
207.067344	111.592523	-135.041344
207.345966	111.445682	-135.223050
207.632251	111.294803	-135.409754
207.926199	111.139885	-135.601456
208.227809	110.980929	-135.798154
208.537082	110.817934	-135.999850
208.854018	110.650901	-136.206544
209.178617	110.479829	-136.418234
209.510878	110.304719	-136.634923
209.850802	110.125570	-136.856608
210.198389	109.942383	-137.083291
210.553639	109.755158	-137.314971
210.916551	109.563894	-137.551648
211.287126	109.368591	-137.793323
211.665364	109.169251	-138.039995
211.836707	109.078948	-138.151739
212.015714	108.984607	-138.268480
212.202384	108.886227	-138.390219
212.396716	108.783809	-138.516955
212.598710	108.677353	-138.648688
212.808368	108.566858	-138.785418
213.025688	108.452325	-138.927146
213.250671	108.333753	-139.073872
213.483317	108.211143	-139.225594
213.723626	108.084494	-139.382314
213.971597	107.953807	-139.544031
214.227231	107.819081	-139.710746
214.490528	107.680317	-139.882458
214.761487	107.537515	-140.059167
215.040109	107.390674	-140.240874
215.326394	107.239794	-140.427578
215.620342	107.084877	-140.619279
215.921952	106.925920	-140.815978
216.231226	106.762925	-141.017674
216.548161	106.595892	-141.224367
216.872760	106.424821	-141.436058
217.205021	106.249710	-141.652746
217.544945	106.070562	-141.874432
217.892532	105.887375	-142.101114
218.247782	105.700149	-142.332794
218.610694	105.508885	-142.569472
218.981269	105.313583	-142.811146
219.359507	105.114242	-143.057819
219.530851	105.023939	-143.169562
219.709857	104.929598	-143.286304
219.896527	104.831219	-143.408042
220.090859	104.728801	-143.534778
220.292854	104.622345	-143.666511
220.502511	104.511850	-143.803242
220.719832	104.397316	-143.944970
220.944815	104.278745	-144.091695
221.177460	104.156134	-144.243418
221.417769	104.029486	-144.400138
221.665740	103.898799	-144.561855
221.921374	103.764073	-144.728570
222.184671	103.625309	-144.900282
222.455630	103.482506	-145.076991
222.734253	103.335665	-145.258698
223.020537	103.184786	-145.445402
223.314485	103.029868	-145.637103
223.616096	102.870912	-145.833802
223.925369	102.707917	-146.035498
224.242305	102.540884	-146.242191
224.566903	102.369812	-146.453882
224.899164	102.194702	-146.670570
225.239089	102.015553	-146.892255
225.586675	101.832366	-147.118938
225.941925	101.645141	-147.350618
226.304837	101.453877	-147.587295
226.675412	101.258574	-147.828970
227.053650	101.059234	-148.075642
227.224994	100.968931	-148.187386
227.404000	100.874590	-148.304127
227.590670	100.776210	-148.425866
227.785002	100.673793	-148.552602
227.986997	100.567336	-148.684335
228.196654	100.456841	-148.821066
228.413975	100.342308	-148.962794
228.638958	100.223736	-149.109519
228.871604	100.101126	-149.261242
229.111912	99.974477	-149.417962
229.359883	99.843790	-149.579679
229.615517	99.709065	-149.746394
229.878814	99.570300	-149.918106
230.149774	99.427498	-150.094815
230.428396	99.280657	-150.276522
230.714681	99.129778	-150.463226
231.008628	98.974860	-150.654927
231.310239	98.815903	-150.851626
231.619512	98.652909	-151.053322
231.936448	98.485875	-151.260015
232.261046	98.314804	-151.471706
232.593308	98.139694	-151.688394
232.933232	97.960545	-151.910079
233.280818	97.777358	-152.136762
233.636068	97.590132	-152.368442
233.998980	97.398869	-152.605119
234.369555	97.203566	-152.846794
234.747793	97.004225	-153.093466
234.919137	96.913923	-153.205210
235.098144	96.819582	-153.321951
235.284813	96.721202	-153.443690
235.479145	96.618784	-153.570426
235.681140	96.512328	-153.702159
235.890798	96.401833	-153.838890
236.108118	96.287300	-153.980617
236.333101	96.168728	-154.127343
236.565747	96.046118	-154.279065
236.806055	95.919469	-154.435785
237.054027	95.788782	-154.597503
237.309660	95.654056	-154.764217
237.572957	95.515292	-154.935929
237.843917	95.372490	-155.112639
238.122539	95.225649	-155.294345
238.408824	95.074769	-155.481049
238.702771	94.919851	-155.672751
239.004382	94.760895	-155.869449
239.313655	94.597900	-156.071145
239.630591	94.430867	-156.277839
239.955189	94.259795	-156.489529
240.287451	94.084685	-156.706217
240.627375	93.905537	-156.927903
240.974962	93.722350	-157.154585
241.330211	93.535124	-157.386266
241.693123	93.343860	-157.622943
242.063698	93.148558	-157.864618
242.441936	92.949217	-158.111290
242.613280	92.858914	-158.223034
242.792287	92.764573	-158.339775
242.978956	92.666194	-158.461513
243.173288	92.563776	-158.588249
243.375283	92.457319	-158.719983
243.584941	92.346824	-158.856713
243.802261	92.232291	-158.998441
244.027244	92.113719	-159.145166
244.259890	91.991109	-159.296889
244.500198	91.864460	-159.453609
244.748170	91.733773	-159.615326
245.003804	91.599048	-159.782041
245.267100	91.460284	-159.953753
245.538060	91.317481	-160.130462
245.816682	91.170640	-160.312169
246.102967	91.019761	-160.498873
246.396915	90.864843	-160.690574
246.698525	90.705887	-160.887273
247.007798	90.542892	-161.088969
247.324734	90.375859	-161.295662
247.649333	90.204787	-161.507353
247.981594	90.029677	-161.724041
248.321518	89.850528	-161.945726
248.669105	89.667341	-162.172409
249.024354	89.480116	-162.404089
249.387267	89.288852	-162.640767
249.757842	89.093549	-162.882441
250.136079	88.894208	-163.129113
250.307423	88.803906	-163.240857
250.486430	88.709565	-163.357599
250.673099	88.611185	-163.479337
250.867431	88.508767	-163.606073
251.069426	88.402311	-163.737806
251.279084	88.291816	-163.874537
251.496404	88.177283	-164.016265
251.721387	88.058711	-164.162990
251.954033	87.936101	-164.314713
252.194342	87.809452	-164.471433
252.442313	87.678765	-164.633150
252.697947	87.544039	-164.799865
252.961244	87.405275	-164.971577
253.232203	87.262473	-165.148286
253.510825	87.115632	-165.329993
253.797110	86.964752	-165.516697
254.091058	86.809835	-165.708398
254.392668	86.650878	-165.905097
254.701941	86.487883	-166.106793
255.018877	86.320850	-166.313486
255.343476	86.149779	-166.525177
255.675737	85.974668	-166.741865
256.015661	85.795520	-166.963550
256.363248	85.612333	-167.190233
256.718497	85.425107	-167.421913
257.081410	85.233843	-167.658590
257.451985	85.038541	-167.900265
257.830222	84.839200	-168.146937
258.001566	84.748897	-168.258681
258.180573	84.654556	-168.375422
258.367242	84.556177	-168.497161
258.561575	84.453759	-168.623897
258.763569	84.347303	-168.755630
258.973227	84.236808	-168.892361
259.190547	84.122274	-169.034089
259.415530	84.003703	-169.180814
259.648176	83.881092	-169.332537
259.888485	83.754444	-169.489256
260.136456	83.623757	-169.650974
260.392090	83.489031	-169.817688
260.655387	83.350267	-169.989400
260.926346	83.207464	-170.166110
261.204968	83.060623	-170.347816
261.491253	82.909744	-170.534520
261.785201	82.754826	-170.726222
262.086811	82.595870	-170.922920
262.396084	82.432875	-171.124616
262.713020	82.265842	-171.331310
263.037619	82.094770	-171.543000
263.369880	81.919660	-171.759689
263.709804	81.740511	-171.981374
264.057391	81.557324	-172.208057
264.412641	81.370099	-172.439737
264.775553	81.178835	-172.676414
265.146128	80.983533	-172.918089
265.524366	80.784192	-173.164761
265.695710	80.693889	-173.276505
265.874716	80.599548	-173.393246
266.061386	80.501169	-173.514985
266.255718	80.398751	-173.641721
266.457713	80.292294	-173.773454
266.667370	80.181799	-173.910184
266.884691	80.067266	-174.051912
267.109674	79.948694	-174.198638
267.342319	79.826084	-174.350360
267.582628	79.699435	-174.507080
267.830599	79.568748	-174.668798
268.086233	79.434023	-174.835512
268.349530	79.295259	-175.007224
268.620489	79.152456	-175.183933
268.899112	79.005615	-175.365640
269.185396	78.854736	-175.552344
269.479344	78.699818	-175.744045
269.780955	78.540861	-175.940744
270.090228	78.377867	-176.142440
270.407164	78.210833	-176.349134
270.731762	78.039762	-176.560824
271.064023	77.864652	-176.777512
271.403947	77.685503	-176.999198
271.751534	77.502316	-177.225880
272.106784	77.315091	-177.457560
272.469696	77.123827	-177.694238
272.840271	76.928524	-177.935913
273.218509	76.729183	-178.182585
273.389853	76.638881	-178.294329
273.568859	76.544540	-178.411070
273.755529	76.446160	-178.532808
273.949861	76.343742	-178.659544
274.151856	76.237286	-178.791278
274.361513	76.126791	-178.928008
274.578834	76.012258	-179.069736
274.803817	75.893686	-179.216461
275.036463	75.771076	-179.368184
275.276771	75.644427	-179.524904
275.524742	75.513740	-179.686621
275.780376	75.379014	-179.853336
276.043673	75.240250	-180.025048
276.314633	75.097448	-180.201757
276.593255	74.950607	-180.383464
276.879540	74.799727	-180.570168
277.173487	74.644809	-180.761869
277.475098	74.485853	-180.958568
277.784371	74.322858	-181.160264
278.101307	74.155825	-181.366957
278.425905	73.984753	-181.578648
278.758167	73.809643	-181.795336
279.098091	73.630495	-182.017021
279.445677	73.447308	-182.243704
279.800927	73.260082	-182.475384
280.163839	73.068818	-182.712062
280.534414	72.873516	-182.953736
280.912652	72.674175	-183.200408
281.083996	72.583872	-183.312152
281.263003	72.489531	-183.428893
281.449672	72.391152	-183.550632
281.644004	72.288734	-183.677368
281.845999	72.182277	-183.809101
282.055657	72.071783	-183.945832
282.272977	71.957249	-184.087560
282.497960	71.838677	-184.234285
282.730606	71.716067	-184.386008
282.970914	71.589419	-184.542728
283.218885	71.458731	-184.704445
283.474519	71.324006	-184.871160
283.737816	71.185242	-185.042872
284.008776	71.042439	-185.219581
284.287398	70.895598	-185.401288
284.573683	70.744719	-185.587992
