-5.004840	224.246325	27.983112
-5.045902	224.106592	28.031476
-5.088564	223.962566	28.088728
-5.132836	223.814249	28.154869
-5.178728	223.661643	28.229897
-5.226250	223.504750	28.313810
-5.275412	223.343571	28.406609
-5.326224	223.178109	28.508292
-5.378696	223.008364	28.618858
-5.432837	222.834339	28.738306
-5.488657	222.656036	28.866635
-5.546166	222.473456	29.003845
-5.605372	222.286601	29.149934
-5.666286	222.095473	29.304901
-5.728916	221.900074	29.468746
-5.793272	221.700405	29.641467
-5.859362	221.496468	29.823064
-5.927197	221.288266	30.013536
-5.996783	221.075799	30.212881
-6.068131	220.859070	30.421100
-6.141249	220.638081	30.638191
-6.216144	220.412833	30.864153
-6.292827	220.183327	31.098986
-6.371304	219.949567	31.342689
-6.451584	219.711553	31.595260
-6.533675	219.469288	31.856700
-6.617584	219.222774	32.127007
-6.703320	218.972011	32.406181
-6.790890	218.717002	32.694221
-6.880301	218.457749	32.991127
-6.971561	218.194253	33.296897
-7.064677	217.926517	33.611532
-7.159656	217.654543	33.935030
-7.256505	217.378331	34.267390
-7.355231	217.097884	34.608614
-7.455840	216.813204	34.958699
-7.558339	216.524292	35.317645
-7.662734	216.231151	35.685453
-7.769032	215.933782	36.062120
-7.817298	215.799254	36.234087
-7.867476	215.660501	36.414914
-7.919567	215.517523	36.604600
-7.973576	215.370322	36.803145
-8.029504	215.218899	37.010550
-8.087353	215.063254	37.226814
-8.147128	214.903388	37.451936
-8.208829	214.739302	37.685918
-8.272460	214.570996	37.928758
-8.338024	214.398473	38.180456
-8.405521	214.221731	38.441013
-8.474956	214.040773	38.710428
-8.546330	213.855599	38.988701
-8.619645	213.666210	39.275832
-8.694905	213.472607	39.571820
-8.772111	213.274790	39.876667
-8.851265	213.072760	40.190371
-8.932370	212.866519	40.512932
-9.015428	212.656068	40.844352
-9.100441	212.441406	41.184628
-9.187411	212.222535	41.533762
-9.276341	211.999455	41.891753
-9.367232	211.772168	42.258601
-9.460086	211.540675	42.634307
-9.554905	211.304975	43.018869
-9.651692	211.065071	43.412289
-9.750448	210.820963	43.814566
-9.851174	210.572651	44.225700
-9.897039	210.459882	44.413262
-9.944877	210.342911	44.609682
-9.994689	210.221738	44.814958
-10.046477	210.096364	45.029091
-10.100241	209.966789	45.252082
-10.155982	209.833014	45.483930
-10.213700	209.695039	45.724634
-10.273397	209.552864	45.974196
-10.335074	209.406490	46.232615
-10.398730	209.255917	46.499891
-10.464367	209.101146	46.776025
-10.531985	208.942176	47.061015
-10.601586	208.779009	47.354863
-10.673169	208.611644	47.657568
-10.746736	208.440082	47.969130
-10.822288	208.264324	48.289550
-10.899824	208.084370	48.618827
-10.979346	207.900220	48.956961
-11.060855	207.711875	49.303952
-11.144350	207.519334	49.659801
-11.229834	207.322599	50.024508
-11.317306	207.121670	50.398071
-11.406766	206.916547	50.780493
-11.498217	206.707231	51.171772
-11.591658	206.493721	51.571908
-11.687089	206.276019	51.980903
-11.784513	206.054125	52.398755
-11.883928	205.828039	52.825464
-11.929007	205.725675	53.019086
-11.976078	205.619119	53.221566
-12.025143	205.508372	53.432903
-12.076201	205.393434	53.653099
-12.129254	205.274306	53.882152
-12.184300	205.150987	54.120064
-12.241340	205.023477	54.366833
-12.300375	204.891778	54.622460
-12.361404	204.755888	54.886946
-12.424429	204.615809	55.160289
-12.489449	204.471540	55.442491
-12.556464	204.323082	55.733551
-12.625475	204.170434	56.033469
-12.696482	204.013598	56.342245
-12.769485	203.852572	56.659879
-12.844484	203.687358	56.986372
-12.921480	203.517955	57.321723
-13.000473	203.344364	57.665932
-13.081463	203.166585	58.019000
-13.164450	202.984617	58.380926
-13.249435	202.798462	58.751711
-13.336417	202.608119	59.131354
-13.425398	202.413589	59.519855
-13.516376	202.214872	59.917215
-13.609353	202.011967	60.323434
-13.704329	201.804876	60.738512
-13.801303	201.593598	61.162448
-13.900276	201.378133	61.595243
-13.945120	201.280582	61.791388
-13.991962	201.178846	61.996392
-14.040804	201.072923	62.210255
-14.091646	200.962814	62.432977
-14.144487	200.848519	62.664557
-14.199328	200.730038	62.904997
-14.256168	200.607371	63.154295
-14.315008	200.480519	63.412452
-14.375848	200.349481	63.679468
-14.438688	200.214257	63.955344
-14.503527	200.074848	64.240078
-14.570367	199.931253	64.533671
-14.639208	199.783473	64.836123
-14.710048	199.631507	65.147434
-14.782889	199.475357	65.467604
-14.857730	199.315021	65.796634
-14.934572	199.150501	66.134522
-15.013414	198.981795	66.481270
-15.094257	198.808905	66.836876
-15.177100	198.631830	67.201342
-15.261945	198.450570	67.574667
-15.348790	198.265126	67.956851
-15.437636	198.075497	68.347895
-15.528484	197.881683	68.747798
-15.621332	197.683686	69.156560
-15.716182	197.481504	69.574181
-15.813033	197.275138	70.000662
-15.911885	197.064588	70.436002
-15.956667	196.969239	70.633241
-16.003451	196.869706	70.839339
-16.052236	196.765989	71.054297
-16.103022	196.658089	71.278114
-16.155810	196.546004	71.510790
-16.210600	196.429736	71.752326
-16.267391	196.309284	72.002721
-16.326184	196.184649	72.261976
-16.386978	196.055829	72.530090
-16.449774	195.922826	72.807064
-16.514572	195.785640	73.092897
-16.581371	195.644269	73.387590
-16.650172	195.498716	73.691143
-16.720975	195.348978	74.003554
-16.793780	195.195058	74.324826
-16.868587	195.036954	74.654957
-16.945395	194.874666	74.993947
-17.024205	194.708195	75.341797
-17.105018	194.537541	75.698507
-17.187832	194.362704	76.064076
-17.272648	194.183683	76.438505
-17.359466	194.000479	76.821794
-17.448286	193.813093	77.213942
-17.539108	193.621523	77.614950
-17.631932	193.425770	78.024817
-17.726759	193.225833	78.443545
-17.823587	193.021714	78.871131
-17.922418	192.813412	79.307578
-17.967189	192.719066	79.505301
-18.013963	192.620536	79.711883
-18.062738	192.517824	79.927325
-18.113516	192.410929	80.151627
-18.166296	192.299851	80.384789
-18.221078	192.184590	80.626810
-18.277863	192.065147	80.877691
-18.336650	191.941521	81.137432
-18.397439	191.813711	81.406033
-18.460230	191.681720	81.683493
-18.525024	191.545545	81.969814
-18.591820	191.405188	82.264994
-18.660618	191.260648	82.569033
-18.731419	191.111925	82.881933
-18.804221	190.959020	83.203692
-18.879027	190.801932	83.534312
-18.955834	190.640662	83.873791
-19.034644	190.475208	84.222130
-19.115456	190.305573	84.579328
-19.198271	190.131754	84.945387
-19.283088	189.953754	85.320305
-19.369907	189.771570	85.704083
-19.458729	189.585204	86.096721
-19.549554	189.394656	86.498219
-19.642380	189.199925	86.908577
-19.737209	189.001012	87.327795
-19.834041	188.797916	87.755872
-19.932875	188.590638	88.192810
-19.977648	188.496747	88.390749
-20.024423	188.398674	88.597548
-20.073200	188.296418	88.813207
-20.123980	188.189980	89.037726
-20.176763	188.079360	89.271104
-20.231548	187.964557	89.513343
-20.288335	187.845572	89.764442
-20.347125	187.722404	90.024400
-20.407917	187.595055	90.293218
-20.470712	187.463522	90.570897
-20.535510	187.327808	90.857435
-20.602310	187.187911	91.152833
-20.671112	187.043832	91.457091
-20.741917	186.895571	91.770209
-20.814725	186.743127	92.092187
-20.889535	186.586501	92.423025
-20.966348	186.425693	92.762723
-21.045163	186.260703	93.111281
-21.125980	186.091530	93.468698
-21.208801	185.918175	93.834976
-21.293623	185.740638	94.210114
-21.380449	185.558919	94.594111
-21.469276	185.373017	94.986969
-21.560107	185.182933	95.388686
-21.652940	184.988667	95.799264
-21.747775	184.790219	96.218701
-21.844614	184.587589	96.646999
-21.943454	184.380776	97.084156
-21.988230	184.287092	97.282192
-22.035008	184.189226	97.489089
-22.083788	184.087178	97.704845
-22.134572	183.980948	97.929462
-22.187358	183.870535	98.162938
-22.242146	183.755940	98.405275
-22.298937	183.637163	98.656471
-22.357731	183.514204	98.916528
-22.418527	183.387063	99.185444
-22.481326	183.255740	99.463221
-22.546127	183.120235	99.749857
-22.612931	182.980547	100.045353
-22.681737	182.836678	100.349710
-22.752547	182.688626	100.662926
-22.825358	182.536392	100.985002
-22.900173	182.379976	101.315939
-22.976990	182.219378	101.655735
-23.055809	182.054598	102.004392
-23.136631	181.885636	102.361908
-23.219456	181.712491	102.728284
-23.304283	181.535165	103.103521
-23.391113	181.353657	103.487617
-23.479946	181.167966	103.880574
-23.570781	180.978093	104.282390
-23.663619	180.784039	104.693066
-23.758460	180.585802	105.112603
-23.855303	180.383383	105.540999
-23.954148	180.176782	105.978256
-23.998926	180.083192	106.176336
-24.045706	179.985420	106.383277
-24.094489	179.883466	106.599077
-24.145275	179.777330	106.823738
-24.198063	179.667012	107.057258
-24.252854	179.552512	107.299639
-24.309647	179.433830	107.550880
-24.368444	179.310965	107.810980
-24.429242	179.183919	108.079941
-24.492044	179.052691	108.357762
-24.556848	178.917281	108.644442
-24.623654	178.777688	108.939983
-24.692463	178.633914	109.244384
-24.763275	178.485957	109.557645
-24.836090	178.333819	109.879766
-24.910907	178.177498	110.210747
-24.987727	178.016996	110.550587
-25.066549	177.852311	110.899288
-25.147374	177.683445	111.256849
-25.230202	177.510396	111.623270
-25.315032	177.333165	111.998551
-25.401865	177.151753	112.382692
-25.490700	176.966158	112.775693
-25.581538	176.776381	113.177555
-25.674379	176.582423	113.588276
-25.769223	176.384282	114.007857
-25.866069	176.181959	114.436298
-25.964917	175.975455	114.873599
-26.009696	175.881907	115.071700
-26.056478	175.784178	115.278660
-26.105263	175.682267	115.494481
-26.156050	175.576174	115.719161
-26.208839	175.465899	115.952702
-26.263631	175.351442	116.195102
-26.320426	175.232802	116.446363
-26.379224	175.109981	116.706484
-26.440024	174.982978	116.975464
-26.502827	174.851793	117.253305
-26.567632	174.716426	117.540006
-26.634440	174.576877	117.835567
-26.703251	174.433146	118.139988
-26.774065	174.285232	118.453269
-26.846881	174.133137	118.775410
-26.921699	173.976860	119.106411
-26.998521	173.816401	119.446272
-27.077345	173.651760	119.794993
-27.158171	173.482937	120.152574
-27.241000	173.309932	120.519015
-27.325832	173.132745	120.894316
-27.412667	172.951376	121.278477
-27.501504	172.765825	121.671499
-27.592344	172.576092	122.073380
-27.685186	172.382177	122.484122
-27.780031	172.184080	122.903723
-27.876879	171.981801	123.332185
-27.975729	171.775340	123.769506
-28.020509	171.681812	123.967616
-28.067292	171.584102	124.174585
-28.116077	171.482211	124.390414
-28.166865	171.376137	124.615104
-28.219655	171.265881	124.848654
-28.274448	171.151444	125.091063
-28.331244	171.032824	125.342333
-28.390042	170.910022	125.602463
-28.450843	170.783039	125.871452
-28.513647	170.651873	126.149302
-28.578453	170.516526	126.436012
-28.645262	170.376996	126.731582
-28.714073	170.233285	127.036012
-28.784888	170.085392	127.349302
-28.857704	169.933316	127.671452
-28.932524	169.777059	128.002462
-29.009346	169.616619	128.342333
-29.088171	169.451998	128.691063
-29.168998	169.283195	129.048653
-29.251828	169.110209	129.415103
-29.336661	168.933042	129.790414
-29.423496	168.751693	130.174584
-29.512335	168.566162	130.567615
-29.603175	168.376449	130.969505
-29.696018	168.182553	131.380256
-29.790864	167.984476	131.799867
-29.887713	167.782217	132.228337
-29.986564	167.575776	132.665668
-30.031345	167.482257	132.863782
-30.078127	167.384556	133.070755
-30.126913	167.282674	133.286589
-30.177701	167.176609	133.511282
-30.230492	167.066362	133.744836
-30.285285	166.951933	133.987250
-30.342081	166.833323	134.238524
-30.400880	166.710530	134.498657
-30.461682	166.583555	134.767651
-30.524486	166.452399	135.045505
-30.589292	166.317060	135.332219
-30.656102	166.177540	135.627793
-30.724914	166.033837	135.932227
-30.795728	165.885953	136.245522
-30.868545	165.733886	136.567676
-30.943365	165.577638	136.898690
-31.020188	165.417208	137.238564
-31.099013	165.252595	137.587299
-31.179841	165.083801	137.944893
-31.262672	164.910825	138.311348
-31.347505	164.733666	138.686662
-31.434341	164.552326	139.070837
-31.523179	164.366804	139.463872
-31.614020	164.177100	139.865766
-31.706864	163.983214	140.276521
-31.801710	163.785146	140.696136
-31.898559	163.582896	141.124611
-31.997411	163.376464	141.561946
-32.042191	163.282949	141.760061
-32.088975	163.185252	141.967036
-32.137760	163.083373	142.182872
-32.188549	162.977313	142.407567
-32.241340	162.867070	142.641123
-32.296133	162.752645	142.883539
-32.352930	162.634039	143.134814
-32.411729	162.511250	143.394950
-32.472530	162.384279	143.663946
-32.535334	162.253127	143.941802
-32.600141	162.117792	144.228517
-32.666951	161.978276	144.524093
-32.735763	161.834577	144.828529
-32.806578	161.686697	145.141825
-32.879395	161.534635	145.463982
-32.954215	161.378390	145.794998
-33.031038	161.217964	146.134874
-33.109864	161.053356	146.483610
-33.190692	160.884566	146.841207
-33.273522	160.711594	147.207663
-33.358356	160.534439	147.582979
-33.445192	160.353103	147.967156
-33.534031	160.167585	148.360192
-33.624872	159.977885	148.762089
-33.717716	159.784003	149.172846
-33.812563	159.585939	149.592462
-33.909412	159.383693	150.020939
-34.008264	159.177266	150.458276
-34.053044	159.083753	150.656392
-34.099827	158.986058	150.863368
-34.148613	158.884181	151.079205
-34.199402	158.778122	151.303901
-34.252193	158.667881	151.537458
-34.306987	158.553458	151.779874
-34.363783	158.434853	152.031151
-34.422582	158.312067	152.291287
-34.483384	158.185098	152.560284
-34.546188	158.053947	152.838140
-34.610995	157.918615	153.124857
-34.677805	157.779100	153.420434
-34.746617	157.635403	153.724871
-34.817432	157.487525	154.038168
-34.890249	157.335464	154.360325
-34.965070	157.179222	154.691342
-35.041893	157.018797	155.031219
-35.120718	156.854191	155.379956
-35.201546	156.685403	155.737553
-35.284377	156.512432	156.104010
-35.369211	156.335280	156.479328
-35.456047	156.153946	156.863505
-35.544886	155.968430	157.256542
-35.635727	155.778732	157.658440
-35.728571	155.584852	158.069197
-35.823418	155.386790	158.488815
-35.920267	155.184546	158.917293
-36.019119	154.978120	159.354630
-36.063900	154.884607	159.552747
-36.110683	154.786913	159.759724
-36.159469	154.685037	159.975560
-36.210257	154.578979	160.200257
-36.263049	154.468739	160.433814
-36.317842	154.354317	160.676231
-36.374639	154.235713	160.927507
-36.433438	154.112927	161.187644
-36.494240	153.985959	161.456641
-36.557044	153.854809	161.734499
-36.621851	153.719478	162.021216
-36.688661	153.579964	162.316793
-36.757473	153.436268	162.621230
-36.828288	153.288391	162.934527
-36.901106	153.136331	163.256685
-36.975926	152.980089	163.587702
-37.052749	152.819666	163.927580
-37.131575	152.655060	164.276317
-37.212403	152.486273	164.633915
-37.295234	152.313303	165.000372
-37.380067	152.136152	165.375690
-37.466903	151.954819	165.759868
-37.555742	151.769303	166.152906
-37.646584	151.579606	166.554803
-37.739428	151.385727	166.965561
-37.834275	151.187666	167.385179
-37.931124	150.985422	167.813657
-38.029976	150.778997	168.250995
-38.074757	150.685485	168.449112
-38.121540	150.587792	168.656089
-38.170326	150.485916	168.871926
-38.221114	150.379858	169.096623
-38.273906	150.269619	169.330180
-38.328699	150.155197	169.572597
-38.385496	150.036593	169.823874
-38.444295	149.913808	170.084011
-38.505097	149.786840	170.353008
-38.567901	149.655691	170.630865
-38.632708	149.520360	170.917583
-38.699518	149.380846	171.213160
-38.768330	149.237151	171.517598
-38.839145	149.089274	171.830895
-38.911963	148.937214	172.153053
-38.986783	148.780973	172.484070
-39.063606	148.620550	172.823948
-39.142432	148.455945	173.172685
-39.223260	148.287158	173.530283
-39.306091	148.114189	173.896741
-39.390925	147.937038	174.272059
-39.477761	147.755705	174.656237
-39.566600	147.570190	175.049275
-39.657441	147.380493	175.451173
-39.750286	147.186614	175.861931
-39.845132	146.988553	176.281549
-39.941982	146.786310	176.710027
-40.040834	146.579886	177.147366
-40.085615	146.486374	177.345482
-40.132398	146.388681	177.552459
-40.181184	146.286805	177.768296
-40.231972	146.180747	177.992993
-40.284763	146.070508	178.226550
-40.339557	145.956087	178.468967
-40.396354	145.837483	178.720245
-40.455153	145.714698	178.980382
-40.515955	145.587731	179.249379
-40.578759	145.456581	179.527236
-40.643566	145.321250	179.813954
-40.710376	145.181737	180.109531
-40.779188	145.038042	180.413969
-40.850003	144.890165	180.727266
-40.922821	144.738106	181.049424
-40.997641	144.581865	181.380442
-41.074464	144.421442	181.720319
-41.153290	144.256837	182.069057
-41.234118	144.088050	182.426655
-41.316949	143.915081	182.793113
-41.401783	143.737930	183.168431
-41.488619	143.556597	183.552609
-41.577458	143.371082	183.945647
-41.668299	143.181386	184.347545
-41.761143	142.987507	184.758303
-41.855990	142.789446	185.177921
-41.952840	142.587204	185.606400
-42.051692	142.380779	186.043738
-42.096473	142.287268	186.241855
-42.143256	142.189574	186.448832
-42.192042	142.087699	186.664669
-42.242830	141.981641	186.889366
-42.295621	141.871402	187.122923
-42.350415	141.756981	187.365340
-42.407212	141.638377	187.616617
-42.466011	141.515592	187.876754
-42.526813	141.388625	188.145752
-42.589617	141.257476	188.423609
-42.654424	141.122144	188.710327
-42.721234	140.982631	189.005904
-42.790046	140.838936	189.310342
-42.860861	140.691059	189.623639
-42.933679	140.539000	189.945797
-43.008499	140.382759	190.276815
-43.085322	140.222336	190.616692
-43.164148	140.057731	190.965430
-43.244976	139.888945	191.323028
-43.327807	139.715976	191.689486
-43.412641	139.538825	192.064804
-43.499477	139.357492	192.448982
-43.588316	139.171978	192.842020
-43.679157	138.982281	193.243918
-43.772002	138.788403	193.654676
-43.866848	138.590342	194.074295
-43.963698	138.388099	194.502773
-44.062550	138.181675	194.940111
-44.107331	138.088163	195.138228
-44.154114	137.990470	195.345205
-44.202900	137.888595	195.561042
-44.253688	137.782537	195.785739
-44.306480	137.672298	196.019296
-44.361273	137.557877	196.261713
-44.418070	137.439273	196.512991
-44.476869	137.316488	196.773128
-44.537671	137.189521	197.042125
-44.600475	137.058372	197.319983
-44.665282	136.923041	197.606700
-44.732092	136.783527	197.902278
-44.800904	136.639832	198.206715
-44.871720	136.491955	198.520013
-44.944537	136.339897	198.842170
-45.019358	136.183656	199.173188
-45.096181	136.023233	199.513066
-45.175006	135.858628	199.861804
-45.255834	135.689841	200.219402
-45.338665	135.516872	200.585860
-45.423499	135.339722	200.961178
-45.510335	135.158389	201.345356
-45.599174	134.972874	201.738394
-45.690016	134.783178	202.140292
-45.782860	134.589299	202.551050
-45.877707	134.391239	202.970669
-45.974556	134.188996	203.399147
-46.073408	133.982572	203.836485
-46.118189	133.889060	204.034602
-46.164972	133.791367	204.241579
-46.213758	133.689491	204.457416
-46.264547	133.583434	204.682113
-46.317338	133.473195	204.915670
-46.372132	133.358773	205.158087
-46.428928	133.240170	205.409365
-46.487727	133.117385	205.669502
-46.548529	132.990418	205.938499
-46.611333	132.859269	206.216357
-46.676141	132.723938	206.503074
-46.742950	132.584424	206.798652
-46.811763	132.440729	207.103089
-46.882578	132.292852	207.416387
-46.955395	132.140794	207.738544
-47.030216	131.984553	208.069562
-47.107039	131.824130	208.409440
-47.185864	131.659525	208.758178
-47.266693	131.490738	209.115776
-47.349524	131.317769	209.482234
-47.434357	131.140619	209.857552
-47.521193	130.959286	210.241730
-47.610032	130.773771	210.634768
-47.700874	130.584075	211.036666
-47.793718	130.390196	211.447424
-47.888565	130.192136	211.867043
-47.985414	129.989893	212.295521
-48.084267	129.783469	212.732859
-48.129047	129.689957	212.930976
-48.175830	129.592264	213.137953
-48.224616	129.490389	213.353790
-48.275405	129.384331	213.578487
-48.328196	129.274092	213.812044
-48.382990	129.159671	214.054462
-48.439786	129.041067	214.305739
-48.498586	128.918282	214.565876
-48.559387	128.791315	214.834873
-48.622192	128.660166	215.112731
-48.686999	128.524835	215.399448
-48.753809	128.385322	215.695026
-48.822621	128.241627	215.999463
-48.893436	128.093750	216.312761
-48.966254	127.941691	216.634919
-49.041074	127.785450	216.965936
-49.117897	127.625027	217.305814
-49.196723	127.460422	217.654552
-49.277551	127.291636	218.012150
-49.360382	127.118667	218.378608
-49.445216	126.941516	218.753926
-49.532052	126.760184	219.138104
-49.620891	126.574669	219.531142
-49.711732	126.384972	219.933040
-49.804576	126.191094	220.343799
-49.899423	125.993033	220.763417
-49.996273	125.790791	221.191895
-50.095125	125.584366	221.629234
-50.139905	125.490855	221.827350
-50.186689	125.393162	222.034327
-50.235475	125.291286	222.250164
-50.286263	125.185229	222.474861
-50.339054	125.074989	222.708419
-50.393848	124.960568	222.950836
-50.450645	124.841965	223.202113
-50.509444	124.719180	223.462250
-50.570246	124.592213	223.731248
-50.633050	124.461063	224.009105
-50.697857	124.325732	224.295822
-50.764667	124.186219	224.591400
-50.833479	124.042524	224.895838
-50.904294	123.894647	225.209135
-50.977112	123.742588	225.531293
-51.051932	123.586348	225.862311
-51.128755	123.425925	226.202188
-51.207581	123.261320	226.550926
-51.288409	123.092533	226.908524
-51.371240	122.919564	227.274982
-51.456074	122.742414	227.650300
-51.542910	122.561081	228.034478
-51.631749	122.375566	228.427516
-51.722590	122.185870	228.829414
-51.815435	121.991991	229.240173
-51.910281	121.793931	229.659791
-52.007131	121.591688	230.088269
-52.105983	121.385264	230.525608
-52.150764	121.291753	230.723725
-52.197547	121.194059	230.930702
-52.246333	121.092184	231.146539
-52.297121	120.986126	231.371236
-52.349913	120.875887	231.604793
-52.404706	120.761466	231.847210
-52.461503	120.642862	232.098487
-52.520302	120.520077	232.358625
-52.581104	120.393110	232.627622
-52.643908	120.261961	232.905479
-52.708715	120.126630	233.192197
-52.775525	119.987117	233.487774
-52.844338	119.843422	233.792212
-52.915153	119.695545	234.105509
-52.987970	119.543486	234.427667
-53.062791	119.387245	234.758685
-53.139614	119.226822	235.098563
-53.218439	119.062217	235.447300
-53.299268	118.893431	235.804898
-53.382098	118.720462	236.171356
-53.466932	118.543311	236.546674
-53.553768	118.361979	236.930852
-53.642607	118.176464	237.323891
-53.733449	117.986767	237.725789
-53.826293	117.792889	238.136547
-53.921140	117.594828	238.556165
-54.017989	117.392586	238.984644
-54.116841	117.186162	239.421982
-54.161622	117.092650	239.620099
-54.208405	116.994957	239.827076
-54.257191	116.893081	240.042913
-54.307980	116.787024	240.267610
-54.360771	116.676785	240.501167
-54.415565	116.562363	240.743584
-54.472361	116.443760	240.994861
-54.531160	116.320975	241.254999
-54.591962	116.194008	241.523996
-54.654767	116.062859	241.801854
-54.719574	115.927528	242.088571
-54.786383	115.788015	242.384148
-54.855196	115.644320	242.688586
-54.926011	115.496443	243.001884
-54.998829	115.344384	243.324041
-55.073649	115.188143	243.655059
-55.150472	115.027720	243.994937
-55.229298	114.863115	244.343675
-55.310126	114.694328	244.701273
-55.392957	114.521360	245.067731
-55.477790	114.344209	245.443049
-55.564627	114.162876	245.827227
-55.653465	113.977362	246.220265
-55.744307	113.787665	246.622163
-55.837151	113.593787	247.032921
-55.931998	113.395726	247.452540
-56.028847	113.193484	247.881018
-56.127700	112.987059	248.318356
-56.172480	112.893548	248.516473
-56.219263	112.795854	248.723450
-56.268049	112.693979	248.939287
-56.318838	112.587922	249.163984
-56.371629	112.477682	249.397541
-56.426423	112.363261	249.639959
-56.483219	112.244658	249.891236
-56.542019	112.121873	250.151373
-56.602820	111.994905	250.420370
-56.665625	111.863756	250.698228
-56.730432	111.728425	250.984945
-56.797242	111.588912	251.280523
-56.866054	111.445217	251.584960
-56.936869	111.297340	251.898258
-57.009687	111.145281	252.220416
-57.084507	110.989040	252.551433
-57.161330	110.828618	252.891311
-57.240156	110.664013	253.240049
-57.320984	110.495226	253.597647
-57.403815	110.322257	253.964105
-57.488649	110.145107	254.339423
-57.575485	109.963774	254.723601
-57.664324	109.778259	255.116639
-57.755165	109.588563	255.518537
-57.848009	109.394684	255.929296
-57.942856	109.196624	256.348914
-58.039706	108.994381	256.777392
-58.138558	108.787957	257.214731
-58.183339	108.694445	257.412848
-58.230122	108.596752	257.619824
-58.278908	108.494877	257.835661
-58.329696	108.388819	258.060359
-58.382487	108.278580	258.293916
-58.437281	108.164159	258.536333
-58.494078	108.045555	258.787610
-58.552877	107.922770	259.047747
-58.613679	107.795803	259.316745
-58.676483	107.664654	259.594602
-58.741290	107.529323	259.881320
-58.808100	107.389810	260.176897
-58.876912	107.246115	260.481335
-58.947727	107.098238	260.794632
-59.020545	106.946179	261.116790
-59.095365	106.789938	261.447808
-59.172188	106.629515	261.787685
-59.251014	106.464910	262.136423
-59.331842	106.296124	262.494021
-59.414673	106.123155	262.860479
-59.499507	105.946004	263.235797
-59.586343	105.764672	263.619975
-59.675182	105.579157	264.013013
-59.766024	105.389460	264.414912
-59.858868	105.195582	264.825670
-59.953715	104.997521	265.245288
-60.050564	104.795279	265.673766
-60.149416	104.588855	266.111105
-60.194197	104.495343	266.309222
-60.240980	104.397650	266.516199
-60.289766	104.295774	266.732036
-60.340554	104.189717	266.956733
-60.393346	104.079478	267.190290
-60.448140	103.965056	267.432707
-60.504936	103.846453	267.683984
-60.563735	103.723668	267.944122
-60.624537	103.596701	268.213119
-60.687341	103.465552	268.490976
-60.752149	103.330220	268.777694
-60.818958	103.190707	269.073271
-60.887771	103.047012	269.377709
-60.958586	102.899135	269.691007
-61.031403	102.747077	270.013164
-61.106224	102.590836	270.344182
-61.183047	102.430413	270.684060
-61.261872	102.265808	271.032798
-61.342701	102.097021	271.390395
-61.425532	101.924053	271.756853
-61.510365	101.746902	272.132171
-61.597201	101.565569	272.516350
-61.686040	101.380055	272.909388
-61.776882	101.190358	273.311286
-61.869726	100.996480	273.722044
-61.964573	100.798419	274.141662
-62.061422	100.596177	274.570141
-62.160274	100.389752	275.007479
-62.205055	100.296241	275.205596
-62.251838	100.198547	275.412573
-62.300624	100.096672	275.628410
-62.351413	99.990615	275.853107
-62.404204	99.880375	276.086664
-62.458998	99.765954	276.329081
-62.515794	99.647351	276.580359
-62.574593	99.524565	276.840496
-62.635395	99.397598	277.109493
-62.698200	99.266449	277.387351
-62.763007	99.131118	277.674068
-62.829817	98.991605	277.969646
-62.898629	98.847910	278.274083
-62.969444	98.700033	278.587381
-63.042262	98.547974	278.909538
-63.117082	98.391733	279.240556
-63.193905	98.231310	279.580434
-63.272731	98.066706	279.929172
-63.353559	97.897919	280.286770
-63.436390	97.724950	280.653228
-63.521223	97.547800	281.028546
-63.608060	97.366467	281.412724
-63.696899	97.180952	281.805762
-63.787740	96.991256	282.207660
-63.880584	96.797377	282.618418
-63.975431	96.599317	283.038037
-64.072281	96.397074	283.466515
-64.171133	96.190650	283.903853
-64.215913	96.097138	284.101970
-64.262697	95.999445	284.308947
-64.311483	95.897570	284.524784
-64.362271	95.791512	284.749481
-64.415062	95.681273	284.983038
-64.469856	95.566852	285.225456
-64.526653	95.448248	285.476733
-64.585452	95.325463	285.736870
-64.646254	95.198496	286.005868
-64.709058	95.067347	286.283725
-64.773865	94.932016	286.570442
-64.840675	94.792503	286.866020
-64.909487	94.648808	287.170457
-64.980302	94.500931	287.483755
-65.053120	94.348872	287.805913
-65.127940	94.192631	288.136930
-65.204763	94.032208	288.476808
-65.283589	93.867603	288.825546
-65.364417	93.698817	289.183144
-65.447248	93.525848	289.549602
-65.532082	93.348697	289.924920
-65.618918	93.167365	290.309098
-65.707757	92.981850	290.702136
-65.798598	92.792153	291.104034
-65.891443	92.598275	291.514793
-65.986289	92.400214	291.934411
-66.083139	92.197972	292.362889
-66.181991	91.991547	292.800228
-66.226772	91.898036	292.998345
-66.273555	91.800343	293.205322
-66.322341	91.698467	293.421159
-66.373129	91.592410	293.645856
-66.425921	91.482170	293.879413
-66.480714	91.367749	294.121830
-66.537511	91.249146	294.373107
-66.596310	91.126361	294.633244
-66.657112	90.999394	294.902242
-66.719916	90.868244	295.180099
-66.784723	90.732913	295.466817
-66.851533	90.593400	295.762394
-66.920346	90.449705	296.066832
-66.991161	90.301828	296.380129
-67.063978	90.149769	296.702287
-67.138799	89.993529	297.033305
-67.215622	89.833106	297.373183
-67.294447	89.668501	297.721920
-67.375275	89.499714	298.079518
-67.458106	89.326745	298.445976
-67.542940	89.149595	298.821294
-67.629776	88.968262	299.205472
-67.718615	88.782748	299.598511
-67.809457	88.593051	300.000409
-67.902301	88.399172	300.411167
-67.997148	88.201112	300.830785
-68.093997	87.998870	301.259264
-68.192849	87.792445	301.696602
-68.237630	87.698934	301.894719
-68.284413	87.601240	302.101696
-68.333199	87.499365	302.317533
-68.383988	87.393307	302.542230
-68.436779	87.283068	302.775787
-68.491573	87.168647	303.018204
-68.548369	87.050044	303.269481
-68.607168	86.927258	303.529619
-68.667970	86.800291	303.798616
-68.730775	86.669142	304.076473
-68.795582	86.533811	304.363191
-68.862391	86.394298	304.658768
-68.931204	86.250603	304.963206
-69.002019	86.102726	305.276504
-69.074837	85.950667	305.598661
-69.149657	85.794426	305.929679
-69.226480	85.634003	306.269557
-69.305305	85.469399	306.618295
-69.386134	85.300612	306.975893
-69.468965	85.127643	307.342351
-69.553798	84.950492	307.717669
