10.337062	236.829831	-45.071460
10.348790	236.756739	-45.099673
10.362500	236.679021	-45.136528
10.378195	236.596677	-45.182025
10.395874	236.509710	-45.236163
10.415539	236.418119	-45.298942
10.437191	236.321905	-45.370363
10.460831	236.221069	-45.450427
10.486461	236.115613	-45.539133
10.514080	236.005537	-45.636482
10.543691	235.890842	-45.742474
10.575294	235.771528	-45.857108
10.608890	235.647598	-45.980386
10.644481	235.519051	-46.112308
10.682067	235.385888	-46.252874
10.721649	235.248111	-46.402083
10.763229	235.105720	-46.559937
10.806807	234.958716	-46.726435
10.852384	234.807101	-46.901579
10.899962	234.650874	-47.085367
10.949541	234.490037	-47.277801
11.001122	234.324591	-47.478880
11.054707	234.154536	-47.688605
11.110296	233.979874	-47.906976
11.167890	233.800606	-48.133993
11.227490	233.616731	-48.369657
11.289097	233.428252	-48.613967
11.352713	233.235169	-48.866925
11.418337	233.037483	-49.128530
11.485971	232.835195	-49.398783
11.555616	232.628305	-49.677683
11.627272	232.416816	-49.965232
11.700941	232.200727	-50.261429
11.776624	231.980039	-50.566275
11.854321	231.754754	-50.879770
11.934033	231.524872	-51.201914
12.015761	231.290395	-51.532707
12.099505	231.051323	-51.872151
12.185268	230.807656	-52.220244
12.273049	230.559397	-52.576988
12.362849	230.306545	-52.942383
12.454670	230.049103	-53.316428
12.548511	229.787070	-53.699125
12.644375	229.520448	-54.090474
12.742260	229.249237	-54.490475
12.786672	229.126640	-54.672127
12.833106	228.999457	-54.862432
12.881565	228.867686	-55.061390
12.932048	228.731329	-55.269000
12.984556	228.590387	-55.485263
13.039088	228.444859	-55.710179
13.095646	228.294746	-55.943748
13.154229	228.140048	-56.185971
13.214839	227.980766	-56.436846
13.277474	227.816901	-56.696376
13.342136	227.648452	-56.964558
13.408825	227.475420	-57.241395
13.477542	227.297806	-57.526886
13.548285	227.115609	-57.821030
13.621057	226.928831	-58.123829
13.695857	226.737472	-58.435283
13.772685	226.541531	-58.755391
13.851541	226.341010	-59.084153
13.932427	226.135910	-59.421571
14.015342	225.926229	-59.767643
14.100287	225.711970	-60.122371
14.187262	225.493132	-60.485754
14.276267	225.269715	-60.857793
14.367302	225.041720	-61.238487
14.460368	224.809149	-61.627837
14.555465	224.572000	-62.025842
14.652594	224.330274	-62.432504
14.751754	224.083972	-62.847823
14.796745	223.972429	-63.036327
14.843768	223.856310	-63.233488
14.892823	223.735616	-63.439305
14.943911	223.610346	-63.653780
14.997030	223.480502	-63.876910
15.052182	223.346083	-64.108698
15.109367	223.207089	-64.349143
15.168585	223.063521	-64.598244
15.229835	222.915378	-64.856003
15.293118	222.762662	-65.122418
15.358434	222.605372	-65.397491
15.425784	222.443508	-65.681221
15.495166	222.277070	-65.973609
15.566582	222.106059	-66.274653
15.640031	221.930476	-66.584356
15.715514	221.750319	-66.902716
15.793031	221.565590	-67.229733
15.872581	221.376288	-67.565408
15.954166	221.182414	-67.909741
16.037784	220.983967	-68.262732
16.123437	220.780949	-68.624381
16.211123	220.573359	-68.994688
16.300844	220.361198	-69.373653
16.392600	220.144465	-69.761276
16.486390	219.923162	-70.157557
16.582214	219.697287	-70.562497
16.680074	219.466842	-70.976095
16.779968	219.231826	-71.398352
16.825238	219.125417	-71.589736
16.872543	219.014439	-71.789779
16.921883	218.898890	-71.998480
16.973259	218.778771	-72.215840
17.026669	218.654082	-72.441859
17.082114	218.524824	-72.676537
17.139595	218.390995	-72.919873
17.199111	218.252597	-73.171868
17.260662	218.109629	-73.432523
17.324249	217.962092	-73.701836
17.389871	217.809985	-73.979808
17.457528	217.653309	-74.266439
17.527221	217.492064	-74.561729
17.598949	217.326249	-74.865678
17.672713	217.155866	-75.178286
17.748512	216.980913	-75.499553
17.826347	216.801392	-75.829480
17.906217	216.617301	-76.168066
17.988124	216.428642	-76.515311
18.072066	216.235415	-76.871215
18.158043	216.037618	-77.235779
18.246057	215.835254	-77.609002
18.336106	215.628321	-77.990884
18.428192	215.416820	-78.381426
18.522313	215.200750	-78.780627
18.618470	214.980113	-79.188488
18.716663	214.754907	-79.605009
18.816893	214.525134	-80.030189
18.862302	214.421078	-80.222829
18.909748	214.312454	-80.424130
18.959229	214.199263	-80.634089
19.010747	214.081504	-80.852709
19.064301	213.959177	-81.079988
19.119891	213.832283	-81.315927
19.177518	213.700821	-81.560526
19.237180	213.564792	-81.813784
19.298879	213.424195	-82.075703
19.362614	213.279030	-82.346281
19.428385	213.129299	-82.625519
19.496192	212.975000	-82.913417
19.566036	212.816133	-83.209974
19.637916	212.652700	-83.515192
19.711832	212.484699	-83.829069
19.787785	212.312131	-84.151606
19.865774	212.134996	-84.482804
19.945799	211.953293	-84.822661
20.027861	211.767024	-85.171178
20.111959	211.576188	-85.528355
20.198093	211.380784	-85.894193
20.286264	211.180814	-86.268690
20.376471	210.976277	-86.651847
20.468715	210.767173	-87.043665
20.562995	210.553502	-87.444142
20.659312	210.335264	-87.853280
20.757665	210.112460	-88.271077
20.858055	209.885089	-88.697535
20.903534	209.782105	-88.890735
20.951049	209.674554	-89.092594
21.000601	209.562437	-89.303114
21.052189	209.445753	-89.522294
21.105814	209.324503	-89.750134
21.161476	209.198686	-89.986634
21.219174	209.068303	-90.231794
21.278909	208.933353	-90.485615
21.340680	208.793836	-90.748096
21.404488	208.649754	-91.019237
21.470332	208.501104	-91.299038
21.538213	208.347888	-91.587500
21.608131	208.190106	-91.884622
21.680085	208.027758	-92.190404
21.754076	207.860843	-92.504847
21.830103	207.689362	-92.827949
21.908167	207.513314	-93.159712
21.988268	207.332700	-93.500136
22.070405	207.147520	-93.849220
22.154579	206.957773	-94.206964
22.240789	206.763461	-94.573368
22.329037	206.564582	-94.948433
22.419321	206.361136	-95.332158
22.511641	206.153125	-95.724543
22.605998	205.940548	-96.125589
22.702392	205.723404	-96.535295
22.800823	205.501694	-96.953662
22.901290	205.275418	-97.380689
22.946803	205.172921	-97.574139
22.994352	205.065859	-97.776250
23.043939	204.954230	-97.987021
23.095562	204.838035	-98.206452
23.149222	204.717274	-98.434544
23.204918	204.591947	-98.671297
23.262651	204.462054	-98.916710
23.322421	204.327595	-99.170783
23.384228	204.188570	-99.433516
23.448071	204.044979	-99.704911
23.513951	203.896822	-99.984965
23.581868	203.744099	-100.273680
23.651821	203.586810	-100.571056
23.723811	203.424955	-100.877092
23.797838	203.258534	-101.191788
23.873902	203.087547	-101.515145
23.952002	202.911994	-101.847162
24.032139	202.731875	-102.187840
24.114313	202.547191	-102.537179
24.198524	202.357940	-102.895178
24.284771	202.164123	-103.261837
24.373055	201.965741	-103.637157
24.463376	201.762792	-104.021137
24.555734	201.555278	-104.413778
24.650128	201.343198	-104.815079
24.746559	201.126552	-105.225041
24.845027	200.905340	-105.643663
24.945531	200.679562	-106.070946
24.991061	200.577287	-106.264510
25.038627	200.470446	-106.466734
25.088230	200.359039	-106.677618
25.139870	200.243066	-106.897164
25.193547	200.122528	-107.125369
25.249260	199.997424	-107.362236
25.307010	199.867754	-107.607762
25.366797	199.733518	-107.861950
25.428620	199.594716	-108.124798
25.492481	199.451349	-108.396306
25.558378	199.303415	-108.676475
25.626312	199.150916	-108.965304
25.696283	198.993851	-109.262794
25.768290	198.832221	-109.568945
25.842334	198.666024	-109.883756
25.918415	198.495262	-110.207228
25.996533	198.319934	-110.539360
26.076688	198.140040	-110.880153
26.158879	197.955580	-111.229606
26.243107	197.766555	-111.587720
26.329372	197.572964	-111.954495
26.417674	197.374807	-112.329930
26.508013	197.172084	-112.714025
26.600388	196.964796	-113.106781
26.694800	196.752942	-113.508198
26.791249	196.536522	-113.918275
26.889735	196.315536	-114.337013
26.990257	196.089985	-114.764412
27.035795	195.987811	-114.958027
27.083369	195.881070	-115.160302
27.132980	195.769764	-115.371238
27.184628	195.653893	-115.590835
27.238312	195.533455	-115.819092
27.294034	195.408452	-116.056010
27.351792	195.278884	-116.301588
27.411587	195.144749	-116.555827
27.473419	195.006049	-116.818727
27.537287	194.862783	-117.090287
27.603192	194.714951	-117.370508
27.671135	194.562554	-117.659389
27.741114	194.405591	-117.956931
27.813129	194.244062	-118.263133
27.887182	194.077968	-118.577996
27.963271	193.907308	-118.901520
28.041397	193.732082	-119.233704
28.121560	193.552290	-119.574549
28.203760	193.367933	-119.924055
28.287997	193.179010	-120.282221
28.374270	192.985522	-120.649047
28.462580	192.787467	-121.024535
28.552927	192.584847	-121.408682
28.645311	192.377662	-121.801491
28.739731	192.165910	-122.202960
28.836189	191.949593	-122.613089
28.934683	191.728711	-123.031880
29.035214	191.503262	-123.459331
29.080755	191.401134	-123.652969
29.128333	191.294439	-123.855267
29.177948	191.183179	-124.066227
29.229599	191.067354	-124.285847
29.283288	190.946962	-124.514127
29.339013	190.822005	-124.751068
29.396775	190.692482	-124.996670
29.456574	190.558394	-125.250933
29.518409	190.419740	-125.513856
29.582282	190.276520	-125.785439
29.648191	190.128735	-126.065683
29.716137	189.976384	-126.354588
29.786120	189.819467	-126.652154
29.858140	189.657985	-126.958380
29.932196	189.491937	-127.273266
30.008289	189.321323	-127.596814
30.086419	189.146144	-127.929021
30.166586	188.966399	-128.269890
30.248790	188.782088	-128.619419
30.333031	188.593212	-128.977609
30.419308	188.399770	-129.344459
30.507622	188.201762	-129.719970
30.597973	187.999189	-130.104141
30.690361	187.792050	-130.496974
30.784785	187.580345	-130.898466
30.881247	187.364075	-131.308620
30.979745	187.143239	-131.727434
31.080280	186.917838	-132.154908
31.125823	186.815730	-132.348557
31.173402	186.709056	-132.550866
31.223019	186.597817	-132.761836
31.274672	186.482012	-132.981467
31.328363	186.361642	-133.209758
31.384090	186.236706	-133.446710
31.441853	186.107204	-133.692322
31.501654	185.973136	-133.946595
31.563491	185.834503	-134.209529
31.627366	185.691305	-134.481123
31.693277	185.543540	-134.761378
31.761225	185.391210	-135.050293
31.831209	185.234315	-135.347869
31.903231	185.072853	-135.654106
31.977289	184.906826	-135.969003
32.053384	184.736234	-136.292561
32.131516	184.561076	-136.624780
32.211685	184.381352	-136.965659
32.293890	184.197062	-137.315199
32.378133	184.008207	-137.673399
32.464412	183.814786	-138.040260
32.552728	183.616800	-138.415782
32.643081	183.414248	-138.799964
32.735470	183.207130	-139.192807
32.829897	182.995447	-139.594311
32.926360	182.779198	-140.004475
33.024860	182.558383	-140.423300
33.125397	182.333003	-140.850785
33.170941	182.230905	-141.044439
33.218521	182.124241	-141.246753
33.268139	182.013011	-141.457727
33.319793	181.897216	-141.677363
33.373484	181.776855	-141.905659
33.429212	181.651928	-142.142615
33.486977	181.522436	-142.388233
33.546778	181.388378	-142.642510
33.608616	181.249754	-142.905449
33.672491	181.106565	-143.177048
33.738403	180.958811	-143.457308
33.806352	180.806490	-143.746228
33.876338	180.649604	-144.043809
33.948360	180.488152	-144.350051
34.022419	180.322135	-144.664953
34.098515	180.151552	-144.988516
34.176648	179.976404	-145.320739
34.256818	179.796689	-145.661623
34.339024	179.612410	-146.011168
34.423267	179.423564	-146.369373
34.509547	179.230153	-146.736239
34.597864	179.032176	-147.111766
34.688218	178.829634	-147.495953
34.780608	178.622526	-147.888801
34.875036	178.410852	-148.290309
34.971500	178.194613	-148.700478
35.070001	177.973808	-149.119308
35.170538	177.748437	-149.546798
35.216082	177.646343	-149.740454
35.263663	177.539684	-149.942770
35.313281	177.428458	-150.153747
35.364936	177.312667	-150.373385
35.418627	177.192311	-150.601683
35.474356	177.067388	-150.838641
35.532121	176.937900	-151.084261
35.591923	176.803847	-151.338541
35.653761	176.665228	-151.601482
35.717637	176.522043	-151.873083
35.783549	176.374293	-152.153345
35.851498	176.221977	-152.442267
35.921484	176.065095	-152.739851
35.993507	175.903648	-153.046094
36.067566	175.737635	-153.360999
36.143663	175.567056	-153.684564
36.221796	175.391912	-154.016789
36.301966	175.212202	-154.357676
36.384173	175.027927	-154.707223
36.468417	174.839085	-155.065430
36.554697	174.645679	-155.432298
36.643014	174.447706	-155.807827
36.733368	174.245168	-156.192016
36.825759	174.038065	-156.584867
36.920187	173.826396	-156.986377
37.016651	173.610161	-157.396548
37.115153	173.389360	-157.815380
37.215691	173.163994	-158.242873
37.261235	173.061902	-158.436530
37.308816	172.955244	-158.638847
37.358434	172.844021	-158.849825
37.410089	172.728232	-159.069463
37.463781	172.607877	-159.297762
37.519509	172.482957	-159.534722
37.577275	172.353471	-159.780343
37.637077	172.219419	-160.034624
37.698916	172.080802	-160.297565
37.762791	171.937619	-160.569168
37.828704	171.789871	-160.849431
37.896653	171.637557	-161.138354
37.966639	171.480677	-161.435938
38.038662	171.319232	-161.742183
38.112722	171.153221	-162.057089
38.188818	170.982644	-162.380655
38.266952	170.807502	-162.712881
38.347122	170.627794	-163.053769
38.429329	170.443521	-163.403316
38.513573	170.254682	-163.761525
38.599854	170.061277	-164.128394
38.688171	169.863307	-164.503924
38.778525	169.660771	-164.888114
38.870916	169.453669	-165.280965
38.965344	169.242002	-165.682477
39.061809	169.025769	-166.092649
39.160310	168.804971	-166.511482
39.260849	168.579607	-166.938976
39.306393	168.477515	-167.132633
39.353974	168.370859	-167.334951
39.403593	168.259636	-167.545929
39.455247	168.143848	-167.765568
39.508939	168.023494	-167.993868
39.564668	167.898575	-168.230828
39.622433	167.769090	-168.476449
39.682235	167.635039	-168.730730
39.744074	167.496423	-168.993672
39.807950	167.353241	-169.265275
39.873863	167.205493	-169.545539
39.941812	167.053180	-169.834463
40.011798	166.896301	-170.132047
40.083821	166.734857	-170.438292
40.157881	166.568847	-170.753198
40.233978	166.398271	-171.076765
40.312111	166.223130	-171.408992
40.392281	166.043423	-171.749880
40.474489	165.859151	-172.099428
40.558732	165.670312	-172.457637
40.645013	165.476909	-172.824507
40.733331	165.278939	-173.200037
40.823685	165.076404	-173.584228
40.916076	164.869304	-173.977079
41.010504	164.657637	-174.378592
41.106969	164.441405	-174.788764
41.205471	164.220608	-175.207598
41.306009	163.995245	-175.635092
41.351554	163.893154	-175.828749
41.399135	163.786497	-176.031067
41.448753	163.675275	-176.242046
41.500408	163.559487	-176.461685
41.554100	163.439134	-176.689985
41.609828	163.314215	-176.926945
41.667594	163.184730	-177.172566
41.727396	163.050680	-177.426848
41.789235	162.912064	-177.689790
41.853111	162.768883	-177.961393
41.919023	162.621136	-178.241657
41.986973	162.468823	-178.530581
42.056959	162.311945	-178.828166
42.128982	162.150501	-179.134411
42.203042	161.984491	-179.449317
42.279139	161.813916	-179.772884
42.357272	161.638775	-180.105111
42.437442	161.459068	-180.445999
42.519650	161.274796	-180.795548
42.603894	161.085959	-181.153757
42.690174	160.892555	-181.520627
42.778492	160.694586	-181.896157
42.868846	160.492052	-182.280349
42.961238	160.284951	-182.673200
43.055666	160.073285	-183.074713
43.152130	159.857054	-183.484886
43.250632	159.636257	-183.903719
43.351170	159.410894	-184.331213
43.396715	159.308803	-184.524871
43.444296	159.202147	-184.727189
43.493914	159.090925	-184.938168
43.545569	158.975138	-185.157807
43.599261	158.854785	-185.386107
43.654990	158.729866	-185.623067
43.712755	158.600381	-185.868688
43.772557	158.466331	-186.122970
43.834396	158.327716	-186.385913
43.898272	158.184534	-186.657516
43.964185	158.036787	-186.937779
44.032134	157.884475	-187.226704
44.102121	157.727597	-187.524289
44.174144	157.566153	-187.830534
44.248204	157.400143	-188.145440
44.324300	157.229568	-188.469007
44.402434	157.054428	-188.801235
44.482604	156.874721	-189.142123
44.564811	156.690449	-189.491671
44.649055	156.501612	-189.849881
44.735336	156.308209	-190.216751
44.823654	156.110240	-190.592281
44.914008	155.907705	-190.976472
45.006399	155.700605	-191.369324
45.100827	155.488940	-191.770837
45.197292	155.272708	-192.181010
45.295794	155.051911	-192.599843
45.396332	154.826549	-193.027338
45.441877	154.724458	-193.220995
45.489458	154.617802	-193.423313
45.539076	154.506580	-193.634292
45.590731	154.390793	-193.853931
45.644423	154.270440	-194.082231
45.700152	154.145521	-194.319192
45.757917	154.016037	-194.564813
45.817719	153.881987	-194.819095
45.879558	153.743371	-195.082037
45.943434	153.600190	-195.353641
46.009347	153.452443	-195.633904
46.077296	153.300131	-195.922829
46.147283	153.143253	-196.220414
46.219306	152.981809	-196.526659
46.293366	152.815800	-196.841565
46.369462	152.645225	-197.165132
46.447596	152.470084	-197.497360
46.527766	152.290378	-197.838248
46.609974	152.106106	-198.187797
46.694217	151.917268	-198.546006
46.780498	151.723865	-198.912876
46.868816	151.525897	-199.288407
46.959170	151.323362	-199.672598
47.051562	151.116262	-200.065450
47.145990	150.904597	-200.466962
47.242454	150.688365	-200.877135
47.340956	150.467569	-201.295969
47.441495	150.242206	-201.723463
47.487039	150.140116	-201.917121
47.534620	150.033459	-202.119439
47.584239	149.922238	-202.330418
47.635894	149.806450	-202.550057
47.689585	149.686097	-202.778357
47.745314	149.561179	-203.015318
47.803079	149.431694	-203.260939
47.862882	149.297644	-203.515221
47.924721	149.159029	-203.778163
47.988597	149.015848	-204.049766
48.054509	148.868101	-204.330030
48.122459	148.715788	-204.618954
48.192445	148.558910	-204.916539
48.264468	148.397467	-205.222785
48.338528	148.231457	-205.537691
48.414625	148.060882	-205.861258
48.492758	147.885742	-206.193486
48.572929	147.706036	-206.534374
48.655136	147.521764	-206.883923
48.739380	147.332926	-207.242132
48.825661	147.139523	-207.609002
48.913978	146.941555	-207.984533
49.004333	146.739020	-208.368724
49.096724	146.531920	-208.761576
49.191152	146.320255	-209.163088
49.287617	146.104024	-209.573261
49.386118	145.883227	-209.992095
49.486657	145.657864	-210.419590
49.532201	145.555774	-210.613247
49.579783	145.449118	-210.815565
49.629401	145.337896	-211.026544
49.681056	145.222109	-211.246183
49.734748	145.101756	-211.474483
49.790476	144.976837	-211.711444
49.848242	144.847353	-211.957065
49.908044	144.713303	-212.211347
49.969883	144.574687	-212.474289
50.033759	144.431506	-212.745893
50.099672	144.283759	-213.026156
50.167621	144.131447	-213.315081
50.237607	143.974569	-213.612666
50.309630	143.813125	-213.918911
50.383690	143.647116	-214.233818
50.459787	143.476541	-214.557384
50.537921	143.301401	-214.889612
50.618091	143.121694	-215.230500
50.700298	142.937423	-215.580049
50.784542	142.748585	-215.938258
50.870823	142.555182	-216.305128
50.959141	142.357213	-216.680659
51.049495	142.154679	-217.064850
51.141886	141.947579	-217.457702
51.236314	141.735914	-217.859215
51.332779	141.519683	-218.269388
51.431281	141.298886	-218.688221
51.531819	141.073523	-219.115716
51.577364	140.971433	-219.309373
51.624945	140.864777	-219.511691
51.674563	140.753555	-219.722670
51.726218	140.637768	-219.942310
51.779910	140.517415	-220.170610
51.835639	140.392496	-220.407570
51.893404	140.263012	-220.653191
51.953206	140.128962	-220.907473
52.015045	139.990346	-221.170416
52.078921	139.847165	-221.442019
52.144834	139.699418	-221.722283
52.212783	139.547106	-222.011207
52.282770	139.390228	-222.308792
52.354793	139.228784	-222.615038
52.428853	139.062775	-222.929944
52.504949	138.892200	-223.253511
52.583083	138.717060	-223.585738
52.663253	138.537353	-223.926627
52.745460	138.353082	-224.276175
52.829704	138.164244	-224.634385
52.915985	137.970841	-225.001255
53.004303	137.772873	-225.376785
53.094657	137.570338	-225.760977
53.187049	137.363238	-226.153829
53.281477	137.151573	-226.555341
53.377941	136.935342	-226.965514
53.476443	136.714545	-227.384348
53.576982	136.489182	-227.811842
53.622526	136.387092	-228.005500
53.670108	136.280436	-228.207818
53.719726	136.169214	-228.418797
53.771381	136.053427	-228.638436
53.825072	135.933074	-228.866736
53.880801	135.808155	-229.103697
53.938566	135.678671	-229.349318
53.998369	135.544621	-229.603600
54.060208	135.406005	-229.866542
54.124084	135.262824	-230.138146
54.189996	135.115077	-230.418409
54.257946	134.962765	-230.707334
54.327932	134.805887	-231.004919
54.399955	134.644443	-231.311164
54.474015	134.478434	-231.626071
54.550112	134.307859	-231.949637
54.628245	134.132719	-232.281865
54.708416	133.953013	-232.622753
54.790623	133.768741	-232.972302
54.874867	133.579903	-233.330511
54.961148	133.386500	-233.697381
55.049465	133.188532	-234.072912
55.139820	132.985997	-234.457103
55.232211	132.778898	-234.849955
55.326639	132.567232	-235.251468
55.423104	132.351001	-235.661641
55.521606	132.130204	-236.080475
55.622144	131.904842	-236.507969
55.667689	131.802751	-236.701626
55.715270	131.696095	-236.903945
55.764888	131.584873	-237.114923
55.816543	131.469086	-237.334563
55.870235	131.348733	-237.562863
55.925963	131.223814	-237.799823
55.983729	131.094330	-238.045445
56.043531	130.960280	-238.299726
56.105370	130.821665	-238.562669
56.169246	130.678483	-238.834272
56.235159	130.530737	-239.114536
56.303108	130.378424	-239.403460
56.373094	130.221546	-239.701045
56.445118	130.060103	-240.007291
56.519177	129.894093	-240.322197
56.595274	129.723518	-240.645764
56.673408	129.548378	-240.977992
56.753578	129.368672	-241.318880
56.835785	129.184400	-241.668428
56.920029	128.995563	-242.026638
57.006310	128.802160	-242.393508
57.094628	128.604191	-242.769039
57.184982	128.401657	-243.153230
57.277373	128.194557	-243.546082
57.371801	127.982891	-243.947594
57.468266	127.766660	-244.357767
57.566768	127.545863	-244.776601
57.667306	127.320501	-245.204096
57.712851	127.218410	-245.397753
57.760432	127.111754	-245.600071
57.810051	127.000533	-245.811050
57.861705	126.884745	-246.030689
57.915397	126.764392	-246.258989
57.971126	126.639473	-246.495950
58.028891	126.509989	-246.741571
58.088694	126.375939	-246.995853
58.150533	126.237324	-247.258796
58.214408	126.094143	-247.530399
58.280321	125.946396	-247.810662
58.348271	125.794084	-248.099587
58.418257	125.637206	-248.397172
58.490280	125.475762	-248.703417
58.564340	125.309753	-249.018324
58.640437	125.139178	-249.341891
58.718570	124.964037	-249.674118
58.798741	124.784331	-250.015006
58.880948	124.600059	-250.364555
58.965192	124.411222	-250.722764
59.051472	124.217819	-251.089634
59.139790	124.019850	-251.465165
59.230145	123.817316	-251.849356
59.322536	123.610216	-252.242208
59.416964	123.398551	-252.643721
59.513429	123.182319	-253.053894
59.611930	122.961523	-253.472728
59.712469	122.736160	-253.900222
59.758013	122.634070	-254.093880
59.805595	122.527414	-254.296198
59.855213	122.416192	-254.507177
59.906868	122.300404	-254.726816
59.960560	122.180051	-254.955116
60.016288	122.055133	-255.192076
60.074054	121.925649	-255.437698
60.133856	121.791599	-255.691980
60.195695	121.652983	-255.954922
60.259571	121.509802	-256.226525
60.325483	121.362055	-256.506789
60.393433	121.209743	-256.795713
60.463419	121.052865	-257.093298
60.535442	120.891421	-257.399544
60.609502	120.725412	-257.714450
60.685599	120.554837	-258.038017
60.763733	120.379696	-258.370245
60.843903	120.199990	-258.711133
60.926110	120.015719	-259.060682
61.010354	119.826881	-259.418891
61.096635	119.633478	-259.785761
61.184953	119.435509	-260.161292
61.275307	119.232975	-260.545483
61.367698	119.025875	-260.938335
61.462126	118.814210	-261.339847
61.558591	118.597979	-261.750021
61.657093	118.377182	-262.168854
61.757631	118.151819	-262.596349
61.803176	118.049729	-262.790006
61.850757	117.943073	-262.992324
61.900375	117.831851	-263.203303
61.952030	117.716064	-263.422942
62.005722	117.595711	-263.651242
62.061451	117.470792	-263.888203
62.119216	117.341308	-264.133824
62.179018	117.207258	-264.388106
62.240857	117.068642	-264.651049
62.304733	116.925461	-264.922652
62.370646	116.777714	-265.202916
62.438595	116.625402	-265.491840
62.508582	116.468524	-265.789425
62.580605	116.307080	-266.095671
62.654665	116.141071	-266.410577
62.730761	115.970496	-266.734144
62.808895	115.795356	-267.066371
62.889065	115.615650	-267.407259
62.971273	115.431378	-267.756808
63.055516	115.242540	-268.115018
63.141797	115.049137	-268.481888
63.230115	114.851169	-268.857418
63.320469	114.648635	-269.241610
63.412861	114.441535	-269.634461
63.507289	114.229869	-270.035974
63.603754	114.013638	-270.446147
63.702255	113.792841	-270.864981
63.802794	113.567479	-271.292475
63.848338	113.465388	-271.486133
63.895920	113.358732	-271.688451
63.945538	113.247510	-271.899430
63.997193	113.131723	-272.119069
64.050884	113.011370	-272.347369
64.106613	112.886451	-272.584330
64.164379	112.756967	-272.829951
64.224181	112.622917	-273.084233
64.286020	112.484302	-273.347175
64.349896	112.341121	-273.618778
64.415808	112.193374	-273.899042
64.483758	112.041061	-274.187967
64.553744	111.884183	-274.485552
64.625767	111.722740	-274.791797
64.699827	111.556730	-275.106704
64.775924	111.386156	-275.430270
64.854057	111.211015	-275.762498
64.934228	111.031309	-276.103386
65.016435	110.847037	-276.452935
65.100679	110.658200	-276.811144
65.186960	110.464797	-277.178014
65.275277	110.266828	-277.553545
65.365632	110.064294	-277.937736
65.458023	109.857194	-278.330588
65.552451	109.645528	-278.732101
65.648916	109.429297	-279.142274
65.747418	109.208500	-279.561108
65.847956	108.983138	-279.988602
65.893501	108.881048	-280.182259
65.941082	108.774391	-280.384578
65.990700	108.663170	-280.595556
66.042355	108.547382	-280.815196
66.096047	108.427029	-281.043496
66.151775	108.302111	-281.280456
66.209541	108.172626	-281.526078
66.269343	108.038576	-281.780359
66.331182	107.899961	-282.043302
66.395058	107.756780	-282.314905
66.460971	107.609033	-282.595169
66.528920	107.456721	-282.884093
66.598906	107.299843	-283.181678
66.670930	107.138399	-283.487924
66.744989	106.972390	-283.802830
66.821086	106.801815	-284.126397
66.899220	106.626674	-284.458625
66.979390	106.446968	-284.799513
67.061597	106.262696	-285.149061
67.145841	106.073859	-285.507271
67.232122	105.880456	-285.874141
67.320440	105.682487	-286.249672
67.410794	105.479953	-286.633863
67.503185	105.272853	-287.026715
67.597613	105.061188	-287.428227
67.694078	104.844957	-287.838400
67.792580	104.624160	-288.257234
67.893118	104.398797	-288.684729
67.938663	104.296707	-288.878386
67.986244	104.190051	-289.080704
68.035863	104.078829	-289.291683
68.087518	103.963042	-289.511322
68.141209	103.842689	-289.739622
68.196938	103.717770	-289.976583
68.254703	103.588286	-290.222204
68.314506	103.454236	-290.476486
68.376345	103.315620	-290.739429
68.440220	103.172439	-291.011032
68.506133	103.024692	-291.291295
68.574083	102.872380	-291.580220
68.644069	102.715502	-291.877805
68.716092	102.554058	-292.184050
68.790152	102.388049	-292.498957
68.866249	102.217474	-292.822524
68.944382	102.042334	-293.154751
69.024553	101.862627	-293.495639
69.106760	101.678356	-293.845188
69.191004	101.489518	-294.203397
69.277285	101.296115	-294.570267
69.365602	101.098147	-294.945798
69.455957	100.895612	-295.329989
69.548348	100.688512	-295.722841
69.642776	100.476847	-296.124354
69.739241	100.260616	-296.534527
69.837742	100.039819	-296.953361
69.938281	99.814457	-297.380855
69.983825	99.712366	-297.574513
70.031407	99.605710	-297.776831
70.081025	99.494488	-297.987810
70.132680	99.378701	-298.207449
70.186372	99.258348	-298.435749
70.242100	99.133429	-298.672710
70.299866	99.003945	-298.918331
70.359668	98.869895	-299.172613
70.421507	98.731280	-299.435555
70.485383	98.588098	-299.707158
70.551296	98.440352	-299.987422
70.619245	98.288039	-300.276346
70.689231	98.131161	-300.573931
70.761254	97.969718	-300.880177
70.835314	97.803708	-301.195083
70.911411	97.633133	-301.518650
70.989545	97.457993	-301.850878
71.069715	97.278287	-302.191766
71.151922	97.094015	-302.541315
71.236166	96.905178	-302.899524
71.322447	96.711775	-303.266394
71.410765	96.513806	-303.641925
71.501119	96.311272	-304.026116
71.593510	96.104172	-304.418968
71.687938	95.892506	-304.820480
71.784403	95.676275	-305.230654
71.882905	95.455478	-305.649487
71.983443	95.230116	-306.076982
72.028988	95.128025	-306.270639
72.076569	95.021369	-306.472957
72.126187	94.910148	-306.683936
72.177842	94.794360	-306.903576
72.231534	94.674007	-307.131876
72.287263	94.549089	-307.368836
72.345028	94.419604	-307.614457
72.404830	94.285554	-307.868739
72.466669	94.146939	-308.131682
72.530545	94.003758	-308.403285
72.596458	93.856011	-308.683549
72.664407	93.703699	-308.972473
72.734394	93.546821	-309.270058
72.806417	93.385377	-309.576304
72.880477	93.219368	-309.891210
72.956573	93.048793	-310.214777
73.034707	92.873652	-310.547004
73.114877	92.693946	-310.887892
73.197085	92.509674	-311.237441
73.281329	92.320837	-311.595651
73.367609	92.127434	-311.962521
73.455927	91.929465	-312.338051
73.546281	91.726931	-312.722243
73.638673	91.519831	-313.115095
73.733101	91.308166	-313.516607
73.829566	91.091934	-313.926780
73.928067	90.871138	-314.345614
74.028606	90.645775	-314.773108
74.074150	90.543685	-314.966766
74.121732	90.437029	-315.169084
74.171350	90.325807	-315.380063
74.223005	90.210019	-315.599702
74.276697	90.089666	-315.828002
74.332425	89.964748	-316.064963
74.390191	89.835264	-316.310584
74.449993	89.701214	-316.564866
74.511832	89.562598	-316.827808
74.575708	89.419417	-317.099412
74.641620	89.271670	-317.379675
74.709570	89.119358	-317.668600
74.779556	88.962480	-317.966185
74.851579	88.801036	-318.272430
74.925639	88.635027	-318.587337
