-42.382079	211.612115	10.787724
-42.435460	211.546729	10.795218
-42.497633	211.477137	10.804948
-42.568599	211.403339	10.816915
-42.648358	211.325335	10.831115
-42.736912	211.243127	10.847549
-42.834259	211.156714	10.866215
-42.940402	211.066099	10.887112
-43.055340	210.971280	10.910239
-43.179075	210.872259	10.935595
-43.311606	210.769037	10.963180
-43.452935	210.661614	10.992990
-43.603062	210.549991	11.025027
-43.761987	210.434168	11.059289
-43.929712	210.314147	11.095774
-44.106236	210.189927	11.134481
-44.291561	210.061511	11.175411
-44.485687	209.928897	11.218561
-44.688614	209.792087	11.263930
-44.900343	209.651082	11.311519
-45.120875	209.505882	11.361324
-45.350210	209.356488	11.413347
-45.588349	209.202901	11.467585
-45.835292	209.045121	11.524037
-46.091040	208.883149	11.582704
-46.355594	208.716985	11.643583
-46.628953	208.546631	11.706674
-46.911119	208.372087	11.771977
-47.202092	208.193353	11.839489
-47.501873	208.010431	11.909210
-47.810462	207.823321	11.981140
-48.127859	207.632023	12.055277
-48.454066	207.436539	12.131621
-48.789083	207.236869	12.210170
-49.132910	207.033014	12.290925
-49.485548	206.824974	12.373883
-49.846997	206.612750	12.459045
-50.217259	206.396343	12.546409
-50.596332	206.175754	12.635975
-50.984219	205.950982	12.727742
-51.380919	205.722030	12.821709
-51.786433	205.488897	12.917876
-52.200762	205.251584	13.016241
-52.623905	205.010093	13.116805
-52.814249	204.901838	13.162086
-53.013407	204.789405	13.209565
-53.221382	204.672795	13.259240
-53.438173	204.552007	13.311112
-53.663781	204.427042	13.365180
-53.898205	204.297900	13.421443
-54.141445	204.164582	13.479903
-54.393503	204.027087	13.540557
-54.654378	203.885417	13.603406
-54.924071	203.739571	13.668450
-55.202581	203.589550	13.735689
-55.489910	203.435354	13.805121
-55.786056	203.276983	13.876747
-56.091021	203.114438	13.950567
-56.404804	202.947719	14.026580
-56.727406	202.776826	14.104787
-57.058827	202.601760	14.185186
-57.399068	202.422521	14.267777
-57.748127	202.239109	14.352561
-58.106007	202.051525	14.439536
-58.472706	201.859768	14.528704
-58.848225	201.663840	14.620063
-59.232565	201.463740	14.713613
-59.625725	201.259469	14.809355
-60.027705	201.051027	14.907287
-60.438507	200.838415	15.007409
-60.858130	200.621632	15.109722
-61.286573	200.400680	15.214226
-61.480860	200.300653	15.261632
-61.683968	200.196457	15.311228
-61.895898	200.088091	15.363013
-62.116650	199.975557	15.416989
-62.346224	199.858853	15.473154
-62.584619	199.737981	15.531508
-62.831837	199.612940	15.592051
-63.087877	199.483730	15.654784
-63.352738	199.350352	15.719706
-63.626423	199.212805	15.786818
-63.908929	199.071091	15.856118
-64.200258	198.925208	15.927607
-64.500410	198.775158	16.001285
-64.809385	198.620939	16.077151
-65.127182	198.462554	16.155207
-65.453802	198.300000	16.235450
-65.789245	198.133280	16.317883
-66.133511	197.962392	16.402503
-66.486600	197.787338	16.489312
-66.848512	197.608116	16.578310
-67.219248	197.424728	16.669495
-67.598807	197.237174	16.762869
-67.987189	197.045453	16.858430
-68.384395	196.849565	16.956180
-68.790425	196.649512	17.056117
-69.205279	196.445292	17.158242
-69.628956	196.236907	17.262555
-70.061457	196.024356	17.369055
-70.257438	195.928118	17.417321
-70.462244	195.827715	17.467774
-70.675873	195.723146	17.520415
-70.898326	195.614411	17.575243
-71.129604	195.501512	17.632259
-71.369706	195.384447	17.691462
-71.618632	195.263217	17.752852
-71.876382	195.137822	17.816430
-72.142957	195.008262	17.882195
-72.418355	194.874537	17.950147
-72.702579	194.736648	18.020287
-72.995627	194.594593	18.092614
-73.297499	194.448374	18.167128
-73.608195	194.297990	18.243830
-73.927717	194.143442	18.322718
-74.256063	193.984729	18.403794
-74.593233	193.821851	18.487057
-74.939228	193.654810	18.572507
-75.294048	193.483604	18.660144
-75.657693	193.308233	18.749968
-76.030162	193.128699	18.841979
-76.411456	192.945000	18.936177
-76.801575	192.757138	19.032562
-77.200519	192.565111	19.131134
-77.608288	192.368920	19.231893
-78.024881	192.168566	19.334838
-78.450300	191.964048	19.439971
-78.884544	191.755366	19.547290
-79.081277	191.660857	19.595914
-79.286835	191.562185	19.646724
-79.501218	191.459350	19.699721
-79.724427	191.352351	19.754905
-79.956460	191.241188	19.812275
-80.197319	191.125862	19.871832
-80.447003	191.006372	19.933577
-80.705512	190.882719	19.997507
-80.972847	190.754903	20.063625
-81.249006	190.622923	20.131929
-81.533991	190.486780	20.202420
-81.827801	190.346474	20.275098
-82.130436	190.202004	20.349963
-82.441897	190.053371	20.427014
-82.762183	189.900575	20.506252
-83.091294	189.743616	20.587676
-83.429231	189.582493	20.671288
-83.775993	189.417208	20.757086
-84.131580	189.247759	20.845070
-84.495993	189.074148	20.935241
-84.869231	188.896373	21.027599
-85.251295	188.714436	21.122144
-85.642184	188.528335	21.218875
-86.041898	188.338071	21.317792
-86.450438	188.143645	21.418897
-86.867804	187.945056	21.522188
-87.293995	187.742304	21.627665
-87.729011	187.535389	21.735329
-87.926083	187.441668	21.784104
-88.131980	187.343784	21.835066
-88.346703	187.241737	21.888214
-88.570252	187.135528	21.943549
-88.802626	187.025155	22.001071
-89.043826	186.910621	22.060779
-89.293851	186.791923	22.122673
-89.552702	186.669063	22.186754
-89.820378	186.542040	22.253022
-90.096880	186.410855	22.321476
-90.382208	186.275506	22.392117
-90.676362	186.135996	22.464944
-90.979341	185.992322	22.539958
-91.291145	185.844487	22.617159
-91.611775	185.692488	22.696546
-91.941231	185.536327	22.778119
-92.279513	185.376004	22.861879
-92.626620	185.211518	22.947826
-92.982553	185.042869	23.035959
-93.347312	184.870058	23.126278
-93.720896	184.693085	23.218784
-94.103306	184.511949	23.313477
-94.494542	184.326651	23.410356
-94.894604	184.137190	23.509422
-95.303491	183.943567	23.610674
-95.721204	183.745781	23.714112
-96.147743	183.543833	23.819737
-96.583107	183.337723	23.927549
-96.780333	183.244359	23.976389
-96.986384	183.146834	24.027416
-97.201261	183.045145	24.080630
-97.424964	182.939295	24.136030
-97.657492	182.829282	24.193616
-97.898847	182.715107	24.253389
-98.149027	182.596770	24.315348
-98.408032	182.474270	24.379494
-98.675864	182.347608	24.445827
-98.952522	182.216784	24.514345
-99.238005	182.081797	24.585051
-99.532314	181.942648	24.657943
-99.835449	181.799337	24.733021
-100.147409	181.651863	24.810286
-100.468196	181.500228	24.889737
-100.797808	181.344430	24.971375
-101.136246	181.184470	25.055199
-101.483510	181.020347	25.141210
-101.839600	180.852062	25.229407
-102.204515	180.679615	25.319791
-102.578257	180.503006	25.412361
-102.960824	180.322235	25.507117
-103.352217	180.137301	25.604061
-103.752436	179.948206	25.703190
-104.161480	179.754948	25.804506
-104.579351	179.557528	25.908009
-105.006047	179.355945	26.013698
-105.441570	179.150201	26.121573
-105.638865	179.057000	26.170442
-105.844986	178.959637	26.221497
-106.059933	178.858112	26.274739
-106.283706	178.752425	26.330167
-106.516305	178.642575	26.387782
-106.757730	178.528564	26.447583
-107.007980	178.410390	26.509570
-107.267056	178.288054	26.573744
-107.534959	178.161556	26.640105
-107.811687	178.030896	26.708652
-108.097241	177.896073	26.779385
-108.391621	177.757089	26.852305
-108.694826	177.613942	26.927411
-109.006858	177.466634	27.004704
-109.327715	177.315163	27.084184
-109.657399	177.159530	27.165849
-109.995908	176.999735	27.249702
-110.343243	176.835778	27.335740
-110.699404	176.667659	27.423965
-111.064391	176.495377	27.514377
-111.438204	176.318934	27.606975
-111.820842	176.138328	27.701760
-112.212307	175.953560	27.798731
-112.612597	175.764631	27.897888
-113.021714	175.571539	27.999232
-113.439656	175.374285	28.102763
-113.866424	175.172869	28.208480
-114.302018	174.967291	28.316383
-114.499345	174.874164	28.365264
-114.705498	174.776875	28.416332
-114.920477	174.675424	28.469586
-115.144282	174.569811	28.525026
-115.376913	174.460035	28.582653
-115.618370	174.346098	28.642467
-115.868652	174.227999	28.704466
-116.127761	174.105737	28.768653
-116.395695	173.979314	28.835026
-116.672456	173.848728	28.903585
-116.958042	173.713981	28.974331
-117.252454	173.575071	29.047263
-117.555692	173.431999	29.122381
-117.867756	173.284766	29.199687
-118.188646	173.133370	29.279178
-118.518361	172.977812	29.360856
-118.856903	172.818092	29.444721
-119.204271	172.654210	29.530772
-119.560464	172.486166	29.619009
-119.925483	172.313960	29.709433
-120.299329	172.137592	29.802044
-120.682000	171.957061	29.896840
-121.073497	171.772369	29.993824
-121.473820	171.583515	30.092993
-121.882969	171.390499	30.194350
-122.300944	171.193320	30.297892
-122.727745	170.991980	30.403622
-123.163371	170.786477	30.511537
-123.360713	170.693384	30.560424
-123.566881	170.596129	30.611497
-123.781874	170.494711	30.664756
-124.005694	170.389132	30.720202
-124.238339	170.279391	30.777834
-124.479810	170.165487	30.837653
-124.730108	170.047422	30.899659
-124.989231	169.925194	30.963850
-125.257180	169.798805	31.030229
-125.533955	169.668253	31.098793
-125.819556	169.533539	31.169544
-126.113983	169.394664	31.242482
-126.417235	169.251626	31.317606
-126.729314	169.104426	31.394917
-127.050219	168.953065	31.474414
-127.379949	168.797541	31.556097
-127.718506	168.637855	31.639967
-128.065888	168.474007	31.726023
-128.422096	168.305997	31.814266
-128.787130	168.133826	31.904696
-129.160991	167.957492	31.997311
-129.543677	167.776996	32.092114
-129.935189	167.592338	32.189102
-130.335526	167.403518	32.288278
-130.744690	167.210536	32.389639
-131.162680	167.013392	32.493187
-131.589496	166.812086	32.598922
-132.025137	166.606618	32.706843
-132.222486	166.513540	32.755732
-132.428660	166.416300	32.806807
-132.643660	166.314898	32.860069
-132.867486	166.209334	32.915517
-133.100138	166.099608	32.973152
-133.341616	165.985720	33.032973
-133.591920	165.867670	33.094981
-133.851050	165.745458	33.159175
-134.119006	165.619083	33.225556
-134.395787	165.488547	33.294123
-134.681395	165.353849	33.364876
-134.975829	165.214989	33.437816
-135.279088	165.071967	33.512943
-135.591173	164.924783	33.590256
-135.912085	164.773436	33.669755
-136.241822	164.617928	33.751441
-136.580385	164.458258	33.835313
-136.927774	164.294426	33.921372
-137.283989	164.126431	34.009617
-137.649030	163.954275	34.100049
-138.022897	163.777957	34.192667
-138.405590	163.597477	34.287472
-138.797109	163.412834	34.384463
-139.197453	163.224030	34.483641
-139.606624	163.031064	34.585005
-140.024621	162.833935	34.688555
-140.451443	162.632645	34.794292
-140.887091	162.427193	34.902216
-141.084443	162.334122	34.951106
-141.290620	162.236889	35.002182
-141.505623	162.135494	35.055445
-141.729452	162.029937	35.110894
-141.962107	161.920217	35.168530
-142.203588	161.806336	35.228352
-142.453895	161.688293	35.290361
-142.713028	161.566088	35.354556
-142.980987	161.439721	35.420938
-143.257772	161.309192	35.489506
-143.543382	161.174501	35.560261
-143.837819	161.035648	35.633202
-144.141082	160.892633	35.708329
-144.453170	160.745456	35.785643
-144.774084	160.594116	35.865144
-145.103825	160.438615	35.946831
-145.442391	160.278952	36.030704
-145.789783	160.115127	36.116764
-146.146001	159.947140	36.205010
-146.511045	159.774991	36.295443
-146.884915	159.598679	36.388062
-147.267611	159.418206	36.482868
-147.659133	159.233571	36.579860
-148.059481	159.044774	36.679039
-148.468655	158.851815	36.780404
-148.886654	158.654694	36.883956
-149.313480	158.453410	36.989694
-149.749131	158.247965	37.097618
-149.946484	158.154897	37.146509
-150.152663	158.057667	37.197586
-150.367667	157.956276	37.250849
-150.591498	157.850722	37.306299
-150.824154	157.741006	37.363935
-151.065637	157.627128	37.423758
-151.315945	157.509088	37.485767
-151.575079	157.386886	37.549963
-151.843039	157.260522	37.616345
-152.119826	157.129996	37.684913
-152.405438	156.995308	37.755669
-152.699876	156.856459	37.828610
-153.003140	156.713447	37.903738
-153.315229	156.566273	37.981053
-153.636145	156.414937	38.060554
-153.965887	156.259439	38.142241
-154.304455	156.099779	38.226115
-154.651848	155.935957	38.312175
-155.008068	155.767973	38.400422
-155.373113	155.595827	38.490855
-155.746985	155.419519	38.583475
-156.129682	155.239049	38.678281
-156.521205	155.054417	38.775274
-156.921554	154.865623	38.874453
-157.330729	154.672667	38.975818
-157.748731	154.475550	39.079370
-158.175558	154.274270	39.185109
-158.611210	154.068828	39.293034
-158.808564	153.975761	39.341925
-159.014743	153.878533	39.393002
-159.229748	153.777142	39.446265
-159.453579	153.671590	39.501715
-159.686237	153.561876	39.559352
-159.927720	153.447999	39.619175
-160.178029	153.329961	39.681184
-160.437163	153.207760	39.745380
-160.705124	153.081398	39.811763
-160.981911	152.950873	39.880331
-161.267524	152.816187	39.951087
-161.561962	152.677339	40.024028
-161.865227	152.534328	40.099157
-162.177317	152.387156	40.176471
-162.498234	152.235821	40.255972
-162.827976	152.080325	40.337660
-163.166545	151.920666	40.421534
-163.513939	151.756846	40.507595
-163.870159	151.588863	40.595842
-164.235205	151.416719	40.686275
-164.609077	151.240413	40.778895
-164.991775	151.059944	40.873701
-165.383299	150.875314	40.970694
-165.783649	150.686521	41.069874
-166.192825	150.493567	41.171239
-166.610826	150.296450	41.274792
-167.037654	150.095172	41.380530
-167.473307	149.889731	41.488456
-167.670661	149.796665	41.537346
-167.876841	149.699438	41.588424
-168.091846	149.598048	41.641687
-168.315678	149.492496	41.697137
-168.548335	149.382782	41.754774
-168.789818	149.268907	41.814597
-169.040128	149.150869	41.876607
-169.299263	149.028669	41.940803
-169.567224	148.902307	42.007185
-169.844011	148.771784	42.075754
-170.129624	148.637098	42.146509
-170.424063	148.498250	42.219451
-170.727328	148.355240	42.294580
-171.039419	148.208069	42.371894
-171.360335	148.056735	42.451396
-171.690078	147.901239	42.533083
-172.028647	147.741581	42.616957
-172.376041	147.577762	42.703018
-172.732262	147.409780	42.791265
-173.097308	147.237636	42.881699
-173.471180	147.061330	42.974319
-173.853879	146.880862	43.069125
-174.245403	146.696233	43.166118
-174.645753	146.507441	43.265298
-175.054929	146.314487	43.366664
-175.472931	146.117371	43.470216
-175.899759	145.916093	43.575955
-176.335413	145.710654	43.683880
-176.532767	145.617588	43.732771
-176.738946	145.520361	43.783848
-176.953952	145.418971	43.837112
-177.177783	145.313420	43.892562
-177.410441	145.203706	43.950199
-177.651924	145.089831	44.010022
-177.902234	144.971793	44.072031
-178.161369	144.849594	44.136227
-178.429330	144.723233	44.202610
-178.706118	144.592709	44.271179
-178.991731	144.458024	44.341934
-179.286170	144.319176	44.414876
-179.589435	144.176167	44.490004
-179.901526	144.028995	44.567319
-180.222443	143.877662	44.646821
-180.552185	143.722166	44.728508
-180.890754	143.562509	44.812382
-181.238149	143.398689	44.898443
-181.594369	143.230708	44.986690
-181.959416	143.058564	45.077124
-182.333288	142.882259	45.169744
-182.715987	142.701791	45.264551
-183.107511	142.517162	45.361544
-183.507861	142.328370	45.460723
-183.917037	142.135417	45.562089
-184.335040	141.938302	45.665641
-184.761868	141.737024	45.771380
-185.197522	141.531585	45.879305
-185.394876	141.438519	45.928196
-185.601055	141.341292	45.979274
-185.816061	141.239903	46.032537
-186.039893	141.134351	46.087988
-186.272550	141.024638	46.145624
-186.514034	140.910763	46.205447
-186.764343	140.792725	46.267457
-187.023479	140.670526	46.331653
-187.291440	140.544165	46.398035
-187.568227	140.413641	46.466604
-187.853840	140.278956	46.537360
-188.148279	140.140109	46.610302
-188.451544	139.997099	46.685430
-188.763635	139.849928	46.762745
-189.084552	139.698595	46.842246
-189.414295	139.543099	46.923934
-189.752864	139.383442	47.007808
-190.100259	139.219623	47.093869
-190.456479	139.051641	47.182116
-190.821526	138.879498	47.272550
-191.195399	138.703193	47.365170
-191.578097	138.522725	47.459976
-191.969621	138.338096	47.556970
-192.369972	138.149305	47.656149
-192.779148	137.956351	47.757515
-193.197150	137.759236	47.861067
-193.623978	137.557959	47.966806
-194.059632	137.352519	48.074732
-194.256986	137.259454	48.123622
-194.463166	137.162227	48.174700
-194.678172	137.060838	48.227963
-194.902003	136.955286	48.283414
-195.134661	136.845573	48.341050
-195.376145	136.731698	48.400873
-195.626454	136.613661	48.462883
-195.885589	136.491461	48.527079
-196.153551	136.365100	48.593462
-196.430338	136.234577	48.662031
-196.715951	136.099892	48.732786
-197.010390	135.961044	48.805728
-197.313656	135.818035	48.880856
-197.625747	135.670864	48.958171
-197.946664	135.519531	49.037673
-198.276406	135.364035	49.119360
-198.614975	135.204378	49.203235
-198.962370	135.040559	49.289295
-199.318591	134.872578	49.377542
-199.683637	134.700434	49.467976
-200.057510	134.524129	49.560596
-200.440208	134.343662	49.655403
-200.831733	134.159032	49.752396
-201.232083	133.970241	49.851575
-201.641259	133.777288	49.952941
-202.059262	133.580173	50.056494
-202.486090	133.378895	50.162233
-202.921744	133.173456	50.270158
-203.119098	133.080391	50.319049
-203.325278	132.983164	50.370126
-203.540283	132.881774	50.423390
-203.764115	132.776223	50.478840
-203.996773	132.666510	50.536477
-204.238256	132.552635	50.596300
-204.488566	132.434598	50.658309
-204.747701	132.312398	50.722505
-205.015662	132.186037	50.788888
-205.292450	132.055514	50.857457
-205.578063	131.920829	50.928212
-205.872502	131.781981	51.001154
-206.175767	131.638972	51.076283
-206.487858	131.491801	51.153598
-206.808775	131.340468	51.233099
-207.138518	131.184972	51.314787
-207.477087	131.025315	51.398661
-207.824482	130.861496	51.484722
-208.180702	130.693515	51.572969
-208.545749	130.521371	51.663402
-208.919622	130.345066	51.756023
-209.302320	130.164599	51.850829
-209.693844	129.979970	51.947822
-210.094195	129.791179	52.047002
-210.503371	129.598225	52.148368
-210.921373	129.401110	52.251920
-211.348202	129.199833	52.357659
-211.783856	128.994393	52.465584
-211.981210	128.901328	52.514475
-212.187389	128.804101	52.565552
-212.402395	128.702712	52.618816
-212.626227	128.597161	52.674266
-212.858884	128.487447	52.731903
-213.100368	128.373572	52.791726
-213.350678	128.255535	52.853736
-213.609813	128.133336	52.917932
-213.877774	128.006975	52.984314
-214.154562	127.876451	53.052883
-214.440175	127.741766	53.123639
-214.734614	127.602919	53.196581
-215.037879	127.459910	53.271709
-215.349970	127.312739	53.349024
-215.670887	127.161405	53.428525
-216.000630	127.005910	53.510213
-216.339199	126.846253	53.594087
-216.686594	126.682434	53.680148
-217.042814	126.514452	53.768395
-217.407861	126.342309	53.858829
-217.781734	126.166004	53.951449
-218.164432	125.985537	54.046256
-218.555956	125.800908	54.143249
-218.956307	125.612116	54.242428
-219.365483	125.419163	54.343794
-219.783485	125.222048	54.447347
-220.210314	125.020771	54.553085
-220.645968	124.815331	54.661011
-220.843322	124.722266	54.709902
-221.049501	124.625039	54.760979
-221.264507	124.523650	54.814243
-221.488339	124.418099	54.869693
-221.720996	124.308385	54.927330
-221.962480	124.194510	54.987153
-222.212790	124.076473	55.049162
-222.471925	123.954274	55.113358
-222.739886	123.827913	55.179741
-223.016674	123.697389	55.248310
-223.302287	123.562704	55.319065
-223.596726	123.423857	55.392007
-223.899991	123.280848	55.467136
-224.212082	123.133676	55.544451
-224.532999	122.982343	55.623952
-224.862742	122.826848	55.705640
-225.201311	122.667191	55.789514
-225.548706	122.503372	55.875575
-225.904926	122.335390	55.963822
-226.269973	122.163247	56.054255
-226.643846	121.986942	56.146876
-227.026544	121.806475	56.241682
-227.418069	121.621846	56.338675
-227.818419	121.433054	56.437855
-228.227595	121.240101	56.539221
-228.645597	121.042986	56.642773
-229.072426	120.841709	56.748512
-229.508080	120.636269	56.856437
-229.705434	120.543204	56.905328
-229.911613	120.445977	56.956405
-230.126619	120.344588	57.009669
-230.350451	120.239037	57.065119
-230.583109	120.129323	57.122756
-230.824592	120.015448	57.182579
-231.074902	119.897411	57.244589
-231.334037	119.775212	57.308785
-231.601998	119.648851	57.375167
-231.878786	119.518327	57.443736
-232.164399	119.383642	57.514492
-232.458838	119.244795	57.587434
-232.762103	119.101786	57.662562
-233.074194	118.954615	57.739877
-233.395111	118.803281	57.819378
-233.724854	118.647786	57.901066
-234.063423	118.488129	57.984940
-234.410818	118.324310	58.071001
-234.767038	118.156328	58.159248
-235.132085	117.984185	58.249682
-235.505958	117.807880	58.342302
-235.888656	117.627413	58.437109
-236.280181	117.442784	58.534102
-236.680531	117.253992	58.633281
-237.089707	117.061039	58.734647
-237.507710	116.863924	58.838199
-237.934538	116.662647	58.943938
-238.370192	116.457207	59.051864
-238.567546	116.364142	59.100755
-238.773726	116.266915	59.151832
-238.988731	116.165526	59.205096
-239.212563	116.059975	59.260546
-239.445221	115.950261	59.318183
-239.686704	115.836386	59.378006
-239.937014	115.718349	59.440015
-240.196149	115.596150	59.504211
-240.464111	115.469789	59.570594
-240.740898	115.339265	59.639163
-241.026511	115.204580	59.709918
-241.320950	115.065733	59.782860
-241.624215	114.922724	59.857989
-241.936306	114.775553	59.935304
-242.257223	114.624219	60.014805
-242.586966	114.468724	60.096493
-242.925535	114.309067	60.180367
-243.272930	114.145248	60.266428
-243.629151	113.977267	60.354675
-243.994197	113.805123	60.445108
-244.368070	113.628818	60.537729
-244.750768	113.448351	60.632535
-245.142293	113.263722	60.729528
-245.542643	113.074930	60.828708
-245.951819	112.881977	60.930074
-246.369822	112.684862	61.033626
-246.796650	112.483585	61.139365
-247.232304	112.278146	61.247290
-247.429658	112.185080	61.296181
-247.635838	112.087853	61.347258
-247.850843	111.986464	61.400522
-248.074675	111.880913	61.455972
-248.307333	111.771200	61.513609
-248.548816	111.657324	61.573432
-248.799126	111.539287	61.635442
-249.058261	111.417088	61.699638
-249.326223	111.290727	61.766020
-249.603010	111.160204	61.834589
-249.888623	111.025518	61.905345
-250.183062	110.886671	61.978287
-250.486327	110.743662	62.053415
-250.798418	110.596491	62.130730
-251.119335	110.445158	62.210231
-251.449078	110.289662	62.291919
-251.787647	110.130005	62.375793
-252.135042	109.966186	62.461854
-252.491263	109.798205	62.550101
-252.856309	109.626061	62.640535
-253.230182	109.449756	62.733155
-253.612880	109.269289	62.827962
-254.004405	109.084660	62.924955
-254.404755	108.895869	63.024134
-254.813932	108.702915	63.125500
-255.231934	108.505800	63.229053
-255.658762	108.304523	63.334791
-256.094416	108.099084	63.442717
-256.291770	108.006019	63.491608
-256.497950	107.908791	63.542685
-256.712956	107.807402	63.595949
-256.936787	107.701851	63.651399
-257.169445	107.592138	63.709036
-257.410928	107.478263	63.768859
-257.661238	107.360225	63.830868
-257.920373	107.238026	63.895064
-258.188335	107.111665	63.961447
-258.465122	106.981142	64.030016
-258.750735	106.846457	64.100771
-259.045174	106.707609	64.173713
-259.348440	106.564600	64.248842
-259.660531	106.417429	64.326157
-259.981448	106.266096	64.405658
-260.311190	106.110601	64.487346
-260.649759	105.950943	64.571220
-260.997154	105.787124	64.657281
-261.353375	105.619143	64.745528
-261.718421	105.447000	64.835961
-262.092294	105.270694	64.928582
-262.474993	105.090227	65.023388
-262.866517	104.905598	65.120381
-263.266867	104.716807	65.219561
-263.676044	104.523854	65.320927
-264.094046	104.326738	65.424479
-264.520874	104.125461	65.530218
-264.956528	103.920022	65.638143
-265.153882	103.826957	65.687034
-265.360062	103.729729	65.738111
-265.575068	103.628340	65.791375
-265.798899	103.522789	65.846825
-266.031557	103.413076	65.904462
-266.273041	103.299201	65.964285
-266.523350	103.181163	66.026295
-266.782486	103.058964	66.090491
-267.050447	102.932603	66.156873
-267.327234	102.802080	66.225442
-267.612847	102.667395	66.296198
-267.907287	102.528547	66.369140
-268.210552	102.385538	66.444268
-268.522643	102.238367	66.521583
-268.843560	102.087034	66.601084
-269.173303	101.931539	66.682772
-269.511871	101.771881	66.766646
-269.859266	101.608062	66.852707
-270.215487	101.440081	66.940954
-270.580534	101.267938	67.031388
-270.954406	101.091633	67.124008
-271.337105	100.911165	67.218815
-271.728629	100.726536	67.315808
-272.128980	100.537745	67.414987
-272.538156	100.344792	67.516353
-272.956158	100.147676	67.619906
-273.382986	99.946399	67.725644
-273.818640	99.740960	67.833570
-274.015994	99.647895	67.882461
-274.222174	99.550668	67.933538
-274.437180	99.449278	67.986802
-274.661012	99.343727	68.042252
-274.893669	99.234014	68.099889
-275.135153	99.120139	68.159712
-275.385462	99.002102	68.221721
-275.644598	98.879902	68.285917
-275.912559	98.753541	68.352300
-276.189346	98.623018	68.420869
-276.474960	98.488333	68.491624
-276.769399	98.349486	68.564566
-277.072664	98.206476	68.639695
-277.384755	98.059305	68.717010
-277.705672	97.907972	68.796511
-278.035415	97.752477	68.878199
-278.373984	97.592820	68.962073
-278.721378	97.429000	69.048134
-279.077599	97.261019	69.136381
-279.442646	97.088876	69.226814
-279.816518	96.912571	69.319435
-280.199217	96.732104	69.414241
-280.590741	96.547474	69.511234
-280.991092	96.358683	69.610414
-281.400268	96.165730	69.711780
-281.818270	95.968615	69.815332
-282.245098	95.767337	69.921071
-282.680753	95.561898	70.028996
-282.878106	95.468833	70.077887
-283.084286	95.371606	70.128964
-283.299292	95.270217	70.182228
-283.523124	95.164665	70.237678
-283.755781	95.054952	70.295315
-283.997265	94.941077	70.355138
-284.247574	94.823040	70.417148
-284.506710	94.700841	70.481344
-284.774671	94.574479	70.547726
-285.051458	94.443956	70.616295
-285.337072	94.309271	70.687051
-285.631511	94.170424	70.759993
-285.934776	94.027415	70.835121
-286.246867	93.880243	70.912436
-286.567784	93.728910	70.991937
-286.897527	93.573415	71.073625
-287.236096	93.413758	71.157499
-287.583490	93.249939	71.243560
-287.939711	93.081957	71.331807
-288.304758	92.909814	71.422241
-288.678630	92.733509	71.514861
-289.061329	92.553042	71.609668
-289.452853	92.368412	71.706661
-289.853204	92.179621	71.805840
-290.262380	91.986668	71.907206
-290.680382	91.789553	72.010759
-291.107211	91.588276	72.116497
-291.542865	91.382836	72.224423
-291.740219	91.289771	72.273314
-291.946398	91.192544	72.324391
-292.161404	91.091155	72.377655
-292.385236	90.985604	72.433105
-292.617893	90.875890	72.490742
-292.859377	90.762015	72.550565
-293.109686	90.643978	72.612574
-293.368822	90.521779	72.676770
-293.636783	90.395418	72.743153
-293.913571	90.264894	72.811722
-294.199184	90.130209	72.882477
-294.493623	89.991362	72.955419
-294.796888	89.848353	73.030548
-295.108979	89.701182	73.107863
-295.429896	89.549848	73.187364
-295.759639	89.394353	73.269052
-296.098208	89.234696	73.352926
-296.445603	89.070877	73.438987
-296.801823	88.902895	73.527234
-297.166870	88.730752	73.617667
-297.540743	88.554447	73.710288
-297.923441	88.373980	73.805094
-298.314966	88.189351	73.902087
-298.715316	88.000559	74.001267
-299.124492	87.807606	74.102633
-299.542494	87.610491	74.206185
-299.969323	87.409214	74.311924
-300.404977	87.203774	74.419849
-300.602331	87.110709	74.468740
-300.808510	87.013482	74.519817
-301.023516	86.912093	74.573081
-301.247348	86.806542	74.628531
-301.480006	86.696829	74.686168
-301.721489	86.582953	74.745991
-301.971799	86.464916	74.808001
-302.230934	86.342717	74.872197
-302.498895	86.216356	74.938579
-302.775683	86.085833	75.007148
-303.061296	85.951147	75.077904
-303.355735	85.812300	75.150846
-303.659000	85.669291	75.225974
-303.971091	85.522120	75.303289
-304.292008	85.370786	75.382790
-304.621751	85.215291	75.464478
-304.960320	85.055634	75.548352
-305.307715	84.891815	75.634413
-305.663935	84.723834	75.722660
-306.028982	84.551690	75.813094
-306.402855	84.375385	75.905714
-306.785553	84.194918	76.000521
-307.177078	84.010289	76.097514
-307.577428	83.821498	76.196693
-307.986604	83.628544	76.298059
-308.404607	83.431429	76.401612
-308.831435	83.230152	76.507350
-309.267089	83.024713	76.615276
-309.464443	82.931647	76.664167
-309.670623	82.834420	76.715244
-309.885628	82.733031	76.768508
-310.109460	82.627480	76.823958
-310.342118	82.517767	76.881595
-310.583601	82.403891	76.941418
-310.833911	82.285854	77.003427
-311.093046	82.163655	77.067623
-311.361008	82.037294	77.134006
-311.637795	81.906771	77.202575
-311.923408	81.772085	77.273330
-312.217847	81.633238	77.346272
-312.521112	81.490229	77.421401
-312.833203	81.343058	77.498716
-313.154120	81.191725	77.578217
-313.483863	81.036229	77.659905
-313.822432	80.876572	77.743779
-314.169827	80.712753	77.829840
-314.526048	80.544772	77.918087
-314.891094	80.372629	78.008520
-315.264967	80.196323	78.101141
-315.647665	80.015856	78.195947
-316.039190	79.831227	78.292940
-316.439540	79.642436	78.392120
-316.848716	79.449482	78.493486
-317.266719	79.252367	78.597038
-317.693547	79.051090	78.702777
-318.129201	78.845651	78.810702
-318.326555	78.752586	78.859593
-318.532735	78.655358	78.910670
-318.747741	78.553969	78.963934
-318.971572	78.448418	79.019384
-319.204230	78.338705	79.077021
-319.445713	78.224830	79.136844
-319.696023	78.106792	79.198854
-319.955158	77.984593	79.263050
-320.223120	77.858232	79.329432
-320.499907	77.727709	79.398001
-320.785520	77.593024	79.468757
-321.079959	77.454176	79.541699
-321.383225	77.311167	79.616827
-321.695316	77.163996	79.694142
-322.016233	77.012663	79.773643
-322.345975	76.857168	79.855331
