-27.580362	210.902808	41.011348
-27.587093	210.794089	41.010735
-27.598880	210.681133	41.017638
-27.615723	210.563942	41.032057
-27.637625	210.442516	41.053992
-27.664587	210.316858	41.083442
-27.696609	210.186970	41.120408
-27.733694	210.052853	41.164890
-27.775843	209.914509	41.216889
-27.823057	209.771940	41.276403
-27.875337	209.625147	41.343434
-27.932685	209.474133	41.417981
-27.995103	209.318899	41.500044
-28.062590	209.159448	41.589624
-28.135150	208.995779	41.686721
-28.212783	208.827897	41.791334
-28.295490	208.655801	41.903465
-28.383273	208.479495	42.023112
-28.476134	208.298980	42.150276
-28.574072	208.114257	42.284957
-28.677091	207.925329	42.427156
-28.785191	207.732197	42.576872
-28.898373	207.534862	42.734105
-29.016638	207.333328	42.898856
-29.139989	207.127596	43.071125
-29.268426	206.917666	43.250911
-29.401950	206.703542	43.438216
-29.540564	206.485225	43.633039
-29.684267	206.262717	43.835380
-29.833062	206.036020	44.045240
-29.986949	205.805135	44.262618
-30.145930	205.570064	44.487515
-30.310007	205.330809	44.719931
-30.479179	205.087372	44.959866
-30.653449	204.839755	45.207321
-30.832818	204.587959	45.462295
-31.017286	204.331987	45.724789
-31.206856	204.071840	45.994803
-31.401528	203.807520	46.272337
-31.601304	203.539029	46.557391
-31.806184	203.266368	46.849966
-32.016170	202.989541	47.150061
-32.231264	202.708547	47.457678
-32.451465	202.423390	47.772816
-32.676775	202.134071	48.095476
-32.907196	201.840591	48.425657
-33.010862	201.709591	48.574292
-33.119640	201.574433	48.730449
-33.233531	201.435119	48.894128
-33.352534	201.291649	49.065330
-33.476651	201.144024	49.244054
-33.605882	200.992245	49.430301
-33.740228	200.836313	49.624071
-33.879688	200.676229	49.825364
-34.024264	200.511992	50.034179
-34.173956	200.343605	50.250518
-34.328764	200.171069	50.474381
-34.488689	199.994383	50.705766
-34.653732	199.813548	50.944676
-34.823892	199.628567	51.191109
-34.999170	199.439439	51.445066
-35.179568	199.246165	51.706547
-35.365084	199.048746	51.975552
-35.555721	198.847182	52.252081
-35.751477	198.641476	52.536135
-35.952354	198.431627	52.827714
-36.158352	198.217637	53.126817
-36.369471	197.999506	53.433445
-36.585713	197.777235	53.747599
-36.807077	197.550825	54.069277
-37.033563	197.320277	54.398481
-37.265173	197.085592	54.735211
-37.501907	196.846770	55.079466
-37.743765	196.603812	55.431248
-37.853964	196.493564	55.591564
-37.969288	196.379181	55.759407
-38.089737	196.260664	55.934776
-38.215312	196.138014	56.117672
-38.346011	196.011230	56.308094
-38.481836	195.880314	56.506042
-38.622787	195.745265	56.711517
-38.768864	195.606084	56.924518
-38.920067	195.462771	57.145047
-39.076397	195.315327	57.373102
-39.237852	195.163752	57.608684
-39.404435	195.008047	57.851793
-39.576144	194.848211	58.102429
-39.752981	194.684246	58.360592
-39.934945	194.516151	58.626282
-40.122036	194.343927	58.899500
-40.314255	194.167574	59.180245
-40.511602	193.987094	59.468518
-40.714076	193.802485	59.764318
-40.921679	193.613749	60.067646
-41.134410	193.420886	60.378502
-41.352270	193.223896	60.696885
-41.575259	193.022780	61.022797
-41.803376	192.817539	61.356236
-42.036623	192.608171	61.697204
-42.274999	192.394679	62.045700
-42.518504	192.177062	62.401724
-42.767139	191.955321	62.765277
-42.879926	191.854934	62.930206
-42.997843	191.750423	63.102663
-43.120889	191.641789	63.282649
-43.249066	191.529032	63.470164
-43.382373	191.412151	63.665208
-43.520810	191.291147	63.867780
-43.664378	191.166021	64.077881
-43.813076	191.036772	64.295511
-43.966904	190.903400	64.520670
-44.125863	190.765906	64.753357
-44.289952	190.624290	64.993574
-44.459172	190.478552	65.241319
-44.633523	190.328693	65.496594
-44.813004	190.174712	65.759398
-44.997617	190.016609	66.029731
-45.187360	189.854385	66.307593
-45.382235	189.688041	66.592985
-45.582240	189.517575	66.885905
-45.787377	189.342989	67.186356
-45.997645	189.164282	67.494335
-46.213044	188.981455	67.809844
-46.433575	188.794508	68.132882
-46.659237	188.603441	68.463450
-46.890031	188.408254	68.801548
-47.125957	188.208948	69.147175
-47.367014	188.005522	69.500332
-47.613203	187.797977	69.861019
-47.864524	187.586313	70.229235
-47.978415	187.490483	70.396105
-48.097438	187.390535	70.570504
-48.221593	187.286468	70.752434
-48.350881	187.178283	70.941893
-48.485300	187.065979	71.138882
-48.624851	186.949556	71.343401
-48.769535	186.829015	71.555451
-48.919351	186.704356	71.775030
-49.074298	186.575579	72.002139
-49.234379	186.442684	72.236778
-49.399591	186.305671	72.478948
-49.569936	186.164539	72.728647
-49.745413	186.019290	72.985877
-49.926022	185.869924	73.250636
-50.111764	185.716439	73.522926
-50.302638	185.558837	73.802746
-50.498645	185.397118	74.090096
-50.699784	185.231281	74.384977
-50.906056	185.061327	74.687388
-51.117460	184.887255	74.997329
-51.333997	184.709067	75.314800
-51.555666	184.526761	75.639802
-51.782468	184.340338	75.972334
-52.014403	184.149799	76.312396
-52.251471	183.955142	76.659989
-52.493671	183.756369	77.015112
-52.741004	183.553480	77.377766
-52.993470	183.346473	77.747950
-53.107851	183.252729	77.915667
-53.227365	183.154867	78.090914
-53.352012	183.052890	78.273691
-53.481792	182.946796	78.463999
-53.616705	182.836586	78.661838
-53.756751	182.722259	78.867207
-53.901930	182.603816	79.080107
-54.052242	182.481257	79.300537
-54.207686	182.354582	79.528498
-54.368264	182.223791	79.763990
-54.533974	182.088883	80.007012
-54.704818	181.949860	80.257565
-54.880795	181.806720	80.515648
-55.061904	181.659465	80.781263
-55.248147	181.508094	81.054407
-55.439523	181.352606	81.335083
-55.636031	181.193003	81.623289
-55.837673	181.029284	81.919026
-56.044448	180.861450	82.222294
-56.256356	180.689499	82.533092
-56.473397	180.513433	82.851421
-56.695572	180.333251	83.177281
-56.922879	180.148954	83.510672
-57.155320	179.960541	83.851593
-57.392893	179.768012	84.200045
-57.635600	179.571368	84.556028
-57.883440	179.370609	84.919542
-58.136414	179.165734	85.290587
-58.251017	179.072939	85.458680
-58.370753	178.976029	85.634304
-58.495623	178.875003	85.817458
-58.625626	178.769863	86.008144
-58.760762	178.660606	86.206360
-58.901031	178.547235	86.412108
-59.046434	178.429748	86.625386
-59.196969	178.308146	86.846195
-59.352639	178.182429	87.074535
-59.513441	178.052597	87.310406
-59.679377	177.918649	87.553807
-59.850446	177.780586	87.804740
-60.026648	177.638408	88.063204
-60.207984	177.492115	88.329198
-60.394453	177.341707	88.602724
-60.586055	177.187184	88.883780
-60.782790	177.028545	89.172367
-60.984659	176.865792	89.468485
-61.191662	176.698923	89.772134
-61.403797	176.527939	90.083314
-61.621066	176.352841	90.402026
-61.843468	176.173627	90.728268
-62.071004	175.990298	91.062041
-62.303673	175.802855	91.403344
-62.541476	175.611296	91.752179
-62.784411	175.415623	92.108545
-63.032481	175.215834	92.472442
-63.285683	175.011931	92.843870
-63.400387	174.919568	93.012132
-63.520225	174.823091	93.187925
-63.645196	174.722499	93.371249
-63.775300	174.617792	93.562105
-63.910538	174.508970	93.760491
-64.050909	174.396033	93.966408
-64.196414	174.278982	94.179856
-64.347052	174.157815	94.400835
-64.502823	174.032534	94.629345
-64.663728	173.903138	94.865387
-64.829766	173.769627	95.108959
-65.000938	173.632002	95.360062
-65.177243	173.490261	95.618697
-65.358682	173.344406	95.884862
-65.545254	173.194436	96.158558
-65.736959	173.040352	96.439786
-65.933798	172.882152	96.728544
-66.135770	172.719838	97.024834
-66.342876	172.553409	97.328655
-66.555115	172.382866	97.640006
-66.772488	172.208207	97.958889
-66.994994	172.029435	98.285303
-67.222634	171.846547	98.619248
-67.455407	171.659545	98.960723
-67.693313	171.468428	99.309730
-67.936353	171.273196	99.666268
-68.184527	171.073849	100.030338
-68.437834	170.870388	100.401938
-68.552584	170.778223	100.570276
-68.672468	170.681942	100.746146
-68.797485	170.581547	100.929546
-68.927636	170.477037	101.120478
-69.062920	170.368413	101.318941
-69.203338	170.255674	101.524934
-69.348889	170.138820	101.738459
-69.499574	170.017852	101.959515
-69.655392	169.892769	102.188102
-69.816344	169.763572	102.424221
-69.982429	169.630260	102.667870
-70.153647	169.492833	102.919050
-70.330000	169.351292	103.177762
-70.511485	169.205636	103.444004
-70.698104	169.055866	103.717778
-70.889857	168.901981	103.999083
-71.086743	168.743981	104.287919
-71.288763	168.581867	104.584286
-71.495916	168.415639	104.888184
-71.708202	168.245295	105.199613
-71.925622	168.070837	105.518573
-72.148176	167.892265	105.845064
-72.375863	167.709578	106.179087
-72.608684	167.522777	106.520641
-72.846638	167.331861	106.869725
-73.089725	167.136830	107.226341
-73.337947	166.937685	107.590488
-73.591301	166.734425	107.962166
-73.706073	166.642349	108.130539
-73.825978	166.546158	108.306443
-73.951016	166.445852	108.489878
-74.081188	166.341433	108.680845
-74.216494	166.232898	108.879342
-74.356933	166.120249	109.085371
-74.502505	166.003486	109.298930
-74.653211	165.882607	109.520021
-74.809051	165.757615	109.748643
-74.970024	165.628508	109.984796
-75.136131	165.495286	110.228480
-75.307371	165.357950	110.479695
-75.483745	165.216500	110.738442
-75.665252	165.070935	111.004719
-75.851892	164.921255	111.278528
-76.043667	164.767461	111.559868
-76.240574	164.609552	111.848738
-76.442615	164.447529	112.145141
-76.649790	164.281391	112.449074
-76.862098	164.111139	112.760538
-77.079540	163.936773	113.079533
-77.302116	163.758292	113.406060
-77.529824	163.575696	113.740118
-77.762667	163.388986	114.081706
-78.000643	163.198161	114.430826
-78.243752	163.003222	114.787477
-78.491995	162.804169	115.151660
-78.745371	162.601001	115.523373
-78.860153	162.508965	115.691762
-78.980067	162.412815	115.867681
-79.105115	162.312550	116.051132
-79.235297	162.208171	116.242114
-79.370613	162.099678	116.440627
-79.511061	161.987070	116.646672
-79.656644	161.870347	116.860247
-79.807360	161.749510	117.081353
-79.963209	161.624559	117.309991
-80.124192	161.495493	117.546160
-80.290308	161.362313	117.789860
-80.461558	161.225018	118.041091
-80.637942	161.083608	118.299853
-80.819459	160.938085	118.566147
-81.006109	160.788446	118.839971
-81.197893	160.634694	119.121327
-81.394811	160.476826	119.410214
-81.596862	160.314845	119.706632
-81.804047	160.148749	120.010581
-82.016365	159.978538	120.322061
-82.233817	159.804213	120.641072
-82.456402	159.625773	120.967615
-82.684121	159.443219	121.301688
-82.916973	159.256551	121.643293
-83.154959	159.065768	121.992429
-83.398078	158.870871	122.349096
-83.646331	158.671859	122.713294
-83.899718	158.468733	123.085024
-84.014503	158.376716	123.253419
-84.134422	158.280584	123.429346
-84.259475	158.180338	123.612804
-84.389661	158.075978	123.803793
-84.524981	157.967503	124.002314
-84.665434	157.854913	124.208365
-84.811021	157.738209	124.421948
-84.961741	157.617391	124.643061
-85.117595	157.492458	124.871706
-85.278583	157.363411	125.107882
-85.444704	157.230250	125.351589
-85.615958	157.092974	125.602828
-85.792346	156.951583	125.861597
-85.973868	156.806078	126.127898
-86.160523	156.656459	126.401729
-86.352311	156.502725	126.683092
-86.549233	156.344876	126.971986
-86.751289	156.182914	127.268411
-86.958478	156.016836	127.572368
-87.170801	155.846645	127.883855
-87.388257	155.672339	128.202874
-87.610847	155.493918	128.529424
-87.838570	155.311383	128.863504
-88.071427	155.124734	129.205116
-88.309418	154.933970	129.554260
-88.552542	154.739091	129.910934
-88.800799	154.540098	130.275139
-89.054190	154.336991	130.646876
-89.168978	154.244983	130.815275
-89.288899	154.148859	130.991205
-89.413954	154.048622	131.174666
-89.544142	153.944270	131.365659
-89.679464	153.835804	131.564182
-89.819919	153.723223	131.770237
-89.965508	153.606527	131.983823
-90.116230	153.485718	132.204940
-90.272086	153.360793	132.433588
-90.433076	153.231755	132.669767
-90.599199	153.098602	132.913478
-90.770455	152.961334	133.164719
-90.946845	152.819952	133.423492
-91.128369	152.674456	133.689796
-91.315026	152.524845	133.963631
-91.506817	152.371120	134.244997
-91.703741	152.213280	134.533894
-91.905799	152.051326	134.830323
-92.112990	151.885257	135.134282
-92.325315	151.715074	135.445773
-92.542773	151.540777	135.764795
-92.765365	151.362365	136.091348
-92.993090	151.179838	136.425432
-93.225949	150.993198	136.767047
-93.463942	150.802442	137.116194
-93.707068	150.607573	137.472872
-93.955327	150.408588	137.837080
-94.208720	150.205490	138.208820
-94.323509	150.113485	138.377221
-94.443431	150.017366	138.553152
-94.568487	149.917132	138.736615
-94.698676	149.812784	138.927609
-94.833999	149.704322	139.126134
-94.974455	149.591745	139.332190
-95.120045	149.475053	139.545777
-95.270768	149.354247	139.766896
-95.426625	149.229327	139.995545
-95.587615	149.100292	140.231726
-95.753739	148.967143	140.475438
-95.924997	148.829879	140.726681
-96.101388	148.688501	140.985455
-96.282912	148.543009	141.251761
-96.469571	148.393402	141.525597
-96.661362	148.239681	141.806965
-96.858287	148.081845	142.095864
-97.060346	147.919895	142.392293
-97.267538	147.753830	142.696255
-97.479864	147.583651	143.007747
-97.697323	147.409357	143.326770
-97.919916	147.230949	143.653325
-98.147643	147.048427	143.987410
-98.380502	146.861790	144.329027
-98.618496	146.671039	144.678175
-98.861623	146.476173	145.034854
-99.109883	146.277193	145.399065
-99.363277	146.074098	145.770806
-99.478066	145.982095	145.939207
-99.597989	145.885978	146.115139
-99.723045	145.785746	146.298603
-99.853235	145.681399	146.489597
-99.988558	145.572938	146.688123
-100.129015	145.460363	146.894180
-100.274605	145.343674	147.107768
-100.425329	145.222870	147.328887
-100.581186	145.097951	147.557537
-100.742177	144.968918	147.793719
-100.908301	144.835771	148.037431
-101.079559	144.698509	148.288675
-101.255950	144.557133	148.547450
-101.437475	144.411642	148.813756
-101.624134	144.262037	149.087593
-101.815926	144.108317	149.368961
-102.012852	143.950483	149.657861
-102.214911	143.788535	149.954292
-102.422103	143.622472	150.258253
-102.634430	143.452294	150.569746
-102.851889	143.278003	150.888770
-103.074483	143.099597	151.215326
-103.302209	142.917076	151.549412
-103.535070	142.730441	151.891030
-103.773064	142.539691	152.240178
-104.016191	142.344827	152.596858
-104.264452	142.145849	152.961069
-104.517847	141.942756	153.332811
-104.632636	141.850754	153.501213
-104.752558	141.754637	153.677145
-104.877615	141.654406	153.860609
-105.007805	141.550061	154.051604
-105.143128	141.441601	154.250130
-105.283585	141.329026	154.456187
-105.429175	141.212337	154.669775
-105.579899	141.091534	154.890894
-105.735757	140.966616	155.119545
-105.896748	140.837584	155.355727
-106.062872	140.704438	155.599440
-106.234130	140.567177	155.850684
-106.410522	140.425801	156.109459
-106.592047	140.280311	156.375765
-106.778706	140.130707	156.649603
-106.970498	139.976988	156.930971
-107.167424	139.819155	157.219871
-107.369483	139.657207	157.516302
-107.576676	139.491145	157.820264
-107.789003	139.320969	158.131757
-108.006463	139.146678	158.450782
-108.229056	138.968273	158.777337
-108.456783	138.785753	159.111424
-108.689644	138.599119	159.453042
-108.927638	138.408370	159.802191
-109.170765	138.213507	160.158871
-109.419026	138.014529	160.523082
-109.672421	137.811437	160.894825
-109.787210	137.719435	161.063226
-109.907133	137.623319	161.239159
-110.032190	137.523088	161.422623
-110.162380	137.418743	161.613618
-110.297703	137.310284	161.812144
-110.438160	137.197710	162.018201
-110.583751	137.081021	162.231790
-110.734475	136.960218	162.452909
-110.890332	136.835301	162.681560
-111.051323	136.706269	162.917742
-111.217448	136.573123	163.161455
-111.388706	136.435862	163.412699
-111.565098	136.294487	163.671474
-111.746623	136.148998	163.937781
-111.933282	135.999394	164.211618
-112.125074	135.845675	164.492987
-112.322000	135.687842	164.781887
-112.524060	135.525895	165.078318
-112.731253	135.359833	165.382281
-112.943579	135.189657	165.693774
-113.161039	135.015367	166.012798
-113.383633	134.836962	166.339354
-113.611360	134.654442	166.673441
-113.844220	134.467808	167.015059
-114.082215	134.277060	167.364208
-114.325342	134.082197	167.720888
-114.573604	133.883220	168.085100
-114.826998	133.680129	168.456842
-114.941788	133.588127	168.625244
-115.061711	133.492011	168.801177
-115.186767	133.391780	168.984641
-115.316957	133.287435	169.175636
-115.452280	133.178976	169.374162
-115.592738	133.066402	169.580219
-115.738328	132.949714	169.793808
-115.889052	132.828911	170.014927
-116.044910	132.703994	170.243578
-116.205901	132.574962	170.479760
-116.372026	132.441816	170.723473
-116.543284	132.304556	170.974717
-116.719676	132.163181	171.233493
-116.901201	132.017691	171.499799
-117.087860	131.868088	171.773637
-117.279652	131.714369	172.055006
-117.476578	131.556537	172.343906
-117.678638	131.394590	172.640337
-117.885831	131.228528	172.944299
-118.098157	131.058352	173.255793
-118.315617	130.884062	173.574817
-118.538211	130.705657	173.901373
-118.765938	130.523138	174.235460
-118.998799	130.336504	174.577078
-119.236793	130.145756	174.926227
-119.479921	129.950893	175.282908
-119.728182	129.751916	175.647119
-119.981577	129.548825	176.018862
-120.096366	129.456823	176.187263
-120.216289	129.360707	176.363196
-120.341346	129.260477	176.546660
-120.471535	129.156132	176.737655
-120.606859	129.047673	176.936181
-120.747316	128.935099	177.142239
-120.892907	128.818410	177.355827
-121.043631	128.697608	177.576947
-121.199488	128.572691	177.805598
-121.360480	128.443659	178.041780
-121.526604	128.310513	178.285493
-121.697863	128.173253	178.536737
-121.874254	128.031878	178.795513
-122.055780	127.886389	179.061819
-122.242439	127.736785	179.335657
-122.434231	127.583067	179.617026
-122.631157	127.425234	179.905926
-122.833216	127.263287	180.202357
-123.040409	127.097226	180.506319
-123.252736	126.927050	180.817813
-123.470196	126.752760	181.136837
-123.692790	126.574355	181.463393
-123.920517	126.391836	181.797480
-124.153378	126.205202	182.139098
-124.391372	126.014454	182.488247
-124.634500	125.819592	182.844928
-124.882761	125.620615	183.209139
-125.136156	125.417523	183.580882
-125.250945	125.325522	183.749284
-125.370868	125.229406	183.925217
-125.495924	125.129175	184.108680
-125.626114	125.024830	184.299676
-125.761438	124.916371	184.498202
-125.901895	124.803797	184.704259
-126.047486	124.687109	184.917848
-126.198210	124.566307	185.138967
-126.354067	124.441389	185.367618
-126.515059	124.312358	185.603800
-126.681183	124.179212	185.847513
-126.852442	124.041952	186.098758
-127.028833	123.900577	186.357533
-127.210359	123.755088	186.623840
-127.397018	123.605484	186.897677
-127.588810	123.451766	187.179046
-127.785736	123.293933	187.467946
-127.987796	123.131986	187.764378
-128.194989	122.965925	188.068340
-128.407315	122.795749	188.379833
-128.624775	122.621459	188.698858
-128.847369	122.443054	189.025414
-129.075096	122.260535	189.359501
-129.307957	122.073901	189.701119
-129.545951	121.883153	190.050268
-129.789079	121.688291	190.406948
-130.037340	121.489314	190.771160
-130.290735	121.286223	191.142903
-130.405524	121.194221	191.311304
-130.525447	121.098105	191.487237
-130.650504	120.997875	191.670701
-130.780694	120.893530	191.861696
-130.916017	120.785071	192.060222
-131.056474	120.672497	192.266280
-131.202065	120.555809	192.479868
-131.352789	120.435006	192.700988
-131.508647	120.310089	192.929639
-131.669638	120.181058	193.165821
-131.835763	120.047912	193.409534
-132.007021	119.910651	193.660778
-132.183413	119.769277	193.919554
-132.364938	119.623787	194.185860
-132.551597	119.474184	194.459698
-132.743389	119.320466	194.741067
-132.940315	119.162633	195.029967
-133.142375	119.000686	195.326398
-133.349568	118.834625	195.630361
-133.561894	118.664449	195.941854
-133.779354	118.490159	196.260879
-134.001948	118.311754	196.587435
-134.229675	118.129235	196.921522
-134.462536	117.942601	197.263140
-134.700530	117.751853	197.612289
-134.943658	117.556991	197.968969
-135.191919	117.358014	198.333181
-135.445314	117.154923	198.704924
-135.560104	117.062921	198.873325
-135.680027	116.966805	199.049258
-135.805083	116.866575	199.232722
-135.935273	116.762230	199.423717
-136.070596	116.653771	199.622243
-136.211054	116.541197	199.828301
-136.356644	116.424509	200.041889
-136.507368	116.303706	200.263009
-136.663226	116.178789	200.491660
-136.824217	116.049758	200.727842
-136.990342	115.916612	200.971555
-137.161600	115.779351	201.222799
-137.337992	115.637977	201.481575
-137.519517	115.492487	201.747881
-137.706176	115.342884	202.021719
-137.897969	115.189166	202.303088
-138.094895	115.031333	202.591988
-138.296954	114.869386	202.888419
-138.504147	114.703325	203.192381
-138.716474	114.533149	203.503875
-138.933934	114.358859	203.822900
-139.156527	114.180454	204.149455
-139.384255	113.997935	204.483542
-139.617115	113.811301	204.825161
-139.855110	113.620553	205.174310
-140.098237	113.425691	205.530990
-140.346499	113.226714	205.895202
-140.599894	113.023623	206.266944
-140.714683	112.931621	206.435346
-140.834606	112.835505	206.611279
-140.959662	112.735275	206.794743
-141.089852	112.630930	206.985738
-141.225176	112.522471	207.184264
-141.365633	112.409897	207.390322
-141.511224	112.293209	207.603910
-141.661948	112.172406	207.825030
-141.817805	112.047489	208.053681
-141.978797	111.918458	208.289863
-142.144921	111.785312	208.533576
-142.316180	111.648052	208.784820
-142.492571	111.506677	209.043596
-142.674097	111.361188	209.309902
-142.860756	111.211584	209.583740
-143.052548	111.057866	209.865109
-143.249474	110.900033	210.154009
-143.451533	110.738086	210.450440
-143.658727	110.572025	210.754402
-143.871053	110.401849	211.065896
-144.088513	110.227559	211.384921
-144.311107	110.049154	211.711476
-144.538834	109.866635	212.045563
-144.771695	109.680002	212.387181
-145.009689	109.489254	212.736331
-145.252817	109.294391	213.093011
-145.501078	109.095414	213.457223
-145.754473	108.892323	213.828965
-145.869262	108.800322	213.997367
-145.989185	108.704206	214.173300
-146.114242	108.603975	214.356764
-146.244432	108.499630	214.547759
-146.379755	108.391171	214.746285
-146.520212	108.278597	214.952342
-146.665803	108.161909	215.165931
-146.816527	108.041106	215.387051
-146.972385	107.916189	215.615702
-147.133376	107.787158	215.851884
-147.299501	107.654012	216.095597
-147.470759	107.516752	216.346841
-147.647151	107.375377	216.605616
-147.828676	107.229888	216.871923
-148.015335	107.080284	217.145761
-148.207127	106.926566	217.427130
-148.404053	106.768734	217.716030
-148.606113	106.606787	218.012461
-148.813306	106.440725	218.316423
-149.025632	106.270549	218.627917
-149.243093	106.096259	218.946942
-149.465686	105.917855	219.273497
-149.693413	105.735335	219.607584
-149.926274	105.548702	219.949202
-150.164268	105.357954	220.298352
-150.407396	105.163091	220.655032
-150.655658	104.964115	221.019244
-150.909052	104.761023	221.390986
-151.023842	104.669022	221.559388
-151.143765	104.572906	221.735321
-151.268821	104.472675	221.918785
-151.399011	104.368330	222.109780
-151.534335	104.259871	222.308306
-151.674792	104.147297	222.514363
-151.820382	104.030609	222.727952
-151.971106	103.909807	222.949072
-152.126964	103.784890	223.177723
-152.287955	103.655858	223.413905
-152.454080	103.522712	223.657618
-152.625338	103.385452	223.908862
-152.801730	103.244077	224.167637
-152.983255	103.098588	224.433944
-153.169914	102.948984	224.707782
-153.361707	102.795266	224.989151
-153.558633	102.637434	225.278051
-153.760692	102.475487	225.574482
-153.967885	102.309426	225.878444
-154.180212	102.139250	226.189938
-154.397672	101.964959	226.508962
-154.620266	101.786555	226.835518
-154.847993	101.604036	227.169605
-155.080854	101.417402	227.511223
-155.318848	101.226654	227.860373
-155.561976	101.031792	228.217053
-155.810237	100.832815	228.581265
-156.063632	100.629724	228.953007
-156.178421	100.537722	229.121409
-156.298344	100.441606	229.297342
-156.423401	100.341376	229.480806
-156.553591	100.237031	229.671801
-156.688914	100.128571	229.870327
-156.829371	100.015998	230.076384
-156.974962	99.899310	230.289973
-157.125686	99.778507	230.511093
-157.281543	99.653590	230.739743
-157.442535	99.524559	230.975925
-157.608659	99.391413	231.219639
-157.779918	99.254152	231.470883
-157.956310	99.112778	231.729658
-158.137835	98.967288	231.995965
-158.324494	98.817685	232.269803
-158.516286	98.663967	232.551172
-158.713212	98.506134	232.840072
-158.915272	98.344187	233.136503
-159.122465	98.178126	233.440465
-159.334791	98.007950	233.751959
-159.552251	97.833660	234.070983
-159.774845	97.655255	234.397539
-160.002572	97.472736	234.731626
-160.235433	97.286102	235.073244
-160.473427	97.095354	235.422394
-160.716555	96.900492	235.779074
-160.964816	96.701515	236.143285
-161.218211	96.498424	236.515028
-161.333001	96.406422	236.683430
-161.452923	96.310306	236.859363
-161.577980	96.210076	237.042827
-161.708170	96.105731	237.233822
-161.843493	95.997272	237.432348
-161.983950	95.884698	237.638405
-162.129541	95.768010	237.851994
-162.280265	95.647207	238.073114
-162.436123	95.522290	238.301764
-162.597114	95.393259	238.537946
-162.763239	95.260113	238.781660
-162.934497	95.122853	239.032904
-163.110889	94.981478	239.291679
-163.292414	94.835989	239.557986
-163.479073	94.686385	239.831824
-163.670866	94.532667	240.113193
-163.867792	94.374834	240.402093
-164.069851	94.212887	240.698524
-164.277044	94.046826	241.002486
-164.489371	93.876650	241.313980
-164.706831	93.702360	241.633004
-164.929424	93.523955	241.959560
-165.157152	93.341436	242.293647
-165.390012	93.154803	242.635265
-165.628007	92.964055	242.984414
-165.871134	92.769192	243.341095
-166.119396	92.570215	243.705306
-166.372791	92.367124	244.077049
-166.487580	92.275123	244.245451
-166.607503	92.179007	244.421384
-166.732559	92.078776	244.604848
-166.862749	91.974431	244.795843
-166.998073	91.865972	244.994369
-167.138530	91.753398	245.200426
-167.284120	91.636710	245.414015
-167.434845	91.515908	245.635135
-167.590702	91.390991	245.863785
-167.751693	91.261959	246.099967
-167.917818	91.128813	246.343681
-168.089077	90.991553	246.594925
-168.265468	90.850178	246.853700
-168.446994	90.704689	247.120007
-168.633653	90.555085	247.393845
-168.825445	90.401367	247.675214
-169.022371	90.243535	247.964114
-169.224430	90.081588	248.260545
-169.431624	89.915526	248.564507
-169.643950	89.745351	248.876001
-169.861410	89.571060	249.195025
-170.084004	89.392656	249.521581
-170.311731	89.210137	249.855668
-170.544592	89.023503	250.197286
-170.782586	88.832755	250.546435
-171.025714	88.637893	250.903116
-171.273975	88.438916	251.267327
-171.527370	88.235824	251.639070
-171.642159	88.143823	251.807472
-171.762082	88.047707	251.983405
-171.887139	87.947477	252.166869
-172.017329	87.843132	252.357864
-172.152652	87.734672	252.556390
-172.293109	87.622099	252.762447
-172.438700	87.505410	252.976036
-172.589424	87.384608	253.197155
-172.745282	87.259691	253.425806
-172.906273	87.130659	253.661988
-173.072398	86.997513	253.905701
-173.243656	86.860253	254.156946
-173.420048	86.718878	254.415721
-173.601573	86.573389	254.682028
-173.788232	86.423786	254.955866
-173.980024	86.270067	255.237234
-174.176950	86.112235	255.526135
-174.379010	85.950288	255.822566
-174.586203	85.784227	256.126528
-174.798529	85.614051	256.438022
-175.015990	85.439761	256.757046
-175.238583	85.261356	257.083602
-175.466310	85.078837	257.417689
-175.699171	84.892203	257.759307
-175.937165	84.701455	258.108456
-176.180293	84.506593	258.465137
-176.428555	84.307616	258.829348
-176.681949	84.104525	259.201091
-176.796739	84.012523	259.369493
-176.916662	83.916407	259.545426
-177.041718	83.816177	259.728889
-177.171908	83.711832	259.919885
-177.307232	83.603373	260.118411
-177.447689	83.490799	260.324468
-177.593279	83.374111	260.538057
-177.744003	83.253308	260.759176
-177.899861	83.128391	260.987827
-178.060852	82.999360	261.224009
-178.226977	82.866214	261.467722
-178.398235	82.728953	261.718967
-178.574627	82.587579	261.977742
-178.756152	82.442089	262.244049
-178.942811	82.292486	262.517887
-179.134604	82.138768	262.799255
-179.331530	81.980935	263.088156
-179.533589	81.818988	263.384587
-179.740782	81.652927	263.688549
-179.953109	81.482751	264.000043
-180.170569	81.308461	264.319067
-180.393163	81.130056	264.645623
-180.620890	80.947537	264.979710
-180.853751	80.760904	265.321328
-181.091745	80.570156	265.670477
-181.334873	80.375293	266.027158
-181.583134	80.176316	266.391369
-181.836529	79.973225	266.763112
-181.951318	79.881224	266.931514
-182.071241	79.785108	267.107446
-182.196298	79.684877	267.290910
-182.326488	79.580532	267.481906
-182.461811	79.472073	267.680432
-182.602268	79.359499	267.886489
-182.747859	79.242811	268.100078
-182.898583	79.122008	268.321197
-183.054441	78.997091	268.549848
-183.215432	78.868060	268.786030
-183.381556	78.734914	269.029743
-183.552815	78.597654	269.280988
-183.729207	78.456279	269.539763
-183.910732	78.310790	269.806070
-184.097391	78.161186	270.079908
-184.289183	78.007468	270.361276
-184.486109	77.849636	270.650176
-184.688169	77.687689	270.946608
-184.895362	77.521627	271.250570
-185.107688	77.351451	271.562064
-185.325148	77.177161	271.881088
-185.547742	76.998757	272.207644
-185.775469	76.816237	272.541731
-186.008330	76.629604	272.883349
-186.246324	76.438856	273.232498
-186.489452	76.243993	273.589179
-186.737713	76.045017	273.953390
-186.991108	75.841925	274.325133
-187.105898	75.749924	274.493535
-187.225820	75.653808	274.669467
-187.350877	75.553577	274.852931
-187.481067	75.449233	275.043926
-187.616390	75.340773	275.242453
-187.756848	75.228200	275.448510
-187.902438	75.111511	275.662099
-188.053162	74.990709	275.883218
-188.209020	74.865792	276.111869
-188.370011	74.736760	276.348051
-188.536136	74.603614	276.591764
-188.707394	74.466354	276.843009
-188.883786	74.324979	277.101784
-189.065311	74.179490	277.368091
