-29.332185	243.014333	28.860395
-29.390284	242.865593	28.863091
-29.454688	242.712179	28.871977
-29.525406	242.554091	28.887048
-29.602443	242.391332	28.908298
-29.685806	242.223902	28.935724
-29.775501	242.051803	28.969319
-29.871534	241.875037	29.009079
-29.973912	241.693604	29.055000
-30.082642	241.507507	29.107076
-30.197729	241.316747	29.165302
-30.319179	241.121325	29.229674
-30.447000	240.921245	29.300187
-30.581197	240.716507	29.376836
-30.721776	240.507114	29.459615
-30.868744	240.293066	29.548521
-31.022107	240.074368	29.643547
-31.181870	239.851019	29.744690
-31.348040	239.623022	29.851945
-31.520623	239.390379	29.965306
-31.699624	239.153092	30.084768
-31.885050	238.911163	30.210328
-32.076906	238.664594	30.341981
-32.275198	238.413386	30.479721
-32.479932	238.157542	30.623545
-32.691114	237.897063	30.773448
-32.908748	237.631952	30.929425
-33.132841	237.362210	31.091472
-33.363398	237.087840	31.259585
-33.600424	236.808842	31.433760
-33.843924	236.525220	31.613991
-34.093905	236.236975	31.800276
-34.350371	235.944109	31.992609
-34.613327	235.646624	32.190987
-34.882779	235.344522	32.395406
-35.158731	235.037805	32.605862
-35.441189	234.726475	32.822352
-35.730157	234.410534	33.044870
-36.025640	234.089983	33.273414
-36.160175	233.945134	33.377908
-36.301232	233.795678	33.488421
-36.448814	233.641616	33.604954
-36.602921	233.482950	33.727503
-36.763557	233.319680	33.856068
-36.930724	233.151808	33.990647
-37.104423	232.979334	34.131238
-37.284656	232.802258	34.277841
-37.471426	232.620583	34.430452
-37.664735	232.434308	34.589072
-37.864584	232.243435	34.753698
-38.070976	232.047964	34.924329
-38.283911	231.847897	35.100963
-38.503394	231.643234	35.283600
-38.729424	231.433977	35.472237
-38.962005	231.220125	35.666874
-39.201138	231.001681	35.867508
-39.446824	230.778644	36.074139
-39.699067	230.551016	36.286765
-39.957867	230.318798	36.505385
-40.223226	230.081991	36.729998
-40.495147	229.840595	36.960602
-40.773631	229.594611	37.197197
-41.058679	229.344041	37.439780
-41.350294	229.088885	37.688351
-41.648476	228.829144	37.942908
-41.953229	228.564819	38.203451
-42.264554	228.295912	38.469978
-42.406688	228.173632	38.591819
-42.555397	228.046770	38.719643
-42.710680	227.915328	38.853450
-42.872539	227.779304	38.993237
-43.040974	227.638700	39.139006
-43.215986	227.493515	39.290756
-43.397575	227.343751	39.448486
-43.585743	227.189408	39.612195
-43.780490	227.030486	39.781883
-43.981816	226.866986	39.957551
-44.189723	226.698907	40.139196
-44.404211	226.526251	40.326820
-44.625280	226.349018	40.520421
-44.852932	226.167208	40.719999
-45.087168	225.980822	40.925553
-45.327987	225.789859	41.137084
-45.575390	225.594322	41.354590
-45.829379	225.394209	41.578071
-46.089954	225.189521	41.807528
-46.357115	224.980259	42.042959
-46.630863	224.766423	42.284364
-46.911199	224.548014	42.531742
-47.198123	224.325032	42.785094
-47.491636	224.097477	43.044419
-47.791739	223.865350	43.309717
-48.098432	223.628652	43.580987
-48.411716	223.387382	43.858229
-48.731592	223.141541	44.141442
-48.876749	223.030201	44.270022
-49.028499	222.914290	44.404573
-49.186841	222.793810	44.545094
-49.351776	222.668759	44.691587
-49.523304	222.539139	44.844050
-49.701426	222.404950	45.002483
-49.886141	222.266191	45.166887
-50.077450	222.122863	45.337261
-50.275354	221.974966	45.513605
-50.479852	221.822500	45.695919
-50.690944	221.665465	45.884203
-50.908632	221.503863	46.078456
-51.132915	221.337692	46.278679
-51.363793	221.166953	46.484871
-51.601267	220.991646	46.697032
-51.845338	220.811772	46.915163
-52.096004	220.627331	47.139262
-52.353267	220.438322	47.369330
-52.617126	220.244746	47.605367
-52.887583	220.046603	47.847373
-53.164636	219.843894	48.095347
-53.448288	219.636618	48.349289
-53.738536	219.424776	48.609200
-54.035383	219.208368	48.875079
-54.338828	218.987394	49.146926
-54.648871	218.761855	49.424740
-54.965513	218.531750	49.708523
-55.288754	218.297080	49.998273
-55.435248	218.190827	50.129612
-55.588340	218.080009	50.266919
-55.748033	217.964626	50.410193
-55.914324	217.844679	50.559434
-56.087215	217.720166	50.714643
-56.266706	217.591089	50.875820
-56.452796	217.457448	51.042963
-56.645486	217.319242	51.216074
-56.844776	217.176472	51.395153
-57.050666	217.029137	51.580198
-57.263155	216.877239	51.771211
-57.482246	216.720776	51.968191
-57.707936	216.559749	52.171138
-57.940227	216.394159	52.380052
-58.179118	216.224004	52.594934
-58.424609	216.049286	52.815782
-58.676702	215.870004	53.042597
-58.935395	215.686159	53.275379
-59.200689	215.497750	53.514128
-59.472583	215.304778	53.758844
-59.751079	215.107243	54.009527
-60.036176	214.905144	54.266176
-60.327874	214.698482	54.528792
-60.626174	214.487257	54.797375
-60.931074	214.271470	55.071925
-61.242577	214.051119	55.352442
-61.560681	213.826206	55.638925
-61.885386	213.596730	55.931374
-62.032498	213.492809	56.063882
-62.186213	213.384325	56.202356
-62.346529	213.271278	56.346797
-62.513446	213.153669	56.497204
-62.686966	213.031498	56.653578
-62.867088	212.904764	56.815918
-63.053812	212.773468	56.984225
-63.247137	212.637610	57.158498
-63.447065	212.497190	57.338738
-63.653595	212.352207	57.524945
-63.866727	212.202662	57.717117
-64.086461	212.048555	57.915257
-64.312797	211.889886	58.119362
-64.545736	211.726656	58.329434
-64.785277	211.558863	58.545473
-65.031420	211.386508	58.767478
-65.284165	211.209591	58.995449
-65.543513	211.028112	59.229387
-65.809464	210.842072	59.469291
-66.082016	210.651470	59.715162
-66.361172	210.456306	59.966999
-66.646930	210.256580	60.224802
-66.939290	210.052293	60.488572
-67.238253	209.843444	60.758308
-67.543819	209.630034	61.034010
-67.855987	209.412062	61.315679
-68.174758	209.189528	61.603314
-68.500132	208.962434	61.896915
-68.647535	208.859575	62.029928
-68.801541	208.752154	62.168907
-68.962149	208.640172	62.313852
-69.129361	208.523629	62.464764
-69.303175	208.402525	62.621642
-69.483592	208.276859	62.784486
-69.670612	208.146632	62.953297
-69.864235	208.011844	63.128073
-70.064461	207.872495	63.308816
-70.271290	207.728584	63.495526
-70.484722	207.580112	63.688201
-70.704756	207.427079	63.886843
-70.931394	207.269485	64.091452
-71.164635	207.107329	64.302026
-71.404479	206.940613	64.518567
-71.650925	206.769335	64.741074
-71.903975	206.593496	64.969547
-72.163628	206.413097	65.203987
-72.429884	206.228136	65.444392
-72.702743	206.038614	65.690765
-72.982205	205.844531	65.943103
-73.268270	205.645887	66.201407
-73.560939	205.442683	66.465678
-73.860210	205.234917	66.735915
-74.166085	205.022590	67.012119
-74.478563	204.805703	67.294288
-74.797644	204.584254	67.582424
-75.123328	204.358245	67.876526
-75.270868	204.255869	68.009760
-75.425011	204.148932	68.148960
-75.585757	204.037435	68.294126
-75.753106	203.921376	68.445259
-75.927058	203.800757	68.602358
-76.107614	203.675577	68.765423
-76.294773	203.545836	68.934454
-76.488536	203.411535	69.109451
-76.688901	203.272672	69.290415
-76.895870	203.129249	69.477345
-77.109442	202.981265	69.670241
-77.329618	202.828721	69.869104
-77.556397	202.671615	70.073933
-77.789779	202.509949	70.284728
-78.029764	202.343722	70.501489
-78.276353	202.172935	70.724216
-78.529545	201.997586	70.952910
-78.789340	201.817677	71.187570
-79.055739	201.633208	71.428196
-79.328741	201.444177	71.674788
-79.608346	201.250586	71.927347
-79.894555	201.052435	72.185872
-80.187367	200.849722	72.450363
-80.486783	200.642449	72.720820
-80.792802	200.430616	72.997244
-81.105424	200.214221	73.279634
-81.424650	199.993266	73.567990
-81.750479	199.767751	73.862312
-81.898083	199.665595	73.995643
-82.052290	199.558878	74.134941
-82.213100	199.447600	74.280205
-82.380514	199.331762	74.431435
-82.554531	199.211364	74.588631
-82.735152	199.086404	74.751794
-82.922376	198.956884	74.920922
-83.116204	198.822804	75.096017
-83.316635	198.684163	75.277079
-83.523669	198.540962	75.464106
-83.737307	198.393200	75.657100
-83.957548	198.240877	75.856060
-84.184393	198.083994	76.060986
-84.417841	197.922550	76.271879
-84.657893	197.756546	76.488737
-84.904548	197.585981	76.711562
-85.157806	197.410855	76.940353
-85.417668	197.231170	77.175111
-85.684133	197.046923	77.415834
-85.957202	196.858116	77.662524
-86.236875	196.664749	77.915180
-86.523150	196.466821	78.173803
-86.816029	196.264332	78.438391
-87.115512	196.057283	78.708946
-87.421598	195.845674	78.985467
-87.734288	195.629504	79.267955
-88.053581	195.408773	79.556408
-88.379478	195.183482	79.850828
-88.527111	195.081426	79.984203
-88.681348	194.974809	80.123543
-88.842189	194.863631	80.268851
-89.009633	194.747894	80.420124
-89.183680	194.627595	80.577364
-89.364331	194.502736	80.740569
-89.551586	194.373317	80.909741
-89.745444	194.239337	81.084880
-89.945905	194.100797	81.265984
-90.152970	193.957696	81.453055
-90.366639	193.810035	81.646092
-90.586911	193.657813	81.845095
-90.813786	193.501031	82.050065
-91.047265	193.339688	82.261001
-91.287348	193.173785	82.477903
-91.534033	193.003321	82.700771
-91.787323	192.828297	82.929606
-92.047216	192.648713	83.164406
-92.313712	192.464568	83.405173
-92.586812	192.275863	83.651907
-92.866516	192.082597	83.904606
-93.152823	191.884771	84.163272
-93.445733	191.682384	84.427904
-93.745247	191.475437	84.698502
-94.051364	191.263929	84.975066
-94.364085	191.047861	85.257597
-94.683410	190.827233	85.546094
-95.009338	190.602044	85.840557
-95.156985	190.500033	85.973951
-95.311236	190.393461	86.113311
-95.472091	190.282329	86.258638
-95.639549	190.166637	86.409930
-95.813611	190.046384	86.567189
-95.994276	189.921571	86.730414
-96.181544	189.792197	86.899606
-96.375416	189.658263	87.074763
-96.575892	189.519768	87.255887
-96.782971	189.376713	87.442977
-96.996654	189.229098	87.636034
-97.216940	189.076922	87.835056
-97.443830	188.920186	88.040045
-97.677323	188.758889	88.251000
-97.917420	188.593032	88.467922
-98.164120	188.422614	88.690809
-98.417424	188.247637	88.919663
-98.677331	188.068098	89.154483
-98.943842	187.883999	89.395270
-99.216957	187.695340	89.642022
-99.496674	187.502121	89.894741
-99.782996	187.304341	90.153426
-100.075921	187.102000	90.418078
-100.375449	186.895100	90.688695
-100.681581	186.683638	90.965279
-100.994317	186.467617	91.247829
-101.313656	186.247035	91.536345
-101.639598	186.021892	91.830828
-101.787252	185.919902	91.964231
-101.941510	185.813351	92.103599
-102.102371	185.702239	92.248934
-102.269836	185.586568	92.400236
-102.443904	185.466336	92.557503
-102.624575	185.341543	92.720737
-102.811850	185.212190	92.889937
-103.005729	185.078277	93.065103
-103.206211	184.939803	93.246236
-103.413297	184.796769	93.433334
-103.626986	184.649174	93.626399
-103.847279	184.497019	93.825431
-104.074176	184.340304	94.030428
-104.307675	184.179028	94.241392
-104.547779	184.013192	94.458322
-104.794486	183.842796	94.681218
-105.047796	183.667839	94.910081
-105.307710	183.488321	95.144909
-105.574228	183.304244	95.385704
-105.847349	183.115605	95.632466
-106.127073	182.922407	95.885193
-106.413402	182.724648	96.143887
-106.706333	182.522329	96.408547
-107.005868	182.315449	96.679173
-107.312007	182.104009	96.955766
-107.624749	181.888008	97.238325
-107.944095	181.667447	97.526850
-108.270044	181.442326	97.821341
-108.417701	181.340345	97.954747
-108.571962	181.233803	98.094120
-108.732826	181.122701	98.239459
-108.900294	181.007039	98.390764
-109.074365	180.886816	98.548035
-109.255040	180.762033	98.711273
-109.442318	180.632690	98.880477
-109.636199	180.498786	99.055647
-109.836685	180.360322	99.236783
-110.043774	180.217297	99.423886
-110.257466	180.069712	99.616955
-110.477762	179.917567	99.815990
-110.704661	179.760861	100.020991
-110.938164	179.599595	100.231959
-111.178271	179.433768	100.448893
-111.424981	179.263381	100.671793
-111.678294	179.088433	100.900659
-111.938211	178.908926	101.135492
-112.204732	178.724858	101.376291
-112.477856	178.536229	101.623056
-112.757584	178.343040	101.875787
-113.043915	178.145291	102.134485
-113.336850	177.942981	102.399149
-113.636388	177.736111	102.669779
-113.942530	177.524680	102.946376
-114.255275	177.308689	103.228938
-114.574624	177.088138	103.517467
-114.900576	176.863026	103.811962
-115.048235	176.761049	103.945370
-115.202497	176.654512	104.084745
-115.363362	176.543415	104.230085
-115.530831	176.427757	104.381392
-115.704904	176.307538	104.538665
-115.885580	176.182759	104.701905
-116.072860	176.053420	104.871110
-116.266743	175.919521	105.046282
-116.467229	175.781061	105.227420
-116.674320	175.638040	105.414525
-116.888013	175.490460	105.607595
-117.108311	175.338319	105.806632
-117.335211	175.181617	106.011635
-117.568716	175.020355	106.222605
-117.808824	174.854533	106.439540
-118.055535	174.684150	106.662442
-118.308850	174.509207	106.891310
-118.568769	174.329704	107.126145
-118.835291	174.145640	107.366945
-119.108416	173.957016	107.613712
-119.388145	173.763831	107.866445
-119.674478	173.566086	108.125145
-119.967414	173.363781	108.389811
-120.266954	173.156915	108.660443
-120.573097	172.945489	108.937041
-120.885844	172.729502	109.219605
-121.205194	172.508955	109.508136
-121.531148	172.283848	109.802633
-121.678807	172.181873	109.936042
-121.833070	172.075338	110.075417
-121.993936	171.964242	110.220758
-122.161406	171.848586	110.372066
-122.335479	171.728370	110.529340
-122.516156	171.603593	110.692580
-122.703436	171.474256	110.861786
-122.897320	171.340358	111.036959
-123.097807	171.201900	111.218098
-123.304898	171.058882	111.405203
-123.518592	170.911303	111.598274
-123.738890	170.759164	111.797312
-123.965792	170.602464	112.002316
-124.199297	170.441204	112.213286
-124.439405	170.275384	112.430222
-124.686117	170.105003	112.653125
-124.939433	169.930062	112.881994
-125.199352	169.750561	113.116829
-125.465875	169.566499	113.357631
-125.739001	169.377877	113.604398
-126.018731	169.184694	113.857132
-126.305064	168.986951	114.115833
-126.598001	168.784648	114.380499
-126.897541	168.577784	114.651132
-127.203685	168.366360	114.927731
-127.516433	168.150375	115.210296
-127.835784	167.929830	115.498827
-128.161738	167.704725	115.793325
-128.309398	167.602751	115.926734
-128.463661	167.496217	116.066110
-128.624527	167.385122	116.211452
-128.791997	167.269467	116.362759
-128.966070	167.149251	116.520034
-129.146747	167.024475	116.683274
-129.334028	166.895139	116.852481
-129.527912	166.761242	117.027654
-129.728400	166.622785	117.208793
-129.935491	166.479768	117.395899
-130.149186	166.332190	117.588970
-130.369484	166.180051	117.788008
-130.596386	166.023353	117.993013
-130.829891	165.862094	118.203983
-131.070000	165.696274	118.420920
-131.316712	165.525895	118.643823
-131.570028	165.350954	118.872692
-131.829948	165.171454	119.107528
-132.096471	164.987393	119.348330
-132.369597	164.798772	119.595098
-132.649327	164.605590	119.847832
-132.935661	164.407848	120.106533
-133.228598	164.205545	120.371199
-133.528139	163.998683	120.641833
-133.834283	163.787259	120.918432
-134.147031	163.571276	121.200997
-134.466382	163.350732	121.489529
-134.792337	163.125627	121.784027
-134.939996	163.023654	121.917437
-135.094259	162.917120	122.056812
-135.255126	162.806025	122.202154
-135.422596	162.690371	122.353462
-135.596670	162.570155	122.510737
-135.777347	162.445380	122.673977
-135.964627	162.316044	122.843184
-136.158512	162.182148	123.018358
-136.358999	162.043691	123.199497
-136.566091	161.900674	123.386603
-136.779786	161.753096	123.579675
-137.000084	161.600959	123.778713
-137.226986	161.444260	123.983717
-137.460491	161.283002	124.194688
-137.700600	161.117183	124.411625
-137.947313	160.946803	124.634528
-138.200629	160.771864	124.863397
-138.460549	160.592364	125.098233
-138.727072	160.408303	125.339035
-139.000198	160.219682	125.585803
-139.279929	160.026501	125.838538
-139.566262	159.828759	126.097238
-139.859200	159.626457	126.361905
-140.158741	159.419595	126.632539
-140.464885	159.208172	126.909138
-140.777633	158.992189	127.191704
-141.096984	158.771645	127.480236
-141.422939	158.546541	127.774734
-141.570599	158.444568	127.908144
-141.724862	158.338034	128.047519
-141.885729	158.226940	128.192861
-142.053199	158.111285	128.344169
-142.227272	157.991070	128.501444
-142.407950	157.866295	128.664685
-142.595230	157.736959	128.833892
-142.789115	157.603063	129.009065
-142.989602	157.464606	129.190204
-143.196694	157.321590	129.377310
-143.410389	157.174012	129.570382
-143.630687	157.021875	129.769420
-143.857589	156.865177	129.974425
-144.091095	156.703918	130.185396
-144.331204	156.538099	130.402333
-144.577916	156.367720	130.625236
-144.831233	156.192781	130.854105
-145.091152	156.013281	131.088941
-145.357675	155.829220	131.329743
-145.630802	155.640600	131.576511
-145.910532	155.447419	131.829246
-146.196866	155.249677	132.087947
-146.489804	155.047375	132.352614
-146.789345	154.840513	132.623247
-147.095489	154.629090	132.899847
-147.408237	154.413107	133.182413
-147.727588	154.192564	133.470945
-148.053544	153.967460	133.765443
-148.201203	153.865487	133.898852
-148.355466	153.758953	134.038228
-148.516333	153.647859	134.183570
-148.683803	153.532204	134.334878
-148.857877	153.411990	134.492153
-149.038554	153.287214	134.655394
-149.225835	153.157879	134.824601
-149.419719	153.023983	134.999774
-149.620207	152.885526	135.180913
-149.827298	152.742509	135.368019
-150.040993	152.594932	135.561091
-150.261292	152.442795	135.760130
-150.488194	152.286097	135.965134
-150.721699	152.124838	136.176105
-150.961808	151.959020	136.393042
-151.208521	151.788641	136.615945
-151.461837	151.613701	136.844815
-151.721757	151.434201	137.079651
-151.988280	151.250141	137.320453
-152.261407	151.061520	137.567221
-152.541137	150.868339	137.819956
-152.827471	150.670598	138.078656
-153.120409	150.468296	138.343323
-153.419949	150.261434	138.613957
-153.726094	150.050011	138.890556
-154.038842	149.834029	139.173122
-154.358194	149.613485	139.461654
-154.684149	149.388382	139.756153
-154.831808	149.286408	139.889562
-154.986071	149.179875	140.028938
-155.146938	149.068780	140.174280
-155.314408	148.953126	140.325588
-155.488482	148.832911	140.482863
-155.669159	148.708136	140.646103
-155.856440	148.578800	140.815310
-156.050324	148.444904	140.990484
-156.250812	148.306448	141.171623
-156.457904	148.163431	141.358729
-156.671599	148.015854	141.551801
-156.891897	147.863717	141.750839
-157.118799	147.707019	141.955844
-157.352305	147.545760	142.166815
-157.592414	147.379942	142.383752
-157.839126	147.209563	142.606655
-158.092443	147.034623	142.835525
-158.352362	146.855123	143.070361
-158.618886	146.671063	143.311163
-158.892012	146.482443	143.557931
-159.171743	146.289262	143.810666
-159.458077	146.091520	144.069366
-159.751014	145.889219	144.334033
-160.050555	145.682356	144.604667
-160.356699	145.470934	144.881266
-160.669447	145.254951	145.163832
-160.988799	145.034408	145.452364
-161.314754	144.809304	145.746863
-161.462414	144.707331	145.880272
-161.616677	144.600797	146.019648
-161.777543	144.489703	146.164990
-161.945014	144.374049	146.316298
-162.119087	144.253834	146.473573
-162.299765	144.129059	146.636814
-162.487045	143.999723	146.806021
-162.680930	143.865827	146.981194
-162.881418	143.727371	147.162333
-163.088509	143.584354	147.349439
-163.302204	143.436777	147.542511
-163.522503	143.284639	147.741550
-163.749405	143.127941	147.946554
-163.982910	142.966683	148.157525
-164.223019	142.800865	148.374462
-164.469732	142.630485	148.597365
-164.723048	142.455546	148.826235
-164.982968	142.276046	149.061071
-165.249491	142.091986	149.301873
-165.522618	141.903365	149.548641
-165.802348	141.710185	149.801376
-166.088682	141.512443	150.060077
-166.381620	141.310141	150.324744
-166.681160	141.103279	150.595377
-166.987305	140.891857	150.871977
-167.300053	140.675874	151.154543
-167.619405	140.455331	151.443075
-167.945360	140.230227	151.737573
-168.093019	140.128254	151.870983
-168.247282	140.021720	152.010358
-168.408149	139.910626	152.155700
-168.575619	139.794972	152.307009
-168.749693	139.674757	152.464283
-168.930370	139.549982	152.627524
-169.117651	139.420646	152.796731
-169.311535	139.286750	152.971904
-169.512023	139.148294	153.153044
-169.719115	139.005277	153.340150
-169.932810	138.857700	153.533222
-170.153108	138.705562	153.732260
-170.380010	138.548865	153.937265
-170.613516	138.387606	154.148235
-170.853625	138.221788	154.365172
-171.100338	138.051409	154.588076
-171.353654	137.876469	154.816945
-171.613573	137.696969	155.051781
-171.880097	137.512909	155.292583
-172.153224	137.324289	155.539352
-172.432954	137.131108	155.792086
-172.719288	136.933366	156.050787
-173.012225	136.731065	156.315454
-173.311766	136.524203	156.586088
-173.617911	136.312780	156.862687
-173.930659	136.096797	157.145253
-174.250010	135.876254	157.433785
-174.575965	135.651150	157.728284
-174.723625	135.549177	157.861693
-174.877888	135.442643	158.001069
-175.038755	135.331549	158.146411
-175.206225	135.215895	158.297719
-175.380299	135.095680	158.454994
-175.560976	134.970905	158.618234
-175.748257	134.841569	158.787441
-175.942141	134.707673	158.962615
-176.142629	134.569217	159.143754
-176.349720	134.426200	159.330860
-176.563415	134.278623	159.523932
-176.783714	134.126486	159.722970
-177.010616	133.969788	159.927975
-177.244122	133.808530	160.138946
-177.484231	133.642711	160.355883
-177.730943	133.472332	160.578786
-177.984259	133.297393	160.807656
-178.244179	133.117893	161.042492
-178.510702	132.933833	161.283294
-178.783829	132.745212	161.530062
-179.063560	132.552031	161.782797
-179.349894	132.354290	162.041498
-179.642831	132.151988	162.306165
-179.942372	131.945126	162.576798
-180.248516	131.733703	162.853398
-180.561264	131.517721	163.135963
-180.880616	131.297177	163.424496
-181.206571	131.072074	163.718994
-181.354231	130.970100	163.852403
-181.508494	130.863567	163.991779
-181.669360	130.752473	164.137121
-181.836831	130.636818	164.288430
-182.010904	130.516604	164.445704
-182.191582	130.391828	164.608945
-182.378863	130.262493	164.778152
-182.572747	130.128597	164.953325
-182.773235	129.990140	165.134465
-182.980326	129.847124	165.321571
-183.194021	129.699547	165.514643
-183.414320	129.547409	165.713681
-183.641222	129.390711	165.918685
-183.874727	129.229453	166.129656
-184.114836	129.063634	166.346593
-184.361549	128.893255	166.569497
-184.614865	128.718316	166.798366
-184.874785	128.538816	167.033202
-185.141308	128.354756	167.274004
-185.414435	128.166135	167.520773
-185.694165	127.972955	167.773507
-185.980499	127.775213	168.032208
-186.273437	127.572911	168.296875
-186.572978	127.366049	168.567508
-186.879122	127.154627	168.844108
-187.191870	126.938644	169.126674
-187.511222	126.718101	169.415206
-187.837177	126.492997	169.709704
-187.984836	126.391024	169.843114
-188.139100	126.284490	169.982490
-188.299966	126.173396	170.127832
-188.467436	126.057742	170.279140
-188.641510	125.937527	170.436415
-188.822187	125.812752	170.599655
-189.009468	125.683416	170.768862
-189.203353	125.549520	170.944036
-189.403841	125.411064	171.125175
-189.610932	125.268047	171.312281
-189.824627	125.120470	171.505353
-190.044925	124.968333	171.704391
-190.271827	124.811635	171.909396
-190.505333	124.650376	172.120367
-190.745442	124.484558	172.337304
-190.992155	124.314179	172.560207
-191.245471	124.139239	172.789077
-191.505391	123.959740	173.023913
-191.771914	123.775679	173.264715
-192.045041	123.587059	173.511483
-192.324771	123.393878	173.764218
-192.611105	123.196137	174.022918
-192.904042	122.993835	174.287586
-193.203583	122.786973	174.558219
-193.509728	122.575550	174.834819
-193.822476	122.359567	175.117384
-194.141827	122.139024	175.405917
-194.467783	121.913921	175.700415
-194.615442	121.811947	175.833824
-194.769705	121.705414	175.973200
-194.930572	121.594320	176.118542
-195.098042	121.478665	176.269851
-195.272116	121.358450	176.427125
-195.452793	121.233675	176.590366
-195.640074	121.104340	176.759573
-195.833958	120.970444	176.934746
-196.034446	120.831987	177.115886
-196.241538	120.688971	177.302991
-196.455233	120.541394	177.496064
-196.675531	120.389256	177.695102
-196.902433	120.232558	177.900106
-197.135939	120.071300	178.111077
-197.376048	119.905481	178.328014
-197.622761	119.735102	178.550918
-197.876077	119.560163	178.779787
-198.135996	119.380663	179.014623
-198.402520	119.196603	179.255425
-198.675647	119.007982	179.502193
-198.955377	118.814801	179.754928
-199.241711	118.617060	180.013629
-199.534648	118.414758	180.278296
-199.834189	118.207896	180.548929
-200.140334	117.996474	180.825529
-200.453082	117.780491	181.108095
-200.772433	117.559948	181.396627
-201.098388	117.334844	181.691125
-201.246048	117.232871	181.824535
-201.400311	117.126337	181.963911
-201.561178	117.015243	182.109253
-201.728648	116.899589	182.260561
-201.902722	116.779374	182.417836
-202.083399	116.654599	182.581076
-202.270680	116.525263	182.750283
-202.464564	116.391367	182.925457
-202.665052	116.252911	183.106596
-202.872143	116.109894	183.293702
-203.085838	115.962317	183.486774
-203.306137	115.810180	183.685812
-203.533039	115.653482	183.890817
-203.766545	115.492223	184.101788
-204.006654	115.326405	184.318725
-204.253366	115.156026	184.541628
-204.506683	114.981086	184.770498
-204.766602	114.801587	185.005334
-205.033126	114.617526	185.246136
-205.306252	114.428906	185.492904
-205.585983	114.235725	185.745639
-205.872317	114.037984	186.004339
-206.165254	113.835682	186.269007
-206.464795	113.628820	186.539640
-206.770939	113.417397	186.816240
-207.083687	113.201414	187.098805
-207.403039	112.980871	187.387338
-207.728994	112.755768	187.681836
-207.876654	112.653794	187.815245
-208.030917	112.547261	187.954621
-208.191784	112.436167	188.099963
-208.359254	112.320512	188.251271
-208.533327	112.200297	188.408546
-208.714005	112.075522	188.571787
-208.901286	111.946187	188.740994
-209.095170	111.812291	188.916167
-209.295658	111.673834	189.097307
-209.502749	111.530818	189.284412
-209.716444	111.383240	189.477485
-209.936743	111.231103	189.676523
-210.163645	111.074405	189.881527
-210.397150	110.913147	190.092498
-210.637259	110.747328	190.309435
-210.883972	110.576949	190.532339
-211.137288	110.402010	190.761208
-211.397208	110.222510	190.996044
-211.663731	110.038450	191.236846
-211.936858	109.849829	191.483614
-212.216588	109.656648	191.736349
-212.502922	109.458907	191.995050
-212.795860	109.256605	192.259717
-213.095401	109.049743	192.530350
-213.401545	108.838321	192.806950
-213.714293	108.622338	193.089516
-214.033645	108.401795	193.378048
-214.359600	108.176691	193.672546
-214.507259	108.074718	193.805956
-214.661523	107.968184	193.945332
-214.822389	107.857090	194.090674
-214.989859	107.741436	194.241982
-215.163933	107.621221	194.399257
-215.344611	107.496446	194.562497
-215.531891	107.367110	194.731704
-215.725776	107.233214	194.906878
-215.926264	107.094758	195.088017
-216.133355	106.951741	195.275123
-216.347050	106.804164	195.468195
-216.567348	106.652026	195.667233
-216.794251	106.495329	195.872238
-217.027756	106.334070	196.083209
-217.267865	106.168252	196.300146
-217.514578	105.997873	196.523049
-217.767894	105.822933	196.751919
-218.027814	105.643433	196.986755
-218.294337	105.459373	197.227557
-218.567464	105.270753	197.474325
-218.847194	105.077572	197.727060
-219.133528	104.879830	197.985760
-219.426466	104.677529	198.250428
-219.726006	104.470667	198.521061
-220.032151	104.259244	198.797661
-220.344899	104.043261	199.080226
-220.664251	103.822718	199.368759
-220.990206	103.597614	199.663257
-221.137865	103.495641	199.796666
-221.292128	103.389108	199.936042
-221.452995	103.278014	200.081384
-221.620465	103.162359	200.232692
-221.794539	103.042144	200.389967
-221.975216	102.917369	200.553208
-222.162497	102.788034	200.722415
-222.356381	102.654138	200.897588
-222.556869	102.515681	201.078728
-222.763961	102.372665	201.265833
-222.977656	102.225087	201.458905
-223.197954	102.072950	201.657944
-223.424856	101.916252	201.862948
-223.658362	101.754994	202.073919
-223.898471	101.589175	202.290856
-224.145184	101.418796	202.513760
-224.398500	101.243857	202.742629
-224.658420	101.064357	202.977465
-224.924943	100.880297	203.218267
-225.198070	100.691676	203.465035
-225.477800	100.498495	203.717770
-225.764134	100.300754	203.976471
-226.057071	100.098452	204.241138
-226.356612	99.891590	204.511771
-226.662757	99.680168	204.788371
-226.975505	99.464185	205.070937
-227.294856	99.243642	205.359469
-227.620811	99.018538	205.653967
-227.768471	98.916565	205.787377
-227.922734	98.810031	205.926753
-228.083601	98.698937	206.072095
-228.251071	98.583283	206.223403
-228.425145	98.463068	206.380677
-228.605822	98.338293	206.543918
-228.793103	98.208957	206.713125
-228.986987	98.075061	206.888299
-229.187475	97.936605	207.069438
-229.394567	97.793588	207.256544
-229.608262	97.646011	207.449616
-229.828560	97.493873	207.648654
-230.055462	97.337176	207.853659
-230.288968	97.175917	208.064630
-230.529077	97.010099	208.281567
-230.775789	96.839720	208.504470
-231.029106	96.664780	208.733340
-231.289025	96.485280	208.968176
-231.555549	96.301220	209.208978
-231.828675	96.112600	209.455746
-232.108406	95.919419	209.708481
-232.394740	95.721677	209.967181
-232.687677	95.519376	210.231849
-232.987218	95.312514	210.502482
-233.293363	95.101091	210.779081
-233.606111	94.885108	211.061647
-233.925462	94.664565	211.350179
-234.251417	94.439461	211.644678
-234.399077	94.337488	211.778087
-234.553340	94.230954	211.917463
-234.714207	94.119860	212.062805
-234.881677	94.004206	212.214113
-235.055751	93.883991	212.371388
-235.236428	93.759216	212.534629
-235.423709	93.629880	212.703836
-235.617593	93.495984	212.879009
-235.818081	93.357528	213.060149
-236.025172	93.214511	213.247254
-236.238867	93.066934	213.440326
-236.459166	92.914797	213.639365
-236.686068	92.758099	213.844369
-236.919573	92.596841	214.055340
-237.159683	92.431022	214.272277
-237.406395	92.260643	214.495181
-237.659711	92.085704	214.724050
-237.919631	91.906204	214.958886
-238.186154	91.722144	215.199688
-238.459281	91.533523	215.446456
-238.739012	91.340342	215.699191
