-34.243742	215.366044	2.752329
-34.251085	215.264231	2.751910
-34.267476	215.158221	2.752219
-34.292916	215.048017	2.753254
-34.327404	214.933620	2.755016
-34.370943	214.815031	2.757504
-34.423533	214.692252	2.760719
-34.485174	214.565285	2.764659
-34.555868	214.434131	2.769325
-34.635614	214.298792	2.774716
-34.724415	214.159269	2.780833
-34.822270	214.015564	2.787675
-34.929180	213.867679	2.795242
-35.045146	213.715615	2.803534
-35.170170	213.559374	2.812550
-35.304250	213.398957	2.822290
-35.447389	213.234366	2.832755
-35.599587	213.065602	2.843943
-35.760845	212.892668	2.855855
-35.931164	212.715564	2.868491
-36.110543	212.534293	2.881850
-36.298985	212.348856	2.895933
-36.496490	212.159254	2.910738
-36.703058	211.965489	2.926267
-36.918690	211.767563	2.942518
-37.143387	211.565477	2.959491
-37.377151	211.359234	2.977187
-37.619981	211.148834	2.995605
-37.871878	210.934279	3.014745
-38.132843	210.715570	3.034607
-38.402877	210.492711	3.055190
-38.681981	210.265701	3.076496
-38.970154	210.034543	3.098522
-39.267399	209.799238	3.121270
-39.573716	209.559788	3.144739
-39.889106	209.316195	3.168929
-40.213569	209.068460	3.193839
-40.547105	208.816584	3.219470
-40.889717	208.560570	3.245822
-41.241405	208.300420	3.272895
-41.602168	208.036133	3.300687
-41.972009	207.767714	3.329200
-42.350928	207.495162	3.358433
-42.738925	207.218480	3.388386
-43.136002	206.937669	3.419058
-43.542159	206.652731	3.450450
-43.725309	206.525234	3.464614
-43.917540	206.393612	3.479497
-44.118852	206.257866	3.495100
-44.329247	206.117997	3.511422
-44.548724	205.974005	3.528464
-44.777283	205.825892	3.546225
-45.014925	205.673658	3.564705
-45.261651	205.517303	3.583905
-45.517461	205.356830	3.603824
-45.782354	205.192237	3.624462
-46.056332	205.023527	3.645819
-46.339394	204.850699	3.667896
-46.631541	204.673755	3.690691
-46.932774	204.492695	3.714206
-47.243092	204.307520	3.738440
-47.562497	204.118231	3.763392
-47.890988	203.924828	3.789064
-48.228565	203.727312	3.815454
-48.575230	203.525685	3.842564
-48.930982	203.319946	3.870392
-49.295822	203.110097	3.898939
-49.669749	202.896138	3.928205
-50.052766	202.678070	3.958190
-50.444871	202.455894	3.988893
-50.846065	202.229610	4.020316
-51.256348	201.999220	4.052456
-51.675722	201.764724	4.085316
-52.104185	201.526122	4.118894
-52.299267	201.417913	4.134185
-52.503440	201.305599	4.150195
-52.716703	201.189182	4.166923
-52.939057	201.068661	4.184370
-53.170502	200.944037	4.202536
-53.411039	200.815311	4.221420
-53.660667	200.682482	4.241022
-53.919387	200.545551	4.261343
-54.187198	200.404518	4.282383
-54.464101	200.259384	4.304141
-54.750097	200.110150	4.326618
-55.045184	199.956814	4.349813
-55.349364	199.799378	4.373727
-55.662636	199.637842	4.398359
-55.985002	199.472207	4.423709
-56.316460	199.302472	4.449779
-56.657011	199.128638	4.476566
-57.006655	198.950706	4.504072
-57.365392	198.768675	4.532297
-57.733223	198.582547	4.561240
-58.110148	198.392321	4.590901
-58.496166	198.197998	4.621281
-58.891278	197.999578	4.652380
-59.295485	197.797062	4.684196
-59.708785	197.590449	4.716732
-60.131180	197.379741	4.749985
-60.562670	197.164937	4.783957
-61.003254	196.946039	4.818648
-61.203086	196.846943	4.834383
-61.412012	196.743754	4.850836
-61.630033	196.636469	4.868008
-61.857150	196.525091	4.885899
-62.093361	196.409619	4.904508
-62.338668	196.290052	4.923835
-62.593070	196.166392	4.943880
-62.856568	196.038638	4.964644
-63.129161	195.906791	4.986127
-63.410850	195.770851	5.008328
-63.701634	195.630817	5.031247
-64.001514	195.486691	5.054884
-64.310489	195.338471	5.079240
-64.628561	195.186159	5.104315
-64.955728	195.029755	5.130107
-65.291992	194.869258	5.156619
-65.637351	194.704669	5.183848
-65.991807	194.535988	5.211796
-66.355359	194.363216	5.240462
-66.728007	194.186351	5.269847
-67.109751	194.005395	5.299950
-67.500592	193.820348	5.330771
-67.900530	193.631210	5.362311
-68.309563	193.437980	5.394569
-68.727694	193.240660	5.427546
-69.154921	193.039249	5.461241
-69.591245	192.833747	5.495654
-70.036666	192.624156	5.530786
-70.238512	192.529262	5.546707
-70.449455	192.430278	5.563346
-70.669495	192.327204	5.580703
-70.898631	192.220041	5.598779
-71.136865	192.108787	5.617573
-71.384196	191.993443	5.637085
-71.640624	191.874010	5.657316
-71.906150	191.750487	5.678266
-72.180772	191.622875	5.699933
-72.464492	191.491172	5.722319
-72.757309	191.355381	5.745424
-73.059223	191.215500	5.769247
-73.370235	191.071530	5.793788
-73.690344	190.923470	5.819048
-74.019550	190.771321	5.845025
-74.357854	190.615084	5.871722
-74.705255	190.454757	5.899137
-75.061754	190.290341	5.927270
-75.427350	190.121836	5.956121
-75.802044	189.949243	5.985691
-76.185835	189.772561	6.015980
-76.578724	189.591790	6.046986
-76.980711	189.406931	6.078711
-77.391795	189.217983	6.111155
-77.811978	189.024947	6.144317
-78.241258	188.827822	6.178197
-78.679635	188.626609	6.212796
-79.127111	188.421308	6.248113
-79.329842	188.328334	6.264114
-79.541670	188.231271	6.280833
-79.762597	188.130121	6.298270
-79.992621	188.024883	6.316426
-80.231744	187.915556	6.335300
-80.479964	187.802142	6.354893
-80.737282	187.684639	6.375204
-81.003698	187.563049	6.396234
-81.279213	187.437371	6.417981
-81.563825	187.307605	6.440448
-81.857535	187.173752	6.463632
-82.160343	187.035810	6.487535
-82.472250	186.893781	6.512157
-82.793254	186.747665	6.537497
-83.123357	186.597460	6.563555
-83.462557	186.443169	6.590332
-83.810856	186.284789	6.617827
-84.168253	186.122322	6.646040
-84.534748	185.955767	6.674972
-84.910341	185.785126	6.704622
-85.295033	185.610396	6.734991
-85.688822	185.431579	6.766078
-86.091710	185.248675	6.797884
-86.503696	185.061684	6.830408
-86.924780	184.870605	6.863650
-87.354963	184.675439	6.897611
-87.794243	184.476186	6.932290
-88.242623	184.272845	6.967687
-88.445749	184.180745	6.983723
-88.657973	184.084557	7.000478
-88.879296	183.984282	7.017950
-89.109718	183.879920	7.036142
-89.349237	183.771471	7.055051
-89.597855	183.658934	7.074679
-89.855572	183.542311	7.095026
-90.122386	183.421601	7.116090
-90.398299	183.296804	7.137874
-90.683311	183.167919	7.160375
-90.977420	183.034948	7.183595
-91.280629	182.897890	7.207534
-91.592935	182.756745	7.232191
-91.914340	182.611512	7.257566
-92.244843	182.462193	7.283660
-92.584445	182.308787	7.310472
-92.933145	182.151295	7.338002
-93.290944	181.989715	7.366251
-93.657841	181.824048	7.395219
-94.033836	181.654295	7.424904
-94.418930	181.480455	7.455309
-94.813123	181.302527	7.486431
-95.216414	181.120514	7.518272
-95.628803	180.934413	7.550832
-96.050291	180.744226	7.584109
-96.480877	180.549951	7.618106
-96.920562	180.351591	7.652820
-97.369345	180.149143	7.688253
-97.572650	180.057439	7.704305
-97.785053	179.961649	7.721075
-98.006555	179.861772	7.738564
-98.237155	179.757809	7.756771
-98.476854	179.649758	7.775696
-98.725651	179.537622	7.795340
-98.983547	179.421398	7.815702
-99.250541	179.301088	7.836782
-99.526634	179.176691	7.858581
-99.811825	179.048207	7.881099
-100.106115	178.915637	7.904335
-100.409504	178.778981	7.928289
-100.721991	178.638237	7.952962
-101.043576	178.493407	7.978353
-101.374260	178.344491	8.004462
-101.714043	178.191488	8.031290
-102.062924	178.034398	8.058836
-102.420904	177.873222	8.087101
-102.787982	177.707959	8.116084
-103.164159	177.538610	8.145786
-103.549435	177.365174	8.176206
-103.943809	177.187652	8.207344
-104.347282	177.006043	8.239201
-104.759853	176.820347	8.271776
-105.181523	176.630565	8.305070
-105.612291	176.436697	8.339082
-106.052158	176.238742	8.373813
-106.501124	176.036700	8.409262
-106.704509	175.945177	8.425320
-106.916993	175.849568	8.442098
-107.138576	175.749872	8.459593
-107.369257	175.646089	8.477807
-107.609037	175.538220	8.496739
-107.857916	175.426265	8.516390
-108.115893	175.310223	8.536759
-108.382969	175.190094	8.557847
-108.659143	175.065880	8.579653
-108.944416	174.937578	8.602178
-109.238787	174.805191	8.625421
-109.542258	174.668716	8.649382
-109.854826	174.528156	8.674062
-110.176494	174.383509	8.699460
-110.507260	174.234775	8.725576
-110.847124	174.081955	8.752411
-111.196088	173.925049	8.779965
-111.554150	173.764056	8.808237
-111.921310	173.598977	8.837227
-112.297569	173.429812	8.866936
-112.682927	173.256559	8.897363
-113.077383	173.079221	8.928508
-113.480938	172.897796	8.960372
-113.893592	172.712285	8.992955
-114.315344	172.522687	9.026255
-114.746195	172.329003	9.060275
-115.186145	172.131233	9.095012
-115.635193	171.929376	9.130468
-115.838615	171.837935	9.146530
-116.051136	171.742408	9.163310
-116.272756	171.642794	9.180809
-116.503474	171.539094	9.199026
-116.743290	171.431307	9.217962
-116.992206	171.319434	9.237616
-117.250220	171.203475	9.257988
-117.517332	171.083429	9.279079
-117.793544	170.959297	9.300888
-118.078854	170.831079	9.323416
-118.373262	170.698774	9.346662
-118.676769	170.562383	9.370626
-118.989375	170.421905	9.395309
-119.311080	170.277341	9.420711
-119.641883	170.128691	9.446830
-119.981785	169.975954	9.473669
-120.330785	169.819131	9.501225
-120.688885	169.658222	9.529500
-121.056082	169.493226	9.558494
-121.432379	169.324144	9.588206
-121.817774	169.150976	9.618636
-122.212268	168.973721	9.649785
-122.615860	168.792380	9.681652
-123.028551	168.606953	9.714237
-123.450341	168.417439	9.747541
-123.881230	168.223839	9.781564
-124.321217	168.026152	9.816305
-124.770302	167.824379	9.851764
-124.973741	167.732976	9.867827
-125.186279	167.637486	9.884609
-125.407915	167.537909	9.902109
-125.638650	167.434246	9.920328
-125.878483	167.326497	9.939265
-126.127415	167.214662	9.958920
-126.385446	167.098740	9.979294
-126.652575	166.978732	10.000386
-126.928803	166.854638	10.022197
-127.214130	166.726457	10.044726
-127.508556	166.594190	10.067973
-127.812080	166.457837	10.091939
-128.124702	166.317397	10.116624
-128.446424	166.172871	10.142026
-128.777244	166.024258	10.168148
-129.117163	165.871560	10.194987
-129.466180	165.714775	10.222545
-129.824296	165.553903	10.250822
-130.191511	165.388945	10.279817
-130.567824	165.219901	10.309530
-130.953237	165.046771	10.339962
-131.347747	164.869554	10.371112
-131.751357	164.688251	10.402981
-132.164065	164.502862	10.435568
-132.585872	164.313386	10.468873
-133.016777	164.119824	10.502897
-133.456781	163.922176	10.537639
-133.905884	163.720441	10.573100
-134.109331	163.629055	10.589164
-134.321876	163.533582	10.605946
-134.543519	163.434022	10.623447
-134.774262	163.330377	10.641666
-135.014103	163.222645	10.660604
-135.263042	163.110826	10.680260
-135.521081	162.994922	10.700634
-135.788218	162.874931	10.721727
-136.064454	162.750853	10.743538
-136.349788	162.622690	10.766068
-136.644221	162.490440	10.789316
-136.947753	162.354104	10.813283
-137.260383	162.213681	10.837968
-137.582112	162.069172	10.863371
-137.912940	161.920577	10.889493
-138.252867	161.767896	10.916334
-138.601892	161.611128	10.943892
-138.960016	161.450274	10.972169
-139.327238	161.285333	11.001165
-139.703559	161.116307	11.030879
-140.088979	160.943193	11.061311
-140.483498	160.765994	11.092462
-140.887115	160.584708	11.124331
-141.299831	160.399336	11.156919
-141.721645	160.209878	11.190225
-142.152559	160.016333	11.224250
-142.592570	159.818702	11.258993
-143.041681	159.616985	11.294454
-143.245131	159.525606	11.310518
-143.457679	159.430141	11.327301
-143.679326	159.330589	11.344802
-143.910072	159.226951	11.363021
-144.149917	159.119227	11.381959
-144.398860	159.007417	11.401616
-144.656902	158.891520	11.421990
-144.924042	158.771537	11.443084
-145.200282	158.647467	11.464895
-145.485620	158.519311	11.487425
-145.780056	158.387069	11.510674
-146.083591	158.250741	11.534641
-146.396225	158.110326	11.559326
-146.717958	157.965825	11.584730
-147.048789	157.817238	11.610852
-147.388719	157.664564	11.637692
-147.737748	157.507804	11.665251
-148.095875	157.346958	11.693529
-148.463101	157.182026	11.722525
-148.839426	157.013007	11.752239
-149.224849	156.839901	11.782672
-149.619371	156.662710	11.813823
-150.022992	156.481432	11.845692
-150.435711	156.296068	11.878280
-150.857529	156.106618	11.911587
-151.288446	155.913081	11.945612
-151.728462	155.715458	11.980355
-152.177576	155.513749	12.015816
-152.381027	155.422373	12.031881
-152.593577	155.326911	12.048664
-152.815226	155.227363	12.066165
-153.045973	155.123729	12.084384
-153.285819	155.016008	12.103322
-153.534764	154.904201	12.122979
-153.792808	154.788308	12.143354
-154.059950	154.668328	12.164447
-154.336191	154.544262	12.186259
-154.621530	154.416110	12.208789
-154.915968	154.283872	12.232038
-155.219505	154.147547	12.256005
-155.532141	154.007136	12.280690
-155.853875	153.862638	12.306094
-156.184708	153.714055	12.332216
-156.524639	153.561384	12.359057
-156.873669	153.404628	12.386616
-157.231798	153.243785	12.414894
-157.599026	153.078857	12.443890
-157.975352	152.909841	12.473604
-158.360777	152.736740	12.504037
-158.755301	152.559552	12.535188
-159.158923	152.378278	12.567058
-159.571644	152.192917	12.599646
-159.993464	152.003470	12.632952
-160.424382	151.809937	12.666977
-160.864399	151.612318	12.701721
-161.313515	151.410612	12.737183
-161.516967	151.319238	12.753247
-161.729518	151.223778	12.770030
-161.951167	151.124232	12.787531
-162.181916	151.020599	12.805751
-162.421762	150.912880	12.824689
-162.670708	150.801074	12.844345
-162.928752	150.685183	12.864720
-163.195895	150.565205	12.885814
-163.472136	150.441140	12.907625
-163.757477	150.312990	12.930156
-164.051915	150.180753	12.953404
-164.355453	150.044430	12.977371
-164.668089	149.904020	13.002057
-164.989824	149.759524	13.027461
-165.320658	149.610942	13.053583
-165.660590	149.458274	13.080424
-166.009621	149.301519	13.107983
-166.367751	149.140678	13.136261
-166.734979	148.975751	13.165257
-167.111306	148.806737	13.194971
-167.496732	148.633637	13.225404
-167.891256	148.456451	13.256556
-168.294879	148.275178	13.288425
-168.707601	148.089819	13.321013
-169.129421	147.900374	13.354320
-169.560341	147.706843	13.388345
-170.000358	147.509225	13.423088
-170.449475	147.307521	13.458550
-170.652927	147.216148	13.474615
-170.865478	147.120688	13.491398
-171.087128	147.021143	13.508899
-171.317877	146.917511	13.527119
-171.557724	146.809792	13.546057
-171.806669	146.697988	13.565713
-172.064714	146.582097	13.586088
-172.331857	146.462120	13.607182
-172.608099	146.338056	13.628994
-172.893440	146.209906	13.651524
-173.187879	146.077670	13.674772
-173.491417	145.941348	13.698740
-173.804053	145.800939	13.723425
-174.125789	145.656444	13.748829
-174.456623	145.507862	13.774951
-174.796555	145.355195	13.801792
-175.145586	145.198441	13.829351
-175.503716	145.037600	13.857629
-175.870945	144.872674	13.886625
-176.247272	144.703661	13.916340
-176.632698	144.530562	13.946773
-177.027223	144.353376	13.977924
-177.430847	144.172104	14.009794
-177.843569	143.986746	14.042382
-178.265389	143.797302	14.075688
-178.696309	143.603771	14.109714
-179.136327	143.406154	14.144457
-179.585444	143.204451	14.179919
-179.788896	143.113078	14.195983
-180.001448	143.017619	14.212766
-180.223098	142.918074	14.230268
-180.453846	142.814442	14.248487
-180.693693	142.706724	14.267425
-180.942639	142.594920	14.287082
-181.200684	142.479029	14.307457
-181.467827	142.359052	14.328550
-181.744069	142.234989	14.350362
-182.029410	142.106839	14.372892
-182.323849	141.974603	14.396141
-182.627388	141.838281	14.420108
-182.940024	141.697873	14.444794
-183.261760	141.553378	14.470198
-183.592594	141.404797	14.496320
-183.932527	141.252130	14.523161
-184.281558	141.095376	14.550720
-184.639688	140.934536	14.578998
-185.006917	140.769610	14.607994
-185.383244	140.600597	14.637708
-185.768671	140.427499	14.668141
-186.163196	140.250313	14.699293
-186.566819	140.069042	14.731163
-186.979541	139.883684	14.763751
-187.401362	139.694240	14.797057
-187.832282	139.500710	14.831082
-188.272300	139.303093	14.865826
-188.721417	139.101390	14.901288
-188.924870	139.010018	14.917352
-189.137421	138.914559	14.934135
-189.359071	138.815013	14.951636
-189.589820	138.711382	14.969856
-189.829667	138.603664	14.988794
-190.078613	138.491860	15.008451
-190.336658	138.375969	15.028826
-190.603801	138.255993	15.049919
-190.880043	138.131930	15.071731
-191.165384	138.003780	15.094261
-191.459823	137.871544	15.117510
-191.763362	137.735223	15.141477
-192.075998	137.594814	15.166163
-192.397734	137.450320	15.191567
-192.728568	137.301739	15.217689
-193.068501	137.149072	15.244530
-193.417532	136.992318	15.272089
-193.775663	136.831478	15.300367
-194.142891	136.666552	15.329363
-194.519219	136.497540	15.359077
-194.904645	136.324441	15.389510
-195.299170	136.147256	15.420662
-195.702794	135.965985	15.452532
-196.115516	135.780627	15.485120
-196.537337	135.591183	15.518426
-196.968257	135.397653	15.552451
-197.408275	135.200037	15.587195
-197.857392	134.998334	15.622657
-198.060845	134.906961	15.638721
-198.273396	134.811502	15.655504
-198.495046	134.711957	15.673006
-198.725795	134.608326	15.691225
-198.965642	134.500608	15.710163
-199.214588	134.388804	15.729820
-199.472633	134.272913	15.750195
-199.739777	134.152937	15.771288
-200.016019	134.028874	15.793100
-200.301359	133.900724	15.815631
-200.595799	133.768489	15.838879
-200.899337	133.632167	15.862846
-201.211974	133.491759	15.887532
-201.533709	133.347264	15.912936
-201.864544	133.198683	15.939058
-202.204477	133.046016	15.965899
-202.553508	132.889263	15.993458
-202.911638	132.728423	16.021736
-203.278867	132.563497	16.050732
-203.655195	132.394485	16.080447
-204.040621	132.221386	16.110880
-204.435146	132.044201	16.142031
-204.838770	131.862930	16.173901
-205.251492	131.677573	16.206489
-205.673313	131.488129	16.239796
-206.104233	131.294599	16.273821
-206.544251	131.096982	16.308564
-206.993368	130.895279	16.344026
-207.196821	130.803907	16.360090
-207.409372	130.708448	16.376873
-207.631022	130.608903	16.394375
-207.861771	130.505271	16.412594
-208.101618	130.397554	16.431533
-208.350565	130.285750	16.451189
-208.608609	130.169859	16.471564
-208.875753	130.049883	16.492658
-209.151995	129.925820	16.514469
-209.437336	129.797670	16.537000
-209.731775	129.665435	16.560248
-210.035313	129.529113	16.584216
-210.347950	129.388705	16.608901
-210.669686	129.244210	16.634305
-211.000520	129.095630	16.660427
-211.340453	128.942963	16.687268
-211.689484	128.786209	16.714828
-212.047615	128.625369	16.743105
-212.414844	128.460443	16.772101
-212.791171	128.291431	16.801816
-213.176598	128.118333	16.832249
-213.571122	127.941148	16.863400
-213.974746	127.759877	16.895270
-214.387468	127.574519	16.927858
-214.809290	127.385075	16.961165
-215.240209	127.191545	16.995190
-215.680228	126.993929	17.029933
-216.129345	126.792226	17.065395
-216.332797	126.700853	17.081460
-216.545349	126.605395	17.098243
-216.766999	126.505850	17.115744
-216.997748	126.402218	17.133964
-217.237595	126.294500	17.152902
-217.486541	126.182696	17.172558
-217.744586	126.066806	17.192933
-218.011729	125.946829	17.214027
-218.287971	125.822766	17.235839
-218.573312	125.694617	17.258369
-218.867752	125.562382	17.281618
-219.171290	125.426060	17.305585
-219.483927	125.285652	17.330270
-219.805662	125.141157	17.355674
-220.136496	124.992576	17.381797
-220.476429	124.839909	17.408637
-220.825461	124.683156	17.436197
-221.183591	124.522316	17.464474
-221.550820	124.357390	17.493470
-221.927148	124.188378	17.523185
-222.312574	124.015279	17.553618
-222.707099	123.838095	17.584769
-223.110723	123.656823	17.616639
-223.523445	123.471466	17.649227
-223.945266	123.282022	17.682534
-224.376186	123.088492	17.716559
-224.816204	122.890876	17.751303
-225.265321	122.689173	17.786764
-225.468774	122.597800	17.802829
-225.681325	122.502342	17.819612
-225.902975	122.402797	17.837113
-226.133724	122.299165	17.855333
-226.373572	122.191447	17.874271
-226.622518	122.079643	17.893928
-226.880562	121.963753	17.914303
-227.147706	121.843776	17.935396
-227.423948	121.719713	17.957208
-227.709289	121.591564	17.979738
-228.003728	121.459329	18.002987
-228.307267	121.323007	18.026954
-228.619903	121.182599	18.051639
-228.941639	121.038104	18.077043
-229.272473	120.889523	18.103166
-229.612406	120.736856	18.130007
-229.961438	120.580103	18.157566
-230.319568	120.419263	18.185844
-230.686797	120.254337	18.214840
-231.063124	120.085325	18.244554
-231.448551	119.912227	18.274987
-231.843076	119.735042	18.306138
-232.246699	119.553771	18.338008
-232.659422	119.368413	18.370597
-233.081243	119.178969	18.403903
-233.512163	118.985439	18.437928
-233.952181	118.787823	18.472672
-234.401298	118.586120	18.508134
-234.604751	118.494748	18.524198
-234.817302	118.399289	18.540981
-235.038952	118.299744	18.558482
-235.269701	118.196112	18.576702
-235.509548	118.088395	18.595640
-235.758494	117.976591	18.615297
-236.016539	117.860700	18.635672
-236.283683	117.740724	18.656765
-236.559925	117.616661	18.678577
-236.845266	117.488511	18.701107
-237.139705	117.356276	18.724356
-237.443243	117.219954	18.748323
-237.755880	117.079546	18.773009
-238.077616	116.935051	18.798413
-238.408450	116.786471	18.824535
-238.748383	116.633804	18.851376
-239.097414	116.477050	18.878935
-239.455545	116.316211	18.907213
-239.822774	116.151285	18.936209
-240.199101	115.982272	18.965923
-240.584528	115.809174	18.996356
-240.979053	115.631989	19.027508
-241.382676	115.450718	19.059377
-241.795399	115.265360	19.091966
-242.217220	115.075917	19.125272
-242.648139	114.882386	19.159297
-243.088158	114.684770	19.194041
-243.537275	114.483067	19.229503
-243.740728	114.391695	19.245567
-243.953279	114.296236	19.262350
-244.174929	114.196691	19.279851
-244.405678	114.093060	19.298071
-244.645525	113.985342	19.317009
-244.894471	113.873538	19.336666
-245.152516	113.757647	19.357041
-245.419659	113.637671	19.378134
-245.695902	113.513608	19.399946
-245.981242	113.385459	19.422476
-246.275682	113.253223	19.445725
-246.579220	113.116901	19.469692
-246.891857	112.976493	19.494378
-247.213592	112.831999	19.519782
-247.544427	112.683418	19.545904
-247.884360	112.530751	19.572745
-248.233391	112.373998	19.600304
-248.591521	112.213158	19.628582
-248.958750	112.048232	19.657578
-249.335078	111.879220	19.687293
-249.720504	111.706121	19.717726
-250.115029	111.528936	19.748877
-250.518653	111.347665	19.780747
-250.931375	111.162308	19.813335
-251.353196	110.972864	19.846642
-251.784116	110.779334	19.880667
-252.224135	110.581717	19.915410
-252.673252	110.380015	19.950872
-252.876704	110.288642	19.966936
-253.089256	110.193183	19.983719
-253.310906	110.093638	20.001221
-253.541654	109.990007	20.019440
-253.781502	109.882289	20.038379
-254.030448	109.770485	20.058035
-254.288493	109.654595	20.078410
-254.555636	109.534618	20.099504
-254.831878	109.410555	20.121315
-255.117219	109.282406	20.143846
-255.411659	109.150170	20.167094
-255.715197	109.013849	20.191062
-256.027834	108.873440	20.215747
-256.349569	108.728946	20.241151
-256.680403	108.580365	20.267273
-257.020336	108.427698	20.294114
-257.369368	108.270945	20.321674
-257.727498	108.110105	20.349951
-258.094727	107.945179	20.378947
-258.471055	107.776167	20.408662
-258.856481	107.603068	20.439095
-259.251006	107.425884	20.470246
-259.654630	107.244612	20.502116
-260.067352	107.059255	20.534704
-260.489173	106.869811	20.568011
-260.920093	106.676281	20.602036
-261.360111	106.478665	20.636779
-261.809228	106.276962	20.672241
-262.012681	106.185589	20.688306
-262.225232	106.090131	20.705089
-262.446883	105.990586	20.722590
-262.677631	105.886954	20.740810
-262.917479	105.779236	20.759748
-263.166425	105.667432	20.779404
-263.424470	105.551542	20.799779
-263.691613	105.431565	20.820873
-263.967855	105.307502	20.842685
-264.253196	105.179353	20.865215
-264.547635	105.047118	20.888464
-264.851174	104.910796	20.912431
-265.163811	104.770388	20.937116
-265.485546	104.625893	20.962520
-265.816380	104.477313	20.988643
-266.156313	104.324645	21.015483
-266.505345	104.167892	21.043043
-266.863475	104.007052	21.071320
-267.230704	103.842127	21.100317
-267.607032	103.673114	21.130031
-267.992458	103.500016	21.160464
-268.386983	103.322831	21.191615
-268.790607	103.141560	21.223485
-269.203329	102.956202	21.256073
-269.625150	102.766758	21.289380
-270.056070	102.573228	21.323405
-270.496088	102.375612	21.358149
-270.945205	102.173909	21.393610
-271.148658	102.082537	21.409675
-271.361209	101.987078	21.426458
-271.582859	101.887533	21.443959
-271.813608	101.783901	21.462179
-272.053455	101.676184	21.481117
-272.302402	101.564380	21.500774
-272.560446	101.448489	21.521149
-272.827590	101.328513	21.542242
-273.103832	101.204450	21.564054
-273.389173	101.076301	21.586584
-273.683612	100.944065	21.609833
-273.987150	100.807743	21.633800
-274.299787	100.667335	21.658486
-274.621523	100.522841	21.683889
-274.952357	100.374260	21.710012
-275.292290	100.221593	21.736853
-275.641322	100.064839	21.764412
-275.999452	99.904000	21.792690
-276.366681	99.739074	21.821686
-276.743008	99.570062	21.851400
-277.128435	99.396963	21.881833
-277.522960	99.219778	21.912985
-277.926583	99.038507	21.944854
-278.339306	98.853149	21.977443
-278.761127	98.663706	22.010749
-279.192047	98.470176	22.044774
-279.632065	98.272559	22.079518
-280.081182	98.070857	22.114980
-280.284635	97.979484	22.131044
-280.497186	97.884025	22.147827
-280.718836	97.784480	22.165328
-280.949585	97.680849	22.183548
-281.189432	97.573131	22.202486
-281.438378	97.461327	22.222143
-281.696423	97.345437	22.242518
-281.963567	97.225460	22.263611
-282.239809	97.101397	22.285423
-282.525150	96.973248	22.307953
-282.819589	96.841012	22.331202
-283.123127	96.704691	22.355169
-283.435764	96.564282	22.379855
-283.757500	96.419788	22.405259
-284.088334	96.271207	22.431381
-284.428267	96.118540	22.458222
-284.777298	95.961787	22.485781
-285.135429	95.800947	22.514059
-285.502658	95.636021	22.543055
-285.878985	95.467009	22.572769
-286.264412	95.293910	22.603202
-286.658937	95.116725	22.634354
-287.062560	94.935454	22.666224
-287.475283	94.750097	22.698812
-287.897104	94.560653	22.732118
-288.328023	94.367123	22.766143
-288.768042	94.169507	22.800887
-289.217159	93.967804	22.836349
-289.420611	93.876431	22.852413
-289.633163	93.780973	22.869196
-289.854813	93.681427	22.886698
-290.085562	93.577796	22.904917
-290.325409	93.470078	22.923855
-290.574355	93.358274	22.943512
-290.832400	93.242384	22.963887
-291.099543	93.122407	22.984980
-291.375786	92.998344	23.006792
-291.661126	92.870195	23.029323
-291.955566	92.737960	23.052571
-292.259104	92.601638	23.076538
-292.571741	92.461230	23.101224
-292.893476	92.316735	23.126628
-293.224311	92.168154	23.152750
-293.564244	92.015487	23.179591
-293.913275	91.858734	23.207150
-294.271405	91.697894	23.235428
-294.638634	91.532968	23.264424
-295.014962	91.363956	23.294139
-295.400388	91.190858	23.324572
-295.794913	91.013673	23.355723
-296.198537	90.832402	23.387593
-296.611259	90.647044	23.420181
-297.033080	90.457600	23.453488
-297.464000	90.264070	23.487513
-297.904019	90.066454	23.522256
-298.353136	89.864751	23.557718
-298.556588	89.773379	23.573783
-298.769140	89.677920	23.590565
-298.990790	89.578375	23.608067
-299.221538	89.474743	23.626286
-299.461386	89.367026	23.645225
-299.710332	89.255222	23.664881
-299.968377	89.139331	23.685256
-300.235520	89.019355	23.706350
-300.511762	88.895292	23.728161
-300.797103	88.767143	23.750692
-301.091543	88.634907	23.773940
-301.395081	88.498585	23.797908
-301.707718	88.358177	23.822593
-302.029453	88.213683	23.847997
-302.360287	88.065102	23.874120
-302.700220	87.912435	23.900960
-303.049252	87.755681	23.928520
-303.407382	87.594842	23.956797
-303.774611	87.429916	23.985793
-304.150939	87.260904	24.015508
-304.536365	87.087805	24.045941
-304.930890	86.910620	24.077092
-305.334514	86.729349	24.108962
-305.747236	86.543991	24.141550
-306.169057	86.354548	24.174857
-306.599977	86.161018	24.208882
-307.039995	85.963401	24.243625
-307.489112	85.761699	24.279087
-307.692565	85.670326	24.295152
-307.905116	85.574867	24.311935
-308.126767	85.475322	24.329436
-308.357515	85.371691	24.347656
-308.597363	85.263973	24.366594
-308.846309	85.152169	24.386250
-309.104354	85.036279	24.406625
-309.371497	84.916302	24.427719
-309.647739	84.792239	24.449531
-309.933080	84.664090	24.472061
-310.227519	84.531854	24.495310
-310.531058	84.395532	24.519277
-310.843695	84.255124	24.543962
-311.165430	84.110630	24.569366
-311.496264	83.962049	24.595489
-311.836197	83.809382	24.622330
-312.185229	83.652629	24.649889
-312.543359	83.491789	24.678166
-312.910588	83.326863	24.707163
-313.286916	83.157851	24.736877
-313.672342	82.984752	24.767310
-314.066867	82.807567	24.798461
-314.470491	82.626296	24.830331
-314.883213	82.440939	24.862919
-315.305034	82.251495	24.896226
-315.735954	82.057965	24.930251
-316.175972	81.860349	24.964995
-316.625089	81.658646	25.000457
-316.828542	81.567273	25.016521
-317.041093	81.471815	25.033304
-317.262743	81.372269	25.050805
-317.493492	81.268638	25.069025
-317.733339	81.160920	25.087963
-317.982286	81.049116	25.107620
-318.240330	80.933226	25.127995
-318.507474	80.813249	25.149088
-318.783716	80.689186	25.170900
-319.069057	80.561037	25.193430
-319.363496	80.428802	25.216679
-319.667034	80.292480	25.240646
-319.979671	80.152072	25.265332
-320.301407	80.007577	25.290736
