14.429517	210.666840	38.450211
14.428366	210.574309	38.514220
14.430403	210.477608	38.586740
14.435624	210.376738	38.667774
14.444025	210.271698	38.757323
14.455600	210.162491	38.855390
14.470344	210.049118	38.961977
14.488254	209.931579	39.077087
14.509324	209.809875	39.200721
14.533551	209.684009	39.332882
14.560928	209.553980	39.473572
14.591453	209.419790	39.622793
14.625120	209.281440	39.780547
14.661926	209.138931	39.946838
14.701865	208.992264	40.121665
14.744933	208.841440	40.305033
14.791126	208.686461	40.496942
14.840440	208.527326	40.697396
14.892870	208.364039	40.906396
14.948412	208.196598	41.123943
15.007063	208.025006	41.350041
15.068817	207.849264	41.584692
15.133671	207.669372	41.827896
15.201620	207.485333	42.079657
15.272661	207.297146	42.339975
15.346790	207.104813	42.608854
15.424003	206.908335	42.886295
15.504296	206.707713	43.172300
15.587665	206.502948	43.466871
15.674107	206.294042	43.770010
15.763618	206.080995	44.081718
15.856193	205.863809	44.401998
15.951830	205.642484	44.730851
16.050525	205.417022	45.068279
16.152275	205.187424	45.414284
16.257076	204.953690	45.768867
16.364924	204.715823	46.132031
16.475817	204.473823	46.503776
16.589751	204.227691	46.884106
16.706723	203.977428	47.273020
16.826730	203.723036	47.670522
16.949768	203.464515	48.076613
17.005391	203.348630	48.259579
17.064042	203.228617	48.451135
17.125718	203.104478	48.651284
17.190420	202.976213	48.860025
17.258144	202.843823	49.077359
17.328890	202.707308	49.303287
17.402658	202.566669	49.537809
17.479444	202.421905	49.780927
17.559249	202.273019	50.032640
17.642071	202.120009	50.292950
17.727909	201.962877	50.561857
17.816761	201.801624	50.839361
17.908626	201.636249	51.125465
18.003504	201.466753	51.420167
18.101393	201.293137	51.723469
18.202291	201.115401	52.035372
18.306199	200.933545	52.355876
18.413114	200.747571	52.684981
18.523035	200.557478	53.022689
18.635962	200.363268	53.369000
18.751893	200.164940	53.723914
18.870827	199.962495	54.087433
18.992763	199.755934	54.459556
19.117701	199.545257	54.840285
19.245639	199.330465	55.229620
19.376575	199.111558	55.627561
19.510510	198.888537	56.034110
19.647442	198.661402	56.449266
19.709693	198.558525	56.637789
19.774940	198.451535	56.834922
19.843182	198.340432	57.040663
19.914419	198.225216	57.255013
19.988651	198.105888	57.477972
20.065876	197.982448	57.709541
20.146095	197.854896	57.949720
20.229308	197.723233	58.198510
20.315514	197.587458	58.455909
20.404712	197.447572	58.721919
20.496902	197.303575	58.996540
20.592084	197.155467	59.279773
20.690257	197.003249	59.571616
20.791421	196.846920	59.872072
20.895576	196.686481	60.181139
21.002721	196.521933	60.498818
21.112855	196.353275	60.825109
21.225980	196.180508	61.160013
21.342093	196.003631	61.503530
21.461195	195.822646	61.855660
21.583286	195.637552	62.216403
21.708365	195.448350	62.585760
21.836431	195.255039	62.963730
21.967485	195.057621	63.350315
22.101526	194.856095	63.745513
22.238553	194.650461	64.149326
22.378568	194.440721	64.561754
22.521568	194.226873	64.982796
22.586412	194.130061	65.173644
22.654243	194.029143	65.373106
22.725059	193.924118	65.581183
22.798860	193.814986	65.797876
22.875646	193.701748	66.023185
22.955418	193.584404	66.257109
23.038175	193.462954	66.499649
23.123916	193.337398	66.750804
23.212642	193.207736	67.010575
23.304353	193.073968	67.278963
23.399048	192.936095	67.555966
23.496728	192.794116	67.841586
23.597391	192.648032	68.135821
23.701039	192.497842	68.438674
23.807671	192.343547	68.750142
23.917287	192.185147	69.070227
24.029886	192.022642	69.398929
24.145469	191.856032	69.736247
24.264036	191.685317	70.082183
24.385586	191.510497	70.436735
24.510119	191.331573	70.799904
24.637635	191.148544	71.171690
24.768134	190.961411	71.552093
24.901616	190.770174	71.941114
25.038081	190.574833	72.338752
25.177529	190.375387	72.745007
25.319959	190.171838	73.159880
25.465372	189.964185	73.583371
25.531266	189.870155	73.775247
25.600143	189.772022	73.975741
25.672001	189.669784	74.184852
25.746842	189.563444	74.402581
25.824666	189.453000	74.628928
25.905471	189.338452	74.863893
25.989259	189.219801	75.107476
26.076028	189.097047	75.359677
26.165780	188.970189	75.620496
26.258513	188.839228	75.889933
26.354229	188.704164	76.167989
26.452926	188.564997	76.454662
26.554606	188.421726	76.749953
26.659267	188.274353	77.053863
26.766909	188.122876	77.366391
26.877534	187.967297	77.687537
26.991140	187.807614	78.017302
27.107728	187.643829	78.355685
27.227297	187.475941	78.702686
27.349848	187.303950	79.058306
27.475381	187.127856	79.422544
27.603895	186.947660	79.795401
27.735391	186.763361	80.176877
27.869867	186.574960	80.566971
28.007326	186.382456	80.965683
28.147765	186.185850	81.373014
28.291186	185.985141	81.788964
28.437588	185.780330	82.213533
28.503917	185.687568	82.405876
28.573227	185.590705	82.606838
28.645519	185.489739	82.816418
28.720791	185.384671	83.034618
28.799045	185.275500	83.261436
28.880279	185.162228	83.496873
28.964495	185.044853	83.740929
29.051692	184.923376	83.993604
29.141871	184.797798	84.254898
29.235030	184.668116	84.524811
29.331170	184.534333	84.803342
29.430292	184.396448	85.090493
29.532394	184.254461	85.386262
29.637477	184.108372	85.690651
29.745542	183.958180	86.003658
29.856587	183.803887	86.325285
29.970614	183.645492	86.655531
30.087621	183.482995	86.994395
30.207610	183.316396	87.341879
30.330579	183.145695	87.697982
30.456530	182.970893	88.062704
30.585461	182.791988	88.436045
30.717373	182.608982	88.818005
30.852266	182.421874	89.208584
30.990140	182.230664	89.607783
31.130995	182.035353	90.015600
31.274830	181.835939	90.432037
31.421647	181.632424	90.857093
31.488159	181.540240	91.049650
31.557651	181.443954	91.250827
31.630125	181.343567	91.460622
31.705579	181.239077	91.679037
31.784014	181.130487	91.906071
31.865430	181.017794	92.141724
31.949827	180.901000	92.385997
32.037205	180.780105	92.638889
32.127563	180.655107	92.900400
32.220902	180.526009	93.170530
32.317222	180.392808	93.449280
32.416523	180.255507	93.736649
32.518804	180.114103	94.032637
32.624067	179.968598	94.337245
32.732310	179.818992	94.650472
32.843533	179.665284	94.972318
32.957738	179.507475	95.302784
33.074923	179.345564	95.641869
33.195089	179.179552	95.989573
33.318236	179.009438	96.345897
33.444364	178.835223	96.710840
33.573472	178.656906	97.084402
33.705561	178.474488	97.466584
33.840631	178.287969	97.857385
33.978681	178.097348	98.256805
34.119712	177.902625	98.664845
34.263724	177.703802	99.081505
34.410717	177.500877	99.506783
34.477306	177.408955	99.699439
34.546877	177.312931	99.900714
34.619428	177.212807	100.110608
34.694960	177.108581	100.329122
34.773472	177.000253	100.556255
34.854966	176.887825	100.792008
34.939440	176.771295	101.036380
35.026894	176.650663	101.289371
35.117330	176.525931	101.550982
35.210746	176.397097	101.821213
35.307142	176.264162	102.100062
35.406520	176.127125	102.387532
35.508878	175.985987	102.683620
35.614217	175.840748	102.988329
35.722536	175.691408	103.301656
35.833836	175.537966	103.623603
35.948117	175.380423	103.954170
36.065378	175.218779	104.293356
36.185621	175.053033	104.641161
36.308843	174.883186	104.997586
36.435047	174.709238	105.362631
36.564231	174.531189	105.736295
36.696396	174.349038	106.118578
36.831541	174.162787	106.509481
36.969667	173.972434	106.909003
37.110774	173.777979	107.317145
37.254862	173.579424	107.733906
37.401930	173.376767	108.159287
37.468553	173.284965	108.351988
37.538157	173.189061	108.553308
37.610742	173.089055	108.763248
37.686307	172.984949	108.981807
37.764853	172.876742	109.208986
37.846379	172.764433	109.444784
37.930887	172.648023	109.689202
38.018374	172.527512	109.942240
38.108843	172.402899	110.203896
38.202292	172.274186	110.474173
38.298722	172.141371	110.753069
38.398132	172.004455	111.040584
38.500523	171.863438	111.336719
38.605895	171.718320	111.641473
38.714248	171.569100	111.954847
38.825581	171.415779	112.276840
38.939894	171.258358	112.607453
39.057189	171.096834	112.946686
39.177464	170.931210	113.294538
39.300719	170.761485	113.651009
39.426956	170.587658	114.016100
39.556173	170.409731	114.389811
39.688370	170.227702	114.772141
39.823548	170.041572	115.163090
39.961707	169.851341	115.562659
40.102847	169.657008	115.970848
40.246967	169.458575	116.387656
40.394068	169.256040	116.813084
40.460706	169.164292	117.005806
40.530324	169.068442	117.207147
40.602923	168.968491	117.417107
40.678503	168.864439	117.635688
40.757063	168.756286	117.862887
40.838604	168.644032	118.098707
40.923126	168.527676	118.343145
41.010628	168.407220	118.596204
41.101111	168.282662	118.857882
41.194574	168.154003	119.128179
41.291019	168.021243	119.407096
41.390443	167.884382	119.694633
41.492849	167.743420	119.990789
41.598235	167.598357	120.295564
41.706602	167.449192	120.608959
41.817949	167.295927	120.930974
41.932277	167.138560	121.261608
42.049586	166.977092	121.600862
42.169875	166.811523	121.948735
42.293145	166.641853	122.305228
42.419395	166.468082	122.670341
42.548627	166.290209	123.044073
42.680839	166.108236	123.426424
42.816031	165.922161	123.817395
42.954204	165.731985	124.216986
43.095358	165.537708	124.625196
43.239492	165.339330	125.042025
43.386607	165.136851	125.467475
43.453251	165.045127	125.660206
43.522876	164.949302	125.861556
43.595481	164.849376	126.071527
43.671067	164.745349	126.290117
43.749634	164.637221	126.517326
43.831181	164.524991	126.753155
43.915709	164.408661	126.997603
44.003218	164.288229	127.250671
44.093707	164.163696	127.512359
44.187177	164.035063	127.782666
44.283627	163.902328	128.061593
44.383058	163.765491	128.349139
44.485470	163.624554	128.645305
44.590862	163.479516	128.950090
44.699235	163.330376	129.263495
44.810589	163.177136	129.585519
44.924923	163.019794	129.916163
45.042238	162.858351	130.255427
45.162534	162.692808	130.603310
45.285810	162.523162	130.959813
45.412067	162.349416	131.324935
45.541304	162.171569	131.698677
45.673522	161.989621	132.081038
45.808721	161.803571	132.472019
45.946900	161.613421	132.871619
46.088060	161.419169	133.279839
46.232201	161.220816	133.696679
46.379322	161.018363	134.122138
46.445969	160.926650	134.314873
46.515596	160.830836	134.516229
46.588205	160.730921	134.726203
46.663793	160.626906	134.944797
46.742363	160.518788	135.172011
46.823913	160.406570	135.407845
46.908443	160.290251	135.652297
46.995955	160.169831	135.905370
47.086447	160.045309	136.167062
47.179919	159.916687	136.437374
47.276372	159.783963	136.716305
47.375806	159.647138	137.003855
47.478221	159.506213	137.300026
47.583616	159.361186	137.604815
47.691991	159.212058	137.918225
47.803348	159.058828	138.240254
47.917685	158.901498	138.570902
48.035002	158.740067	138.910170
48.155301	158.574534	139.258058
48.278580	158.404901	139.614565
48.404839	158.231166	139.979692
48.534079	158.053330	140.353438
48.666300	157.871394	140.735804
48.801502	157.685356	141.126789
48.939684	157.495217	141.526394
49.080846	157.300976	141.934619
49.224990	157.102635	142.351463
49.372114	156.900193	142.776926
49.438762	156.808485	142.969664
49.508391	156.712677	143.171021
49.581000	156.612767	143.380998
49.656590	156.508756	143.599594
49.735160	156.400644	143.826810
49.816712	156.288431	144.062645
49.901244	156.172117	144.307100
49.988756	156.051702	144.560175
50.079249	155.927186	144.821869
50.172723	155.798568	145.092182
50.269177	155.665850	145.371115
50.368612	155.529030	145.658668
50.471028	155.388110	145.954840
50.576424	155.243088	146.259632
50.684801	155.093965	146.573044
50.796159	154.940741	146.895075
50.910497	154.783416	147.225725
51.027816	154.621990	147.564995
51.148115	154.456463	147.912885
51.271396	154.286834	148.269394
51.397656	154.113105	148.634523
51.526898	153.935274	149.008271
51.659120	153.753343	149.390639
51.794322	153.567310	149.781627
51.932506	153.377176	150.181234
52.073670	153.182941	150.589460
52.217814	152.984605	151.006306
52.364939	152.782168	151.431772
52.431588	152.690463	151.624511
52.501217	152.594657	151.825869
52.573827	152.494749	152.035846
52.649418	152.390741	152.254443
52.727989	152.282631	152.481660
52.809540	152.170421	152.717496
52.894073	152.054109	152.961952
52.981586	151.933696	153.215028
53.072080	151.809182	153.476723
53.165554	151.680567	153.747037
53.262009	151.547851	154.025971
53.361444	151.411034	154.313525
53.463861	151.270116	154.609698
53.569257	151.125096	154.914491
53.677635	150.975976	155.227903
53.788993	150.822754	155.549935
53.903332	150.665431	155.880587
54.020651	150.504008	156.219858
54.140951	150.338483	156.567748
54.264232	150.168857	156.924259
54.390493	149.995130	157.289388
54.519735	149.817302	157.663138
54.651958	149.635372	158.045507
54.787161	149.449342	158.436495
54.925345	149.259211	158.836103
55.066509	149.064978	159.244330
55.210654	148.866645	159.661178
55.357780	148.664210	160.086644
55.424429	148.572506	160.279383
55.494058	148.476701	160.480742
55.566668	148.376794	160.690720
55.642259	148.272787	160.909317
55.720830	148.164678	161.136534
55.802382	148.052469	161.372371
55.886915	147.936158	161.616827
55.974428	147.815746	161.869903
56.064922	147.691234	162.131599
56.158397	147.562620	162.401914
56.254852	147.429905	162.680848
56.354288	147.293088	162.968402
56.456704	147.152171	163.264576
56.562101	147.007153	163.569369
56.670479	146.858033	163.882782
56.781837	146.704813	164.204814
56.896176	146.547491	164.535466
57.013496	146.386069	164.874738
57.133796	146.220545	165.222629
57.257077	146.050920	165.579139
57.383339	145.877194	165.944270
57.512581	145.699367	166.318019
57.644804	145.517439	166.700389
57.780007	145.331410	167.091377
57.918191	145.141279	167.490986
58.059356	144.947048	167.899214
58.203501	144.748715	168.316061
58.350627	144.546282	168.741528
58.417276	144.454578	168.934268
58.486906	144.358773	169.135626
58.559516	144.258868	169.345604
58.635107	144.154861	169.564202
58.713678	144.046753	169.791420
58.795230	143.934544	170.027257
58.879763	143.818233	170.271713
58.967276	143.697822	170.524789
59.057770	143.573310	170.786485
59.151245	143.444696	171.056800
59.247700	143.311982	171.335735
59.347136	143.175166	171.623289
59.449553	143.034249	171.919463
59.554950	142.889232	172.224256
59.663328	142.740113	172.537669
59.774686	142.586893	172.859702
59.889025	142.429572	173.190354
60.006345	142.268149	173.529625
60.126645	142.102626	173.877517
60.249926	141.933002	174.234028
60.376188	141.759276	174.599158
60.505430	141.581450	174.972908
60.637653	141.399522	175.355277
60.772857	141.213493	175.746266
60.911041	141.023363	176.145875
61.052206	140.829133	176.554103
61.196351	140.630801	176.970951
61.343477	140.428367	177.396418
61.410126	140.336664	177.589157
61.479756	140.240860	177.790516
61.552366	140.140954	178.000494
61.627957	140.036947	178.219092
61.706528	139.928839	178.446310
61.788081	139.816631	178.682147
61.872613	139.700321	178.926603
61.960127	139.579910	179.179680
62.050621	139.455397	179.441375
62.144096	139.326784	179.711690
62.240551	139.194070	179.990625
62.339987	139.057255	180.278180
62.442403	138.916338	180.574354
62.547801	138.771320	180.879147
62.656179	138.622202	181.192560
62.767537	138.468982	181.514593
62.881876	138.311661	181.845245
62.999196	138.150239	182.184517
63.119496	137.984716	182.532408
63.242777	137.815092	182.888919
63.369039	137.641367	183.254050
63.498281	137.463540	183.627800
63.630504	137.281613	184.010169
63.765708	137.095584	184.401158
63.903892	136.905455	184.800767
64.045057	136.711224	185.208995
64.189202	136.512892	185.625843
64.336329	136.310459	186.051310
64.402978	136.218756	186.244050
64.472607	136.122952	186.445409
64.545218	136.023046	186.655387
64.620808	135.919040	186.873985
64.699380	135.810932	187.101202
64.780932	135.698723	187.337039
64.865465	135.582413	187.581496
64.952978	135.462002	187.834572
65.043472	135.337490	188.096268
65.136947	135.208877	188.366583
65.233403	135.076163	188.645518
65.332839	134.939348	188.933073
65.435255	134.798431	189.229246
65.540652	134.653414	189.534040
65.649030	134.504295	189.847453
65.760389	134.351076	190.169486
65.874728	134.193755	190.500138
65.992048	134.032333	190.839410
66.112348	133.866810	191.187301
66.235629	133.697186	191.543812
66.361891	133.523461	191.908943
66.491133	133.345635	192.282693
66.623356	133.163707	192.665062
66.758560	132.977679	193.056052
66.896744	132.787549	193.455660
67.037909	132.593319	193.863889
67.182055	132.394987	194.280736
67.329181	132.192554	194.706204
67.395830	132.100851	194.898943
67.465459	132.005047	195.100302
67.538070	131.905141	195.310280
67.613661	131.801135	195.528878
67.692232	131.693027	195.756096
67.773784	131.580818	195.991933
67.858317	131.464509	196.236390
67.945831	131.344098	196.489466
68.036325	131.219586	196.751162
68.129799	131.090973	197.021477
68.226255	130.958258	197.300412
68.325691	130.821443	197.587966
68.428107	130.680527	197.884140
68.533505	130.535509	198.188934
68.641882	130.386391	198.502347
68.753241	130.233171	198.824380
68.867580	130.075850	199.155032
68.984900	129.914429	199.494304
69.105200	129.748906	199.842195
69.228482	129.579282	200.198706
69.354743	129.405557	200.563837
69.483986	129.227730	200.937587
69.616209	129.045803	201.319956
69.751412	128.859775	201.710945
69.889596	128.669645	202.110554
70.030761	128.475415	202.518783
70.174907	128.277083	202.935630
70.322033	128.074650	203.361098
70.388682	127.982947	203.553837
70.458312	127.887143	203.755196
70.530922	127.787237	203.965174
70.606513	127.683231	204.183772
70.685084	127.575123	204.410990
70.766637	127.462915	204.646827
70.851169	127.346605	204.891284
70.938683	127.226194	205.144360
71.029177	127.101682	205.406056
71.122652	126.973069	205.676371
71.219107	126.840355	205.955306
71.318543	126.703540	206.242860
71.420960	126.562623	206.539034
71.526357	126.417606	206.843828
71.634735	126.268487	207.157241
71.746093	126.115268	207.479274
71.860433	125.957947	207.809926
71.977752	125.796525	208.149198
72.098053	125.631002	208.497089
72.221334	125.461378	208.853600
72.347596	125.287653	209.218731
72.476838	125.109827	209.592481
72.609061	124.927900	209.974850
72.744265	124.741872	210.365840
72.882449	124.551742	210.765448
73.023614	124.357512	211.173677
73.167759	124.159180	211.590525
73.314885	123.956747	212.015992
73.381534	123.865044	212.208731
73.451164	123.769240	212.410090
73.523774	123.669334	212.620069
73.599365	123.565328	212.838667
73.677937	123.457220	213.065884
73.759489	123.345012	213.301721
73.844022	123.228702	213.546178
73.931535	123.108291	213.799254
74.022029	122.983779	214.060950
74.115504	122.855166	214.331265
74.211959	122.722452	214.610200
74.311395	122.585637	214.897755
74.413812	122.444720	215.193929
74.519209	122.299703	215.498722
74.627587	122.150584	215.812135
74.738946	121.997365	216.134168
74.853285	121.840044	216.464820
74.970605	121.678622	216.804092
75.090905	121.513099	217.151984
75.214186	121.343475	217.508495
75.340448	121.169750	217.873625
75.469690	120.991924	218.247375
75.601913	120.809997	218.629745
75.737117	120.623969	219.020734
75.875301	120.433839	219.420343
76.016466	120.239609	219.828571
76.160612	120.041277	220.245419
76.307738	119.838844	220.670887
76.374387	119.747141	220.863626
76.444017	119.651337	221.064985
76.516627	119.551431	221.274963
76.592218	119.447425	221.493561
76.670789	119.339317	221.720779
76.752341	119.227109	221.956616
76.836874	119.110799	222.201072
76.924388	118.990388	222.454149
77.014882	118.865876	222.715844
77.108357	118.737263	222.986160
77.204812	118.604549	223.265095
77.304248	118.467734	223.552649
77.406665	118.326817	223.848823
77.512062	118.181800	224.153617
77.620440	118.032681	224.467030
77.731798	117.879462	224.789062
77.846137	117.722141	225.119715
77.963457	117.560719	225.458987
78.083758	117.395196	225.806878
78.207039	117.225573	226.163389
78.333301	117.051847	226.528520
78.462543	116.874021	226.902270
78.594766	116.692094	227.284639
78.729970	116.506066	227.675628
78.868154	116.315936	228.075237
79.009319	116.121706	228.483466
79.153464	115.923374	228.900313
79.300590	115.720941	229.325781
79.367239	115.629238	229.518520
79.436869	115.533434	229.719879
79.509479	115.433529	229.929857
79.585070	115.329522	230.148455
79.663642	115.221415	230.375673
79.745194	115.109206	230.611510
79.829727	114.992896	230.855967
79.917240	114.872485	231.109043
80.007734	114.747973	231.370739
80.101209	114.619360	231.641054
80.197664	114.486646	231.919989
80.297100	114.349831	232.207543
80.399517	114.208915	232.503717
80.504914	114.063897	232.808511
80.613292	113.914779	233.121924
80.724651	113.761559	233.443957
80.838990	113.604238	233.774609
80.956310	113.442817	234.113881
81.076610	113.277294	234.461772
81.199891	113.107670	234.818283
81.326153	112.933945	235.183414
81.455395	112.756119	235.557164
81.587618	112.574191	235.939534
81.722822	112.388163	236.330523
81.861006	112.198034	236.730132
82.002171	112.003803	237.138360
82.146317	111.805471	237.555208
82.293443	111.603039	237.980675
82.360092	111.511336	238.173415
82.429722	111.415531	238.374774
82.502332	111.315626	238.584752
82.577923	111.211619	238.803350
82.656494	111.103512	239.030567
82.738046	110.991303	239.266405
82.822579	110.874993	239.510861
82.910093	110.754582	239.763937
83.000587	110.630071	240.025633
83.094062	110.501457	240.295949
83.190517	110.368743	240.574883
83.289953	110.231928	240.862438
83.392370	110.091012	241.158612
83.497767	109.945994	241.463405
83.606145	109.796876	241.776819
83.717503	109.643656	242.098851
83.831843	109.486336	242.429504
83.949162	109.324914	242.768775
84.069463	109.159391	243.116667
84.192744	108.989767	243.473178
84.319006	108.816042	243.838308
84.448248	108.638216	244.212058
84.580471	108.456289	244.594428
84.715675	108.270260	244.985417
84.853859	108.080131	245.385026
84.995024	107.885900	245.793254
85.139169	107.687569	246.210102
85.286295	107.485136	246.635570
85.352944	107.393433	246.828309
85.422574	107.297629	247.029668
85.495184	107.197723	247.239646
85.570775	107.093717	247.458244
85.649347	106.985609	247.685462
85.730899	106.873400	247.921299
85.815432	106.757091	248.165756
85.902945	106.636680	248.418832
85.993439	106.512168	248.680528
86.086914	106.383555	248.950843
86.183369	106.250841	249.229778
86.282805	106.114025	249.517332
86.385222	105.973109	249.813506
86.490619	105.828092	250.118300
86.598997	105.678973	250.431713
86.710356	105.525754	250.753746
86.824695	105.368433	251.084398
86.942015	105.207011	251.423670
87.062315	105.041488	251.771561
87.185596	104.871864	252.128072
87.311858	104.698139	252.493203
87.441100	104.520313	252.866953
87.573323	104.338386	253.249323
87.708527	104.152358	253.640312
87.846711	103.962228	254.039921
87.987876	103.767998	254.448149
88.132022	103.569666	254.864997
88.279148	103.367233	255.290464
88.345797	103.275530	255.483204
88.415427	103.179726	255.684562
88.488037	103.079820	255.894541
88.563628	102.975814	256.113139
88.642199	102.867706	256.340356
88.723751	102.755498	256.576193
88.808284	102.639188	256.820650
88.895798	102.518777	257.073726
88.986292	102.394265	257.335422
89.079767	102.265652	257.605737
89.176222	102.132938	257.884672
89.275658	101.996123	258.172227
89.378075	101.855206	258.468401
89.483472	101.710189	258.773194
89.591850	101.561070	259.086608
89.703208	101.407851	259.408640
89.817548	101.250530	259.739293
89.934867	101.089108	260.078564
90.055168	100.923586	260.426456
90.178449	100.753962	260.782967
90.304711	100.580237	261.148097
90.433953	100.402410	261.521847
90.566176	100.220483	261.904217
90.701380	100.034455	262.295206
90.839564	99.844325	262.694815
90.980729	99.650095	263.103043
91.124874	99.451763	263.519891
91.272000	99.249331	263.945359
91.338649	99.157627	264.138098
91.408279	99.061823	264.339457
91.480889	98.961918	264.549435
91.556480	98.857911	264.768033
91.635052	98.749804	264.995251
91.716604	98.637595	265.231088
91.801137	98.521285	265.475545
91.888650	98.400874	265.728621
91.979144	98.276362	265.990317
92.072619	98.147749	266.260632
92.169075	98.015035	266.539567
92.268511	97.878220	266.827121
92.370927	97.737304	267.123295
92.476324	97.592286	267.428089
92.584702	97.443168	267.741502
92.696061	97.289948	268.063535
92.810400	97.132628	268.394187
92.927720	96.971206	268.733459
93.048020	96.805683	269.081350
93.171301	96.636059	269.437861
93.297563	96.462334	269.802992
93.426805	96.284508	270.176742
93.559028	96.102580	270.559112
93.694232	95.916552	270.950101
93.832416	95.726423	271.349710
93.973581	95.532192	271.757938
94.117727	95.333861	272.174786
94.264853	95.131428	272.600253
94.331502	95.039725	272.792993
94.401132	94.943920	272.994351
94.473742	94.844015	273.204330
94.549333	94.740009	273.422928
94.627904	94.631901	273.650145
94.709457	94.519692	273.885982
94.793989	94.403383	274.130439
94.881503	94.282972	274.383515
94.971997	94.158460	274.645211
95.065472	94.029847	274.915526
95.161927	93.897133	275.194461
95.261363	93.760317	275.482016
95.363780	93.619401	275.778190
95.469177	93.474384	276.082983
95.577555	93.325265	276.396396
95.688913	93.172046	276.718429
95.803253	93.014725	277.049081
95.920572	92.853303	277.388353
96.040873	92.687780	277.736245
96.164154	92.518156	278.092756
96.290416	92.344431	278.457886
96.419658	92.166605	278.831636
96.551881	91.984678	279.214006
96.687085	91.798649	279.604995
96.825269	91.608520	280.004604
96.966434	91.414290	280.412832
97.110579	91.215958	280.829680
97.257705	91.013525	281.255148
97.324354	90.921822	281.447887
97.393984	90.826018	281.649246
97.466594	90.726112	281.859224
97.542185	90.622106	282.077822
97.620757	90.513998	282.305040
97.702309	90.401790	282.540877
97.786842	90.285480	282.785333
97.874355	90.165069	283.038410
97.964849	90.040557	283.300105
98.058324	89.911944	283.570421
98.154780	89.779230	283.849356
98.254216	89.642415	284.136910
98.356632	89.501498	284.433084
98.462029	89.356481	284.737878
98.570407	89.207362	285.051291
98.681766	89.054143	285.373324
98.796105	88.896822	285.703976
98.913425	88.735400	286.043248
99.033725	88.569877	286.391139
99.157006	88.400254	286.747650
99.283268	88.226528	287.112781
99.412510	88.048702	287.486531
99.544733	87.866775	287.868900
99.679937	87.680747	288.259890
99.818121	87.490617	288.659498
99.959286	87.296387	289.067727
100.103432	87.098055	289.484575
100.250558	86.895623	289.910042
100.317207	86.803919	290.102781
100.386837	86.708115	290.304140
100.459447	86.608210	290.514119
100.535038	86.504203	290.732717
100.613609	86.396096	290.959934
100.695162	86.283887	291.195771
100.779694	86.167577	291.440228
100.867208	86.047166	291.693304
100.957702	85.922654	291.955000
101.051177	85.794041	292.225315
101.147632	85.661327	292.504250
101.247068	85.524512	292.791805
101.349485	85.383596	293.087979
101.454882	85.238578	293.392772
101.563260	85.089460	293.706185
101.674618	84.936240	294.028218
101.788958	84.778919	294.358870
101.906277	84.617498	294.698142
102.026578	84.451975	295.046034
102.149859	84.282351	295.402545
102.276121	84.108626	295.767675
102.405363	83.930800	296.141425
102.537586	83.748872	296.523795
102.672790	83.562844	296.914784
102.810974	83.372715	297.314393
102.952139	83.178484	297.722621
103.096284	82.980153	298.139469
103.243410	82.777720	298.564937
103.310059	82.686017	298.757676
103.379689	82.590212	298.959035
103.452299	82.490307	299.169013
103.527890	82.386300	299.387611
103.606462	82.278193	299.614829
103.688014	82.165984	299.850666
103.772547	82.049674	300.095122
103.860060	81.929264	300.348199
103.950554	81.804752	300.609894
104.044029	81.676139	300.880210
104.140485	81.543424	301.159145
104.239921	81.406609	301.446699
104.342337	81.265693	301.742873
104.447734	81.120676	302.047667
104.556112	80.971557	302.361080
104.667471	80.818337	302.683113
104.781810	80.661017	303.013765
104.899130	80.499595	303.353037
105.019430	80.334072	303.700928
105.142711	80.164448	304.057439
105.268973	79.990723	304.422570
105.398216	79.812897	304.796320
105.530438	79.630970	305.178689
105.665642	79.444941	305.569679
105.803826	79.254812	305.969287
105.944991	79.060581	306.377516
106.089137	78.862250	306.794364
106.236263	78.659817	307.219831
106.302912	78.568114	307.412570
106.372542	78.472310	307.613929
106.445152	78.372404	307.823908
106.520743	78.268398	308.042506
106.599314	78.160290	308.269723
106.680867	78.048081	308.505560
106.765399	77.931772	308.750017
106.852913	77.811361	309.003093
106.943407	77.686849	309.264789
107.036882	77.558236	309.535104
107.133337	77.425522	309.814039
107.232773	77.288707	310.101594
107.335190	77.147790	310.397768
107.440587	77.002773	310.702561
107.548965	76.853654	311.015974
107.660323	76.700435	311.338007
107.774663	76.543114	311.668659
107.891982	76.381692	312.007931
