0.703790	220.654680	37.906672
0.725674	220.560802	37.918323
0.747731	220.462616	37.938997
0.769965	220.360124	37.968694
0.792383	220.253327	38.007415
0.814988	220.142226	38.055161
0.837787	220.026824	38.111932
0.860785	219.907120	38.177729
0.883986	219.783118	38.252552
0.907395	219.654818	38.336402
0.931018	219.522221	38.429279
0.954860	219.385329	38.531185
0.978926	219.244143	38.642119
1.003220	219.098666	38.762082
1.027748	218.948897	38.891075
1.052515	218.794839	39.029098
1.077525	218.636493	39.176151
1.102784	218.473860	39.332236
1.128295	218.306942	39.497353
1.154065	218.135741	39.671502
1.180098	217.960257	39.854684
1.206398	217.780492	40.046899
1.232970	217.596447	40.248148
1.259819	217.408125	40.458432
1.286950	217.215525	40.677750
1.314366	217.018651	40.906104
1.342073	216.817502	41.143494
1.370074	216.612082	41.389921
1.398374	216.402390	41.645385
1.426978	216.188429	41.909886
1.455890	215.970199	42.183426
1.485114	215.747703	42.466004
1.514653	215.520942	42.757621
1.544513	215.289917	43.058279
1.574698	215.054629	43.367976
1.605210	214.815081	43.686715
1.636055	214.571273	44.014494
1.667236	214.323207	44.351316
1.698756	214.070884	44.697180
1.730621	213.814306	45.052087
1.762833	213.553475	45.416038
1.795396	213.288391	45.789033
1.828313	213.019057	46.171072
1.861589	212.745473	46.562157
1.895226	212.467642	46.962287
1.929229	212.185564	47.371463
1.944357	212.059535	47.555550
1.959856	211.929262	47.748684
1.975726	211.794745	47.950864
1.991969	211.655986	48.162093
2.008586	211.512984	48.382369
2.025579	211.365740	48.611694
2.042948	211.214256	48.850066
2.060696	211.058531	49.097488
2.078824	210.898566	49.353958
2.097333	210.734362	49.619477
2.116225	210.565920	49.894045
2.135500	210.393241	50.177663
2.155161	210.216324	50.470331
2.175208	210.035170	50.772048
2.195643	209.849781	51.082816
2.216466	209.660157	51.402635
2.237680	209.466299	51.731504
2.259286	209.268206	52.069425
2.281284	209.065881	52.416397
2.303676	208.859323	52.772420
2.326464	208.648533	53.137495
2.349647	208.433512	53.511623
2.373228	208.214261	53.894802
2.397208	207.990780	54.287035
2.421588	207.763070	54.688320
2.446368	207.531131	55.098658
2.471551	207.294964	55.518050
2.497136	207.054571	55.946496
2.508714	206.945591	56.141404
2.520698	206.832385	56.345367
2.533086	206.714954	56.558384
2.545879	206.593296	56.780455
2.559079	206.467414	57.011580
2.572685	206.337307	57.251761
2.586698	206.202975	57.500995
2.601118	206.064418	57.759285
2.615946	205.921638	58.026630
2.631182	205.774634	58.303029
2.646827	205.623407	58.588484
2.662881	205.467956	58.882994
2.679345	205.308283	59.186559
2.696218	205.144387	59.499180
2.713502	204.976269	59.820857
2.731197	204.803929	60.151589
2.749302	204.627367	60.491377
2.767820	204.446585	60.840221
2.786749	204.261581	61.198122
2.806091	204.072357	61.565078
2.825845	203.878912	61.941091
2.846013	203.681247	62.326161
2.866594	203.479363	62.720287
2.887590	203.273259	63.123470
2.908999	203.062936	63.535710
2.930823	202.848394	63.957007
2.953062	202.629633	64.387361
2.975717	202.406655	64.826773
2.985968	202.305709	65.026033
2.996634	202.200545	65.234351
3.007716	202.091163	65.451727
3.019215	201.977564	65.678160
3.031130	201.859748	65.913651
3.043462	201.737714	66.158199
3.056210	201.611463	66.411806
3.069375	201.480996	66.674470
3.082957	201.346312	66.946192
3.096956	201.207411	67.226972
3.111373	201.064294	67.516810
3.126207	200.916960	67.815706
3.141458	200.765411	68.123660
3.157127	200.609645	68.440672
3.173214	200.449663	68.766742
3.189719	200.285466	69.101871
3.206643	200.117053	69.446059
3.223984	199.944424	69.799304
3.241744	199.767580	70.161608
3.259922	199.586521	70.532971
3.278519	199.401247	70.913392
3.297535	199.211758	71.302872
3.316970	199.018055	71.701411
3.336824	198.820136	72.109008
3.357097	198.618004	72.525664
3.377789	198.411657	72.951379
3.398901	198.201095	73.386153
3.420432	197.986320	73.829986
3.430180	197.889073	74.031103
3.440348	197.787612	74.241279
3.450935	197.681937	74.460514
3.461942	197.572049	74.688809
3.473370	197.457947	74.926162
3.485217	197.339632	75.172575
3.497484	197.217103	75.428047
3.510171	197.090360	75.692578
3.523278	196.959405	75.966169
3.536806	196.824235	76.248819
3.550754	196.684853	76.540528
3.565122	196.541258	76.841297
3.579910	196.393449	77.151125
3.595119	196.241427	77.470012
3.610748	196.085193	77.797959
3.626797	195.924745	78.134966
3.643267	195.760085	78.481032
3.660158	195.591212	78.836157
3.677469	195.418126	79.200343
3.695201	195.240827	79.573587
3.713354	195.059316	79.955892
3.731927	194.873592	80.347256
3.750921	194.683656	80.747680
3.770336	194.489508	81.157163
3.790172	194.291147	81.575707
3.810429	194.088574	82.003310
3.831107	193.881789	82.439973
3.852206	193.670792	82.885696
3.861761	193.575234	83.087630
3.871737	193.475464	83.298624
3.882135	193.371482	83.518678
3.892954	193.263288	83.747791
3.904193	193.150882	83.985965
3.915854	193.034264	84.233199
3.927937	192.913435	84.489492
3.940440	192.788393	84.754846
3.953364	192.659140	85.029260
3.966710	192.525675	85.312733
3.980477	192.387998	85.605267
3.994666	192.246110	85.906860
4.009275	192.100010	86.217514
4.024306	191.949698	86.537228
4.039758	191.795174	86.866001
4.055632	191.636439	87.203835
4.071927	191.473493	87.550729
4.088643	191.306335	87.906683
4.105781	191.134965	88.271697
4.123340	190.959384	88.645772
4.141321	190.779591	89.028906
4.159723	190.595587	89.421101
4.178546	190.407372	89.822356
4.197791	190.214945	90.232671
4.217458	190.018307	90.652046
4.237546	189.817458	91.080481
4.258055	189.612398	91.517977
4.278986	189.403126	91.964532
4.288467	189.308337	92.166832
4.298369	189.209336	92.378192
4.308693	189.106125	92.598612
4.319439	188.998702	92.828092
4.330606	188.887068	93.066633
4.342195	188.771223	93.314234
4.354205	188.651167	93.570895
4.366637	188.526900	93.836617
4.379491	188.398421	94.111398
4.392766	188.265732	94.395241
4.406463	188.128832	94.688143
4.420581	187.987720	94.990106
4.435121	187.842398	95.301129
4.450083	187.692864	95.621212
4.465467	187.539120	95.950356
4.481272	187.381164	96.288560
4.497498	187.218998	96.635825
4.514147	187.052621	96.992149
4.531217	186.882032	97.357535
4.548709	186.707233	97.731980
4.566622	186.528223	98.115486
4.584957	186.345002	98.508052
4.603714	186.157570	98.909679
4.622893	185.965927	99.320366
4.642493	185.770074	99.740114
4.662515	185.570009	100.168922
4.682959	185.365734	100.606790
4.703824	185.157248	101.053719
4.713276	185.062808	101.256183
4.723150	184.964157	101.467708
4.733445	184.861296	101.688293
4.744162	184.754224	101.917938
4.755301	184.642941	102.156645
4.766861	184.527447	102.404411
4.778844	184.407743	102.661238
4.791248	184.283828	102.927125
4.804073	184.155702	103.202073
4.817321	184.023365	103.486081
4.830990	183.886818	103.779150
4.845081	183.746060	104.081279
4.859594	183.601091	104.392469
4.874529	183.451911	104.712719
4.889885	183.298521	105.042030
4.905664	183.140920	105.380401
4.921864	182.979108	105.727832
4.938485	182.813086	106.084324
4.955529	182.642853	106.449877
4.972994	182.468409	106.824490
4.990881	182.289755	107.208163
5.009190	182.106890	107.600897
5.027921	181.919814	108.002692
5.047074	181.728528	108.413547
5.066648	181.533031	108.833462
5.086644	181.333324	109.262438
5.107062	181.129405	109.700475
5.127902	180.921277	110.147572
5.137342	180.826996	110.350111
5.147204	180.728504	110.561710
5.157488	180.625802	110.782370
5.168194	180.518889	111.012090
5.179322	180.407766	111.250871
5.190871	180.292432	111.498712
5.202842	180.172887	111.755614
5.215235	180.049132	112.021577
5.228050	179.921166	112.296600
5.241287	179.788990	112.580683
5.254946	179.652603	112.873827
5.269026	179.512005	113.176032
5.283528	179.367197	113.487297
5.298452	179.218179	113.807622
5.313798	179.064949	114.137009
5.329565	178.907510	114.475455
5.345755	178.745859	114.822962
5.362366	178.579998	115.179530
5.379399	178.409927	115.545158
5.396854	178.235645	115.919847
5.414731	178.057152	116.303597
5.433030	177.874449	116.696407
5.451750	177.687536	117.098277
5.470892	177.496412	117.509208
5.490456	177.301077	117.929199
5.510442	177.101532	118.358252
5.530850	176.897776	118.796364
5.551680	176.689809	119.243537
5.561115	176.595601	119.446110
5.570973	176.497181	119.657743
5.581253	176.394551	119.878437
5.591954	176.287711	120.108191
5.603077	176.176660	120.347006
5.614622	176.061399	120.594881
5.626589	175.941927	120.851817
5.638978	175.818245	121.117814
5.651788	175.690352	121.392871
5.665021	175.558248	121.676988
5.678675	175.421934	121.970167
5.692751	175.281410	122.272405
5.707249	175.136675	122.583705
5.722169	174.987729	122.904064
5.737510	174.834573	123.233485
5.753274	174.677207	123.571966
5.769459	174.515630	123.919507
5.786066	174.349842	124.276109
5.803095	174.179844	124.641772
5.820546	174.005636	125.016495
5.838419	173.827217	125.400279
5.856713	173.644587	125.793123
5.875429	173.457747	126.195028
5.894568	173.266697	126.605994
5.914128	173.071436	127.026020
5.934110	172.871965	127.455106
5.954513	172.668283	127.893253
5.975339	172.460390	128.340461
5.984773	172.366214	128.543049
5.994629	172.267828	128.754698
6.004907	172.165231	128.975407
6.015606	172.058424	129.205176
6.026728	171.947406	129.444007
6.038271	171.832177	129.691898
6.050236	171.712738	129.948849
6.062623	171.589089	130.214861
6.075432	171.461229	130.489933
6.088663	171.329159	130.774067
6.102315	171.192878	131.067260
6.116390	171.052387	131.369514
6.130886	170.907685	131.680829
6.145804	170.758773	132.001205
6.161144	170.605650	132.330641
6.176906	170.448317	132.669137
6.193089	170.286774	133.016694
6.209695	170.121020	133.373312
6.226722	169.951055	133.738990
6.244171	169.776880	134.113729
6.262042	169.598494	134.497528
6.280335	169.415898	134.890388
6.299050	169.229092	135.292309
6.318186	169.038075	135.703290
6.337745	168.842848	136.123332
6.357725	168.643410	136.552434
6.378127	168.439761	136.990597
6.398951	168.231903	137.437820
6.408385	168.137742	137.640415
6.418240	168.039370	137.852071
6.428517	167.936788	138.072787
6.439216	167.829996	138.302564
6.450337	167.718993	138.541401
6.461879	167.603780	138.789299
6.473844	167.484356	139.046257
6.486230	167.360722	139.312276
6.499038	167.232877	139.587356
6.512268	167.100822	139.871496
6.525920	166.964556	140.164697
6.539994	166.824080	140.466958
6.554489	166.679393	140.778280
6.569407	166.530496	141.098662
6.584746	166.377389	141.428105
6.600507	166.220071	141.766609
6.616690	166.058542	142.114173
6.633295	165.892803	142.470798
6.650322	165.722854	142.836483
6.667770	165.548694	143.211229
6.685640	165.370324	143.595036
6.703933	165.187743	143.987903
6.722647	165.000952	144.389830
6.741783	164.809950	144.800819
6.761340	164.614738	145.220867
6.781320	164.415316	145.649977
6.801722	164.211683	146.088147
6.822545	164.003839	146.535377
6.831978	163.909685	146.737976
6.841833	163.811320	146.949634
6.852110	163.708745	147.170354
6.862808	163.601960	147.400133
6.873929	163.490964	147.638974
6.885471	163.375757	147.886875
6.897435	163.256340	148.143836
6.909821	163.132713	148.409859
6.922629	163.004875	148.684941
6.935859	162.872827	148.969085
6.949511	162.736568	149.262289
6.963584	162.596098	149.564553
6.978079	162.451419	149.875878
6.992997	162.302529	150.196264
7.008336	162.149428	150.525710
7.024096	161.992117	150.864217
7.040279	161.830595	151.211784
7.056884	161.664863	151.568412
7.073910	161.494921	151.934101
7.091358	161.320768	152.308850
7.109228	161.142405	152.692660
7.127520	160.959831	153.085530
7.146234	160.773047	153.487461
7.165370	160.582052	153.898453
7.184927	160.386847	154.318505
7.204907	160.187431	154.747617
7.225308	159.983805	155.185791
7.246131	159.775969	155.633024
7.255564	159.681818	155.835624
7.265419	159.583456	156.047284
7.275696	159.480884	156.268005
7.286394	159.374102	156.497786
7.297515	159.263109	156.736628
7.309057	159.147905	156.984531
7.321021	159.028491	157.241494
7.333407	158.904867	157.507517
7.346215	158.777032	157.782602
7.359444	158.644987	158.066746
7.373096	158.508732	158.359952
7.387169	158.368265	158.662218
7.401664	158.223589	158.973544
7.416581	158.074702	159.293931
7.431920	157.921604	159.623379
7.447681	157.764297	159.961887
7.463864	157.602778	160.309456
7.480468	157.437049	160.666086
7.497494	157.267110	161.031776
7.514943	157.092960	161.406526
7.532813	156.914600	161.790338
7.551104	156.732030	162.183209
7.569818	156.545249	162.585142
7.588954	156.354257	162.996135
7.608511	156.159055	163.416188
7.628490	155.959643	163.845302
7.648892	155.756020	164.283477
7.669715	155.548186	164.730712
7.679147	155.454037	164.933313
7.689002	155.355676	165.144974
7.699279	155.253106	165.365695
7.709977	155.146325	165.595477
7.721098	155.035333	165.834319
7.732640	154.920131	166.082223
7.744604	154.800719	166.339186
7.756990	154.677096	166.605211
7.769798	154.549263	166.880296
7.783027	154.417219	167.164441
7.796679	154.280965	167.457647
7.810752	154.140500	167.759914
7.825247	153.995825	168.071241
7.840164	153.846939	168.391629
7.855503	153.693843	168.721077
7.871264	153.536537	169.059586
7.887446	153.375020	169.407156
7.904051	153.209293	169.763786
7.921077	153.039355	170.129476
7.938525	152.865206	170.504228
7.956395	152.686848	170.888040
7.974687	152.504279	171.280912
7.993401	152.317499	171.682845
8.012536	152.126509	172.093839
8.032093	151.931308	172.513893
8.052073	151.731897	172.943008
8.072474	151.528276	173.381183
8.093297	151.320444	173.828419
8.102730	151.226295	174.031020
8.112584	151.127935	174.242681
8.122861	151.025365	174.463402
8.133559	150.918585	174.693185
8.144680	150.807594	174.932028
8.156222	150.692393	175.179931
8.168186	150.572981	175.436895
8.180572	150.449359	175.702920
8.193380	150.321526	175.978005
8.206609	150.189483	176.262151
8.220261	150.053230	176.555357
8.234334	149.912766	176.857624
8.248829	149.768091	177.168951
8.263746	149.619206	177.489340
8.279085	149.466111	177.818788
8.294846	149.308805	178.157298
8.311028	149.147289	178.504867
8.327633	148.981562	178.861498
8.344659	148.811625	179.227189
8.362107	148.637477	179.601940
8.379977	148.459119	179.985753
8.398269	148.276551	180.378625
8.416982	148.089772	180.780559
8.436118	147.898782	181.191553
8.455675	147.703582	181.611607
8.475654	147.504172	182.040722
8.496056	147.300551	182.478898
8.516878	147.092720	182.926134
8.526311	146.998571	183.128735
8.536166	146.900212	183.340396
8.546443	146.797642	183.561118
8.557141	146.690862	183.790900
8.568262	146.579872	184.029743
8.579804	146.464671	184.277647
8.591768	146.345259	184.534611
8.604154	146.221637	184.800636
8.616961	146.093805	185.075721
8.630191	145.961762	185.359867
8.643842	145.825509	185.653074
8.657916	145.685045	185.955341
8.672411	145.540371	186.266668
8.687328	145.391486	186.587057
8.702667	145.238391	186.916505
8.718427	145.081086	187.255015
8.734610	144.919570	187.602585
8.751214	144.753843	187.959215
8.768240	144.583906	188.324907
8.785689	144.409759	188.699658
8.803559	144.231401	189.083471
8.821850	144.048833	189.476344
8.840564	143.862054	189.878277
8.859700	143.671065	190.289271
8.879257	143.475866	190.709326
8.899236	143.276456	191.138441
8.919637	143.072835	191.576617
8.940460	142.865004	192.023853
8.949893	142.770856	192.226454
8.959748	142.672497	192.438115
8.970024	142.569927	192.658837
8.980723	142.463147	192.888620
8.991843	142.352157	193.127463
9.003385	142.236956	193.375366
9.015349	142.117544	193.632331
9.027735	141.993923	193.898355
9.040543	141.866090	194.173441
9.053772	141.734048	194.457587
9.067424	141.597795	194.750793
9.081497	141.457331	195.053060
9.095992	141.312657	195.364388
9.110909	141.163772	195.684776
9.126248	141.010677	196.014225
9.142009	140.853372	196.352735
9.158191	140.691856	196.700305
9.174796	140.526130	197.056936
9.191822	140.356193	197.422627
9.209270	140.182046	197.797379
9.227140	140.003688	198.181191
9.245432	139.821120	198.574064
9.264146	139.634342	198.975997
9.283281	139.443353	199.386992
9.302838	139.248153	199.807046
9.322818	139.048743	200.236162
9.343219	138.845123	200.674337
9.364042	138.637292	201.121574
9.373475	138.543144	201.324175
9.383329	138.444785	201.535836
9.393606	138.342215	201.756558
9.404304	138.235435	201.986340
9.415425	138.124445	202.225184
9.426967	138.009244	202.473087
9.438931	137.889833	202.730051
9.451317	137.766211	202.996076
9.464124	137.638379	203.271162
9.477354	137.506336	203.555308
9.491005	137.370083	203.848514
9.505079	137.229620	204.150781
9.519574	137.084946	204.462109
9.534491	136.936061	204.782498
9.549830	136.782967	205.111946
9.565590	136.625661	205.450456
9.581773	136.464145	205.798026
9.598377	136.298419	206.154657
9.615404	136.128483	206.520348
9.632852	135.954335	206.895100
9.650722	135.775978	207.278912
9.669013	135.593410	207.671785
9.687727	135.406631	208.073719
9.706863	135.215642	208.484713
9.726420	135.020443	208.904768
9.746399	134.821033	209.333883
9.766800	134.617413	209.772059
9.787623	134.409582	210.219295
9.797056	134.315434	210.421896
9.806911	134.217075	210.633557
9.817187	134.114505	210.854279
9.827886	134.007725	211.084062
9.839006	133.896735	211.322905
9.850548	133.781534	211.570809
9.862512	133.662123	211.827773
9.874898	133.538501	212.093798
9.887706	133.410669	212.368883
9.900936	133.278626	212.653029
9.914587	133.142373	212.946236
9.928660	133.001910	213.248503
9.943155	132.857236	213.559831
9.958072	132.708352	213.880219
9.973411	132.555257	214.209668
9.989172	132.397951	214.548178
10.005355	132.236436	214.895748
10.021959	132.070710	215.252378
10.038985	131.900773	215.618070
10.056433	131.726626	215.992821
10.074303	131.548268	216.376634
10.092595	131.365700	216.769507
10.111309	131.178922	217.171440
10.130444	130.987933	217.582435
10.150002	130.792734	218.002489
10.169981	130.593324	218.431605
10.190382	130.389703	218.869781
10.211205	130.181873	219.317017
10.220638	130.087724	219.519618
10.230492	129.989365	219.731279
10.240769	129.886796	219.952001
10.251467	129.780016	220.181784
10.262588	129.669026	220.420627
10.274130	129.553825	220.668531
10.286094	129.434414	220.925495
10.298480	129.310792	221.191520
10.311288	129.182960	221.466605
10.324517	129.050917	221.750751
10.338169	128.914664	222.043958
10.352242	128.774201	222.346225
10.366737	128.629527	222.657553
10.381654	128.480642	222.977941
10.396993	128.327548	223.307390
10.412754	128.170242	223.645899
10.428936	128.008727	223.993470
10.445540	127.843000	224.350100
10.462567	127.673064	224.715791
10.480015	127.498917	225.090543
10.497885	127.320559	225.474356
10.516177	127.137991	225.867229
10.534890	126.951213	226.269162
10.554026	126.760224	226.680157
10.573583	126.565024	227.100211
10.593562	126.365615	227.529327
10.613963	126.161994	227.967503
10.634786	125.954164	228.414739
10.644219	125.860015	228.617340
10.654074	125.761656	228.829001
10.664351	125.659087	229.049723
10.675049	125.552307	229.279506
10.686169	125.441317	229.518349
10.697712	125.326116	229.766252
10.709676	125.206705	230.023217
10.722061	125.083083	230.289242
10.734869	124.955251	230.564327
10.748099	124.823208	230.848473
10.761750	124.686955	231.141680
10.775823	124.546492	231.443947
10.790319	124.401818	231.755275
10.805236	124.252933	232.075663
10.820574	124.099839	232.405112
10.836335	123.942533	232.743621
10.852518	123.781018	233.091192
10.869122	123.615291	233.447822
10.886148	123.445355	233.813513
10.903596	123.271208	234.188265
10.921466	123.092850	234.572078
10.939758	122.910282	234.964951
10.958472	122.723504	235.366884
10.977607	122.532515	235.777879
10.997165	122.337316	236.197933
11.017144	122.137906	236.627049
11.037545	121.934286	237.065225
11.058368	121.726455	237.512461
11.067801	121.632306	237.715062
11.077656	121.533947	237.926723
11.087932	121.431378	238.147445
11.098631	121.324598	238.377228
11.109751	121.213608	238.616071
11.121293	121.098407	238.863974
11.133257	120.978996	239.120939
11.145643	120.855374	239.386964
11.158451	120.727542	239.662049
11.171680	120.595499	239.946195
11.185332	120.459246	240.239402
11.199405	120.318783	240.541669
11.213900	120.174109	240.852997
11.228817	120.025225	241.173385
11.244156	119.872130	241.502834
11.259917	119.714824	241.841343
11.276099	119.553309	242.188914
11.292704	119.387583	242.545544
11.309730	119.217646	242.911235
11.327178	119.043499	243.285987
11.345048	118.865141	243.669800
11.363340	118.682573	244.062673
11.382053	118.495795	244.464606
11.401189	118.304806	244.875601
11.420746	118.109607	245.295655
11.440726	117.910197	245.724771
11.461127	117.706577	246.162947
11.481950	117.498746	246.610183
11.491382	117.404598	246.812784
11.501237	117.306239	247.024445
11.511514	117.203669	247.245167
11.522212	117.096889	247.474950
11.533333	116.985899	247.713793
11.544875	116.870698	247.961696
11.556839	116.751287	248.218661
11.569225	116.627665	248.484686
11.582032	116.499833	248.759771
11.595262	116.367791	249.043917
11.608913	116.231538	249.337124
11.622987	116.091074	249.639391
11.637482	115.946400	249.950719
11.652399	115.797516	250.271107
11.667738	115.644421	250.600556
11.683498	115.487116	250.939065
11.699681	115.325600	251.286635
11.716285	115.159874	251.643266
11.733312	114.989937	252.008957
11.750760	114.815790	252.383709
11.768630	114.637433	252.767522
11.786921	114.454865	253.160395
11.805635	114.268086	253.562328
11.824771	114.077097	253.973322
11.844328	113.881898	254.393377
11.864307	113.682488	254.822493
11.884708	113.478868	255.260669
11.905531	113.271037	255.707905
11.914964	113.176889	255.910506
11.924819	113.078530	256.122167
11.935096	112.975960	256.342889
11.945794	112.869181	256.572672
11.956914	112.758190	256.811515
11.968456	112.642989	257.059418
11.980420	112.523578	257.316383
11.992806	112.399957	257.582408
12.005614	112.272124	257.857493
12.018844	112.140082	258.141639
12.032495	112.003829	258.434846
12.046568	111.863365	258.737113
12.061064	111.718691	259.048441
12.075981	111.569807	259.368829
12.091319	111.416712	259.698278
12.107080	111.259407	260.036787
12.123263	111.097891	260.384357
12.139867	110.932165	260.740988
12.156893	110.762228	261.106679
12.174341	110.588081	261.481431
12.192211	110.409724	261.865244
12.210503	110.227156	262.258117
12.229217	110.040377	262.660050
12.248352	109.849389	263.071044
12.267910	109.654189	263.491099
12.287889	109.454780	263.920215
12.308290	109.251159	264.358391
12.329113	109.043329	264.805627
12.338546	108.949180	265.008228
12.348401	108.850821	265.219889
12.358677	108.748252	265.440611
12.369376	108.641472	265.670394
12.380496	108.530481	265.909237
12.392038	108.415281	266.157140
12.404002	108.295870	266.414105
12.416388	108.172248	266.680130
12.429196	108.044416	266.955215
12.442425	107.912373	267.239361
12.456077	107.776120	267.532568
12.470150	107.635657	267.834835
12.484645	107.490983	268.146163
12.499562	107.342098	268.466551
12.514901	107.189004	268.796000
12.530662	107.031698	269.134509
12.546844	106.870183	269.482079
12.563449	106.704456	269.838710
12.580475	106.534520	270.204401
12.597923	106.360373	270.579153
12.615793	106.182015	270.962966
12.634085	105.999447	271.355839
12.652798	105.812669	271.757772
12.671934	105.621680	272.168767
12.691491	105.426481	272.588821
12.711471	105.227071	273.017937
12.731872	105.023451	273.456113
12.752695	104.815620	273.903349
12.762127	104.721471	274.105950
12.771982	104.623112	274.317611
12.782259	104.520543	274.538333
12.792957	104.413763	274.768116
12.804078	104.302773	275.006959
12.815620	104.187572	275.254862
12.827584	104.068161	275.511827
12.839970	103.944539	275.777852
12.852777	103.816707	276.052937
12.866007	103.684664	276.337083
12.879658	103.548411	276.630290
12.893732	103.407948	276.932557
12.908227	103.263274	277.243885
12.923144	103.114390	277.564273
12.938483	102.961295	277.893722
12.954243	102.803990	278.232231
12.970426	102.642474	278.579802
12.987030	102.476748	278.936432
13.004057	102.306811	279.302123
13.021505	102.132664	279.676875
13.039375	101.954306	280.060688
13.057666	101.771739	280.453561
13.076380	101.584960	280.855494
13.095516	101.393971	281.266489
13.115073	101.198772	281.686543
13.135052	100.999362	282.115659
13.155453	100.795742	282.553835
13.176276	100.587911	283.001071
13.185709	100.493763	283.203672
13.195564	100.395404	283.415333
13.205841	100.292834	283.636055
13.216539	100.186054	283.865838
13.227659	100.075064	284.104681
13.239202	99.959863	284.352585
13.251166	99.840452	284.609549
13.263551	99.716831	284.875574
13.276359	99.588998	285.150659
13.289589	99.456956	285.434805
13.303240	99.320703	285.728012
13.317313	99.180239	286.030279
13.331809	99.035565	286.341607
13.346726	98.886681	286.661995
13.362064	98.733586	286.991444
13.377825	98.576281	287.329953
13.394008	98.414765	287.677524
13.410612	98.249039	288.034154
13.427638	98.079102	288.399846
13.445086	97.904955	288.774597
13.462956	97.726598	289.158410
13.481248	97.544030	289.551283
13.499962	97.357252	289.953216
13.519097	97.166263	290.364211
13.538655	96.971063	290.784265
13.558634	96.771654	291.213381
13.579035	96.568033	291.651557
13.599858	96.360203	292.098793
13.609291	96.266054	292.301394
13.619146	96.167695	292.513055
13.629422	96.065126	292.733777
13.640121	95.958346	292.963560
13.651241	95.847356	293.202403
13.662783	95.732155	293.450307
13.674747	95.612744	293.707271
13.687133	95.489122	293.973296
13.699941	95.361290	294.248381
13.713170	95.229247	294.532527
13.726822	95.092994	294.825734
13.740895	94.952531	295.128001
13.755390	94.807857	295.439329
13.770307	94.658973	295.759717
13.785646	94.505878	296.089166
13.801407	94.348572	296.427676
13.817589	94.187057	296.775246
13.834194	94.021331	297.131876
13.851220	93.851394	297.497568
13.868668	93.677247	297.872320
13.886538	93.498889	298.256132
13.904830	93.316321	298.649005
13.923544	93.129543	299.050939
13.942679	92.938554	299.461933
13.962236	92.743355	299.881988
13.982216	92.543945	300.311103
14.002617	92.340325	300.749279
14.023440	92.132494	301.196515
14.032873	92.038346	301.399116
14.042727	91.939987	301.610778
14.053004	91.837417	301.831499
14.063702	91.730638	302.061282
14.074823	91.619647	302.300125
14.086365	91.504446	302.548029
14.098329	91.385035	302.804993
14.110715	91.261414	303.071018
14.123522	91.133582	303.346103
14.136752	91.001539	303.630249
14.150403	90.865286	303.923456
14.164477	90.724822	304.225723
14.178972	90.580149	304.537051
14.193889	90.431264	304.857439
14.209228	90.278169	305.186888
14.224988	90.120864	305.525398
14.241171	89.959348	305.872968
14.257775	89.793622	306.229599
14.274802	89.623686	306.595290
14.292250	89.449539	306.970042
14.310120	89.271181	307.353854
14.328412	89.088613	307.746727
14.347125	88.901835	308.148661
14.366261	88.710846	308.559655
14.385818	88.515647	308.979710
14.405797	88.316237	309.408825
14.426198	88.112617	309.847001
14.447021	87.904786	310.294238
14.456454	87.810638	310.496839
14.466309	87.712279	310.708500
14.476586	87.609709	310.929222
14.487284	87.502929	311.159004
14.498404	87.391939	311.397848
14.509946	87.276738	311.645751
14.521910	87.157327	311.902716
14.534296	87.033706	312.168740
14.547104	86.905873	312.443826
14.560334	86.773831	312.727972
14.573985	86.637578	313.021178
14.588058	86.497114	313.323446
14.602554	86.352441	313.634773
14.617471	86.203556	313.955162
14.632809	86.050461	314.284611
14.648570	85.893156	314.623120
14.664753	85.731640	314.970690
14.681357	85.565914	315.327321
14.698383	85.395978	315.693012
14.715831	85.221831	316.067764
14.733701	85.043473	316.451577
14.751993	84.860905	316.844450
14.770707	84.674127	317.246383
14.789842	84.483138	317.657378
14.809400	84.287939	318.077432
14.829379	84.088529	318.506548
14.849780	83.884909	318.944724
14.870603	83.677078	319.391960
14.880036	83.582930	319.594561
14.889890	83.484571	319.806223
14.900167	83.382002	320.026945
14.910866	83.275222	320.256727
14.921986	83.164231	320.495570
14.933528	83.049031	320.743474
14.945492	82.929619	321.000438
14.957878	82.805998	321.266463
14.970686	82.678166	321.541549
14.983915	82.546123	321.825695
14.997567	82.409870	322.118901
15.011640	82.269407	322.421168
15.026135	82.124733	322.732496
15.041052	81.975849	323.052885
