-10.838313	248.914860	14.800452
-10.855956	248.765839	14.852472
-10.878842	248.612229	14.911666
-10.906965	248.454032	14.978038
-10.940319	248.291249	15.051593
-10.978898	248.123882	15.132338
-11.022697	247.951933	15.220277
-11.071710	247.775403	15.315415
-11.125932	247.594295	15.417758
-11.185356	247.408610	15.527311
-11.249978	247.218350	15.644079
-11.319792	247.023517	15.768067
-11.394793	246.824112	15.899280
-11.474975	246.620138	16.037723
-11.560333	246.411595	16.183401
-11.650863	246.198487	16.336317
-11.746559	245.980814	16.496478
-11.847417	245.758579	16.663887
-11.953431	245.531783	16.838550
-12.064597	245.300428	17.020470
-12.180911	245.064516	17.209652
-12.302368	244.824048	17.406101
-12.428964	244.579027	17.609819
-12.560693	244.329455	17.820813
-12.697554	244.075332	18.039085
-12.839540	243.816662	18.264640
-12.986649	243.553445	18.497481
-13.138876	243.285684	18.737613
-13.296217	243.013380	18.985038
-13.458670	242.736535	19.239762
-13.626230	242.455151	19.501787
-13.798895	242.169230	19.771117
-13.976660	241.878774	20.047756
-14.159523	241.583785	20.331706
-14.347480	241.284263	20.622972
-14.540528	240.980212	20.921555
-14.738666	240.671633	21.227461
-14.941888	240.358528	21.540691
-15.150194	240.040899	21.861248
-15.244346	239.898756	22.005923
-15.343578	239.752091	22.157929
-15.447887	239.600905	22.317268
-15.557274	239.445200	22.483943
-15.671736	239.284975	22.657952
-15.791273	239.120233	22.839299
-15.915884	238.950972	23.027984
-16.045567	238.777195	23.224009
-16.180322	238.598902	23.427374
-16.320148	238.416095	23.638081
-16.465043	238.228773	23.856131
-16.615008	238.036937	24.081525
-16.770040	237.840589	24.314265
-16.930139	237.639730	24.554351
-17.095305	237.434359	24.801784
-17.265535	237.224479	25.056566
-17.440830	237.010089	25.318698
-17.621189	236.791192	25.588181
-17.806611	236.567786	25.865016
-17.997094	236.339874	26.149203
-18.192639	236.107456	26.440745
-18.393245	235.870533	26.739641
-18.598910	235.629106	27.045894
-18.809635	235.383175	27.359503
-19.025418	235.132742	27.680470
-19.246259	234.877808	28.008796
-19.472157	234.618373	28.344482
-19.703112	234.354437	28.687529
-19.808545	234.234520	28.844066
-19.919034	234.110105	29.007965
-20.034578	233.981191	29.179227
-20.155178	233.847779	29.357851
-20.280832	233.709869	29.543839
-20.411542	233.567462	29.737190
-20.547306	233.420559	29.937905
-20.688125	233.269159	30.145985
-20.833998	233.113263	30.361430
-20.984925	232.952872	30.584240
-21.140905	232.787985	30.814415
-21.301940	232.618603	31.051957
-21.468027	232.444727	31.296865
-21.639168	232.266357	31.549139
-21.815362	232.083493	31.808781
-21.996609	231.896135	32.075790
-22.182908	231.704285	32.350167
-22.374260	231.507942	32.631912
-22.570664	231.307108	32.921025
-22.772120	231.101781	33.217507
-22.978628	230.891963	33.521359
-23.190188	230.677654	33.832580
-23.406799	230.458854	34.151171
-23.628462	230.235564	34.477133
-23.855176	230.007784	34.810464
-24.086942	229.775515	35.151167
-24.323758	229.538757	35.499241
-24.565626	229.297510	35.854687
-24.675396	229.188266	36.015982
-24.790218	229.074533	36.184649
-24.910090	228.956313	36.360688
-25.035012	228.833604	36.544100
-25.164986	228.706409	36.734884
-25.300009	228.574726	36.933040
-25.440084	228.438555	37.138570
-25.585209	228.297898	37.351472
-25.735384	228.152754	37.571747
-25.890609	228.003123	37.799396
-26.050885	227.849006	38.034418
-26.216212	227.690402	38.276813
-26.386588	227.527313	38.526582
-26.562015	227.359737	38.783724
-26.742492	227.187676	39.048241
-26.928018	227.011129	39.320131
-27.118596	226.830097	39.599395
-27.314223	226.644579	39.886034
-27.514900	226.454577	40.180047
-27.720627	226.260089	40.481435
-27.931404	226.061117	40.790197
-28.147231	225.857660	41.106334
-28.368108	225.649719	41.429846
-28.594035	225.437294	41.760733
-28.825012	225.220385	42.098996
-29.061038	224.998992	42.444633
-29.302115	224.773116	42.797646
-29.548241	224.542756	43.158035
-29.659794	224.438457	43.321367
-29.776397	224.329674	43.492076
-29.898049	224.216409	43.670160
-30.024752	224.098660	43.855620
-30.156504	223.976429	44.048456
-30.293306	223.849715	44.248667
-30.435157	223.718518	44.456255
-30.582059	223.582838	44.671219
-30.734010	223.442676	44.893559
-30.891010	223.298031	45.123275
-31.053061	223.148904	45.360368
-31.220161	222.995294	45.604836
-31.392310	222.837203	45.856681
-31.569510	222.674629	46.115903
-31.751759	222.507573	46.382500
-31.939058	222.336035	46.656475
-32.131406	222.160015	46.937825
-32.328804	221.979513	47.226553
-32.531252	221.794530	47.522657
-32.738749	221.605065	47.826138
-32.951296	221.411118	48.136995
-33.168893	221.212690	48.455229
-33.391539	221.009780	48.780840
-33.619235	220.802389	49.113828
-33.851981	220.590517	49.454193
-34.089776	220.374164	49.801935
-34.332621	220.153329	50.157054
-34.580516	219.928014	50.519550
-34.692832	219.825976	50.683787
-34.810197	219.719458	50.855400
-34.932612	219.608459	51.034391
-35.060077	219.492979	51.220759
-35.192591	219.373018	51.414504
-35.330155	219.248577	51.615626
-35.472769	219.119655	51.824126
-35.620432	218.986252	52.040003
-35.773145	218.848369	52.263257
-35.930908	218.706005	52.493889
-36.093720	218.559161	52.731898
-36.261582	218.407836	52.977284
-36.434494	218.252030	53.230048
-36.612455	218.091745	53.490189
-36.795466	217.926979	53.757708
-36.983527	217.757732	54.032605
-37.176637	217.584005	54.314878
-37.374797	217.405798	54.604530
-37.578006	217.223111	54.901559
-37.786266	217.035943	55.205965
-37.999575	216.844296	55.517749
-38.217933	216.648168	55.836911
-38.441342	216.447560	56.163450
-38.669800	216.242472	56.497367
-38.903307	216.032904	56.838662
-39.141865	215.818856	57.187335
-39.385472	215.600329	57.543385
-39.634128	215.377321	57.906813
-39.746778	215.276313	58.071456
-39.864477	215.170825	58.243477
-39.987226	215.060858	58.422877
-40.115025	214.946410	58.609653
-40.247873	214.827483	58.803808
-40.385771	214.704076	59.005341
-40.528719	214.576190	59.214251
-40.676717	214.443823	59.430539
-40.829764	214.306977	59.654205
-40.987861	214.165651	59.885249
-41.151007	214.019846	60.123671
-41.319204	213.869561	60.369470
-41.492450	213.714796	60.622648
-41.670745	213.555552	60.883203
-41.854091	213.391828	61.151137
-42.042486	213.223625	61.426448
-42.235931	213.050942	61.709137
-42.434426	212.873779	61.999204
-42.637970	212.692137	62.296649
-42.846564	212.506015	62.601472
-43.060208	212.315414	62.913673
-43.278901	212.120334	63.233252
-43.502645	211.920774	63.560209
-43.731438	211.716734	63.894544
-43.965280	211.508215	64.236257
-44.204173	211.295217	64.585348
-44.448115	211.077739	64.941817
-44.697107	210.855782	65.305664
-44.809905	210.755242	65.470493
-44.927752	210.650222	65.642699
-45.050649	210.540723	65.822283
-45.178596	210.426745	66.009246
-45.311592	210.308287	66.203586
-45.449638	210.185350	66.405305
-45.592734	210.057934	66.614401
-45.740880	209.926038	66.830876
-45.894076	209.789664	67.054729
-46.052321	209.648809	67.285960
-46.215616	209.503476	67.524568
-46.383961	209.353663	67.770555
-46.557355	209.199372	68.023921
-46.735800	209.040600	68.284664
-46.919294	208.877350	68.552785
-47.107838	208.709620	68.828284
-47.301431	208.537412	69.111162
-47.500075	208.360724	69.401418
-47.703768	208.179556	69.699051
-47.912511	207.993910	70.004063
-48.126303	207.803784	70.316453
-48.345146	207.609180	70.636221
-48.569038	207.410096	70.963368
-48.797980	207.206533	71.297892
-49.031972	206.998491	71.639794
-49.271014	206.785969	71.989075
-49.515105	206.568969	72.345734
-49.764246	206.347489	72.709771
-49.877110	206.247161	72.874683
-49.995023	206.142354	73.046974
-50.117986	206.033067	73.226643
-50.245999	205.919302	73.413689
-50.379062	205.801057	73.608114
-50.517174	205.678334	73.809918
-50.660336	205.551131	74.019099
-50.808548	205.419449	74.235658
-50.961810	205.283288	74.459596
-51.120122	205.142648	74.690912
-51.283483	204.997529	74.929606
-51.451894	204.847931	75.175678
-51.625355	204.693854	75.429129
-51.803866	204.535297	75.689957
-51.987427	204.372262	75.958164
-52.176037	204.204748	76.233749
-52.369697	204.032754	76.516712
-52.568407	203.856282	76.807054
-52.772167	203.675330	77.104773
-52.980976	203.489900	77.409871
-53.194836	203.299990	77.722347
-53.413745	203.105601	78.042201
-53.637704	202.906733	78.369433
-53.866712	202.703387	78.704044
-54.100771	202.495561	79.046032
-54.339879	202.283256	79.395399
-54.584037	202.066472	79.752145
-54.833245	201.845210	80.116268
-54.946138	201.744978	80.281219
-55.064081	201.640267	80.453547
-55.187074	201.531077	80.633255
-55.315116	201.417408	80.820340
-55.448209	201.299261	81.014803
-55.586351	201.176634	81.216645
-55.729543	201.049528	81.425865
-55.877785	200.917943	81.642463
-56.031076	200.781879	81.866440
-56.189418	200.641337	82.097794
-56.352809	200.496315	82.336527
-56.521250	200.346814	82.582638
-56.694741	200.192834	82.836127
-56.873281	200.034376	83.096995
-57.056872	199.871438	83.365241
-57.245512	199.704021	83.640865
-57.439202	199.532125	83.923867
-57.637942	199.355751	84.214247
-57.841731	199.174897	84.512006
-58.050571	198.989565	84.817143
-58.264460	198.799753	85.129658
-58.483399	198.605462	85.449551
-58.707388	198.406693	85.776822
-58.936427	198.203444	86.111472
-59.170515	197.995717	86.453500
-59.409653	197.783510	86.802906
-59.653841	197.566825	87.159691
-59.903079	197.345661	87.523854
-60.015986	197.245473	87.688822
-60.133942	197.140806	87.861168
-60.256948	197.031660	88.040893
-60.385004	196.918035	88.227995
-60.518110	196.799931	88.422477
-60.656265	196.677348	88.624336
-60.799471	196.550286	88.833573
-60.947726	196.418746	89.050189
-61.101031	196.282726	89.274183
-61.259385	196.142227	89.505555
-61.422790	195.997250	89.744306
-61.591244	195.847793	89.990435
-61.764749	195.693858	90.243942
-61.943303	195.535443	90.504827
-62.126907	195.372550	90.773090
-62.315560	195.205178	91.048732
-62.509264	195.033326	91.331752
-62.708017	194.856996	91.622150
-62.911820	194.676187	91.919927
-63.120673	194.490899	92.225081
-63.334576	194.301132	92.537614
-63.553528	194.106886	92.857525
-63.777531	193.908161	93.184815
-64.006583	193.704957	93.519482
-64.240685	193.497274	93.861528
-64.479837	193.285112	94.210952
-64.724038	193.068472	94.567754
-64.973290	192.847352	94.931935
-65.086202	192.747184	95.096911
-65.204164	192.642537	95.269266
-65.327176	192.533411	95.448998
-65.455238	192.419806	95.636109
-65.588350	192.301722	95.830598
-65.726512	192.179159	96.032465
-65.869723	192.052117	96.241711
-66.017984	191.920596	96.458335
-66.171295	191.784597	96.682337
-66.329656	191.644118	96.913717
-66.493067	191.499161	97.152476
-66.661527	191.349724	97.398612
-66.835037	191.195809	97.652127
-67.013598	191.037415	97.913021
-67.197207	190.874541	98.181292
-67.385867	190.707189	98.456942
-67.579577	190.535358	98.739970
-67.778336	190.359048	99.030376
-67.982145	190.178259	99.328161
-68.191004	189.992991	99.633324
-68.404913	189.803244	99.945865
-68.623872	189.609019	100.265784
-68.847880	189.410314	100.593081
-69.076938	189.207130	100.927757
-69.311046	188.999468	101.269811
-69.550204	188.787327	101.619243
-69.794412	188.570706	101.976054
-70.043670	188.349607	102.340243
-70.156585	188.249448	102.505222
-70.274550	188.144810	102.677580
-70.397565	188.035693	102.857317
-70.525629	187.922097	103.044431
-70.658744	187.804022	103.238924
-70.796908	187.681468	103.440795
-70.940122	187.554435	103.650044
-71.088386	187.422924	103.866671
-71.241700	187.286933	104.090677
-71.400063	187.146464	104.322061
-71.563477	187.001515	104.560823
-71.731940	186.852088	104.806964
-71.905453	186.698182	105.060483
-72.084016	186.539797	105.321380
-72.267628	186.376933	105.589655
-72.456291	186.209590	105.865308
-72.650003	186.037768	106.148340
-72.848765	185.861467	106.438750
-73.052577	185.680687	106.736538
-73.261439	185.495428	107.041705
-73.475350	185.305691	107.354249
-73.694312	185.111474	107.674172
-73.918323	184.912779	108.001474
-74.147384	184.709605	108.336153
-74.381495	184.501951	108.678211
-74.620655	184.289819	109.027647
-74.864866	184.073208	109.384461
-75.114126	183.852118	109.748653
-75.227043	183.751963	109.913635
-75.345009	183.647329	110.085994
-75.468025	183.538216	110.265732
-75.596091	183.424624	110.452848
-75.729207	183.306553	110.647343
-75.867372	183.184004	110.849215
-76.010587	183.056975	111.058466
-76.158852	182.925468	111.275095
-76.312167	182.789481	111.499103
-76.470532	182.649016	111.730488
-76.633947	182.504072	111.969252
-76.802411	182.354649	112.215394
-76.975926	182.200747	112.468915
-77.154490	182.042366	112.729814
-77.338103	181.879506	112.998090
-77.526767	181.712167	113.273746
-77.720481	181.540349	113.556779
-77.919244	181.364053	113.847191
-78.123057	181.183277	114.144981
-78.331920	180.998022	114.450149
-78.545833	180.808289	114.762695
-78.764796	180.614077	115.082620
-78.988808	180.415385	115.409923
-79.217870	180.212215	115.744604
-79.451982	180.004566	116.086663
-79.691144	179.792438	116.436101
-79.935356	179.575831	116.792917
-80.184618	179.354745	117.157111
-80.297535	179.254592	117.322093
-80.415501	179.149960	117.494454
-80.538518	179.040849	117.674192
-80.666584	178.927259	117.861309
-80.799701	178.809190	118.055804
-80.937867	178.686643	118.257678
-81.081083	178.559616	118.466929
-81.229348	178.428110	118.683559
-81.382664	178.292126	118.907567
-81.541029	178.151662	119.138954
-81.704444	178.006720	119.377718
-81.872909	177.857299	119.623861
-82.046424	177.703399	119.877382
-82.224989	177.545020	120.138282
-82.408603	177.382162	120.406559
-82.597268	177.214825	120.682215
-82.790982	177.043009	120.965250
-82.989746	176.866714	121.255662
-83.193559	176.685940	121.553453
-83.402423	176.500688	121.858622
-83.616336	176.310956	122.171169
-83.835299	176.116746	122.491094
-84.059312	175.918056	122.818398
-84.288375	175.714888	123.153080
-84.522488	175.507241	123.495140
-84.761650	175.295115	123.844578
-85.005863	175.078510	124.201395
-85.255125	174.857426	124.565590
-85.368042	174.757274	124.730573
-85.486009	174.652642	124.902933
-85.609026	174.543532	125.082672
-85.737093	174.429943	125.269790
-85.870209	174.311875	125.464285
-86.008375	174.189328	125.666159
-86.151591	174.062302	125.875411
-86.299857	173.930798	126.092041
-86.453173	173.794814	126.316049
-86.611539	173.654352	126.547436
-86.774954	173.509410	126.786201
-86.943419	173.359990	127.032345
-87.116935	173.206090	127.285866
-87.295499	173.047712	127.546766
-87.479114	172.884855	127.815044
-87.667779	172.717519	128.090700
-87.861493	172.545704	128.373735
-88.060257	172.369410	128.664147
-88.264071	172.188637	128.961938
-88.472935	172.003385	129.267108
-88.686849	171.813655	129.579655
-88.905812	171.619445	129.899581
-89.129825	171.420757	130.226885
-89.358888	171.217589	130.561567
-89.593001	171.009943	130.903628
-89.832164	170.797818	131.253067
-90.076377	170.581214	131.609884
-90.325639	170.360131	131.974079
-90.438556	170.259979	132.139062
-90.556523	170.155348	132.311423
-90.679540	170.046238	132.491162
-90.807607	169.932649	132.678279
-90.940724	169.814582	132.872775
-91.078890	169.692035	133.074649
-91.222107	169.565010	133.283901
-91.370373	169.433506	133.500531
-91.523689	169.297522	133.724540
-91.682054	169.157060	133.955927
-91.845470	169.012119	134.194692
-92.013935	168.862699	134.440835
-92.187450	168.708800	134.694357
-92.366015	168.550422	134.955257
-92.549630	168.387565	135.223535
-92.738295	168.220230	135.499191
-92.932009	168.048415	135.782226
-93.130773	167.872122	136.072639
-93.334588	167.691349	136.370430
-93.543452	167.506098	136.675600
-93.757365	167.316368	136.988147
-93.976329	167.122159	137.308073
-94.200342	166.923470	137.635378
-94.429405	166.720303	137.970060
-94.663518	166.512658	138.312121
-94.902681	166.300533	138.661560
-95.146894	166.083929	139.018377
-95.396156	165.862846	139.382572
-95.509074	165.762695	139.547555
-95.627041	165.658064	139.719916
-95.750058	165.548954	139.899655
-95.878125	165.435366	140.086773
-96.011242	165.317298	140.281268
-96.149408	165.194752	140.483142
-96.292624	165.067727	140.692395
-96.440891	164.936223	140.909025
-96.594206	164.800240	141.133034
-96.752572	164.659778	141.364421
-96.915988	164.514837	141.603186
-97.084453	164.365417	141.849329
-97.257968	164.211518	142.102851
-97.436534	164.053140	142.363751
-97.620148	163.890284	142.632029
-97.808813	163.722948	142.907686
-98.002528	163.551134	143.190721
-98.201292	163.374841	143.481134
-98.405106	163.194068	143.778925
-98.613970	163.008817	144.084094
-98.827884	162.819087	144.396642
-99.046847	162.624878	144.716568
-99.270861	162.426190	145.043873
-99.499924	162.223023	145.378555
-99.734037	162.015378	145.720616
-99.973200	161.803253	146.070055
-100.217413	161.586650	146.426872
-100.466675	161.365567	146.791068
-100.579593	161.265415	146.956050
-100.697560	161.160785	147.128411
-100.820577	161.051675	147.308151
-100.948644	160.938087	147.495268
-101.081761	160.820020	147.689764
-101.219927	160.697473	147.891638
-101.363143	160.570448	148.100890
-101.511410	160.438944	148.317521
-101.664726	160.302961	148.541529
-101.823091	160.162499	148.772916
-101.986507	160.017558	149.011682
-102.154972	159.868139	149.257825
-102.328488	159.714240	149.511347
-102.507053	159.555862	149.772247
-102.690668	159.393006	150.040525
-102.879332	159.225670	150.316182
-103.073047	159.053856	150.599217
-103.271811	158.877563	150.889630
-103.475625	158.696791	151.187421
-103.684489	158.511540	151.492590
-103.898403	158.321810	151.805138
-104.117367	158.127601	152.125064
-104.341380	157.928913	152.452369
-104.570444	157.725746	152.787051
-104.804557	157.518100	153.129112
-105.043720	157.305976	153.478551
-105.287932	157.089372	153.835368
-105.537195	156.868290	154.199564
-105.650112	156.768138	154.364547
-105.768080	156.663508	154.536908
-105.891097	156.554398	154.716647
-106.019164	156.440810	154.903765
-106.152280	156.322743	155.098260
-106.290447	156.200196	155.300134
-106.433663	156.073171	155.509387
-106.581929	155.941667	155.726017
-106.735245	155.805684	155.950026
-106.893611	155.665222	156.181413
-107.057027	155.520282	156.420178
-107.225492	155.370862	156.666322
-107.399007	155.216963	156.919843
-107.577573	155.058586	157.180744
-107.761187	154.895729	157.449022
-107.949852	154.728394	157.724678
-108.143567	154.556580	158.007713
-108.342331	154.380286	158.298126
-108.546145	154.199514	158.595918
-108.755009	154.014263	158.901087
-108.968923	153.824533	159.213635
-109.187887	153.630325	159.533561
-109.411900	153.431637	159.860865
-109.640964	153.228470	160.195548
-109.875077	153.020824	160.537609
-110.114240	152.808700	160.887048
-110.358452	152.592096	161.243865
-110.607715	152.371014	161.608061
-110.720632	152.270862	161.773043
-110.838600	152.166232	161.945404
-110.961617	152.057122	162.125144
-111.089684	151.943534	162.312261
-111.222800	151.825467	162.506757
-111.360967	151.702921	162.708631
-111.504183	151.575896	162.917883
-111.652449	151.444392	163.134514
-111.805765	151.308409	163.358523
-111.964131	151.167947	163.589910
-112.127547	151.023006	163.828675
-112.296012	150.873586	164.074818
-112.469527	150.719688	164.328340
-112.648093	150.561310	164.589240
-112.831707	150.398454	164.857519
-113.020372	150.231118	165.133175
-113.214087	150.059304	165.416210
-113.412851	149.883011	165.706623
-113.616665	149.702239	166.004414
-113.825529	149.516988	166.309584
-114.039443	149.327258	166.622132
-114.258407	149.133049	166.942058
-114.482420	148.934361	167.269362
-114.711484	148.731195	167.604045
-114.945597	148.523549	167.946106
-115.184760	148.311424	168.295545
-115.428972	148.094821	168.652362
-115.678235	147.873739	169.016558
-115.791152	147.773587	169.181540
-115.909120	147.668956	169.353901
-116.032137	147.559847	169.533641
-116.160204	147.446259	169.720758
-116.293320	147.328191	169.915254
-116.431487	147.205645	170.117128
-116.574703	147.078620	170.326380
-116.722969	146.947116	170.543011
-116.876285	146.811133	170.767020
-117.034651	146.670671	170.998407
-117.198067	146.525731	171.237172
-117.366532	146.376311	171.483315
-117.540048	146.222412	171.736837
-117.718613	146.064035	171.997737
-117.902228	145.901178	172.266016
-118.090892	145.733843	172.541672
-118.284607	145.562029	172.824707
-118.483371	145.385736	173.115120
-118.687185	145.204963	173.412911
-118.896049	145.019712	173.718081
-119.109963	144.829982	174.030629
-119.328927	144.635774	174.350555
-119.552940	144.437086	174.677859
-119.782004	144.233919	175.012542
-120.016117	144.026274	175.354603
-120.255280	143.814149	175.704042
-120.499493	143.597546	176.060859
-120.748755	143.376463	176.425055
-120.861673	143.276312	176.590037
-120.979640	143.171681	176.762398
-121.102657	143.062572	176.942138
-121.230724	142.948983	177.129255
-121.363840	142.830916	177.323751
-121.502007	142.708370	177.525625
-121.645223	142.581345	177.734877
-121.793490	142.449841	177.951508
-121.946806	142.313858	178.175517
-122.105171	142.173396	178.406904
-122.268587	142.028455	178.645669
-122.437052	141.879036	178.891812
-122.610568	141.725137	179.145334
-122.789133	141.566760	179.406234
-122.972748	141.403903	179.674513
-123.161412	141.236568	179.950169
-123.355127	141.064754	180.233204
-123.553891	140.888460	180.523617
-123.757706	140.707688	180.821408
-123.966570	140.522437	181.126578
-124.180483	140.332707	181.439126
-124.399447	140.138498	181.759052
-124.623461	139.939811	182.086356
-124.852524	139.736644	182.421039
-125.086637	139.528998	182.763100
-125.325800	139.316874	183.112539
-125.570013	139.100271	183.469356
-125.819275	138.879188	183.833552
-125.932193	138.779037	183.998534
-126.050160	138.674406	184.170895
-126.173177	138.565297	184.350635
-126.301244	138.451708	184.537752
-126.434361	138.333641	184.732248
-126.572527	138.211095	184.934122
-126.715744	138.084070	185.143374
-126.864010	137.952566	185.360005
-127.017326	137.816583	185.584014
-127.175692	137.676121	185.815401
-127.339107	137.531180	186.054166
-127.507573	137.381761	186.300310
-127.681088	137.227862	186.553831
-127.859653	137.069484	186.814731
-128.043268	136.906628	187.083010
-128.231933	136.739293	187.358666
-128.425647	136.567478	187.641701
-128.624412	136.391185	187.932114
-128.828226	136.210413	188.229905
-129.037090	136.025162	188.535075
-129.251004	135.835432	188.847623
-129.469967	135.641223	189.167549
-129.693981	135.442536	189.494853
-129.923044	135.239369	189.829536
-130.157157	135.031723	190.171597
-130.396320	134.819599	190.521036
-130.640533	134.602995	190.877853
-130.889795	134.381913	191.242049
-131.002713	134.281762	191.407032
-131.120680	134.177131	191.579393
-131.243697	134.068022	191.759132
-131.371764	133.954433	191.946249
-131.504881	133.836366	192.140745
-131.643047	133.713820	192.342619
-131.786264	133.586795	192.551871
-131.934530	133.455291	192.768502
-132.087846	133.319308	192.992511
-132.246212	133.178846	193.223898
-132.409627	133.033905	193.462663
-132.578093	132.884485	193.708807
-132.751608	132.730587	193.962328
-132.930173	132.572209	194.223228
-133.113788	132.409353	194.491507
-133.302453	132.242018	194.767163
-133.496167	132.070203	195.050198
-133.694932	131.893910	195.340611
-133.898746	131.713138	195.638403
-134.107610	131.527887	195.943572
-134.321524	131.338157	196.256120
-134.540487	131.143948	196.576046
-134.764501	130.945261	196.903350
-134.993564	130.742094	197.238033
-135.227677	130.534448	197.580094
-135.466840	130.322324	197.929533
-135.711053	130.105720	198.286350
-135.960316	129.884638	198.650546
-136.073233	129.784486	198.815529
-136.191200	129.679856	198.987890
-136.314217	129.570746	199.167629
-136.442284	129.457158	199.354746
-136.575401	129.339091	199.549242
-136.713568	129.216545	199.751116
-136.856784	129.089520	199.960368
-137.005050	128.958016	200.176999
-137.158366	128.822033	200.401008
-137.316732	128.681571	200.632395
-137.480147	128.536630	200.871160
-137.648613	128.387210	201.117304
-137.822128	128.233312	201.370825
-138.000693	128.074934	201.631726
-138.184308	127.912078	201.900004
-138.372973	127.744742	202.175660
-138.566688	127.572928	202.458695
-138.765452	127.396635	202.749108
-138.969266	127.215863	203.046900
-139.178130	127.030612	203.352069
-139.392044	126.840882	203.664617
-139.611008	126.646673	203.984543
-139.835021	126.447985	204.311847
-140.064084	126.244819	204.646530
-140.298198	126.037173	204.988591
-140.537360	125.825049	205.338030
-140.781573	125.608445	205.694847
-141.030836	125.387363	206.059043
-141.143753	125.287211	206.224026
-141.261721	125.182581	206.396387
-141.384738	125.073471	206.576126
-141.512804	124.959883	206.763243
-141.645921	124.841816	206.957739
-141.784088	124.719270	207.159613
-141.927304	124.592245	207.368866
-142.075570	124.460740	207.585496
-142.228886	124.324758	207.809505
-142.387252	124.184296	208.040892
-142.550668	124.039355	208.279657
-142.719133	123.889935	208.525801
-142.892648	123.736037	208.779323
-143.071213	123.577659	209.040223
-143.254828	123.414803	209.308501
-143.443493	123.247467	209.584157
-143.637208	123.075653	209.867192
-143.835972	122.899360	210.157605
-144.039786	122.718588	210.455397
-144.248650	122.533337	210.760566
-144.462564	122.343607	211.073114
-144.681528	122.149398	211.393040
-144.905541	121.950710	211.720345
-145.134605	121.747544	212.055027
-145.368718	121.539898	212.397088
-145.607881	121.327774	212.746527
-145.852093	121.111170	213.103344
-146.101356	120.890088	213.467540
-146.214273	120.789936	213.632523
-146.332241	120.685306	213.804884
-146.455258	120.576196	213.984623
-146.583325	120.462608	214.171741
-146.716441	120.344541	214.366236
-146.854608	120.221995	214.568110
-146.997824	120.094969	214.777363
-147.146090	119.963465	214.993993
-147.299406	119.827483	215.218002
-147.457772	119.687021	215.449389
-147.621188	119.542080	215.688154
-147.789653	119.392660	215.934298
-147.963169	119.238762	216.187820
-148.141734	119.080384	216.448720
-148.325349	118.917528	216.716998
-148.514013	118.750192	216.992655
-148.707728	118.578378	217.275689
-148.906492	118.402085	217.566102
-149.110306	118.221313	217.863894
-149.319170	118.036062	218.169063
-149.533084	117.846332	218.481611
-149.752048	117.652123	218.801537
-149.976061	117.453435	219.128842
-150.205125	117.250269	219.463524
-150.439238	117.042623	219.805585
-150.678401	116.830499	220.155024
-150.922614	116.613895	220.511841
-151.171876	116.392813	220.876037
-151.284794	116.292661	221.041020
-151.402761	116.188031	221.213381
-151.525778	116.078921	221.393120
-151.653845	115.965333	221.580238
-151.786962	115.847266	221.774733
-151.925128	115.724719	221.976607
-152.068344	115.597694	222.185860
-152.216611	115.466190	222.402490
-152.369927	115.330207	222.626499
-152.528292	115.189746	222.857886
-152.691708	115.044805	223.096651
-152.860173	114.895385	223.342795
-153.033689	114.741487	223.596317
-153.212254	114.583109	223.857217
-153.395869	114.420253	224.125495
-153.584534	114.252917	224.401152
-153.778248	114.081103	224.684186
-153.977012	113.904810	224.974600
-154.180827	113.724038	225.272391
-154.389691	113.538787	225.577560
-154.603605	113.349057	225.890108
-154.822568	113.154848	226.210034
-155.046582	112.956160	226.537339
-155.275645	112.752994	226.872021
-155.509758	112.545348	227.214082
-155.748921	112.333224	227.563521
-155.993134	112.116620	227.920339
-156.242396	111.895538	228.284534
-156.355314	111.795386	228.449517
-156.473281	111.690756	228.621878
-156.596298	111.581646	228.801617
-156.724365	111.468058	228.988735
-156.857482	111.349991	229.183230
-156.995648	111.227444	229.385105
-157.138865	111.100419	229.594357
-157.287131	110.968915	229.810987
-157.440447	110.832932	230.034996
-157.598813	110.692471	230.266383
-157.762228	110.547530	230.505148
-157.930694	110.398110	230.751292
-158.104209	110.244211	231.004814
-158.282774	110.085834	231.265714
-158.466389	109.922978	231.533992
-158.655054	109.755642	231.809649
-158.848768	109.583828	232.092684
-159.047533	109.407535	232.383097
-159.251347	109.226763	232.680888
-159.460211	109.041512	232.986058
-159.674125	108.851782	233.298605
-159.893088	108.657573	233.618531
-160.117102	108.458885	233.945836
-160.346165	108.255719	234.280518
-160.580278	108.048073	234.622579
-160.819441	107.835948	234.972018
-161.063654	107.619345	235.328836
-161.312917	107.398263	235.693031
-161.425834	107.298111	235.858014
-161.543801	107.193481	236.030375
-161.666818	107.084371	236.210114
-161.794885	106.970783	236.397232
-161.928002	106.852716	236.591728
-162.066168	106.730169	236.793602
-162.209385	106.603144	237.002854
-162.357651	106.471640	237.219484
-162.510967	106.335657	237.443493
-162.669333	106.195195	237.674880
-162.832748	106.050255	237.913646
-163.001214	105.900835	238.159789
-163.174729	105.746936	238.413311
-163.353294	105.588559	238.674211
-163.536909	105.425702	238.942489
-163.725574	105.258367	239.218146
-163.919288	105.086553	239.501181
-164.118053	104.910260	239.791594
-164.321867	104.729488	240.089385
-164.530731	104.544237	240.394555
-164.744645	104.354507	240.707102
-164.963609	104.160298	241.027029
-165.187622	103.961610	241.354333
-165.416685	103.758443	241.689015
-165.650798	103.550798	242.031076
-165.889961	103.338673	242.380515
-166.134174	103.122070	242.737333
-166.383437	102.900988	243.101528
-166.496354	102.800836	243.266511
-166.614321	102.696206	243.438872
-166.737338	102.587096	243.618611
-166.865405	102.473508	243.805729
-166.998522	102.355440	244.000225
-167.136689	102.232894	244.202099
-167.279905	102.105869	244.411351
-167.428171	101.974365	244.627982
-167.581487	101.838382	244.851990
-167.739853	101.697920	245.083377
-167.903269	101.552980	245.322143
-168.071734	101.403560	245.568286
-168.245249	101.249661	245.821808
-168.423814	101.091284	246.082708
-168.607429	100.928427	246.350986
-168.796094	100.761092	246.626643
-168.989809	100.589278	246.909678
-169.188573	100.412985	247.200091
-169.392387	100.232213	247.497882
-169.601251	100.046962	247.803052
-169.815165	99.857232	248.115600
