-40.730757	226.799891	45.642834
-40.711486	226.710673	45.660297
-40.698127	226.616865	45.684391
-40.690679	226.518469	45.715120
-40.689138	226.415485	45.752485
-40.693503	226.307916	45.796492
-40.703772	226.195763	45.847141
-40.719941	226.079027	45.904438
-40.742009	225.957709	45.968384
-40.769973	225.831812	46.038982
-40.803831	225.701336	46.116237
-40.843581	225.566283	46.200150
-40.889220	225.426654	46.290725
-40.940746	225.282451	46.387964
-40.998157	225.133675	46.491871
-41.061451	224.980327	46.602449
-41.130624	224.822410	46.719701
-41.205676	224.659925	46.843629
-41.286603	224.492872	46.974237
-41.373404	224.321253	47.111528
-41.466076	224.145071	47.255504
-41.564617	223.964325	47.406169
-41.669025	223.779018	47.563525
-41.779298	223.589152	47.727575
-41.895433	223.394726	47.898323
-42.017428	223.195744	48.075770
-42.145282	222.992207	48.259921
-42.278992	222.784115	48.450777
-42.418555	222.571471	48.648341
-42.563971	222.354275	48.852617
-42.715236	222.132530	49.063607
-42.872350	221.906236	49.281314
-43.035308	221.675395	49.505741
-43.204111	221.440010	49.736889
-43.378756	221.200080	49.974763
-43.559240	220.955608	50.219365
-43.745562	220.706595	50.470697
-43.937720	220.453042	50.728763
-44.135712	220.194951	50.993564
-44.339536	219.932324	51.265103
-44.549191	219.665162	51.543384
-44.764674	219.393466	51.828408
-44.985984	219.117238	52.120178
-45.213118	218.836479	52.418696
-45.446076	218.551191	52.723966
-45.684855	218.261376	53.035990
-45.929454	217.967034	53.354769
-46.039693	217.835467	53.498078
-46.155749	217.699376	53.648147
-46.277621	217.558761	53.804976
-46.405310	217.413624	53.968567
-46.538813	217.263964	54.138921
-46.678131	217.109784	54.316039
-46.823263	216.951082	54.499922
-46.974207	216.787861	54.690570
-47.130964	216.620120	54.887986
-47.293532	216.447861	55.092170
-47.461912	216.271083	55.303123
-47.636101	216.089788	55.520846
-47.816100	215.903977	55.745341
-48.001908	215.713649	55.976607
-48.193524	215.518806	56.214647
-48.390948	215.319449	56.459461
-48.594179	215.115577	56.711050
-48.803216	214.907192	56.969415
-49.018059	214.694295	57.234557
-49.238707	214.476885	57.506478
-49.465159	214.254964	57.785177
-49.697415	214.028533	58.070657
-49.935475	213.797591	58.362918
-50.179337	213.562141	58.661960
-50.429001	213.322182	58.967786
-50.684467	213.077714	59.280395
-50.945734	212.828740	59.599790
-51.212801	212.575259	59.925970
-51.334375	212.460315	60.074320
-51.461748	212.340866	60.229457
-51.594920	212.216912	60.391382
-51.733892	212.088452	60.560095
-51.878663	211.955489	60.735596
-52.029232	211.818020	60.917886
-52.185600	211.676048	61.106965
-52.347766	211.529572	61.302833
-52.515730	211.378593	61.505491
-52.689492	211.223110	61.714940
-52.869052	211.063125	61.931179
-53.054409	210.898638	62.154209
-53.245563	210.729648	62.384031
-53.442514	210.556156	62.620645
-53.645261	210.378163	62.864050
-53.853805	210.195669	63.114249
-54.068146	210.008674	63.371240
-54.288283	209.817178	63.635025
-54.514215	209.621182	63.905603
-54.745943	209.420687	64.182976
-54.983467	209.215691	64.467143
-55.226786	209.006196	64.758106
-55.475900	208.792202	65.055863
-55.730809	208.573710	65.360416
-55.991513	208.350719	65.671765
-56.258011	208.123230	65.989910
-56.530304	207.891244	66.314853
-56.808391	207.654760	66.646592
-56.934525	207.547687	66.797010
-57.066452	207.436117	66.954226
-57.204174	207.320051	67.118240
-57.347690	207.199488	67.289052
-57.496999	207.074428	67.466662
-57.652102	206.944873	67.651070
-57.812998	206.810820	67.842276
-57.979688	206.672272	68.040282
-58.152172	206.529228	68.245085
-58.330448	206.381688	68.456688
-58.514518	206.229653	68.675090
-58.704382	206.073121	68.900291
-58.900038	205.912095	69.132291
-59.101488	205.746573	69.371090
-59.308730	205.576557	69.616690
-59.521766	205.402045	69.869089
-59.740594	205.223038	70.128288
-59.965216	205.039537	70.394287
-60.195630	204.851542	70.667087
-60.431837	204.659052	70.946686
-60.673836	204.462067	71.233087
-60.921628	204.260589	71.526288
-61.175213	204.054617	71.826290
-61.434590	203.844151	72.133092
-61.699759	203.629192	72.446696
-61.970721	203.409739	72.767102
-62.247475	203.185792	73.094308
-62.530021	202.957353	73.428316
-62.658065	202.853914	73.579661
-62.791901	202.745982	73.737808
-62.931528	202.633557	73.902756
-63.076948	202.516639	74.074506
-63.228160	202.395228	74.253058
-63.385164	202.269325	74.438412
-63.547961	202.138929	74.630569
-63.716549	202.004041	74.829527
-63.890929	201.864660	75.035288
-64.071101	201.720786	75.247850
-64.257065	201.572420	75.467216
-64.448822	201.419562	75.693383
-64.646370	201.262212	75.926353
-64.849710	201.100370	76.166126
-65.058841	200.934035	76.412701
-65.273765	200.763209	76.666079
-65.494481	200.587890	76.926259
-65.720988	200.408080	77.193243
-65.953287	200.223778	77.467029
-66.191378	200.034984	77.747618
-66.435261	199.841698	78.035010
-66.684936	199.643921	78.329205
-66.940402	199.441652	78.630203
-67.201660	199.234892	78.938004
-67.468710	199.023640	79.252608
-67.741551	198.807897	79.574016
-68.020184	198.587663	79.902227
-68.304609	198.362937	80.237241
-68.433472	198.261160	80.389016
-68.568126	198.154891	80.547595
-68.708572	198.044131	80.712977
-68.854810	197.928881	80.885163
-69.006839	197.809139	81.064152
-69.164660	197.684906	81.249944
-69.328273	197.556182	81.442540
-69.497677	197.422968	81.641940
-69.672873	197.285262	81.848144
-69.853860	197.143066	82.061151
-70.040639	196.996378	82.280962
-70.233210	196.845200	82.507576
-70.431572	196.689531	82.740994
-70.635726	196.529372	82.981216
-70.845671	196.364722	83.228242
-71.061407	196.195581	83.482072
-71.282936	196.021949	83.742705
-71.510256	195.843827	84.010142
-71.743367	195.661214	84.284383
-71.982270	195.474111	84.565428
-72.226964	195.282517	84.853277
-72.477450	195.086433	85.147930
-72.733728	194.885858	85.449387
-72.995796	194.680793	85.757648
-73.263657	194.471237	86.072713
-73.537309	194.257191	86.394582
-73.816752	194.038655	86.723255
-74.101987	193.815629	87.058733
-74.231207	193.714608	87.210710
-74.366218	193.609097	87.369492
-74.507021	193.499096	87.535077
-74.653615	193.384605	87.707467
-74.806000	193.265624	87.886661
-74.964177	193.142152	88.072660
-75.128146	193.014190	88.265462
-75.297906	192.881739	88.465069
-75.473457	192.744796	88.671480
-75.654800	192.603364	88.884695
-75.841934	192.457442	89.104714
-76.034860	192.307030	89.331538
-76.233578	192.152127	89.565166
-76.438087	191.992735	89.805598
-76.648387	191.828852	90.052835
-76.864479	191.660479	90.306875
-77.086362	191.487617	90.567720
-77.314037	191.310264	90.835370
-77.547503	191.128421	91.109824
-77.786760	190.942088	91.391082
-78.031809	190.751266	91.679144
-78.282650	190.555953	91.974011
-78.539282	190.356151	92.275682
-78.801705	190.151858	92.584157
-79.069920	189.943076	92.899437
-79.343927	189.729803	93.221521
-79.623725	189.512041	93.550410
-79.909314	189.289789	93.886103
-80.038690	189.189113	94.038176
-80.173858	189.083947	94.197053
-80.314817	188.974292	94.362735
-80.461568	188.860146	94.535221
-80.614110	188.741511	94.714511
-80.772444	188.618386	94.900606
-80.936569	188.490771	95.093506
-81.106485	188.358666	95.293209
-81.282193	188.222072	95.499718
-81.463693	188.080987	95.713031
-81.650984	187.935413	95.933148
-81.844066	187.785349	96.160070
-82.042940	187.630796	96.393796
-82.247605	187.471752	96.634327
-82.458062	187.308219	96.881662
-82.674310	187.140196	97.135802
-82.896349	186.967683	97.396746
-83.124180	186.790681	97.664495
-83.357803	186.609189	97.939048
-83.597217	186.423207	98.220406
-83.842422	186.232735	98.508568
-84.093419	186.037774	98.803535
-84.350207	185.838323	99.105306
-84.612787	185.634382	99.413882
-84.881158	185.425952	99.729262
-85.155321	185.213032	100.051447
-85.435275	184.995622	100.380437
-85.721021	184.773722	100.716231
-85.850466	184.673203	100.868348
-85.985704	184.568194	101.027270
-86.126732	184.458696	101.192997
-86.273552	184.344708	101.365528
-86.426163	184.226230	101.544864
-86.584566	184.103262	101.731004
-86.748761	183.975805	101.923949
-86.918746	183.843858	102.123698
-87.094524	183.707422	102.330252
-87.276092	183.566496	102.543611
-87.463452	183.421080	102.763774
-87.656604	183.271175	102.990742
-87.855547	183.116780	103.224514
-88.060282	182.957896	103.465091
-88.270808	182.794521	103.712472
-88.487125	182.626658	103.966658
-88.709234	182.454304	104.227649
-88.937134	182.277461	104.495444
-89.170826	182.096129	104.770044
-89.410309	181.910307	105.051449
-89.655584	181.719995	105.339658
-89.906650	181.525193	105.634671
-90.163508	181.325902	105.936489
-90.426157	181.122122	106.245112
-90.694597	180.913852	106.560540
-90.968829	180.701092	106.882772
-91.248853	180.483842	107.211808
-91.534668	180.262104	107.547649
-91.664144	180.161656	107.699788
-91.799412	180.056718	107.858731
-91.940471	179.947291	108.024479
-92.087322	179.833375	108.197031
-92.239964	179.714968	108.376388
-92.398398	179.592073	108.562549
-92.562623	179.464687	108.755515
-92.732639	179.332813	108.955286
-92.908447	179.196448	109.161861
-93.090047	179.055594	109.375241
-93.277438	178.910251	109.595426
-93.470620	178.760418	109.822415
-93.669594	178.606095	110.056209
-93.874360	178.447283	110.296807
-94.084916	178.283981	110.544210
-94.301265	178.116190	110.798418
-94.523404	177.943909	111.059430
-94.751335	177.767138	111.327247
-94.985058	177.585878	111.601869
-95.224572	177.400129	111.883295
-95.469878	177.209890	112.171526
-95.720975	177.015161	112.466561
-95.977863	176.815943	112.768401
-96.240543	176.612235	113.077046
-96.509015	176.404038	113.392495
-96.783277	176.191351	113.714749
-97.063332	175.974175	114.043808
-97.349178	175.752509	114.379671
-97.478668	175.652094	114.531819
-97.613949	175.547189	114.690772
-97.755022	175.437794	114.856530
-97.901886	175.323910	115.029092
-98.054542	175.205537	115.208458
-98.212990	175.082674	115.394630
-98.377229	174.955321	115.587606
-98.547259	174.823479	115.787387
-98.723081	174.687148	115.993972
-98.904694	174.546326	116.207362
-99.092099	174.401016	116.427556
-99.285295	174.251215	116.654555
-99.484282	174.096926	116.888359
-99.689061	173.938146	117.128968
-99.899632	173.774878	117.376381
-100.115994	173.607119	117.630599
-100.338147	173.434871	117.891621
-100.566092	173.258134	118.159448
-100.799829	173.076907	118.434080
-101.039357	172.891191	118.715516
-101.284676	172.700985	119.003757
-101.535787	172.506289	119.298803
-101.792689	172.307105	119.600653
-102.055383	172.103430	119.909308
-102.323868	171.895266	120.224767
-102.598145	171.682613	120.547032
-102.878213	171.465470	120.876100
-103.164072	171.243837	121.211974
-103.293568	171.143436	121.364127
-103.428856	171.038546	121.523084
-103.569935	170.929167	121.688846
-103.716806	170.815297	121.861413
-103.869468	170.696939	122.040784
-104.027921	170.574091	122.226960
-104.192166	170.446753	122.419941
-104.362203	170.314926	122.619726
-104.538031	170.178609	122.826316
-104.719650	170.037803	123.039710
-104.907061	169.892507	123.259910
-105.100263	169.742722	123.486913
-105.299257	169.588447	123.720722
-105.504042	169.429683	123.961335
-105.714619	169.266429	124.208753
-105.930987	169.098686	124.462975
-106.153147	168.926453	124.724002
-106.381098	168.749731	124.991834
-106.614840	168.568519	125.266471
-106.854374	168.382818	125.547912
-107.099700	168.192627	125.836157
-107.350817	167.997947	126.131208
-107.607725	167.798777	126.433063
-107.870425	167.595117	126.741722
-108.138916	167.386969	127.057187
-108.413199	167.174330	127.379455
-108.693273	166.957202	127.708529
-108.979139	166.735585	128.044407
-109.108638	166.635191	128.196562
-109.243928	166.530308	128.355522
-109.385010	166.420935	128.521286
-109.531884	166.307072	128.693855
-109.684548	166.188721	128.873228
-109.843005	166.065879	129.059406
-110.007252	165.938548	129.252389
-110.177292	165.806728	129.452176
-110.353122	165.670418	129.658768
-110.534744	165.529619	129.872165
-110.722158	165.384330	130.092367
-110.915363	165.234551	130.319373
-111.114360	165.080283	130.553183
-111.319148	164.921526	130.793799
-111.529727	164.758279	131.041219
-111.746098	164.590543	131.295443
-111.968260	164.418317	131.556472
-112.196214	164.241601	131.824306
-112.429960	164.060396	132.098945
-112.669496	163.874702	132.380388
-112.914825	163.684518	132.668636
-113.165944	163.489845	132.963689
-113.422855	163.290682	133.265546
-113.685558	163.087029	133.574208
-113.954052	162.878887	133.889674
-114.228338	162.666256	134.211945
-114.508415	162.449135	134.541021
-114.794283	162.227524	134.876901
-114.923784	162.127134	135.029057
-115.059075	162.022253	135.188018
-115.200158	161.912884	135.353783
-115.347033	161.799024	135.526353
-115.499699	161.680676	135.705727
-115.658156	161.557837	135.891906
-115.822405	161.430509	136.084890
-115.992446	161.298692	136.284678
-116.168278	161.162385	136.491271
-116.349901	161.021589	136.704669
-116.537316	160.876303	136.924872
-116.730522	160.726528	137.151879
-116.929520	160.572263	137.385690
-117.134309	160.413509	137.626307
-117.344890	160.250265	137.873727
-117.561262	160.082532	138.127953
-117.783426	159.910309	138.388983
-118.011381	159.733597	138.656818
-118.245127	159.552395	138.931458
-118.484665	159.366704	139.212902
-118.729995	159.176523	139.501151
-118.981116	158.981853	139.796205
-119.238028	158.782693	140.098063
-119.500732	158.579044	140.406726
-119.769228	158.370905	140.722193
-120.043514	158.158277	141.044465
-120.323593	157.941159	141.373542
-120.609462	157.719551	141.709424
-120.738963	157.619162	141.861580
-120.874255	157.514283	142.020541
-121.015339	157.404915	142.186306
-121.162214	157.291057	142.358877
-121.314881	157.172710	142.538252
-121.473339	157.049873	142.724431
-121.637588	156.922546	142.917415
-121.807629	156.790730	143.117204
-121.983462	156.654425	143.323798
-122.165086	156.513630	143.537196
-122.352501	156.368346	143.757399
-122.545708	156.218572	143.984406
-122.744706	156.064309	144.218218
-122.949496	155.905556	144.458835
-123.160077	155.742313	144.706257
-123.376450	155.574582	144.960483
-123.598614	155.402360	145.221513
-123.826570	155.225649	145.489349
-124.060317	155.044449	145.763989
-124.299855	154.858759	146.045434
-124.545186	154.668580	146.333683
-124.796307	154.473911	146.628737
-125.053220	154.274753	146.930596
-125.315925	154.071105	147.239259
-125.584420	153.862967	147.554727
-125.858708	153.650341	147.877000
-126.138787	153.433224	148.206077
-126.424657	153.211618	148.541959
-126.554158	153.111230	148.694115
-126.689450	153.006351	148.853076
-126.830534	152.896984	149.018842
-126.977410	152.783126	149.191413
-127.130077	152.664780	149.370788
-127.288535	152.541943	149.556968
-127.452785	152.414618	149.749952
-127.622826	152.282802	149.949741
-127.798659	152.146498	150.156335
-127.980283	152.005704	150.369733
-128.167698	151.860420	150.589936
-128.360905	151.710647	150.816944
-128.559904	151.556384	151.050756
-128.764694	151.397632	151.291373
-128.975276	151.234390	151.538795
-129.191649	151.066659	151.793021
-129.413813	150.894438	152.054052
-129.641769	150.717728	152.321888
-129.875516	150.536528	152.596528
-130.115055	150.350839	152.877973
-130.360385	150.160660	153.166223
-130.611507	149.965992	153.461277
-130.868421	149.766834	153.763136
-131.131125	149.563187	154.071799
-131.399621	149.355051	154.387267
-131.673909	149.142424	154.709540
-131.953988	148.925309	155.038618
-132.239859	148.703703	155.374500
-132.369360	148.603315	155.526657
-132.504652	148.498437	155.685618
-132.645736	148.389070	155.851384
-132.792612	148.275213	156.023954
-132.945279	148.156866	156.203330
-133.103737	148.034030	156.389509
-133.267987	147.906705	156.582494
-133.438028	147.774890	156.782283
-133.613861	147.638586	156.988877
-133.795486	147.497792	157.202275
-133.982901	147.352508	157.422479
-134.176109	147.202735	157.649486
-134.375107	147.048473	157.883299
-134.579897	146.889721	158.123916
-134.790479	146.726480	158.371338
-135.006852	146.558749	158.625564
-135.229017	146.386528	158.886595
-135.456973	146.209818	159.154431
-135.690720	146.028619	159.429071
-135.930259	145.842930	159.710516
-136.175590	145.652752	159.998766
-136.426711	145.458084	160.293820
-136.683625	145.258926	160.595679
-136.946330	145.055279	160.904343
-137.214826	144.847143	161.219811
-137.489114	144.634517	161.542084
-137.769193	144.417402	161.871162
-138.055064	144.195797	162.207044
-138.184565	144.095409	162.359201
-138.319857	143.990531	162.518162
-138.460941	143.881164	162.683928
-138.607817	143.767307	162.856499
-138.760484	143.648960	163.035874
-138.918942	143.526125	163.222054
-139.083192	143.398799	163.415038
-139.253234	143.266985	163.614827
-139.429067	143.130680	163.821421
-139.610691	142.989886	164.034820
-139.798107	142.844603	164.255023
-139.991314	142.694830	164.482031
-140.190313	142.540568	164.715843
-140.395103	142.381816	164.956461
-140.605685	142.218575	165.203882
-140.822058	142.050844	165.458109
-141.044222	141.878624	165.719140
-141.272179	141.701914	165.986976
-141.505926	141.520715	166.261616
-141.745465	141.335026	166.543061
-141.990796	141.144848	166.831311
-142.241918	140.950180	167.126365
-142.498831	140.751023	167.428224
-142.761536	140.547376	167.736888
-143.030032	140.339240	168.052356
-143.304320	140.126614	168.374629
-143.584399	139.909499	168.703707
-143.870270	139.687894	169.039589
-143.999771	139.587506	169.191746
-144.135064	139.482628	169.350707
-144.276148	139.373261	169.516473
-144.423023	139.259404	169.689044
-144.575690	139.141058	169.868419
-144.734149	139.018222	170.054599
-144.898399	138.890897	170.247584
-145.068440	138.759082	170.447373
-145.244273	138.622778	170.653967
-145.425898	138.481984	170.867365
-145.613313	138.336701	171.087569
-145.806521	138.186928	171.314576
-146.005519	138.032666	171.548389
-146.210310	137.873915	171.789006
-146.420891	137.710673	172.036428
-146.637265	137.542943	172.290654
-146.859429	137.370722	172.551686
-147.087385	137.194013	172.819521
-147.321133	137.012813	173.094162
-147.560672	136.827125	173.375607
-147.806002	136.636947	173.663857
-148.057124	136.442279	173.958911
-148.314038	136.243122	174.260770
-148.576743	136.039475	174.569434
-148.845239	135.831339	174.884902
-149.119527	135.618713	175.207175
-149.399606	135.401598	175.536253
-149.685477	135.179993	175.872135
-149.814978	135.079605	176.024292
-149.950271	134.974727	176.183253
-150.091355	134.865360	176.349019
-150.238230	134.751503	176.521590
-150.390898	134.633157	176.700965
-150.549356	134.510322	176.887145
-150.713606	134.382996	177.080130
-150.883647	134.251182	177.279919
-151.059480	134.114877	177.486513
-151.241105	133.974084	177.699911
-151.428521	133.828801	177.920115
-151.621728	133.679028	178.147123
-151.820727	133.524766	178.380935
-152.025517	133.366014	178.621552
-152.236099	133.202773	178.868974
-152.452472	133.035042	179.123201
-152.674636	132.862822	179.384232
-152.902592	132.686112	179.652067
-153.136340	132.504913	179.926708
-153.375879	132.319224	180.208153
-153.621210	132.129046	180.496403
-153.872332	131.934379	180.791457
-154.129245	131.735221	181.093316
-154.391950	131.531575	181.401980
-154.660446	131.323439	181.717448
-154.934734	131.110813	182.039721
-155.214814	130.893698	182.368799
-155.500684	130.672093	182.704681
-155.630186	130.571705	182.856838
-155.765478	130.466827	183.015799
-155.906562	130.357460	183.181565
-156.053438	130.243603	183.354136
-156.206105	130.125257	183.533511
-156.364563	130.002421	183.719691
-156.528813	129.875096	183.912676
-156.698855	129.743282	184.112465
-156.874688	129.606977	184.319059
-157.056312	129.466184	184.532458
-157.243728	129.320901	184.752661
-157.436935	129.171128	184.979669
-157.635934	129.016866	185.213481
-157.840724	128.858114	185.454098
-158.051306	128.694873	185.701520
-158.267679	128.527142	185.955747
-158.489844	128.354922	186.216778
-158.717800	128.178212	186.484614
-158.951547	127.997013	186.759254
-159.191087	127.811325	187.040699
-159.436417	127.621146	187.328949
-159.687539	127.426479	187.624003
-159.944452	127.227322	187.925863
-160.207157	127.023675	188.234526
-160.475654	126.815539	188.549995
-160.749942	126.602913	188.872268
-161.030021	126.385798	189.201345
-161.315892	126.164193	189.537228
-161.445393	126.063805	189.689384
-161.580686	125.958928	189.848346
-161.721770	125.849560	190.014112
-161.868645	125.735704	190.186682
-162.021312	125.617357	190.366058
-162.179771	125.494522	190.552238
-162.344021	125.367197	190.745222
-162.514062	125.235382	190.945011
-162.689895	125.099078	191.151605
-162.871519	124.958284	191.365004
-163.058935	124.813001	191.585207
-163.252143	124.663228	191.812215
-163.451141	124.508966	192.046028
-163.655932	124.350214	192.286645
-163.866513	124.186973	192.534067
-164.082887	124.019243	192.788293
-164.305051	123.847022	193.049324
-164.533007	123.670313	193.317160
-164.766755	123.489114	193.591801
-165.006294	123.303425	193.873246
-165.251625	123.113247	194.161495
-165.502747	122.918579	194.456550
-165.759660	122.719422	194.758409
-166.022365	122.515775	195.067073
-166.290861	122.307639	195.382541
-166.565149	122.095014	195.704814
-166.845229	121.877898	196.033892
-167.131099	121.656294	196.369774
-167.260600	121.555906	196.521931
-167.395893	121.451028	196.680892
-167.536977	121.341661	196.846658
-167.683853	121.227804	197.019229
-167.836520	121.109458	197.198604
-167.994978	120.986622	197.384784
-168.159228	120.859297	197.577769
-168.329270	120.727482	197.777558
-168.505103	120.591178	197.984152
-168.686727	120.450384	198.197550
-168.874143	120.305101	198.417754
-169.067350	120.155329	198.644761
-169.266349	120.001066	198.878574
-169.471139	119.842315	199.119191
-169.681721	119.679074	199.366613
-169.898094	119.511343	199.620840
-170.120259	119.339123	199.881871
-170.348215	119.162413	200.149706
-170.581962	118.981214	200.424347
-170.821502	118.795525	200.705792
-171.066832	118.605347	200.994042
-171.317954	118.410680	201.289096
-171.574868	118.211522	201.590955
-171.837572	118.007876	201.899619
-172.106069	117.799740	202.215087
-172.380357	117.587114	202.537360
-172.660436	117.369999	202.866438
-172.946307	117.148394	203.202320
-173.075808	117.048006	203.354477
-173.211101	116.943128	203.513438
-173.352185	116.833761	203.679204
-173.499060	116.719905	203.851775
-173.651727	116.601558	204.031150
-173.810186	116.478723	204.217330
-173.974436	116.351397	204.410315
-174.144477	116.219583	204.610104
-174.320310	116.083279	204.816698
-174.501935	115.942485	205.030097
-174.689350	115.797202	205.250300
-174.882558	115.647429	205.477308
-175.081556	115.493167	205.711120
-175.286347	115.334415	205.951738
-175.496928	115.171174	206.199159
-175.713302	115.003443	206.453386
-175.935466	114.831223	206.714417
-176.163422	114.654514	206.982253
-176.397170	114.473315	207.256893
-176.636709	114.287626	207.538338
-176.882040	114.097448	207.826588
-177.133162	113.902780	208.121643
-177.390075	113.703623	208.423502
-177.652780	113.499976	208.732165
-177.921276	113.291840	209.047634
-178.195564	113.079215	209.369907
-178.475644	112.862099	209.698985
-178.761514	112.640495	210.034867
-178.891016	112.540107	210.187024
-179.026308	112.435229	210.345985
-179.167392	112.325862	210.511751
-179.314268	112.212005	210.684322
-179.466935	112.093659	210.863697
-179.625393	111.970823	211.049877
-179.789643	111.843498	211.242861
-179.959685	111.711683	211.442651
-180.135518	111.575379	211.649245
-180.317142	111.434585	211.862643
-180.504558	111.289302	212.082846
-180.697765	111.139530	212.309854
-180.896764	110.985267	212.543667
-181.101554	110.826516	212.784284
-181.312136	110.663275	213.031706
-181.528509	110.495544	213.285932
-181.750674	110.323324	213.546963
-181.978630	110.146614	213.814799
-182.212378	109.965415	214.089440
-182.451917	109.779726	214.370885
-182.697247	109.589548	214.659135
-182.948369	109.394881	214.954189
-183.205283	109.195724	215.256048
-183.467988	108.992077	215.564712
-183.736484	108.783941	215.880180
-184.010772	108.571315	216.202453
-184.290851	108.354200	216.531531
-184.576722	108.132595	216.867413
-184.706223	108.032207	217.019570
-184.841516	107.927329	217.178531
-184.982600	107.817962	217.344297
-185.129475	107.704106	217.516868
-185.282142	107.585759	217.696243
-185.440601	107.462924	217.882423
-185.604851	107.335599	218.075408
-185.774892	107.203784	218.275197
-185.950725	107.067480	218.481791
-186.132350	106.926686	218.695190
-186.319765	106.781403	218.915393
-186.512973	106.631630	219.142401
-186.711972	106.477368	219.376213
-186.916762	106.318616	219.616830
-187.127344	106.155375	219.864252
-187.343717	105.987645	220.118479
-187.565881	105.815424	220.379510
-187.793838	105.638715	220.647346
-188.027585	105.457516	220.921986
-188.267124	105.271827	221.203431
-188.512455	105.081649	221.491681
-188.763577	104.886981	221.786735
-189.020490	104.687824	222.088595
-189.283195	104.484177	222.397258
-189.551691	104.276041	222.712727
-189.825979	104.063416	223.035000
-190.106059	103.846301	223.364077
-190.391929	103.624696	223.699960
-190.521431	103.524308	223.852116
-190.656723	103.419430	224.011078
-190.797807	103.310063	224.176844
-190.944683	103.196206	224.349414
-191.097350	103.077860	224.528790
-191.255808	102.955024	224.714970
-191.420058	102.827699	224.907954
-191.590100	102.695884	225.107744
-191.765933	102.559580	225.314337
-191.947557	102.418787	225.527736
-192.134973	102.273503	225.747939
-192.328180	102.123731	225.974947
-192.527179	101.969469	226.208760
-192.731969	101.810717	226.449377
-192.942551	101.647476	226.696799
-193.158924	101.479745	226.951025
-193.381089	101.307525	227.212056
-193.609045	101.130815	227.479892
-193.842793	100.949616	227.754533
-194.082332	100.763927	228.035978
-194.327662	100.573749	228.324227
-194.578784	100.379082	228.619282
-194.835698	100.179925	228.921141
-195.098403	99.976278	229.229805
-195.366899	99.768142	229.545273
-195.641187	99.555516	229.867546
-195.921266	99.338401	230.196624
-196.207137	99.116796	230.532506
-196.336638	99.016408	230.684663
-196.471931	98.911531	230.843624
-196.613015	98.802163	231.009390
-196.759891	98.688307	231.181961
-196.912558	98.569960	231.361336
-197.071016	98.447125	231.547516
-197.235266	98.319800	231.740501
-197.405307	98.187985	231.940290
-197.581140	98.051681	232.146884
-197.762765	97.910887	232.360282
-197.950181	97.765604	232.580486
-198.143388	97.615831	232.807494
-198.342387	97.461569	233.041306
-198.547177	97.302817	233.281923
-198.757759	97.139576	233.529345
-198.974132	96.971846	233.783572
-199.196297	96.799625	234.044603
-199.424253	96.622916	234.312439
-199.658000	96.441717	234.587079
-199.897539	96.256028	234.868524
-200.142870	96.065850	235.156774
-200.393992	95.871182	235.451828
-200.650905	95.672025	235.753687
-200.913610	95.468379	236.062351
-201.182107	95.260242	236.377819
-201.456394	95.047617	236.700093
-201.736474	94.830502	237.029170
-202.022345	94.608897	237.365053
-202.151846	94.508509	237.517209
-202.287138	94.403631	237.676171
-202.428222	94.294264	237.841937
-202.575098	94.180407	238.014507
-202.727765	94.062061	238.193883
-202.886224	93.939225	238.380062
-203.050474	93.811900	238.573047
-203.220515	93.680085	238.772836
-203.396348	93.543781	238.979430
-203.577972	93.402988	239.192829
-203.765388	93.257704	239.413032
-203.958595	93.107932	239.640040
-204.157594	92.953670	239.873852
-204.362384	92.794918	240.114470
-204.572966	92.631677	240.361892
-204.789339	92.463946	240.616118
-205.011504	92.291726	240.877149
-205.239460	92.115016	241.144985
-205.473208	91.933817	241.419625
-205.712747	91.748129	241.701071
-205.958077	91.557950	241.989320
-206.209199	91.363283	242.284375
-206.466113	91.164126	242.586234
-206.728818	90.960479	242.894898
-206.997314	90.752343	243.210366
-207.271602	90.539717	243.532639
-207.551681	90.322602	243.861717
-207.837552	90.100998	244.197599
-207.967053	90.000609	244.349756
-208.102346	89.895732	244.508717
-208.243430	89.786364	244.674483
-208.390306	89.672508	244.847054
-208.542973	89.554162	245.026429
-208.701431	89.431326	245.212609
-208.865681	89.304001	245.405594
-209.035723	89.172186	245.605383
-209.211555	89.035882	245.811977
-209.393180	88.895088	246.025375
-209.580596	88.749805	246.245578
-209.773803	88.600032	246.472586
-209.972802	88.445770	246.706399
-210.177592	88.287019	246.947016
-210.388174	88.123777	247.194438
-210.604547	87.956047	247.448664
-210.826712	87.783827	247.709696
-211.054668	87.607117	247.977531
-211.288415	87.425918	248.252172
-211.527954	87.240229	248.533617
-211.773285	87.050051	248.821867
-212.024407	86.855383	249.116921
-212.281320	86.656226	249.418780
-212.544025	86.452580	249.727444
-212.812522	86.244443	250.042912
-213.086810	86.031818	250.365185
-213.366889	85.814703	250.694263
-213.652760	85.593098	251.030145
-213.782261	85.492710	251.182302
-213.917554	85.387832	251.341263
-214.058638	85.278465	251.507029
-214.205513	85.164608	251.679600
-214.358180	85.046262	251.858975
-214.516639	84.923426	252.045155
-214.680889	84.796101	252.238140
-214.850930	84.664287	252.437929
-215.026763	84.527982	252.644523
-215.208387	84.387189	252.857922
-215.395803	84.241906	253.078125
-215.589011	84.092133	253.305133
-215.788009	83.937871	253.538945
-215.992800	83.779119	253.779563
-216.203381	83.615878	254.026984
-216.419755	83.448147	254.281211
-216.641919	83.275927	254.542242
-216.869875	83.099217	254.810078
-217.103623	82.918018	255.084718
-217.343162	82.732330	255.366163
-217.588492	82.542152	255.654413
-217.839614	82.347484	255.949468
-218.096528	82.148327	256.251327
-218.359233	81.944680	256.559990
-218.627729	81.736544	256.875459
-218.902017	81.523918	257.197732
-219.182096	81.306803	257.526809
-219.467967	81.085199	257.862692
-219.597468	80.984810	258.014848
-219.732761	80.879933	258.173810
-219.873845	80.770566	258.339576
-220.020721	80.656709	258.512146
-220.173388	80.538363	258.691522
-220.331846	80.415527	258.877702
-220.496096	80.288202	259.070686
-220.666138	80.156387	259.270476
-220.841971	80.020083	259.477070
-221.023595	79.879289	259.690468
-221.211011	79.734006	259.910671
-221.404218	79.584233	260.137679
-221.603217	79.429971	260.371492
