-31.966050	203.385774	-43.265852
-31.936450	203.269029	-43.287855
-31.912252	203.148138	-43.317180
-31.893452	203.023103	-43.353833
-31.880046	202.893927	-43.397818
-31.872029	202.760611	-43.449139
-31.869397	202.623158	-43.507800
-31.872145	202.481568	-43.573807
-31.880268	202.335845	-43.647162
-31.893763	202.185990	-43.727872
-31.912625	202.032006	-43.815940
-31.936849	201.873893	-43.911370
-31.966431	201.711655	-44.014167
-32.001367	201.545293	-44.124335
-32.041651	201.374808	-44.241879
-32.087280	201.200204	-44.366802
-32.138250	201.021482	-44.499110
-32.194556	200.838644	-44.638805
-32.256193	200.651692	-44.785894
-32.323157	200.460628	-44.940379
-32.395445	200.265455	-45.102264
-32.473051	200.066173	-45.271555
-32.555972	199.862785	-45.448255
-32.644204	199.655293	-45.632368
-32.737741	199.443699	-45.823899
-32.836581	199.228005	-46.022851
-32.940718	199.008214	-46.229229
-33.050150	198.784326	-46.443036
-33.164871	198.556344	-46.664277
-33.284879	198.324270	-46.892955
-33.410168	198.088107	-47.129074
-33.540735	197.847855	-47.372639
-33.676576	197.603517	-47.623653
-33.817688	197.355096	-47.882119
-33.964066	197.102593	-48.148043
-34.115706	196.846010	-48.421427
-34.272606	196.585349	-48.702275
-34.434761	196.320612	-48.990591
-34.602168	196.051802	-49.286379
-34.774822	195.778920	-49.589642
-34.952722	195.501968	-49.900383
-35.135862	195.220948	-50.218607
-35.324240	194.935864	-50.544317
-35.517852	194.646715	-50.877517
-35.716695	194.353506	-51.218209
-35.807731	194.220894	-51.373536
-35.903993	194.084223	-51.536361
-36.005479	193.943495	-51.706686
-36.112189	193.798711	-51.884511
-36.224120	193.649871	-52.069839
-36.341272	193.496976	-52.262670
-36.463643	193.340027	-52.463007
-36.591231	193.179026	-52.670850
-36.724035	193.013973	-52.886202
-36.862054	192.844868	-53.109064
-37.005286	192.671714	-53.339437
-37.153731	192.494510	-53.577322
-37.307386	192.313258	-53.822721
-37.466250	192.127959	-54.075636
-37.630323	191.938614	-54.336068
-37.799602	191.745223	-54.604018
-37.974087	191.547788	-54.879487
-38.153776	191.346309	-55.162478
-38.338668	191.140788	-55.452991
-38.528761	190.931225	-55.751028
-38.724055	190.717621	-56.056590
-38.924549	190.499978	-56.369679
-39.130240	190.278296	-56.690295
-39.341129	190.052576	-57.018440
-39.557213	189.822819	-57.354116
-39.778492	189.589026	-57.697324
-40.004965	189.351198	-58.048064
-40.236630	189.109337	-58.406339
-40.342474	188.999453	-58.569810
-40.453509	188.885537	-58.740816
-40.569735	188.767589	-58.919360
-40.691150	188.645609	-59.105440
-40.817755	188.519598	-59.299058
-40.949549	188.389556	-59.500215
-41.086531	188.255483	-59.708911
-41.228702	188.117380	-59.925146
-41.376060	187.975248	-60.148921
-41.528605	187.829087	-60.380237
-41.686336	187.678897	-60.619093
-41.849254	187.524678	-60.865492
-42.017358	187.366432	-61.119432
-42.190647	187.204159	-61.380916
-42.369120	187.037858	-61.649942
-42.552779	186.867531	-61.926512
-42.741621	186.693178	-62.210627
-42.935647	186.514799	-62.502286
-43.134856	186.332395	-62.801491
-43.339248	186.145967	-63.108242
-43.548823	185.955514	-63.422538
-43.763579	185.761037	-63.744382
-43.983517	185.562536	-64.073773
-44.208637	185.360013	-64.410712
-44.438937	185.153467	-64.755199
-44.674417	184.942899	-65.107236
-44.915078	184.728309	-65.466821
-45.160919	184.509698	-65.833957
-45.272518	184.410720	-66.000536
-45.389297	184.307720	-66.174666
-45.511255	184.200701	-66.356347
-45.638392	184.089661	-66.545579
-45.770708	183.974601	-66.742362
-45.908202	183.855522	-66.946696
-46.050875	183.732423	-67.158582
-46.198726	183.605305	-67.378020
-46.351755	183.474167	-67.605010
-46.509962	183.339011	-67.839552
-46.673347	183.199835	-68.081647
-46.841910	183.056642	-68.331294
-47.015650	182.909430	-68.588494
-47.194568	182.758199	-68.853247
-47.378663	182.602951	-69.125553
-47.567935	182.443685	-69.405413
-47.762384	182.280402	-69.692827
-47.962010	182.113101	-69.987794
-48.166813	181.941783	-70.290315
-48.376792	181.766448	-70.600391
-48.591948	181.587097	-70.918021
-48.812281	181.403729	-71.243206
-49.037789	181.216344	-71.575946
-49.268474	181.024944	-71.916241
-49.504334	180.829528	-72.264091
-49.745370	180.630096	-72.619496
-49.991583	180.426648	-72.982458
-50.242970	180.219185	-73.352975
-50.356917	180.125262	-73.520887
-50.476039	180.027324	-73.696356
-50.600337	179.925371	-73.879381
-50.729809	179.819404	-74.069962
-50.864458	179.709421	-74.268099
-51.004281	179.595424	-74.473793
-51.149279	179.477413	-74.687044
-51.299453	179.355387	-74.907851
-51.454802	179.229347	-75.136215
-51.615326	179.099293	-75.372135
-51.781025	178.965224	-75.615613
-51.951898	178.827142	-75.866647
-52.127947	178.685045	-76.125238
-52.309170	178.538935	-76.391387
-52.495569	178.388811	-76.665093
-52.687142	178.234673	-76.946356
-52.883890	178.076522	-77.235176
-53.085812	177.914357	-77.531554
-53.292909	177.748179	-77.835489
-53.505181	177.577988	-78.146982
-53.722627	177.403783	-78.466033
-53.945248	177.225565	-78.792641
-54.173043	177.043335	-79.126808
-54.406013	176.857091	-79.468532
-54.644157	176.666835	-79.817814
-54.887475	176.472566	-80.174654
-55.135967	176.274284	-80.539052
-55.389634	176.071990	-80.911009
-55.504569	175.980383	-81.079527
-55.624677	175.884764	-81.255603
-55.749960	175.785132	-81.439237
-55.880417	175.681487	-81.630430
-56.016048	175.573831	-81.829181
-56.156853	175.462162	-82.035491
-56.302833	175.346482	-82.249359
-56.453986	175.226789	-82.470786
-56.610314	175.103084	-82.699771
-56.771816	174.975367	-82.936315
-56.938491	174.843638	-83.180418
-57.110341	174.707897	-83.432079
-57.287365	174.568145	-83.691299
-57.469563	174.424380	-83.958078
-57.656935	174.276604	-84.232415
-57.849480	174.124816	-84.514312
-58.047200	173.969016	-84.803767
-58.250094	173.809204	-85.100781
-58.458162	173.645381	-85.405354
-58.671403	173.477546	-85.717486
-58.889819	173.305700	-86.037177
-59.113408	173.129842	-86.364426
-59.342172	172.949973	-86.699235
-59.576109	172.766093	-87.041603
-59.815220	172.578201	-87.391530
-60.059505	172.386297	-87.749017
-60.308964	172.190383	-88.114062
-60.563597	171.990457	-88.486667
-60.678955	171.899906	-88.655465
-60.799487	171.805344	-88.831823
-60.925193	171.706770	-89.015740
-61.056072	171.604186	-89.207217
-61.192126	171.497590	-89.406253
-61.333353	171.386983	-89.612848
-61.479754	171.272365	-89.827002
-61.631329	171.153737	-90.048716
-61.788077	171.031097	-90.277989
-61.949999	170.904446	-90.514821
-62.117096	170.773784	-90.759213
-62.289365	170.639111	-91.011164
-62.466809	170.500428	-91.270675
-62.649426	170.357733	-91.537745
-62.837218	170.211027	-91.812374
-63.030182	170.060311	-92.094563
-63.228321	169.905584	-92.384311
-63.431633	169.746846	-92.681619
-63.640120	169.584097	-92.986486
-63.853779	169.417337	-93.298913
-64.072613	169.246567	-93.618899
-64.296620	169.071785	-93.946445
-64.525801	168.892993	-94.281550
-64.760156	168.710191	-94.624215
-64.999685	168.523377	-94.974440
-65.244387	168.332553	-95.332224
-65.494263	168.137719	-95.697567
-65.749312	167.938873	-96.070471
-65.864854	167.848803	-96.239401
-65.985570	167.754722	-96.415890
-66.111460	167.656631	-96.599939
-66.242523	167.554528	-96.791548
-66.378760	167.448416	-96.990717
-66.520171	167.338292	-97.197445
-66.666755	167.224159	-97.411733
-66.818513	167.106014	-97.633580
-66.975445	166.983859	-97.862987
-67.137550	166.857694	-98.099954
-67.304830	166.727518	-98.344481
-67.477282	166.593332	-98.596567
-67.654909	166.455135	-98.856213
-67.837709	166.312927	-99.123418
-68.025683	166.166710	-99.398184
-68.218830	166.016481	-99.680509
-68.417152	165.862242	-99.970393
-68.620646	165.703993	-100.267838
-68.829315	165.541734	-100.572842
-69.043157	165.375463	-100.885406
-69.262173	165.205183	-101.205529
-69.486363	165.030892	-101.533213
-69.715726	164.852591	-101.868456
-69.950263	164.670279	-102.211259
-70.189974	164.483957	-102.561621
-70.434858	164.293625	-102.919544
-70.684916	164.099282	-103.285026
-70.940147	163.900929	-103.658068
-71.055770	163.811077	-103.827059
-71.176567	163.717215	-104.003610
-71.302537	163.619343	-104.187721
-71.433680	163.517460	-104.379392
-71.569998	163.411568	-104.578622
-71.711489	163.301664	-104.785413
-71.858154	163.187751	-104.999763
-72.009992	163.069827	-105.221673
-72.167004	162.947893	-105.451142
-72.329190	162.821948	-105.688172
-72.496550	162.691994	-105.932761
-72.669083	162.558029	-106.184910
-72.846789	162.420053	-106.444619
-73.029670	162.278068	-106.711888
-73.217724	162.132072	-106.986717
-73.410952	161.982066	-107.269105
-73.609353	161.828050	-107.559053
-73.812928	161.670023	-107.856561
-74.021677	161.507986	-108.161629
-74.235599	161.341939	-108.474257
-74.454695	161.171881	-108.794445
-74.678965	160.997814	-109.122192
-74.908408	160.819736	-109.457499
-75.143025	160.637648	-109.800366
-75.382816	160.451549	-110.150793
-75.627780	160.261441	-110.508780
-75.877918	160.067322	-110.874327
-76.133230	159.869193	-111.247433
-76.248888	159.779441	-111.416453
-76.369720	159.685679	-111.593033
-76.495726	159.587906	-111.777173
-76.626905	159.486124	-111.968872
-76.763258	159.380331	-112.168132
-76.904785	159.270528	-112.374951
-77.051485	159.156715	-112.589330
-77.203359	159.038891	-112.811269
-77.360406	158.917058	-113.040768
-77.522628	158.791214	-113.277827
-77.690022	158.661360	-113.522445
-77.862591	158.527496	-113.774624
-78.040333	158.389621	-114.034362
-78.223249	158.247737	-114.301660
-78.411338	158.101842	-114.576518
-78.604602	157.951937	-114.858936
-78.803038	157.798022	-115.148914
-79.006649	157.640096	-115.446452
-79.215433	157.478161	-115.751549
-79.429391	157.312215	-116.064207
-79.648522	157.142259	-116.384424
-79.872827	156.968293	-116.712201
-80.102306	156.790317	-117.047538
-80.336959	156.608331	-117.390435
-80.576785	156.422334	-117.740892
-80.821785	156.232328	-118.098909
-81.071958	156.038311	-118.464485
-81.327305	155.840284	-118.837622
-81.442979	155.750577	-119.006655
-81.563827	155.656861	-119.183248
-81.689848	155.559134	-119.367401
-81.821043	155.457397	-119.559114
-81.957412	155.351649	-119.758387
-82.098954	155.241892	-119.965220
-82.245670	155.128124	-120.179612
-82.397559	155.010347	-120.401565
-82.554623	154.888559	-120.631077
-82.716860	154.762761	-120.868150
-82.884270	154.632953	-121.112782
-83.056854	154.499134	-121.364974
-83.234612	154.361306	-121.624726
-83.417544	154.219467	-121.892038
-83.605649	154.073619	-122.166909
-83.798928	153.923760	-122.449341
-83.997380	153.769891	-122.739333
-84.201007	153.612012	-123.036884
-84.409807	153.450122	-123.341995
-84.623780	153.284223	-123.654667
-84.842927	153.114313	-123.974898
-85.067248	152.940394	-124.302689
-85.296743	152.762464	-124.638040
-85.531411	152.580524	-124.980951
-85.771253	152.394574	-125.331421
-86.016268	152.204614	-125.689452
-86.266457	152.010643	-126.055043
-86.521820	151.812663	-126.428193
-86.637501	151.722977	-126.597232
-86.758356	151.629281	-126.773832
-86.884384	151.531575	-126.957991
-87.015586	151.429858	-127.149710
-87.151961	151.324132	-127.348989
-87.293511	151.214395	-127.555828
-87.440234	151.100648	-127.770227
-87.592130	150.982892	-127.992186
-87.749200	150.861125	-128.221705
-87.911444	150.735347	-128.458783
-88.078862	150.605560	-128.703422
-88.251453	150.471763	-128.955620
-88.429218	150.333955	-129.215378
-88.612157	150.192138	-129.482697
-88.800269	150.046310	-129.757575
-88.993555	149.896472	-130.040013
-89.192014	149.742624	-130.330011
-89.395647	149.584766	-130.627568
-89.604454	149.422898	-130.932686
-89.818435	149.257020	-131.245364
-90.037589	149.087131	-131.565601
-90.261917	148.913233	-131.893399
-90.491418	148.735324	-132.228756
-90.726093	148.553405	-132.571673
-90.965942	148.367476	-132.922151
-91.210965	148.177537	-133.280188
-91.461161	147.983588	-133.645785
-91.716531	147.785629	-134.018942
-91.832215	147.695952	-134.187984
-91.953072	147.602266	-134.364586
-92.079104	147.504569	-134.548748
-92.210309	147.402862	-134.740470
-92.346688	147.297145	-134.939752
-92.488240	147.187418	-135.146594
-92.634966	147.073680	-135.360996
-92.786866	146.955933	-135.582958
-92.943939	146.834176	-135.812479
-93.106186	146.708408	-136.049561
-93.273607	146.578630	-136.294202
-93.446201	146.444843	-136.546403
-93.623969	146.307045	-136.806165
-93.806911	146.165237	-137.073486
-93.995026	146.019418	-137.348367
-94.188315	145.869590	-137.630808
-94.386778	145.715752	-137.920809
-94.590414	145.557903	-138.218369
-94.799224	145.396045	-138.523490
-95.013208	145.230176	-138.836171
-95.232365	145.060297	-139.156411
-95.456696	144.886408	-139.484212
-95.686201	144.708509	-139.819572
-95.920879	144.526600	-140.162492
-96.160731	144.340681	-140.512972
-96.405756	144.150751	-140.871012
-96.655956	143.956812	-141.236612
-96.911329	143.758862	-141.609772
-97.027014	143.669190	-141.778816
-97.147873	143.575508	-141.955420
-97.273906	143.477815	-142.139583
-97.405112	143.376113	-142.331306
-97.541493	143.270400	-142.530590
-97.683046	143.160677	-142.737433
-97.829774	143.046944	-142.951836
-97.981675	142.929201	-143.173799
-98.138750	142.807448	-143.403322
-98.300998	142.681685	-143.640405
-98.468420	142.551911	-143.885048
-98.641016	142.418128	-144.137250
-98.818785	142.280334	-144.397013
-99.001728	142.138531	-144.664335
-99.189845	141.992717	-144.939218
-99.383135	141.842893	-145.221660
-99.581600	141.689059	-145.511662
-99.785237	141.531215	-145.809225
-99.994049	141.369361	-146.114347
-100.208034	141.203496	-146.427029
-100.427192	141.033622	-146.747270
-100.651525	140.859738	-147.075072
-100.881031	140.681843	-147.410434
-101.115710	140.499938	-147.753356
-101.355564	140.314023	-148.103837
-101.600591	140.124098	-148.461879
-101.850791	139.930163	-148.827480
-102.106166	139.732218	-149.200641
-102.221852	139.642548	-149.369685
-102.342712	139.548867	-149.546290
-102.468745	139.451177	-149.730454
-102.599952	139.349476	-149.922178
-102.736333	139.243766	-150.121462
-102.877887	139.134045	-150.328305
-103.024615	139.020314	-150.542709
-103.176517	138.902573	-150.764673
-103.333592	138.780822	-150.994196
-103.495841	138.655060	-151.231280
-103.663264	138.525289	-151.475923
-103.835861	138.391507	-151.728127
-104.013631	138.253716	-151.987890
-104.196574	138.111914	-152.255213
-104.384692	137.966102	-152.530096
-104.577983	137.816281	-152.812539
-104.776447	137.662449	-153.102542
-104.980086	137.504606	-153.400105
-105.188898	137.342754	-153.705227
-105.402883	137.176892	-154.017910
-105.622043	137.007019	-154.338152
-105.846376	136.833137	-154.665955
-106.075882	136.655244	-155.001317
-106.310563	136.473342	-155.344239
-106.550417	136.287429	-155.694722
-106.795444	136.097506	-156.052764
-107.045646	135.903573	-156.418366
-107.301020	135.705630	-156.791528
-107.416707	135.615960	-156.960572
-107.537567	135.522281	-157.137177
-107.663601	135.424591	-157.321341
-107.794808	135.322891	-157.513065
-107.931189	135.217182	-157.712349
-108.072744	135.107462	-157.919194
-108.219472	134.993732	-158.133598
-108.371374	134.875991	-158.355562
-108.528450	134.754241	-158.585085
-108.690699	134.628481	-158.822169
-108.858122	134.498710	-159.066813
-109.030719	134.364930	-159.319016
-109.208489	134.227139	-159.578780
-109.391433	134.085338	-159.846103
-109.579551	133.939528	-160.120987
-109.772842	133.789707	-160.403430
-109.971307	133.635875	-160.693433
-110.174945	133.478034	-160.990996
-110.383758	133.316183	-161.296119
-110.597744	133.150322	-161.608802
-110.816903	132.980450	-161.929045
-111.041237	132.806568	-162.256848
-111.270743	132.628677	-162.592210
-111.505424	132.446775	-162.935133
-111.745278	132.260863	-163.285615
-111.990306	132.070941	-163.643658
-112.240508	131.877009	-164.009260
-112.495883	131.679067	-164.382422
-112.611570	131.589398	-164.551467
-112.732430	131.495719	-164.728071
-112.858464	131.398029	-164.912236
-112.989671	131.296330	-165.103960
-113.126052	131.190621	-165.303245
-113.267607	131.080901	-165.510089
-113.414335	130.967171	-165.724493
-113.566238	130.849432	-165.946457
-113.723313	130.727682	-166.175981
-113.885563	130.601922	-166.413065
-114.052986	130.472152	-166.657709
-114.225583	130.338372	-166.909913
-114.403353	130.200582	-167.169676
-114.586297	130.058781	-167.437000
-114.774415	129.912971	-167.711883
-114.967706	129.763150	-167.994327
-115.166172	129.609320	-168.284330
-115.369810	129.451479	-168.581893
-115.578623	129.289628	-168.887016
-115.792609	129.123767	-169.199699
-116.011769	128.953896	-169.519942
-116.236102	128.780015	-169.847745
-116.465609	128.602123	-170.183108
-116.700290	128.420222	-170.526031
-116.940144	128.234310	-170.876513
-117.185172	128.044389	-171.234556
-117.435374	127.850457	-171.600158
-117.690749	127.652515	-171.973320
-117.806436	127.562847	-172.142365
-117.927296	127.469168	-172.318970
-118.053330	127.371479	-172.503134
-118.184537	127.269779	-172.694859
-118.320919	127.164070	-172.894143
-118.462473	127.054351	-173.100988
-118.609202	126.940621	-173.315392
-118.761104	126.822882	-173.537356
-118.918180	126.701132	-173.766880
-119.080430	126.575373	-174.003964
-119.247853	126.445603	-174.248608
-119.420450	126.311823	-174.500812
-119.598220	126.174033	-174.760575
-119.781164	126.032233	-175.027899
-119.969282	125.886422	-175.302783
-120.162574	125.736602	-175.585226
-120.361039	125.582771	-175.875229
-120.564678	125.424931	-176.172793
-120.773490	125.263080	-176.477916
-120.987476	125.097219	-176.790599
-121.206636	124.927349	-177.110842
-121.430969	124.753468	-177.438645
-121.660476	124.575576	-177.774008
-121.895157	124.393675	-178.116930
-122.135012	124.207764	-178.467413
-122.380040	124.017843	-178.825456
-122.630242	123.823911	-179.191058
-122.885617	123.625969	-179.564221
-123.001304	123.536301	-179.733265
-123.122164	123.442622	-179.909870
-123.248198	123.344933	-180.094035
-123.379405	123.243234	-180.285759
-123.515787	123.137525	-180.485044
-123.657341	123.027806	-180.691888
-123.804070	122.914076	-180.906292
-123.955972	122.796337	-181.128256
-124.113048	122.674587	-181.357780
-124.275298	122.548827	-181.594864
-124.442721	122.419058	-181.839508
-124.615318	122.285278	-182.091712
-124.793088	122.147488	-182.351476
-124.976032	122.005688	-182.618799
-125.164150	121.859878	-182.893683
-125.357442	121.710057	-183.176126
-125.555907	121.556227	-183.466130
-125.759546	121.398386	-183.763693
-125.968358	121.236536	-184.068816
-126.182344	121.070675	-184.381499
-126.401504	120.900804	-184.701743
-126.625838	120.726924	-185.029545
-126.855345	120.549032	-185.364908
-127.090026	120.367131	-185.707831
-127.329880	120.181220	-186.058314
-127.574908	119.991299	-186.416356
-127.825110	119.797367	-186.781959
-128.080485	119.599426	-187.155121
-128.196172	119.509757	-187.324166
-128.317032	119.416078	-187.500771
-128.443066	119.318390	-187.684935
-128.574274	119.216691	-187.876660
-128.710655	119.110981	-188.075944
-128.852210	119.001262	-188.282789
-128.998939	118.887533	-188.497193
-129.150841	118.769794	-188.719157
-129.307917	118.648044	-188.948681
-129.470166	118.522284	-189.185765
-129.637589	118.392515	-189.430409
-129.810186	118.258735	-189.682613
-129.987957	118.120945	-189.942377
-130.170901	117.979145	-190.209700
-130.359019	117.833335	-190.484584
-130.552310	117.683515	-190.767028
-130.750776	117.529684	-191.057031
-130.954414	117.371844	-191.354594
-131.163227	117.209993	-191.659717
-131.377213	117.044133	-191.972401
-131.596373	116.874262	-192.292644
-131.820706	116.700381	-192.620447
-132.050214	116.522490	-192.955810
-132.284894	116.340589	-193.298732
-132.524749	116.154678	-193.649215
-132.769777	115.964756	-194.007258
-133.019979	115.770825	-194.372860
-133.275354	115.572884	-194.746023
-133.391041	115.483215	-194.915067
-133.511901	115.389536	-195.091672
-133.637935	115.291847	-195.275837
-133.769143	115.190148	-195.467561
-133.905524	115.084439	-195.666846
-134.047079	114.974720	-195.873690
-134.193807	114.860991	-196.088094
-134.345710	114.743251	-196.310059
-134.502786	114.621502	-196.539583
-134.665035	114.495742	-196.776667
-134.832458	114.365973	-197.021311
-135.005055	114.232193	-197.273514
-135.182826	114.094403	-197.533278
-135.365770	113.952603	-197.800602
-135.553888	113.806793	-198.075485
-135.747179	113.656972	-198.357929
-135.945644	113.503142	-198.647932
-136.149283	113.345302	-198.945496
-136.358096	113.183451	-199.250619
-136.572082	113.017591	-199.563302
-136.791242	112.847720	-199.883545
-137.015575	112.673839	-200.211348
-137.245083	112.495948	-200.546711
-137.479763	112.314047	-200.889634
-137.719618	112.128136	-201.240116
-137.964646	111.938214	-201.598159
-138.214848	111.744283	-201.963762
-138.470223	111.546342	-202.336924
-138.585910	111.456673	-202.505969
-138.706770	111.362994	-202.682574
-138.832804	111.265305	-202.866738
-138.964012	111.163606	-203.058463
-139.100393	111.057897	-203.257747
-139.241948	110.948178	-203.464591
-139.388676	110.834449	-203.678996
-139.540579	110.716710	-203.900960
-139.697654	110.594960	-204.130484
-139.859904	110.469200	-204.367568
-140.027327	110.339431	-204.612212
-140.199924	110.205651	-204.864416
-140.377695	110.067861	-205.124180
-140.560639	109.926061	-205.391503
-140.748757	109.780251	-205.666387
-140.942048	109.630431	-205.948830
-141.140513	109.476600	-206.238834
-141.344152	109.318760	-206.536397
-141.552965	109.156909	-206.841520
-141.766951	108.991049	-207.154203
-141.986111	108.821178	-207.474446
-142.210444	108.647297	-207.802249
-142.439952	108.469406	-208.137612
-142.674632	108.287505	-208.480535
-142.914487	108.101594	-208.831018
-143.159515	107.911673	-209.189060
-143.409717	107.717742	-209.554663
-143.665092	107.519800	-209.927825
-143.780779	107.430131	-210.096870
-143.901639	107.336453	-210.273475
-144.027673	107.238764	-210.457640
-144.158881	107.137065	-210.649364
-144.295262	107.031356	-210.848649
-144.436817	106.921637	-211.055493
-144.583545	106.807907	-211.269897
-144.735448	106.690168	-211.491861
-144.892524	106.568418	-211.721386
-145.054773	106.442659	-211.958470
-145.222196	106.312889	-212.203113
-145.394793	106.179109	-212.455317
-145.572564	106.041319	-212.715081
-145.755508	105.899519	-212.982405
-145.943626	105.753709	-213.257288
-146.136917	105.603889	-213.539732
-146.335383	105.450059	-213.829735
-146.539021	105.292218	-214.127299
-146.747834	105.130368	-214.432422
-146.961820	104.964507	-214.745105
-147.180980	104.794637	-215.065348
-147.405313	104.620756	-215.393151
-147.634821	104.442865	-215.728514
-147.869501	104.260964	-216.071437
-148.109356	104.075053	-216.421919
-148.354384	103.885131	-216.779962
-148.604586	103.691200	-217.145565
-148.859961	103.493259	-217.518727
-148.975648	103.403590	-217.687772
-149.096508	103.309911	-217.864377
-149.222542	103.212222	-218.048541
-149.353750	103.110523	-218.240266
-149.490131	103.004814	-218.439550
-149.631686	102.895095	-218.646394
-149.778414	102.781366	-218.860799
-149.930317	102.663626	-219.082763
-150.087393	102.541877	-219.312287
-150.249642	102.416117	-219.549371
-150.417065	102.286348	-219.794015
-150.589662	102.152568	-220.046219
-150.767433	102.014778	-220.305983
-150.950377	101.872978	-220.573306
-151.138495	101.727168	-220.848190
-151.331786	101.577348	-221.130633
-151.530252	101.423517	-221.420637
-151.733890	101.265677	-221.718200
-151.942703	101.103826	-222.023323
-152.156689	100.937966	-222.336006
-152.375849	100.768095	-222.656250
-152.600183	100.594214	-222.984052
-152.829690	100.416323	-223.319415
-153.064371	100.234422	-223.662338
-153.304225	100.048511	-224.012821
-153.549253	99.858590	-224.370864
-153.799455	99.664659	-224.736466
-154.054830	99.466717	-225.109629
-154.170517	99.377048	-225.278673
-154.291377	99.283370	-225.455278
-154.417411	99.185681	-225.639443
-154.548619	99.083982	-225.831167
-154.685000	98.978273	-226.030452
-154.826555	98.868554	-226.237296
-154.973284	98.754824	-226.451700
-155.125186	98.637085	-226.673664
-155.282262	98.515335	-226.903189
-155.444511	98.389576	-227.140273
-155.611934	98.259806	-227.384917
-155.784531	98.126026	-227.637120
-155.962302	97.988237	-227.896884
-156.145246	97.846437	-228.164208
-156.333364	97.700626	-228.439091
-156.526655	97.550806	-228.721535
-156.725121	97.396976	-229.011538
-156.928760	97.239135	-229.309102
-157.137572	97.077285	-229.614225
-157.351558	96.911424	-229.926908
-157.570718	96.741554	-230.247151
-157.795052	96.567673	-230.574954
-158.024559	96.389782	-230.910317
-158.259240	96.207881	-231.253240
-158.499094	96.021970	-231.603722
-158.744122	95.832048	-231.961765
-158.994324	95.638117	-232.327368
-159.249700	95.440176	-232.700530
-159.365386	95.350507	-232.869575
-159.486246	95.256828	-233.046180
-159.612280	95.159139	-233.230344
-159.743488	95.057440	-233.422069
-159.879869	94.951731	-233.621353
-160.021424	94.842012	-233.828198
-160.168153	94.728283	-234.042602
-160.320055	94.610544	-234.264566
-160.477131	94.488794	-234.494090
-160.639380	94.363034	-234.731174
-160.806804	94.233265	-234.975818
-160.979400	94.099485	-235.228022
-161.157171	93.961695	-235.487786
-161.340115	93.819895	-235.755109
-161.528233	93.674085	-236.029993
-161.721525	93.524265	-236.312436
-161.919990	93.370434	-236.602440
-162.123629	93.212594	-236.900003
-162.332441	93.050744	-237.205126
-162.546427	92.884883	-237.517810
-162.765587	92.715012	-237.838053
-162.989921	92.541131	-238.165856
-163.219428	92.363240	-238.501218
-163.454109	92.181339	-238.844141
-163.693963	91.995428	-239.194624
-163.938991	91.805507	-239.552667
-164.189193	91.611576	-239.918269
-164.444569	91.413634	-240.291432
-164.560255	91.323966	-240.460476
-164.681115	91.230287	-240.637081
-164.807149	91.132598	-240.821246
-164.938357	91.030899	-241.012970
-165.074738	90.925190	-241.212255
-165.216293	90.815471	-241.419099
-165.363022	90.701741	-241.633503
-165.514924	90.584002	-241.855468
-165.672000	90.462253	-242.084992
-165.834249	90.336493	-242.322076
-166.001673	90.206723	-242.566720
-166.174270	90.072944	-242.818923
-166.352040	89.935154	-243.078687
-166.534984	89.793354	-243.346011
-166.723102	89.647544	-243.620894
-166.916394	89.497723	-243.903338
-167.114859	89.343893	-244.193341
-167.318498	89.186053	-244.490905
-167.527310	89.024202	-244.796028
-167.741296	88.858342	-245.108711
-167.960456	88.688471	-245.428954
-168.184790	88.514590	-245.756757
-168.414297	88.336699	-246.092120
-168.648978	88.154798	-246.435043
-168.888832	87.968887	-246.785526
-169.133860	87.778966	-247.143568
-169.384062	87.585034	-247.509171
-169.639438	87.387093	-247.882333
-169.755124	87.297424	-248.051378
-169.875985	87.203745	-248.227983
-170.002018	87.106057	-248.412147
-170.133226	87.004358	-248.603872
-170.269607	86.898649	-248.803156
-170.411162	86.788929	-249.010001
-170.557891	86.675200	-249.224405
-170.709793	86.557461	-249.446369
-170.866869	86.435711	-249.675893
-171.029118	86.309952	-249.912977
-171.196542	86.180182	-250.157621
-171.369139	86.046402	-250.409825
-171.546909	85.908612	-250.669589
-171.729853	85.766812	-250.936912
-171.917971	85.621002	-251.211796
-172.111263	85.471182	-251.494240
-172.309728	85.317352	-251.784243
-172.513367	85.159511	-252.081806
-172.722179	84.997661	-252.386929
-172.936166	84.831800	-252.699613
-173.155325	84.661929	-253.019856
-173.379659	84.488049	-253.347659
-173.609166	84.310158	-253.683022
-173.843847	84.128257	-254.025944
-174.083701	83.942345	-254.376427
-174.328729	83.752424	-254.734470
-174.578931	83.558493	-255.100072
-174.834307	83.360551	-255.473235
-174.949993	83.270883	-255.642280
-175.070854	83.177204	-255.818884
-175.196888	83.079515	-256.003049
-175.328095	82.977816	-256.194773
-175.464476	82.872107	-256.394058
-175.606031	82.762388	-256.600902
-175.752760	82.648659	-256.815306
-175.904662	82.530919	-257.037271
-176.061738	82.409170	-257.266795
-176.223988	82.283410	-257.503879
-176.391411	82.153641	-257.748523
-176.564008	82.019861	-258.000727
-176.741778	81.882071	-258.260490
-176.924722	81.740271	-258.527814
-177.112840	81.594461	-258.802698
-177.306132	81.444641	-259.085141
-177.504597	81.290810	-259.375144
-177.708236	81.132970	-259.672708
-177.917048	80.971119	-259.977831
-178.131035	80.805259	-260.290514
-178.350194	80.635388	-260.610757
-178.574528	80.461507	-260.938560
-178.804035	80.283616	-261.273923
-179.038716	80.101715	-261.616846
-179.278570	79.915804	-261.967329
-179.523599	79.725883	-262.325371
-179.773800	79.531951	-262.690974
-180.029176	79.334010	-263.064136
-180.144862	79.244341	-263.233181
-180.265723	79.150663	-263.409786
-180.391757	79.052974	-263.593950
-180.522964	78.951275	-263.785675
-180.659345	78.845566	-263.984959
-180.800900	78.735847	-264.191804
-180.947629	78.622117	-264.406208
-181.099531	78.504378	-264.628172
-181.256607	78.382628	-264.857696
-181.418857	78.256869	-265.094780
-181.586280	78.127099	-265.339424
-181.758877	77.993319	-265.591628
-181.936647	77.855529	-265.851392
-182.119592	77.713729	-266.118716
-182.307709	77.567919	-266.393599
-182.501001	77.418099	-266.676043
-182.699466	77.264269	-266.966046
-182.903105	77.106428	-267.263609
-183.111918	76.944578	-267.568733
-183.325904	76.778717	-267.881416
-183.545064	76.608847	-268.201659
-183.769397	76.434966	-268.529462
-183.998904	76.257075	-268.864825
-184.233585	76.075174	-269.207747
-184.473440	75.889263	-269.558230
-184.718468	75.699341	-269.916273
-184.968669	75.505410	-270.281875
-185.224045	75.307469	-270.655038
-185.339732	75.217800	-270.824083
-185.460592	75.124121	-271.000687
-185.586626	75.026432	-271.184852
-185.717833	74.924733	-271.376576
-185.854215	74.819024	-271.575861
-185.995769	74.709305	-271.782705
-186.142498	74.595576	-271.997110
-186.294400	74.477836	-272.219074
-186.451476	74.356087	-272.448598
-186.613726	74.230327	-272.685682
-186.781149	74.100558	-272.930326
-186.953746	73.966778	-273.182530
-187.131516	73.828988	-273.442293
-187.314461	73.687188	-273.709617
-187.502578	73.541378	-273.984501
-187.695870	73.391558	-274.266944
-187.894335	73.237727	-274.556948
-188.097974	73.079887	-274.854511
-188.306787	72.918036	-275.159634
-188.520773	72.752176	-275.472317
-188.739933	72.582305	-275.792560
-188.964266	72.408424	-276.120363
-189.193773	72.230533	-276.455726
-189.428454	72.048632	-276.798649
-189.668309	71.862721	-277.149132
-189.913337	71.672800	-277.507174
-190.163539	71.478869	-277.872777
-190.418914	71.280927	-278.245939
-190.534601	71.191258	-278.414984
-190.655461	71.097580	-278.591589
-190.781495	70.999891	-278.775753
-190.912702	70.898192	-278.967478
-191.049084	70.792483	-279.166762
-191.190639	70.682764	-279.373607
-191.337367	70.569034	-279.588011
-191.489269	70.451295	-279.809975
-191.646345	70.329546	-280.039499
-191.808595	70.203786	-280.276583
-191.976018	70.074016	-280.521227
-192.148615	69.940236	-280.773431
-192.326386	69.802447	-281.033195
-192.509330	69.660647	-281.300519
-192.697448	69.514836	-281.575402
