37.356455	204.451840	20.185214
37.327174	204.389062	20.231073
37.305919	204.322205	20.281282
37.292687	204.251271	20.335853
37.287471	204.176260	20.394795
37.290268	204.097174	20.458120
37.301070	204.014014	20.525837
37.319875	203.926780	20.597957
37.346675	203.835474	20.674490
37.381467	203.740097	20.755447
37.424244	203.640650	20.840838
37.475002	203.537133	20.930673
37.533736	203.429549	21.024963
37.600440	203.317898	21.123717
37.675109	203.202182	21.226947
37.757738	203.082400	21.334661
37.848323	202.958555	21.446870
37.946857	202.830647	21.563584
38.053336	202.698678	21.684813
38.167755	202.562648	21.810566
38.290109	202.422559	21.940854
38.420393	202.278412	22.075685
38.558602	202.130208	22.215070
38.704730	201.977947	22.359018
38.858774	201.821631	22.507539
39.020729	201.661262	22.660641
39.190588	201.496839	22.818334
39.368349	201.328365	22.980628
39.554005	201.155840	23.147530
39.747553	200.979265	23.319051
39.948988	200.798642	23.495199
40.158304	200.613971	23.675982
40.375498	200.425254	23.861410
40.600566	200.232492	24.051491
40.833502	200.035685	24.246233
41.074302	199.834835	24.445644
41.322962	199.629944	24.649734
41.579478	199.421011	24.858509
41.843846	199.208038	25.071979
42.116061	198.991026	25.290151
42.396118	198.769977	25.513032
42.684016	198.544891	25.740631
42.979748	198.315770	25.972954
43.283311	198.082614	26.210011
43.594702	197.845425	26.451807
43.913916	197.604204	26.698350
44.240950	197.358952	26.949647
44.575800	197.109670	27.205705
44.918462	196.856358	27.466531
45.072273	196.743420	27.583096
45.233891	196.626455	27.704438
45.403315	196.505463	27.830560
45.580543	196.380444	27.961467
45.765574	196.251400	28.097160
45.958405	196.118331	28.237642
46.159037	195.981236	28.382917
46.367467	195.840117	28.532987
46.583693	195.694975	28.687854
46.807715	195.545809	28.847523
47.039531	195.392620	29.011994
47.279139	195.235408	29.181272
47.526538	195.074175	29.355358
47.781727	194.908921	29.534256
48.044704	194.739645	29.717968
48.315468	194.566349	29.906496
48.594017	194.389033	30.099843
48.880351	194.207698	30.298013
49.174468	194.022344	30.501006
49.476367	193.832972	30.708826
49.786046	193.639581	30.921476
50.103505	193.442173	31.138957
50.428741	193.240748	31.361271
50.761754	193.035307	31.588423
51.102543	192.825850	31.820412
51.451106	192.612377	32.057243
51.807443	192.394890	32.298917
52.171551	192.173388	32.545437
52.337089	192.073003	32.657330
52.510397	191.968603	32.774071
52.691475	191.860191	32.895663
52.880323	191.747765	33.022105
53.076940	191.631326	33.153398
53.281325	191.510874	33.289544
53.493479	191.386410	33.430543
53.713400	191.257934	33.576397
53.941088	191.125445	33.727106
54.176543	190.988945	33.882671
54.419765	190.848433	34.043093
54.670752	190.703909	34.208374
54.929504	190.555375	34.378513
55.196022	190.402829	34.553512
55.470304	190.246273	34.733372
55.752350	190.085706	34.918093
56.042160	189.921129	35.107677
56.339733	189.752542	35.302124
56.645069	189.579946	35.501436
56.958168	189.403339	35.705612
57.279028	189.222724	35.914654
57.607650	189.038099	36.128563
57.944033	188.849465	36.347339
58.288177	188.656823	36.570983
58.640082	188.460172	36.799497
58.999747	188.259514	37.032880
59.367171	188.054847	37.271134
59.742355	187.846172	37.514259
59.912466	187.751695	37.624425
60.090335	187.653210	37.739462
60.275963	187.550718	37.859373
60.469350	187.444219	37.984157
60.670495	187.333713	38.113814
60.879399	187.219200	38.248345
61.096060	187.100680	38.387750
61.320480	186.978153	38.532030
61.552657	186.851620	38.681184
61.792592	186.721080	38.835214
62.040284	186.586534	38.994119
62.295734	186.447981	39.157900
62.558941	186.305423	39.326556
62.829905	186.158858	39.500089
63.108626	186.008287	39.678499
63.395104	185.853710	39.861786
63.689339	185.695128	40.049950
63.991330	185.532540	40.242991
64.301077	185.365946	40.440911
64.618581	185.195347	40.643708
64.943841	185.020743	40.851384
65.276857	184.842133	41.063939
65.617629	184.659518	41.281373
65.966157	184.472898	41.503686
66.322440	184.282274	41.730879
66.686479	184.087644	41.962951
67.058273	183.889010	42.199904
67.437823	183.686371	42.441737
67.609806	183.594611	42.551291
67.789544	183.498847	42.665725
67.977037	183.399078	42.785040
68.172285	183.295304	42.909237
68.375288	183.187527	43.038314
68.586047	183.075745	43.172273
68.804560	182.959959	43.311113
69.030827	182.840169	43.454835
69.264850	182.716375	43.603438
69.506628	182.588577	43.756923
69.756160	182.456775	43.915290
70.013446	182.320969	44.078539
70.278488	182.181159	44.246670
70.551284	182.037345	44.419683
70.831834	181.889527	44.597578
71.120139	181.737706	44.780356
71.416199	181.581881	44.968017
71.720013	181.422052	45.160560
72.031581	181.258220	45.357986
72.350903	181.090384	45.560294
72.677980	180.918545	45.767486
73.012811	180.742702	45.979561
73.355396	180.562856	46.196519
73.705735	180.379006	46.418360
74.063829	180.191154	46.645085
74.429676	179.999298	46.876693
74.803278	179.803438	47.113184
75.184633	179.603576	47.354560
75.357405	179.513056	47.463903
75.537931	179.418533	47.578131
75.726211	179.320007	47.697242
75.922244	179.217478	47.821237
76.126032	179.110945	47.950116
76.337573	179.000410	48.083880
76.556868	178.885872	48.222527
76.783918	178.767331	48.366058
77.018720	178.644787	48.514473
77.261277	178.518240	48.667773
77.511588	178.387691	48.825957
77.769652	178.253138	48.989025
78.035470	178.114583	49.156977
78.309042	177.972025	49.329814
78.590368	177.825464	49.507535
78.879447	177.674900	49.690141
79.176280	177.520334	49.877631
79.480867	177.361764	50.070005
79.793208	177.199193	50.267264
80.113302	177.032618	50.469408
80.441150	176.862041	50.676436
80.776751	176.687461	50.888349
81.120107	176.508879	51.105146
81.471215	176.326294	51.326829
81.830078	176.139707	51.553396
82.196694	175.949117	51.784848
82.571063	175.754524	52.021184
82.953187	175.555930	52.262406
83.126297	175.465974	52.371680
83.307160	175.372016	52.485840
83.495778	175.274055	52.604884
83.692148	175.172092	52.728813
83.896273	175.066127	52.857627
84.108150	174.956159	52.991326
84.327782	174.842189	53.129911
84.555167	174.724216	53.273380
84.790305	174.602241	53.421734
85.033197	174.476264	53.574974
85.283843	174.346285	53.733098
85.542242	174.212303	53.896108
85.808394	174.074318	54.064003
86.082300	173.932332	54.236782
86.363960	173.786343	54.414447
86.653373	173.636352	54.596998
86.950540	173.482358	54.784433
87.255460	173.324363	54.976754
87.568133	173.162365	55.173959
87.888560	172.996364	55.376050
88.216741	172.826362	55.583027
88.552675	172.652357	55.794888
88.896362	172.474350	56.011635
89.247803	172.292341	56.233267
89.606998	172.106330	56.459785
89.973945	171.916316	56.691187
90.348647	171.722301	56.927475
90.731102	171.524283	57.168649
90.904358	171.434584	57.277902
91.085369	171.340883	57.392040
91.274132	171.243179	57.511063
91.470649	171.141474	57.634972
91.674920	171.035766	57.763767
91.886944	170.926056	57.897446
92.106721	170.812345	58.036011
92.334252	170.694631	58.179462
92.569536	170.572914	58.327798
92.812574	170.447196	58.481019
93.063365	170.317476	58.639126
93.321910	170.183753	58.802118
93.588208	170.046029	58.969996
93.862260	169.904302	59.142759
94.144064	169.758574	59.320407
94.433623	169.608843	59.502941
94.730935	169.455110	59.690361
95.036000	169.297375	59.882666
95.348818	169.135638	60.079856
95.669391	168.969899	60.281932
95.997716	168.800158	60.488893
96.333795	168.626415	60.700740
96.677627	168.448670	60.917473
97.029213	168.266923	61.139091
97.388552	168.081174	61.365594
97.755645	167.891422	61.596983
98.130491	167.697669	61.833257
98.513090	167.499914	62.074417
98.686411	167.410331	62.183664
98.867486	167.316747	62.297796
99.056313	167.219161	62.416814
99.252894	167.117572	62.540718
99.457229	167.011982	62.669507
99.669317	166.902389	62.803181
99.889158	166.788795	62.941741
100.116753	166.671199	63.085187
100.352101	166.549600	63.233518
100.595203	166.424000	63.386735
100.846058	166.294397	63.544837
101.104666	166.160793	63.707825
101.371028	166.023187	63.875698
101.645143	165.881578	64.048457
101.927012	165.735968	64.226102
102.216634	165.586356	64.408632
102.514010	165.432741	64.596048
102.819139	165.275125	64.788349
103.132021	165.113507	64.985536
103.452657	164.947887	65.187608
103.781046	164.778265	65.394566
104.117188	164.604640	65.606410
104.461084	164.427014	65.823139
104.812734	164.245386	66.044754
105.172136	164.059756	66.271254
105.539293	163.870124	66.502640
105.914202	163.676491	66.738911
106.296865	163.478855	66.980068
106.470214	163.389325	67.089314
106.651317	163.295794	67.203445
106.840173	163.198261	67.322462
107.036782	163.096726	67.446364
107.241145	162.991189	67.575152
107.453261	162.881650	67.708826
107.673130	162.768109	67.847385
107.900753	162.650566	67.990830
108.136129	162.529021	68.139161
108.379259	162.403474	68.292377
108.630142	162.273925	68.450478
108.888779	162.140375	68.613465
109.155169	162.002822	68.781338
109.429312	161.861267	68.954097
109.711209	161.715711	69.131741
110.000859	161.566153	69.314271
110.298263	161.412592	69.501686
110.603420	161.255030	69.693987
110.916330	161.093466	69.891173
111.236994	160.927900	70.093246
111.565411	160.758332	70.300203
111.901582	160.584762	70.512047
112.245506	160.407190	70.728776
112.597183	160.225616	70.950390
112.956614	160.040040	71.176891
113.323799	159.850463	71.408277
113.698736	159.656883	71.644548
114.081427	159.459302	71.885705
114.254789	159.369796	71.994951
114.435904	159.276289	72.109082
114.624772	159.178780	72.228099
114.821394	159.077269	72.352001
115.025769	158.971757	72.480790
115.237898	158.862242	72.614463
115.457779	158.748725	72.753023
115.685415	158.631207	72.896468
115.920804	158.509686	73.044798
116.163946	158.384164	73.198015
116.414841	158.254639	73.356116
116.673490	158.121113	73.519104
116.939893	157.983585	73.686977
117.214049	157.842055	73.859736
117.495958	157.696523	74.037380
117.785621	157.546989	74.219910
118.083037	157.393453	74.407326
118.388206	157.235916	74.599627
118.701129	157.074376	74.796814
119.021805	156.908835	74.998887
119.350235	156.739291	75.205845
119.686418	156.565746	75.417689
120.030354	156.388199	75.634418
120.382044	156.206650	75.856034
120.741488	156.021099	76.082534
121.108684	155.831546	76.313921
121.483634	155.637991	76.550193
121.866338	155.440434	76.791350
122.039705	155.350940	76.900596
122.220825	155.257444	77.014728
122.409699	155.159946	77.133745
122.606327	155.058446	77.257648
122.810707	154.952944	77.386436
123.022841	154.843440	77.520110
123.242729	154.729935	77.658670
123.470370	154.612427	77.802115
123.705764	154.490918	77.950446
123.948912	154.365407	78.103663
124.199813	154.235893	78.261765
124.458467	154.102378	78.424753
124.724875	153.964861	78.592626
124.999037	153.823342	78.765385
125.280952	153.677822	78.943030
125.570620	153.528299	79.125561
125.868041	153.374774	79.312977
126.173216	153.217248	79.505278
126.486145	153.055720	79.702466
126.806826	152.890189	79.904539
127.135262	152.720657	80.111497
127.471450	152.547123	80.323342
127.815392	152.369587	80.540071
128.167088	152.188049	80.761687
128.526537	152.002509	80.988188
128.893739	151.812968	81.219575
129.268695	151.619424	81.455847
129.651404	151.421879	81.697006
129.824773	151.332390	81.806252
130.005896	151.238898	81.920383
130.194772	151.141405	82.039401
130.391402	151.039911	82.163304
130.595785	150.934414	82.292092
130.807922	150.824915	82.425767
131.027812	150.711415	82.564326
131.255455	150.593912	82.707772
131.490852	150.472408	82.856103
131.734002	150.346902	83.009320
131.984906	150.217394	83.167422
132.243563	150.083883	83.330411
132.509973	149.946372	83.498284
132.784137	149.804858	83.671044
133.066054	149.659342	83.848689
133.355725	149.509824	84.031219
133.653149	149.356305	84.218636
133.958326	149.198784	84.410938
134.271257	149.037260	84.608125
134.591941	148.871735	84.810199
134.920379	148.702208	85.017157
135.256570	148.528679	85.229002
135.600515	148.351148	85.445732
135.952213	148.169616	85.667348
136.311664	147.984081	85.893849
136.678869	147.794544	86.125237
137.053827	147.601006	86.361509
137.436538	147.403466	86.602668
137.609909	147.313979	86.711914
137.791033	147.220490	86.826046
137.979910	147.122999	86.945063
138.176541	147.021507	87.068966
138.380925	146.916012	87.197755
138.593063	146.806516	87.331429
138.812954	146.693018	87.469989
139.040599	146.575518	87.613435
139.275997	146.454015	87.761767
139.519148	146.328512	87.914983
139.770053	146.199006	88.073086
140.028711	146.065498	88.236074
140.295122	145.927988	88.403948
140.569287	145.786477	88.576708
140.851205	145.640964	88.754353
141.140877	145.491448	88.936884
141.438302	145.337931	89.124300
141.743481	145.180412	89.316602
142.056413	145.018891	89.513790
142.377098	144.853368	89.715864
142.705537	144.683844	89.922823
143.041729	144.510317	90.134667
143.385675	144.332788	90.351398
143.737374	144.151258	90.573014
144.096826	143.965726	90.799515
144.464032	143.776192	91.030903
144.838991	143.582655	91.267175
145.221704	143.385118	91.508334
145.395075	143.295632	91.617580
145.576200	143.202144	91.731712
145.765077	143.104654	91.850730
145.961709	143.003163	91.974633
146.166094	142.897669	92.103422
146.378232	142.788174	92.237096
146.598123	142.674677	92.375656
146.825768	142.557178	92.519102
147.061167	142.435677	92.667433
147.304318	142.310174	92.820651
147.555224	142.180669	92.978753
147.813882	142.047163	93.141742
148.080294	141.909654	93.309616
148.354460	141.768144	93.482375
148.636378	141.622631	93.660020
148.926051	141.473117	93.842551
149.223476	141.319601	94.029968
149.528655	141.162083	94.222270
149.841588	141.000563	94.419458
150.162274	140.835041	94.621531
150.490713	140.665518	94.828491
150.826906	140.491992	95.040335
151.170852	140.314465	95.257066
151.522551	140.132935	95.478682
151.882004	139.947404	95.705184
152.249211	139.757871	95.936571
152.624170	139.564336	96.172844
153.006883	139.366799	96.414003
153.180255	139.277314	96.523249
153.361379	139.183826	96.637381
153.550258	139.086337	96.756398
153.746889	138.984846	96.880302
153.951274	138.879353	97.009090
154.163412	138.769858	97.142765
154.383304	138.656362	97.281325
154.610949	138.538863	97.424771
154.846348	138.417363	97.573102
155.089500	138.291860	97.726319
155.340405	138.162356	97.884422
155.599064	138.028850	98.047411
155.865477	137.891342	98.215285
156.139642	137.749832	98.388044
156.421561	137.604320	98.565690
156.711234	137.454806	98.748221
157.008660	137.301291	98.935637
157.313839	137.143773	99.127939
157.626771	136.982254	99.325127
157.947458	136.816732	99.527201
158.275897	136.647209	99.734160
158.612090	136.473684	99.946005
158.956036	136.296157	100.162735
159.307736	136.114628	100.384351
159.667189	135.929098	100.610853
160.034396	135.739565	100.842241
160.409356	135.546030	101.078514
160.792069	135.348494	101.319672
160.965441	135.259009	101.428919
161.146565	135.165522	101.543051
161.335444	135.068033	101.662068
161.532075	134.966542	101.785971
161.736460	134.861049	101.914760
161.948599	134.751555	102.048435
162.168491	134.638058	102.186995
162.396136	134.520560	102.330441
162.631535	134.399060	102.478772
162.874687	134.273557	102.631989
163.125592	134.144053	102.790092
163.384251	134.010547	102.953081
163.650663	133.873040	103.120955
163.924829	133.731530	103.293714
164.206748	133.586018	103.471360
164.496421	133.436505	103.653891
164.793847	133.282989	103.841307
165.099026	133.125472	104.033610
165.411959	132.963953	104.230797
165.732645	132.798432	104.432871
166.061085	132.628909	104.639830
166.397278	132.455384	104.851675
166.741224	132.277857	105.068406
167.092924	132.096329	105.290022
167.452377	131.910798	105.516524
167.819584	131.721266	105.747911
168.194544	131.527731	105.984184
168.577258	131.330195	106.225343
168.750629	131.240710	106.334589
168.931754	131.147223	106.448721
169.120632	131.049734	106.567739
169.317264	130.948244	106.691642
169.521649	130.842751	106.820431
169.733788	130.733257	106.954105
169.953679	130.619760	107.092666
170.181325	130.502262	107.236111
170.416724	130.380762	107.384443
170.659876	130.255260	107.537660
170.910781	130.125756	107.695763
171.169440	129.992250	107.858751
171.435853	129.854742	108.026625
171.710018	129.713232	108.199385
171.991938	129.567721	108.377030
172.281610	129.418208	108.559561
172.579036	129.264692	108.746978
172.884216	129.107175	108.939280
173.197148	128.945656	109.136468
173.517835	128.780135	109.338542
173.846274	128.610612	109.545501
174.182467	128.437087	109.757346
174.526414	128.259561	109.974076
174.878114	128.078032	110.195692
175.237567	127.892502	110.422194
175.604774	127.702970	110.653582
175.979734	127.509435	110.889855
176.362447	127.311899	111.131013
176.535819	127.222414	111.240260
176.716944	127.128927	111.354392
176.905822	127.031439	111.473409
177.102454	126.929948	111.597313
177.306839	126.824455	111.726102
177.518977	126.714961	111.859776
177.738869	126.601464	111.998336
177.966515	126.483966	112.141782
178.201913	126.362466	112.290114
178.445066	126.236964	112.443331
178.695971	126.107460	112.601434
178.954630	125.973954	112.764422
179.221043	125.836447	112.932296
179.495208	125.694937	113.105056
179.777128	125.549426	113.282701
180.066800	125.399912	113.465232
180.364226	125.246397	113.652649
180.669406	125.088880	113.844951
180.982339	124.927361	114.042139
181.303025	124.761840	114.244212
181.631464	124.592317	114.451172
181.967658	124.418792	114.663017
182.311604	124.241266	114.879747
182.663304	124.059737	115.101363
183.022757	123.874207	115.327865
183.389964	123.684675	115.559252
183.764924	123.491141	115.795526
184.147638	123.293605	116.036684
184.321009	123.204120	116.145931
184.502134	123.110633	116.260063
184.691012	123.013144	116.379080
184.887644	122.911653	116.502983
185.092029	122.806161	116.631772
185.304168	122.696666	116.765447
185.524060	122.583170	116.904007
185.751705	122.465672	117.047453
185.987104	122.344172	117.195784
186.230256	122.218670	117.349002
186.481162	122.089166	117.507104
186.739821	121.955660	117.670093
187.006233	121.818152	117.837967
187.280399	121.676643	118.010727
187.562318	121.531131	118.188372
187.851991	121.381618	118.370903
188.149417	121.228103	118.558320
188.454596	121.070586	118.750622
188.767529	120.909067	118.947810
189.088215	120.743546	119.149883
189.416655	120.574023	119.356843
189.752848	120.400498	119.568687
190.096795	120.222972	119.785418
190.448494	120.041443	120.007034
190.807948	119.855913	120.233536
191.175155	119.666381	120.464923
191.550115	119.472847	120.701196
191.932828	119.275310	120.942355
192.106200	119.185826	121.051602
192.287325	119.092339	121.165734
192.476203	118.994850	121.284751
192.672835	118.893359	121.408654
192.877220	118.787867	121.537443
193.089358	118.678372	121.671118
193.309250	118.564876	121.809678
193.536896	118.447378	121.953124
193.772294	118.325878	122.101455
194.015447	118.200376	122.254673
194.266352	118.070872	122.412775
194.525011	117.937366	122.575764
194.791424	117.799858	122.743638
195.065589	117.658349	122.916398
195.347509	117.512837	123.094043
195.637181	117.363324	123.276574
195.934607	117.209809	123.463991
196.239787	117.052292	123.656293
196.552720	116.890773	123.853481
196.873406	116.725252	124.055554
197.201846	116.555729	124.262514
197.538039	116.382204	124.474358
197.881985	116.204678	124.691089
198.233685	116.023149	124.912705
198.593138	115.837619	125.139207
198.960345	115.648087	125.370594
199.335305	115.454553	125.606867
199.718019	115.257017	125.848026
199.891390	115.167532	125.957273
200.072515	115.074045	126.071405
200.261394	114.976556	126.190422
200.458025	114.875065	126.314325
200.662410	114.769573	126.443114
200.874549	114.660078	126.576789
201.094441	114.546582	126.715349
201.322086	114.429084	126.858795
201.557485	114.307584	127.007126
201.800637	114.182082	127.160344
202.051543	114.052578	127.318446
202.310202	113.919072	127.481435
202.576614	113.781565	127.649309
202.850780	113.640055	127.822069
203.132699	113.494544	127.999714
203.422372	113.345030	128.182245
203.719798	113.191515	128.369662
204.024978	113.033998	128.561964
204.337910	112.872479	128.759152
204.658597	112.706958	128.961225
204.987036	112.537435	129.168185
205.323229	112.363911	129.380029
205.667176	112.186384	129.596760
206.018876	112.004856	129.818376
206.378329	111.819325	130.044878
206.745536	111.629793	130.276265
207.120496	111.436259	130.512538
207.503210	111.238723	130.753697
207.676581	111.149238	130.862944
207.857706	111.055751	130.977076
208.046584	110.958262	131.096093
208.243216	110.856772	131.219996
208.447601	110.751279	131.348785
208.659740	110.641785	131.482460
208.879632	110.528288	131.621020
209.107277	110.410790	131.764466
209.342676	110.289290	131.912797
209.585828	110.163788	132.066015
209.836734	110.034284	132.224117
210.095393	109.900779	132.387106
210.361805	109.763271	132.554980
210.635971	109.621761	132.727740
210.917890	109.476250	132.905385
211.207563	109.326737	133.087916
211.504989	109.173221	133.275333
211.810168	109.015704	133.467635
212.123101	108.854185	133.664823
212.443787	108.688664	133.866896
212.772227	108.519142	134.073856
213.108420	108.345617	134.285700
213.452367	108.168090	134.502431
213.804067	107.986562	134.724047
214.163520	107.801032	134.950549
214.530727	107.611499	135.181936
214.905687	107.417965	135.418209
215.288400	107.220429	135.659368
215.461772	107.130944	135.768615
215.642897	107.037457	135.882747
215.831775	106.939969	136.001764
216.028407	106.838478	136.125667
216.232792	106.732985	136.254456
216.444931	106.623491	136.388131
216.664822	106.509995	136.526691
216.892468	106.392497	136.670137
217.127867	106.270996	136.818468
217.371019	106.145494	136.971686
217.621924	106.015991	137.129788
217.880583	105.882485	137.292777
218.146996	105.744977	137.460651
218.421162	105.603468	137.633411
218.703081	105.457956	137.811056
218.992753	105.308443	137.993587
219.290180	105.154928	138.181004
219.595359	104.997411	138.373306
219.908292	104.835892	138.570494
220.228978	104.670371	138.772567
220.557418	104.500848	138.979527
220.893611	104.327323	139.191371
221.237557	104.149797	139.408102
221.589257	103.968268	139.629718
221.948711	103.782738	139.856220
222.315917	103.593206	140.087607
222.690878	103.399672	140.323880
223.073591	103.202136	140.565039
223.246963	103.112651	140.674286
223.428088	103.019164	140.788418
223.616966	102.921675	140.907435
223.813598	102.820184	141.031338
224.017983	102.714692	141.160127
224.230121	102.605197	141.293802
224.450013	102.491701	141.432362
224.677659	102.374203	141.575808
224.913057	102.252703	141.724139
225.156210	102.127201	141.877357
225.407115	101.997697	142.035459
225.665774	101.864191	142.198448
225.932187	101.726683	142.366322
226.206352	101.585174	142.539082
226.488272	101.439662	142.716727
226.777944	101.290149	142.899258
227.075370	101.136634	143.086675
227.380550	100.979117	143.278977
227.693483	100.817598	143.476165
228.014169	100.652077	143.678238
228.342609	100.482554	143.885198
228.678802	100.309030	144.097042
229.022748	100.131503	144.313773
229.374448	99.949975	144.535389
229.733901	99.764444	144.761891
230.101108	99.574912	144.993278
230.476068	99.381378	145.229551
230.858782	99.183842	145.470710
231.032153	99.094357	145.579957
231.213278	99.000870	145.694089
231.402157	98.903381	145.813106
231.598788	98.801891	145.937009
231.803173	98.696398	146.065798
232.015312	98.586904	146.199473
232.235204	98.473407	146.338033
232.462849	98.355909	146.481479
232.698248	98.234409	146.629810
232.941400	98.108907	146.783028
233.192306	97.979403	146.941130
233.450965	97.845897	147.104119
233.717377	97.708390	147.271993
233.991543	97.566880	147.444753
234.273462	97.421369	147.622398
234.563135	97.271855	147.804929
234.860561	97.118340	147.992346
235.165740	96.960823	148.184648
235.478673	96.799304	148.381836
235.799359	96.633783	148.583909
236.127799	96.464260	148.790869
236.463992	96.290736	149.002713
236.807939	96.113209	149.219444
237.159639	95.931681	149.441060
237.519092	95.746150	149.667562
237.886299	95.556618	149.898949
238.261259	95.363084	150.135223
238.643972	95.165548	150.376381
238.817344	95.076063	150.485628
238.998469	94.982576	150.599760
239.187347	94.885087	150.718777
239.383979	94.783597	150.842680
239.588364	94.678104	150.971469
239.800503	94.568610	151.105144
240.020394	94.455113	151.243704
240.248040	94.337615	151.387150
240.483439	94.216115	151.535481
240.726591	94.090613	151.688699
240.977496	93.961109	151.846801
241.236155	93.827603	152.009790
241.502568	93.690096	152.177664
241.776734	93.548586	152.350424
242.058653	93.403075	152.528069
242.348325	93.253561	152.710600
242.645751	93.100046	152.898017
242.950931	92.942529	153.090319
243.263864	92.781010	153.287507
243.584550	92.615489	153.489580
243.912990	92.445966	153.696540
244.249183	92.272442	153.908385
244.593129	92.094915	154.125115
244.944829	91.913387	154.346731
245.304283	91.727856	154.573233
245.671489	91.538324	154.804620
246.046449	91.344790	155.040894
246.429163	91.147254	155.282052
246.602534	91.057769	155.391299
246.783659	90.964282	155.505431
246.972538	90.866793	155.624448
247.169169	90.765303	155.748352
247.373554	90.659810	155.877140
247.585693	90.550316	156.010815
247.805585	90.436819	156.149375
248.033230	90.319321	156.292821
248.268629	90.197821	156.441153
248.511781	90.072319	156.594370
248.762687	89.942815	156.752472
249.021346	89.809309	156.915461
249.287758	89.671802	157.083335
249.561924	89.530292	157.256095
249.843843	89.384781	157.433740
250.133516	89.235267	157.616271
250.430942	89.081752	157.803688
250.736121	88.924235	157.995990
251.049054	88.762716	158.193178
251.369740	88.597195	158.395251
251.698180	88.427672	158.602211
252.034373	88.254147	158.814056
252.378320	88.076621	159.030786
252.730020	87.895092	159.252402
253.089473	87.709562	159.478904
253.456680	87.520030	159.710292
253.831640	87.326496	159.946565
254.214353	87.128960	160.187723
254.387725	87.039475	160.296970
254.568850	86.945988	160.411102
254.757728	86.848499	160.530119
254.954360	86.747008	160.654023
255.158745	86.641516	160.782812
255.370883	86.532021	160.916486
255.590775	86.418525	161.055046
255.818421	86.301027	161.198492
256.053819	86.179527	161.346824
256.296971	86.054025	161.500041
256.547877	85.924521	161.658144
256.806536	85.791015	161.821132
257.072948	85.653507	161.989006
257.347114	85.511998	162.161766
257.629033	85.366486	162.339411
257.918706	85.216973	162.521942
258.216132	85.063457	162.709359
258.521311	84.905940	162.901661
258.834244	84.744421	163.098849
259.154931	84.578900	163.300923
259.483370	84.409378	163.507882
259.819563	84.235853	163.719727
260.163510	84.058326	163.936457
260.515210	83.876798	164.158073
260.874663	83.691267	164.384575
261.241870	83.501735	164.615963
261.616830	83.308201	164.852236
261.999543	83.110665	165.093395
262.172915	83.021180	165.202641
262.354040	82.927693	165.316773
262.542918	82.830204	165.435791
262.739550	82.728713	165.559694
262.943935	82.623221	165.688483
263.156073	82.513726	165.822157
263.375965	82.400230	165.960718
263.603610	82.282732	166.104163
263.839009	82.161232	166.252495
264.082161	82.035730	166.405712
264.333067	81.906226	166.563815
264.591726	81.772720	166.726803
264.858138	81.635212	166.894677
265.132304	81.493703	167.067437
265.414223	81.348191	167.245082
265.703896	81.198678	167.427613
266.001322	81.045162	167.615030
266.306501	80.887645	167.807332
266.619434	80.726126	168.004520
266.940120	80.560605	168.206594
267.268560	80.391082	168.413553
267.604753	80.217558	168.625398
267.948699	80.040031	168.842129
268.300399	79.858502	169.063745
268.659852	79.672972	169.290247
269.027059	79.483440	169.521634
269.402019	79.289905	169.757907
269.784733	79.092369	169.999066
269.958104	79.002884	170.108312
270.139229	78.909397	170.222444
270.328107	78.811909	170.341462
270.524739	78.710418	170.465365
270.729124	78.604925	170.594154
270.941262	78.495431	170.727829
271.161154	78.381934	170.866389
271.388800	78.264436	171.009835
271.624198	78.142936	171.158166
271.867351	78.017434	171.311383
272.118256	77.887930	171.469486
272.376915	77.754424	171.632475
272.643327	77.616916	171.800349
272.917493	77.475407	171.973108
273.199412	77.329895	172.150754
273.489085	77.180382	172.333285
273.786511	77.026866	172.520702
274.091690	76.869349	172.713004
274.404623	76.707830	172.910192
274.725309	76.542309	173.112265
275.053749	76.372786	173.319225
275.389942	76.199261	173.531070
275.733888	76.021735	173.747800
276.085588	75.840206	173.969416
276.445041	75.654675	174.195918
276.812248	75.465143	174.427306
277.187208	75.271609	174.663579
277.569921	75.074073	174.904738
277.743293	74.984588	175.013984
277.924417	74.891101	175.128116
278.113296	74.793612	175.247134
278.309927	74.692121	175.371037
278.514312	74.586628	175.499826
278.726451	74.477134	175.633500
278.946343	74.363637	175.772061
279.173988	74.246139	175.915507
279.409387	74.124639	176.063838
279.652539	73.999137	176.217055
279.903444	73.869633	176.375158
