-24.225729	229.661565	-9.120908
-24.266350	229.573966	-9.116971
-24.315397	229.482009	-9.116200
-24.372871	229.385695	-9.118589
-24.438776	229.285025	-9.124132
-24.513114	229.179999	-9.132823
-24.595888	229.070619	-9.144657
-24.687101	228.956887	-9.159629
-24.786754	228.838802	-9.177732
-24.894852	228.716366	-9.198962
-25.011395	228.589581	-9.223313
-25.136387	228.458447	-9.250779
-25.269831	228.322965	-9.281356
-25.411728	228.183137	-9.315038
-25.562082	228.038963	-9.351819
-25.720894	227.890445	-9.391696
-25.888167	227.737584	-9.434661
-26.063904	227.580380	-9.480711
-26.248107	227.418835	-9.529841
-26.440778	227.252950	-9.582045
-26.641920	227.082726	-9.637319
-26.851534	226.908164	-9.695657
-27.069624	226.729266	-9.757056
-27.296191	226.546031	-9.821511
-27.531237	226.358463	-9.889016
-27.774765	226.166560	-9.959568
-28.026777	225.970325	-10.033162
-28.287275	225.769759	-10.109794
-28.556261	225.564862	-10.189460
-28.833736	225.355637	-10.272155
-29.119704	225.142083	-10.357875
-29.414166	224.924202	-10.446617
-29.717124	224.701996	-10.538376
-30.028580	224.475464	-10.633149
-30.348536	224.244609	-10.730932
-30.676993	224.009432	-10.831720
-31.013954	223.769933	-10.935511
-31.359421	223.526114	-11.042302
-31.713394	223.277975	-11.152087
-32.075877	223.025519	-11.264865
-32.446870	222.768745	-11.380632
-32.826375	222.507656	-11.499384
-33.214394	222.242251	-11.621119
-33.610929	221.972534	-11.745833
-33.790126	221.851301	-11.802324
-33.977840	221.725757	-11.861790
-34.174074	221.595901	-11.924230
-34.378826	221.461735	-11.989643
-34.592099	221.323257	-12.058027
-34.813893	221.180470	-12.129381
-35.044207	221.033373	-12.203704
-35.283044	220.881967	-12.280995
-35.530404	220.726253	-12.361252
-35.786287	220.566231	-12.444475
-36.050694	220.401901	-12.530661
-36.323625	220.233264	-12.619811
-36.605082	220.060321	-12.711923
-36.895065	219.883072	-12.806996
-37.193575	219.701517	-12.905028
-37.500611	219.515657	-13.006019
-37.816176	219.325493	-13.109967
-38.140269	219.131025	-13.216873
-38.472891	218.932253	-13.326733
-38.814042	218.729178	-13.439549
-39.163724	218.521801	-13.555318
-39.521937	218.310122	-13.674040
-39.888681	218.094142	-13.795713
-40.263957	217.873861	-13.920338
-40.647766	217.649279	-14.047912
-41.040108	217.420398	-14.178435
-41.440983	217.187217	-14.311907
-41.850393	216.949737	-14.448326
-42.036355	216.842159	-14.510335
-42.230852	216.730283	-14.575291
-42.433884	216.614110	-14.643193
-42.645452	216.493638	-14.714040
-42.865555	216.368870	-14.787833
-43.094195	216.239804	-14.864570
-43.331370	216.106441	-14.944251
-43.577082	215.968782	-15.026877
-43.831331	215.826826	-15.112446
-44.094116	215.680573	-15.200959
-44.365439	215.530025	-15.292414
-44.645299	215.375181	-15.386813
-44.933697	215.216042	-15.484154
-45.230632	215.052607	-15.584437
-45.536106	214.884877	-15.687662
-45.850117	214.712852	-15.793828
-46.172668	214.536533	-15.902936
-46.503756	214.355919	-16.014985
-46.843384	214.171011	-16.129974
-47.191551	213.981809	-16.247903
-47.548258	213.788314	-16.368773
-47.913503	213.590525	-16.492582
-48.287289	213.388443	-16.619331
-48.669615	213.182067	-16.749020
-49.060480	212.971400	-16.881647
-49.459887	212.756439	-17.017213
-49.867833	212.537187	-17.155717
-50.284321	212.313642	-17.297160
-50.473118	212.212438	-17.361294
-50.670457	212.106941	-17.428365
-50.876337	211.997154	-17.498375
-51.090758	211.883074	-17.571322
-51.313720	211.764704	-17.647207
-51.545224	211.642042	-17.726029
-51.785269	211.515089	-17.807789
-52.033856	211.383845	-17.892485
-52.290985	211.248310	-17.980119
-52.556656	211.108484	-18.070691
-52.830868	210.964367	-18.164199
-53.113623	210.815960	-18.260644
-53.404919	210.663263	-18.360026
-53.704758	210.506275	-18.462344
-54.013139	210.344997	-18.567599
-54.330062	210.179429	-18.675791
-54.655528	210.009570	-18.786919
-54.989536	209.835422	-18.900983
-55.332087	209.656984	-19.017984
-55.683180	209.474256	-19.137921
-56.042817	209.287239	-19.260794
-56.410996	209.095932	-19.386603
-56.787718	208.900336	-19.515347
-57.172983	208.700450	-19.647028
-57.566791	208.496276	-19.781645
-57.969142	208.287812	-19.919197
-58.380036	208.075059	-20.059685
-58.799474	207.858018	-20.203108
-58.989519	207.759736	-20.268098
-59.188107	207.657166	-20.336024
-59.395239	207.550307	-20.406885
-59.610914	207.439160	-20.480682
-59.835133	207.323724	-20.557414
-60.067895	207.204000	-20.637081
-60.309201	207.079987	-20.719684
-60.559050	206.951686	-20.805222
-60.817444	206.819096	-20.893695
-61.084381	206.682218	-20.985103
-61.359862	206.541052	-21.079446
-61.643886	206.395598	-21.176725
-61.936455	206.245856	-21.276938
-62.237567	206.091825	-21.380087
-62.547223	205.933507	-21.486171
-62.865423	205.770901	-21.595189
-63.192167	205.604006	-21.707143
-63.527456	205.432824	-21.822031
-63.871288	205.257354	-21.939855
-64.223664	205.077596	-22.060613
-64.584585	204.893551	-22.184307
-64.954049	204.705217	-22.310935
-65.332058	204.512597	-22.440498
-65.718611	204.315688	-22.572996
-66.113708	204.114492	-22.708428
-66.517349	203.909009	-22.846795
-66.929535	203.699238	-22.988098
-67.350265	203.485180	-23.132334
-67.540871	203.388230	-23.197681
-67.740022	203.286994	-23.265963
-67.947716	203.181470	-23.337179
-68.163955	203.071658	-23.411330
-68.388739	202.957560	-23.488415
-68.622067	202.839174	-23.568435
-68.863939	202.716501	-23.651390
-69.114356	202.589541	-23.737279
-69.373318	202.458294	-23.826103
-69.640824	202.322760	-23.917862
-69.916874	202.182938	-24.012555
-70.201470	202.038830	-24.110183
-70.494609	201.890434	-24.210745
-70.796293	201.737752	-24.314242
-71.106522	201.580782	-24.420673
-71.425296	201.419526	-24.530039
-71.752614	201.253983	-24.642339
-72.088476	201.084152	-24.757574
-72.432884	200.910035	-24.875744
-72.785836	200.731631	-24.996848
-73.147333	200.548940	-25.120886
-73.517374	200.361962	-25.247859
-73.895960	200.170697	-25.377767
-74.283091	199.975146	-25.510609
-74.678766	199.775308	-25.646385
-75.082987	199.571183	-25.785096
-75.495752	199.362771	-25.926742
-75.917062	199.150073	-26.071321
-76.107923	199.053729	-26.136819
-76.307328	198.953098	-26.205252
-76.515278	198.848181	-26.276619
-76.731774	198.738977	-26.350921
-76.956814	198.625487	-26.428156
-77.190398	198.507710	-26.508327
-77.432528	198.385646	-26.591431
-77.683203	198.259295	-26.677471
-77.942422	198.128658	-26.766444
-78.210186	197.993735	-26.858352
-78.486495	197.854525	-26.953194
-78.771349	197.711028	-27.050971
-79.064748	197.563245	-27.151682
-79.366692	197.411175	-27.255328
-79.677180	197.254819	-27.361908
-79.996214	197.094176	-27.471422
-80.323792	196.929247	-27.583871
-80.659915	196.760032	-27.699254
-81.004584	196.586529	-27.817572
-81.357797	196.408741	-27.938824
-81.719555	196.226666	-28.063010
-82.089858	196.040304	-28.190131
-82.468706	195.849656	-28.320186
-82.856098	195.654722	-28.453176
-83.252036	195.455501	-28.589099
-83.656519	195.251994	-28.727958
-84.069547	195.044200	-28.869750
-84.491119	194.832120	-29.014477
-84.682096	194.736051	-29.080041
-84.881618	194.635696	-29.148538
-85.089685	194.531054	-29.219970
-85.306297	194.422126	-29.294337
-85.531454	194.308912	-29.371637
-85.765156	194.191411	-29.451872
-86.007403	194.069624	-29.535042
-86.258194	193.943550	-29.621146
-86.517531	193.813191	-29.710184
-86.785413	193.678545	-29.802156
-87.061840	193.539612	-29.897063
-87.346812	193.396393	-29.994904
-87.640329	193.248888	-30.095680
-87.942391	193.097097	-30.199390
-88.252998	192.941020	-30.306034
-88.572149	192.780656	-30.415613
-88.899846	192.616005	-30.528126
-89.236088	192.447069	-30.643573
-89.580875	192.273846	-30.761955
-89.934207	192.096337	-30.883271
-90.296084	191.914542	-31.007521
-90.666506	191.728460	-31.134706
-91.045473	191.538093	-31.264825
-91.432986	191.343439	-31.397879
-91.829043	191.144498	-31.533867
-92.233645	190.941272	-31.672789
-92.646792	190.733759	-31.814645
-93.068484	190.521960	-31.959436
-93.259514	190.426016	-32.025028
-93.459090	190.325786	-32.093554
-93.667210	190.221269	-32.165014
-93.883875	190.112466	-32.239409
-94.109085	189.999377	-32.316737
-94.342840	189.882002	-32.397001
-94.585141	189.760340	-32.480198
-94.835986	189.634393	-32.566330
-95.095377	189.504159	-32.655397
-95.363312	189.369639	-32.747397
-95.639793	189.230833	-32.842332
-95.924818	189.087740	-32.940202
-96.218389	188.940361	-33.041005
-96.520505	188.788697	-33.144743
-96.831166	188.632746	-33.251416
-97.150372	188.472508	-33.361023
-97.478123	188.307985	-33.473564
-97.814419	188.139175	-33.589039
-98.159260	187.966079	-33.707449
-98.512646	187.788697	-33.828793
-98.874577	187.607029	-33.953071
-99.245054	187.421075	-34.080284
-99.624075	187.230834	-34.210431
-100.011642	187.036308	-34.343513
-100.407753	186.837495	-34.479528
-100.812410	186.634396	-34.618478
-101.225612	186.427011	-34.760363
-101.647359	186.215339	-34.905182
-101.838413	186.119452	-34.970786
-102.038012	186.019278	-35.039324
-102.246157	185.914819	-35.110797
-102.462846	185.806073	-35.185204
-102.688081	185.693041	-35.262545
-102.921860	185.575722	-35.342821
-103.164185	185.454118	-35.426031
-103.415055	185.328227	-35.512175
-103.674470	185.198051	-35.601254
-103.942430	185.063588	-35.693267
-104.218935	184.924839	-35.788214
-104.503985	184.781804	-35.886096
-104.797580	184.634483	-35.986912
-105.099721	184.482875	-36.090662
-105.410406	184.326982	-36.197347
-105.729637	184.166802	-36.306966
-106.057413	184.002336	-36.419519
-106.393733	183.833584	-36.535007
-106.738599	183.660546	-36.653429
-107.092010	183.483222	-36.774785
-107.453966	183.301611	-36.899076
-107.824467	183.115715	-37.026301
-108.203514	182.925532	-37.156461
-108.591105	182.731063	-37.289554
-108.987242	182.532308	-37.425582
-109.391923	182.329267	-37.564545
-109.805150	182.121940	-37.706442
-110.226922	181.910327	-37.851273
-110.417987	181.814465	-37.916882
-110.617597	181.714317	-37.985426
-110.825753	181.609883	-38.056904
-111.042453	181.501163	-38.131316
-111.267699	181.388157	-38.208663
-111.501490	181.270865	-38.288944
-111.743826	181.149286	-38.372160
-111.994707	181.023422	-38.458310
-112.254133	180.893271	-38.547394
-112.522104	180.758834	-38.639412
-112.798620	180.620111	-38.734365
-113.083682	180.477102	-38.832252
-113.377288	180.329807	-38.933074
-113.679440	180.178226	-39.036829
-113.990137	180.022358	-39.143520
-114.309378	179.862205	-39.253144
-114.637165	179.697765	-39.365703
-114.973497	179.529039	-39.481196
-115.318375	179.356028	-39.599624
-115.671797	179.178730	-39.720985
-116.033764	178.997145	-39.845282
-116.404277	178.811275	-39.972512
-116.783334	178.621119	-40.102677
-117.170937	178.426676	-40.235776
-117.567085	178.227948	-40.371810
-117.971778	178.024933	-40.510777
-118.385016	177.817632	-40.652680
-118.806799	177.606045	-40.797516
-118.997869	177.510195	-40.863128
-119.197485	177.410059	-40.931674
-119.405645	177.305637	-41.003155
-119.622351	177.196929	-41.077570
-119.847602	177.083934	-41.154919
-120.081398	176.966654	-41.235202
-120.323738	176.845087	-41.318420
-120.574625	176.719234	-41.404572
-120.834056	176.589095	-41.493659
-121.102032	176.454670	-41.585680
-121.378554	176.315959	-41.680635
-121.663620	176.172962	-41.778525
-121.957232	176.025679	-41.879349
-122.259388	175.874109	-41.983107
-122.570090	175.718254	-42.089799
-122.889337	175.558112	-42.199426
-123.217129	175.393684	-42.311987
-123.553467	175.224971	-42.427483
-123.898349	175.051971	-42.545913
-124.251776	174.874685	-42.667277
-124.613749	174.693112	-42.791576
-124.984267	174.507254	-42.918809
-125.363329	174.317110	-43.048976
-125.750937	174.122679	-43.182078
-126.147090	173.923962	-43.318114
-126.551788	173.720960	-43.457084
-126.965031	173.513671	-43.598988
-127.386820	173.302096	-43.743827
-127.577892	173.206251	-43.809440
-127.777510	173.106121	-43.877988
-127.985673	173.001704	-43.949469
-128.202381	172.893001	-44.023885
-128.427634	172.780012	-44.101235
-128.661432	172.662737	-44.181520
-128.903776	172.541175	-44.264739
-129.154664	172.415328	-44.350892
-129.414098	172.285194	-44.439980
-129.682076	172.150775	-44.532002
-129.958600	172.012069	-44.626958
-130.243669	171.869077	-44.724849
-130.537283	171.721799	-44.825674
-130.839442	171.570235	-44.929433
-131.150146	171.414385	-45.036127
-131.469395	171.254249	-45.145755
-131.797190	171.089827	-45.258317
-132.133529	170.921118	-45.373814
-132.478414	170.748124	-45.492245
-132.831844	170.570843	-45.613610
-133.193819	170.389276	-45.737910
-133.564339	170.203423	-45.865144
-133.943404	170.013284	-45.995312
-134.331014	169.818859	-46.128415
-134.727169	169.620148	-46.264452
-135.131870	169.417151	-46.403423
-135.545115	169.209867	-46.545329
-135.966906	168.998298	-46.690169
-136.157980	168.902456	-46.755782
-136.357599	168.802327	-46.824330
-136.565763	168.697913	-46.895812
-136.782472	168.589212	-46.970228
-137.007726	168.476226	-47.047579
-137.241525	168.358953	-47.127864
-137.483869	168.237394	-47.211084
-137.734759	168.111549	-47.297237
-137.994193	167.981418	-47.386325
-138.262173	167.847001	-47.478348
-138.538698	167.708298	-47.573305
-138.823768	167.565309	-47.671196
-139.117383	167.418033	-47.772021
-139.419543	167.266472	-47.875781
-139.730248	167.110624	-47.982475
-140.049499	166.950490	-48.092104
-140.377294	166.786070	-48.204666
-140.713635	166.617364	-48.320164
-141.058521	166.444372	-48.438595
-141.411952	166.267094	-48.559961
-141.773928	166.085530	-48.684261
-142.144449	165.899679	-48.811495
-142.523515	165.709543	-48.941664
-142.911126	165.515120	-49.074767
-143.307283	165.316411	-49.210805
-143.711984	165.113417	-49.349777
-144.125231	164.906136	-49.491683
-144.547022	164.694569	-49.636523
-144.738097	164.598728	-49.702137
-144.937716	164.498600	-49.770685
-145.145880	164.394187	-49.842167
-145.362590	164.285488	-49.916584
-145.587844	164.172502	-49.993935
-145.821644	164.055231	-50.074220
-146.063989	163.933673	-50.157440
-146.314879	163.807829	-50.243594
-146.574314	163.677699	-50.332682
-146.842294	163.543283	-50.424705
-147.118820	163.404581	-50.519662
-147.403890	163.261593	-50.617553
-147.697506	163.114318	-50.718379
-147.999666	162.962758	-50.822139
-148.310372	162.806911	-50.928833
-148.629623	162.646779	-51.038462
-148.957419	162.482360	-51.151025
-149.293760	162.313655	-51.266522
-149.638646	162.140664	-51.384954
-149.992078	161.963387	-51.506320
-150.354054	161.781824	-51.630620
-150.724576	161.595975	-51.757855
-151.103642	161.405839	-51.888024
-151.491254	161.211418	-52.021127
-151.887411	161.012710	-52.157165
-152.292113	160.809717	-52.296137
-152.705360	160.602437	-52.438043
-153.127152	160.390871	-52.582884
-153.318227	160.295030	-52.648498
-153.517846	160.194904	-52.717046
-153.726011	160.090491	-52.788528
-153.942721	159.981792	-52.862945
-154.167976	159.868807	-52.940296
-154.401776	159.751536	-53.020581
-154.644121	159.629979	-53.103801
-154.895011	159.504135	-53.189955
-155.154446	159.374006	-53.279044
-155.422427	159.239590	-53.371066
-155.698952	159.100889	-53.466024
-155.984023	158.957901	-53.563915
-156.277639	158.810627	-53.664741
-156.579799	158.659067	-53.768501
-156.890505	158.503221	-53.875195
-157.209756	158.343089	-53.984824
-157.537553	158.178671	-54.097387
-157.873894	158.009967	-54.212885
-158.218780	157.836976	-54.331316
-158.572212	157.659700	-54.452682
-158.934189	157.478137	-54.576983
-159.304711	157.292288	-54.704218
-159.683777	157.102153	-54.834387
-160.071389	156.907732	-54.967490
-160.467547	156.709025	-55.103528
-160.872249	156.506032	-55.242500
-161.285496	156.298753	-55.384407
-161.707289	156.087188	-55.529248
-161.898363	155.991347	-55.594861
-162.097983	155.891221	-55.663409
-162.306148	155.786808	-55.734892
-162.522857	155.678109	-55.809309
-162.748112	155.565125	-55.886660
-162.981912	155.447854	-55.966945
-163.224258	155.326297	-56.050165
-163.475148	155.200454	-56.136319
-163.734583	155.070325	-56.225408
-164.002564	154.935909	-56.317430
-164.279089	154.797208	-56.412387
-164.564160	154.654220	-56.510279
-164.857776	154.506947	-56.611105
-165.159937	154.355387	-56.714865
-165.470643	154.199541	-56.821559
-165.789894	154.039409	-56.931188
-166.117691	153.874991	-57.043751
-166.454032	153.706287	-57.159249
-166.798919	153.533297	-57.277681
-167.152350	153.356021	-57.399047
-167.514327	153.174458	-57.523347
-167.884849	152.988610	-57.650582
-168.263916	152.798475	-57.780751
-168.651528	152.604055	-57.913855
-169.047685	152.405348	-58.049893
-169.452388	152.202355	-58.188865
-169.865635	151.995076	-58.330771
-170.287428	151.783511	-58.475612
-170.478502	151.687670	-58.541226
-170.678122	151.587544	-58.609774
-170.886287	151.483132	-58.681257
-171.102997	151.374433	-58.755673
-171.328252	151.261448	-58.833024
-171.562052	151.144178	-58.913310
-171.804397	151.022621	-58.996530
-172.055287	150.896778	-59.082684
-172.314723	150.766649	-59.171772
-172.582703	150.632233	-59.263795
-172.859229	150.493532	-59.358752
-173.144300	150.350545	-59.456644
-173.437916	150.203271	-59.557470
-173.740077	150.051712	-59.661230
-174.050783	149.895866	-59.767924
-174.370034	149.735734	-59.877553
-174.697831	149.571316	-59.990116
-175.034172	149.402612	-60.105614
-175.379059	149.229622	-60.224046
-175.732490	149.052346	-60.345412
-176.094467	148.870784	-60.469712
-176.464989	148.684935	-60.596947
-176.844056	148.494801	-60.727116
-177.231668	148.300380	-60.860220
-177.627826	148.101673	-60.996258
-178.032528	147.898681	-61.135230
-178.445776	147.691402	-61.277137
-178.867568	147.479837	-61.421977
-179.058643	147.383996	-61.487591
-179.258262	147.283870	-61.556139
-179.466427	147.179458	-61.627622
-179.683137	147.070759	-61.702039
-179.908392	146.957775	-61.779390
-180.142192	146.840504	-61.859675
-180.384538	146.718947	-61.942895
-180.635428	146.593104	-62.029049
-180.894863	146.462975	-62.118138
-181.162844	146.328560	-62.210160
-181.439370	146.189859	-62.305118
-181.724441	146.046871	-62.403009
-182.018056	145.899598	-62.503835
-182.320218	145.748038	-62.607595
-182.630924	145.592193	-62.714290
-182.950175	145.432061	-62.823918
-183.277971	145.267643	-62.936482
-183.614313	145.098939	-63.051979
-183.959199	144.925949	-63.170411
-184.312631	144.748673	-63.291777
-184.674608	144.567111	-63.416078
-185.045130	144.381262	-63.543313
-185.424197	144.191128	-63.673482
-185.811809	143.996707	-63.806585
-186.207967	143.798001	-63.942623
-186.612669	143.595008	-64.081595
-187.025917	143.387729	-64.223502
-187.447709	143.176164	-64.368343
-187.638784	143.080324	-64.433957
-187.838404	142.980198	-64.502505
-188.046568	142.875785	-64.573987
-188.263278	142.767087	-64.648404
-188.488533	142.654102	-64.725755
-188.722333	142.536831	-64.806041
-188.964679	142.415275	-64.889260
-189.215569	142.289432	-64.975415
-189.475005	142.159303	-65.064503
-189.742985	142.024888	-65.156526
-190.019511	141.886186	-65.251483
-190.304582	141.743199	-65.349375
-190.598198	141.595926	-65.450200
-190.900359	141.444366	-65.553961
-191.211065	141.288520	-65.660655
-191.530316	141.128389	-65.770284
-191.858113	140.963971	-65.882847
-192.194454	140.795267	-65.998345
-192.539341	140.622277	-66.116776
-192.892772	140.445001	-66.238143
-193.254749	140.263439	-66.362443
-193.625271	140.077590	-66.489678
-194.004338	139.887456	-66.619847
-194.391951	139.693035	-66.752951
-194.788108	139.494329	-66.888989
-195.192810	139.291336	-67.027961
-195.606058	139.084057	-67.169868
-196.027851	138.872492	-67.314708
-196.218925	138.776652	-67.380322
-196.418545	138.676526	-67.448870
-196.626710	138.572113	-67.520353
-196.843420	138.463415	-67.594770
-197.068675	138.350430	-67.672121
-197.302475	138.233159	-67.752406
-197.544820	138.111603	-67.835626
-197.795710	137.985760	-67.921780
-198.055146	137.855631	-68.010869
-198.323126	137.721216	-68.102891
-198.599652	137.582514	-68.197849
-198.884723	137.439527	-68.295740
-199.178339	137.292254	-68.396566
-199.480500	137.140694	-68.500326
-199.791206	136.984849	-68.607021
-200.110457	136.824717	-68.716650
-200.438254	136.660299	-68.829213
-200.774595	136.491595	-68.944710
-201.119482	136.318605	-69.063142
-201.472914	136.141329	-69.184508
-201.834891	135.959767	-69.308809
-202.205413	135.773919	-69.436044
-202.584480	135.583784	-69.566213
-202.972092	135.389364	-69.699316
-203.368249	135.190657	-69.835354
-203.772952	134.987664	-69.974327
-204.186199	134.780385	-70.116233
-204.607992	134.568820	-70.261074
-204.799067	134.472980	-70.326688
-204.998686	134.372854	-70.395236
-205.206851	134.268442	-70.466718
-205.423561	134.159743	-70.541135
-205.648816	134.046758	-70.618486
-205.882616	133.929488	-70.698772
-206.124961	133.807931	-70.781992
-206.375852	133.682088	-70.868146
-206.635287	133.551959	-70.957234
-206.903268	133.417544	-71.049257
-207.179794	133.278843	-71.144214
-207.464864	133.135856	-71.242106
-207.758480	132.988582	-71.342932
-208.060641	132.837023	-71.446692
-208.371348	132.681177	-71.553386
-208.690599	132.521045	-71.663015
-209.018395	132.356628	-71.775578
-209.354737	132.187924	-71.891076
-209.699624	132.014934	-72.009508
-210.053055	131.837657	-72.130874
-210.415032	131.656095	-72.255174
-210.785554	131.470247	-72.382409
-211.164621	131.280112	-72.512579
-211.552233	131.085692	-72.645682
-211.948391	130.886985	-72.781720
-212.353093	130.683993	-72.920692
-212.766341	130.476714	-73.062599
-213.188133	130.265149	-73.207440
-213.379208	130.169309	-73.273053
-213.578828	130.069182	-73.341602
-213.786993	129.964770	-73.413084
-214.003702	129.856072	-73.487501
-214.228957	129.743087	-73.564852
-214.462758	129.625816	-73.645137
-214.705103	129.504259	-73.728357
-214.955993	129.378417	-73.814511
-215.215429	129.248288	-73.903600
-215.483409	129.113873	-73.995623
-215.759935	128.975171	-74.090580
-216.045006	128.832184	-74.188471
-216.338622	128.684911	-74.289297
-216.640783	128.533351	-74.393057
-216.951489	128.377506	-74.499752
-217.270740	128.217374	-74.609381
-217.598537	128.052956	-74.721944
-217.934878	127.884252	-74.837441
-218.279765	127.711262	-74.955873
-218.633197	127.533986	-75.077240
-218.995174	127.352424	-75.201540
-219.365696	127.166575	-75.328775
-219.744763	126.976441	-75.458944
-220.132375	126.782020	-75.592048
-220.528532	126.583314	-75.728086
-220.933235	126.380321	-75.867058
-221.346482	126.173042	-76.008964
-221.768275	125.961477	-76.153805
-221.959350	125.865637	-76.219419
-222.158969	125.765511	-76.287967
-222.367134	125.661099	-76.359450
-222.583844	125.552400	-76.433866
-222.809099	125.439415	-76.511218
-223.042899	125.322145	-76.591503
-223.285244	125.200588	-76.674723
-223.536135	125.074745	-76.760877
-223.795570	124.944616	-76.849966
-224.063551	124.810201	-76.941988
-224.340077	124.671500	-77.036946
-224.625147	124.528513	-77.134837
-224.918763	124.381239	-77.235663
-225.220924	124.229680	-77.339423
-225.531631	124.073834	-77.446118
-225.850882	123.913702	-77.555746
-226.178678	123.749285	-77.668310
-226.515020	123.580581	-77.783807
-226.859907	123.407591	-77.902239
-227.213338	123.230314	-78.023605
-227.575315	123.048752	-78.147906
-227.945837	122.862904	-78.275141
-228.324904	122.672770	-78.405310
-228.712516	122.478349	-78.538413
-229.108674	122.279642	-78.674451
-229.513376	122.076650	-78.813423
-229.926624	121.869371	-78.955330
-230.348416	121.657806	-79.100171
-230.539491	121.561966	-79.165785
-230.739111	121.461839	-79.234333
-230.947276	121.357427	-79.305815
-231.163985	121.248729	-79.380232
-231.389240	121.135744	-79.457583
-231.623041	121.018473	-79.537869
-231.865386	120.896917	-79.621089
-232.116276	120.771074	-79.707243
-232.375712	120.640945	-79.796331
-232.643692	120.506530	-79.888354
-232.920218	120.367828	-79.983311
-233.205289	120.224841	-80.081203
-233.498905	120.077568	-80.182029
-233.801066	119.926008	-80.285789
-234.111772	119.770163	-80.392483
-234.431023	119.610031	-80.502112
-234.758820	119.445613	-80.614675
-235.095161	119.276909	-80.730173
-235.440048	119.103919	-80.848605
-235.793480	118.926643	-80.969971
-236.155457	118.745081	-81.094271
-236.525979	118.559232	-81.221506
-236.905046	118.369098	-81.351675
-237.292658	118.174678	-81.484779
-237.688815	117.975971	-81.620817
-238.093518	117.772978	-81.759789
-238.506765	117.565699	-81.901696
-238.928558	117.354134	-82.046537
-239.119633	117.258294	-82.112150
-239.319252	117.158168	-82.180699
-239.527417	117.053756	-82.252181
-239.744127	116.945057	-82.326598
-239.969382	116.832073	-82.403949
-240.203182	116.714802	-82.484234
-240.445527	116.593245	-82.567454
-240.696418	116.467402	-82.653608
-240.955853	116.337273	-82.742697
-241.223834	116.202858	-82.834720
-241.500360	116.064157	-82.929677
-241.785430	115.921170	-83.027568
-242.079046	115.773896	-83.128394
-242.381207	115.622337	-83.232154
-242.691914	115.466491	-83.338849
-243.011165	115.306359	-83.448478
-243.338961	115.141942	-83.561041
-243.675303	114.973238	-83.676538
-244.020190	114.800248	-83.794970
-244.373621	114.622972	-83.916336
-244.735598	114.441409	-84.040637
-245.106120	114.255561	-84.167872
-245.485187	114.065427	-84.298041
-245.872799	113.871006	-84.431145
-246.268957	113.672299	-84.567183
-246.673659	113.469307	-84.706155
-247.086907	113.262028	-84.848061
-247.508699	113.050463	-84.992902
-247.699774	112.954623	-85.058516
-247.899394	112.854497	-85.127064
-248.107559	112.750084	-85.198547
-248.324268	112.641386	-85.272963
-248.549524	112.528401	-85.350315
-248.783324	112.411130	-85.430600
-249.025669	112.289574	-85.513820
-249.276559	112.163731	-85.599974
-249.535995	112.033602	-85.689062
-249.803975	111.899187	-85.781085
-250.080501	111.760485	-85.876042
-250.365572	111.617498	-85.973934
-250.659188	111.470225	-86.074760
-250.961349	111.318665	-86.178520
-251.272055	111.162820	-86.285214
-251.591306	111.002688	-86.394843
-251.919103	110.838270	-86.507407
-252.255444	110.669566	-86.622904
-252.600331	110.496576	-86.741336
-252.953763	110.319300	-86.862702
-253.315740	110.137738	-86.987003
-253.686262	109.951890	-87.114238
-254.065329	109.761755	-87.244407
-254.452941	109.567335	-87.377510
-254.849098	109.368628	-87.513548
-255.253801	109.165635	-87.652520
-255.667048	108.958356	-87.794427
-256.088841	108.746791	-87.939268
-256.279916	108.650951	-88.004882
-256.479535	108.550825	-88.073430
-256.687700	108.446413	-88.144912
-256.904410	108.337714	-88.219329
-257.129665	108.224730	-88.296680
-257.363465	108.107459	-88.376966
-257.605810	107.985902	-88.460185
-257.856701	107.860059	-88.546340
-258.116136	107.729930	-88.635428
-258.384117	107.595515	-88.727451
-258.660643	107.456814	-88.822408
-258.945713	107.313827	-88.920300
-259.239329	107.166553	-89.021125
-259.541491	107.014994	-89.124886
-259.852197	106.859148	-89.231580
-260.171448	106.699017	-89.341209
-260.499244	106.534599	-89.453772
-260.835586	106.365895	-89.569270
-261.180473	106.192905	-89.687702
-261.533904	106.015629	-89.809068
-261.895881	105.834066	-89.933368
-262.266403	105.648218	-90.060603
-262.645470	105.458084	-90.190772
-263.033083	105.263663	-90.323876
-263.429240	105.064957	-90.459914
-263.833942	104.861964	-90.598886
-264.247190	104.654685	-90.740793
-264.668983	104.443120	-90.885634
-264.860057	104.347280	-90.951247
-265.059677	104.247154	-91.019795
-265.267842	104.142741	-91.091278
-265.484552	104.034043	-91.165695
-265.709807	103.921058	-91.243046
-265.943607	103.803787	-91.323331
-266.185952	103.682231	-91.406551
-266.436842	103.556388	-91.492705
-266.696278	103.426259	-91.581794
-266.964258	103.291844	-91.673817
-267.240784	103.153143	-91.768774
-267.525855	103.010155	-91.866665
-267.819471	102.862882	-91.967491
-268.121632	102.711322	-92.071251
-268.432338	102.555477	-92.177946
-268.751590	102.395345	-92.287575
-269.079386	102.230927	-92.400138
-269.415727	102.062223	-92.515635
-269.760614	101.889233	-92.634067
-270.114046	101.711957	-92.755433
-270.476023	101.530395	-92.879734
-270.846545	101.344547	-93.006969
-271.225612	101.154412	-93.137138
-271.613224	100.959992	-93.270242
-272.009381	100.761285	-93.406279
-272.414084	100.558292	-93.545252
-272.827331	100.351014	-93.687158
-273.249124	100.139449	-93.831999
-273.440199	100.043608	-93.897613
-273.639818	99.943482	-93.966161
-273.847983	99.839070	-94.037644
-274.064693	99.730371	-94.112060
-274.289948	99.617387	-94.189411
-274.523748	99.500116	-94.269697
-274.766093	99.378559	-94.352917
-275.016984	99.252716	-94.439071
-275.276419	99.122587	-94.528159
-275.544400	98.988172	-94.620182
-275.820926	98.849471	-94.715139
-276.105997	98.706484	-94.813031
-276.399612	98.559210	-94.913857
-276.701774	98.407651	-95.017617
-277.012480	98.251805	-95.124311
-277.331731	98.091674	-95.233940
-277.659527	97.927256	-95.346503
-277.995869	97.758552	-95.462001
-278.340756	97.585562	-95.580433
-278.694187	97.408286	-95.701799
-279.056164	97.226724	-95.826100
-279.426686	97.040875	-95.953334
-279.805753	96.850741	-96.083504
-280.193366	96.656320	-96.216607
-280.589523	96.457614	-96.352645
-280.994225	96.254621	-96.491617
-281.407473	96.047342	-96.633524
-281.829266	95.835777	-96.778365
-282.020340	95.739937	-96.843979
-282.219960	95.639811	-96.912527
-282.428125	95.535398	-96.984009
-282.644835	95.426700	-97.058426
-282.870090	95.313715	-97.135777
-283.103890	95.196445	-97.216063
-283.346235	95.074888	-97.299282
-283.597125	94.949045	-97.385437
-283.856561	94.818916	-97.474525
-284.124541	94.684501	-97.566548
-284.401067	94.545800	-97.661505
-284.686138	94.402812	-97.759397
-284.979754	94.255539	-97.860222
-285.281915	94.103979	-97.963983
-285.592621	93.948134	-98.070677
-285.911873	93.788002	-98.180306
-286.239669	93.623584	-98.292869
-286.576010	93.454880	-98.408367
-286.920897	93.281890	-98.526799
-287.274329	93.104614	-98.648165
-287.636306	92.923052	-98.772465
-288.006828	92.737204	-98.899700
-288.385895	92.547069	-99.029869
-288.773507	92.352649	-99.162973
-289.169664	92.153942	-99.299011
-289.574367	91.950949	-99.437983
-289.987614	91.743671	-99.579890
-290.409407	91.532106	-99.724730
-290.600482	91.436266	-99.790344
-290.800101	91.336139	-99.858892
-291.008266	91.231727	-99.930375
-291.224976	91.123028	-100.004792
-291.450231	91.010044	-100.082143
-291.684031	90.892773	-100.162428
-291.926377	90.771216	-100.245648
-292.177267	90.645373	-100.331802
-292.436702	90.515245	-100.420891
-292.704683	90.380829	-100.512914
-292.981209	90.242128	-100.607871
-293.266280	90.099141	-100.705762
-293.559896	89.951868	-100.806588
-293.862057	89.800308	-100.910348
-294.172763	89.644462	-101.017043
-294.492014	89.484331	-101.126672
