15.772142	200.711859	13.435299
15.754640	200.633594	13.399756
15.744164	200.551468	13.370190
15.740720	200.465483	13.346595
15.744312	200.375639	13.328967
15.754947	200.281938	13.317300
15.772628	200.184383	13.311589
15.797361	200.082974	13.311831
15.829151	199.977713	13.318018
15.868003	199.868602	13.330148
15.913922	199.755641	13.348214
15.966913	199.638833	13.372212
16.026981	199.518180	13.402136
16.094130	199.393682	13.437983
16.168366	199.265341	13.479747
16.249694	199.133159	13.527422
16.338118	198.997137	13.581006
16.433643	198.857277	13.640492
16.536274	198.713580	13.705876
16.646015	198.566048	13.777154
16.762872	198.414683	13.854321
16.886848	198.259485	13.937372
17.017949	198.100457	14.026303
17.156178	197.937600	14.121109
17.301540	197.770916	14.221786
17.454040	197.600406	14.328331
17.613681	197.426071	14.440738
17.780468	197.247914	14.559004
17.954405	197.065935	14.683124
18.135496	196.880137	14.813095
18.323746	196.690521	14.948912
18.519157	196.497088	15.090573
18.721734	196.299840	15.238072
18.931481	196.098779	15.391408
19.148401	195.893905	15.550575
19.372498	195.685222	15.715571
19.603776	195.472730	15.886391
19.842238	195.256430	16.063034
20.087887	195.036325	16.245495
20.340728	194.812416	16.433772
20.600763	194.584705	16.627861
20.867995	194.353193	16.827760
21.142428	194.117881	17.033465
21.424064	193.878772	17.244974
21.712908	193.635866	17.462284
22.008961	193.389166	17.685392
22.312227	193.138673	17.914296
22.622708	192.884389	18.148994
22.940408	192.626315	18.389482
23.265328	192.364453	18.635759
23.597473	192.098804	18.887822
23.747969	191.979321	19.002166
23.905694	191.856055	19.122293
24.070646	191.729004	19.248203
24.242829	191.598171	19.379894
24.422242	191.463556	19.517365
24.608887	191.325159	19.660615
24.802764	191.182982	19.809645
25.003876	191.037024	19.964451
25.212223	190.887288	20.125035
25.427806	190.733773	20.291395
25.650626	190.576480	20.463529
25.880684	190.415410	20.641439
26.117981	190.250564	20.825122
26.362518	190.081942	21.014577
26.614297	189.909545	21.209805
26.873317	189.733375	21.410804
27.139580	189.553430	21.617574
27.413087	189.369713	21.830114
27.693839	189.182224	22.048423
27.981837	188.990964	22.272501
28.277081	188.795933	22.502347
28.579573	188.597132	22.737960
28.889313	188.394562	22.979340
29.206302	188.188224	23.226487
29.530541	187.978119	23.479399
29.862031	187.764246	23.738076
30.200773	187.546607	24.002517
30.546767	187.325203	24.272722
30.704228	187.224834	24.395736
30.868941	187.120701	24.524512
31.040909	187.012803	24.659052
31.220131	186.901142	24.799355
31.406608	186.785718	24.945420
31.600340	186.666531	25.097247
31.801327	186.543581	25.254837
32.009570	186.416868	25.418189
32.225068	186.286394	25.587303
32.447823	186.152158	25.762178
32.677835	186.014161	25.942815
32.915103	185.872402	26.129213
33.159629	185.726883	26.321372
33.411412	185.577604	26.519292
33.670453	185.424565	26.722972
33.936752	185.267766	26.932413
34.210310	185.107208	27.147615
34.491127	184.942891	27.368577
34.779202	184.774815	27.595298
35.074537	184.602981	27.827780
35.377132	184.427389	28.066022
35.686987	184.248039	28.310023
36.004102	184.064933	28.559783
36.328477	183.878069	28.815303
36.660113	183.687448	29.076582
36.999011	183.493072	29.343621
37.345170	183.294939	29.616418
37.698590	183.093051	29.894974
37.858865	183.001671	30.021313
38.026401	182.906535	30.153411
38.201200	182.807644	30.291268
38.383261	182.704999	30.434883
38.572585	182.598599	30.584257
38.769171	182.488444	30.739389
38.973019	182.374536	30.900280
39.184131	182.256873	31.066929
39.402505	182.135456	31.239336
39.628142	182.010285	31.417502
39.861042	181.881361	31.601425
40.101206	181.748683	31.791107
40.348633	181.612252	31.986548
40.603323	181.472068	32.187746
40.865277	181.328130	32.394702
41.134494	181.180440	32.607417
41.410976	181.028997	32.825889
41.694721	180.873801	33.050120
41.985730	180.714853	33.280108
42.284003	180.552152	33.515854
42.589541	180.385700	33.757359
42.902342	180.215495	34.004621
43.222408	180.041539	34.257640
43.549739	179.863831	34.516418
43.884334	179.682372	34.780953
44.226194	179.497161	35.051246
44.575319	179.308199	35.327297
44.931709	179.115486	35.609105
45.093202	179.028240	35.736809
45.261960	178.937243	35.870269
45.437983	178.842495	36.009488
45.621271	178.743997	36.154464
45.811825	178.641748	36.305198
46.009643	178.535748	36.461689
46.214728	178.425999	36.623938
46.427077	178.312498	36.791945
46.646692	178.195248	36.965709
46.873572	178.074247	37.145230
47.107717	177.949496	37.330510
47.349129	177.820996	37.521546
47.597805	177.688745	37.718341
47.853748	177.552744	37.920893
48.116956	177.412993	38.129202
48.387429	177.269493	38.343269
48.665168	177.122243	38.563093
48.950174	176.971243	38.788675
49.242444	176.816494	39.020015
49.541981	176.657995	39.257112
49.848784	176.495747	39.499966
50.162852	176.329749	39.748578
50.484187	176.160002	40.002948
50.812788	175.986506	40.263075
51.148654	175.809261	40.528959
51.491787	175.628267	40.800601
51.842186	175.443524	41.078000
52.199851	175.255032	41.361157
52.361889	175.169672	41.489442
52.531194	175.080563	41.623485
52.707766	174.987706	41.763285
52.891603	174.891100	41.908843
53.082707	174.790745	42.060158
53.281077	174.686641	42.217231
53.486714	174.578789	42.380061
53.699616	174.467188	42.548649
53.919786	174.351839	42.722994
54.147221	174.232741	42.903096
54.381923	174.109895	43.088956
54.623891	173.983300	43.280574
54.873126	173.852957	43.477949
55.129627	173.718866	43.681081
55.393395	173.581026	43.889971
55.664429	173.439437	44.104618
55.942729	173.294101	44.325023
56.228296	173.145016	44.551185
56.521130	172.992183	44.783105
56.821230	172.835602	45.020782
57.128597	172.675272	45.264216
57.443230	172.511195	45.513408
57.765130	172.343369	45.768358
58.094297	172.171795	46.029065
58.430730	171.996473	46.295529
58.774430	171.817404	46.567751
59.125396	171.634586	46.845731
59.483629	171.448020	47.129468
59.645916	171.363519	47.258007
59.815470	171.275269	47.392304
59.992290	171.183271	47.532359
60.176377	171.087526	47.678170
60.367731	170.988033	47.829740
60.566351	170.884792	47.987067
60.772239	170.777803	48.150151
60.985393	170.667066	48.318993
61.205813	170.552582	48.493592
61.433501	170.434350	48.673949
61.668455	170.312370	48.860063
61.910676	170.186643	49.051935
62.160164	170.057167	49.249564
62.416919	169.923944	49.452951
62.680940	169.786974	49.662095
62.952228	169.646255	49.876996
63.230783	169.501789	50.097656
63.516605	169.353576	50.324072
63.809694	169.201615	50.556246
64.110049	169.045906	50.794178
64.417672	168.886450	51.037867
64.732561	168.723246	51.287314
65.054717	168.556294	51.542518
65.384140	168.385595	51.803479
65.720830	168.211149	52.070199
66.064786	168.032955	52.342675
66.416010	167.851013	52.620909
66.774500	167.665324	52.904901
66.936900	167.581212	53.033553
67.106568	167.493353	53.167962
67.283502	167.401746	53.308129
67.467703	167.306392	53.454053
67.659171	167.207290	53.605735
67.857906	167.104441	53.763175
68.063908	166.997845	53.926371
68.277176	166.887501	54.095326
68.497712	166.773410	54.270038
68.725515	166.655571	54.450507
68.960584	166.533985	54.636734
69.202921	166.408651	54.828719
69.452524	166.279571	55.026461
69.709394	166.146742	55.229960
69.973531	166.010167	55.439217
70.244936	165.869844	55.654231
70.523607	165.725774	55.875003
70.809545	165.577956	56.101533
71.102750	165.426391	56.333820
71.403222	165.271079	56.571865
71.710961	165.112020	56.815667
72.025966	164.949213	57.065226
72.348239	164.782659	57.320543
72.677779	164.612358	57.581618
73.014586	164.438309	57.848450
73.358660	164.260513	58.121040
73.710000	164.078970	58.399387
74.068608	163.893679	58.683492
74.231060	163.809745	58.812194
74.400780	163.722063	58.946653
74.577766	163.630633	59.086870
74.762019	163.535457	59.232845
74.953540	163.436533	59.384577
75.152327	163.333862	59.542066
75.358381	163.227444	59.705314
75.571702	163.117278	59.874318
75.792290	163.003366	60.049080
76.020146	162.885706	60.229600
76.255268	162.764299	60.415877
76.497657	162.639144	60.607912
76.747313	162.510243	60.805704
77.004236	162.377594	61.009254
77.268427	162.241198	61.218562
77.539884	162.101055	61.433627
77.818608	161.957165	61.654449
78.104599	161.809527	61.881029
78.397857	161.658142	62.113366
78.698383	161.503010	62.351461
79.006175	161.344131	62.595314
79.321234	161.181505	62.844924
79.643560	161.015131	63.100292
79.973154	160.845011	63.361417
80.310014	160.671143	63.628300
80.654141	160.493528	63.900940
81.005536	160.312166	64.179338
81.364197	160.127056	64.463493
81.526673	160.043202	64.592217
81.696416	159.955601	64.726699
81.873426	159.864252	64.866939
82.057703	159.769156	65.012936
82.249248	159.670313	65.164690
82.448059	159.567723	65.322202
82.654137	159.461386	65.485472
82.867482	159.351302	65.654499
83.088095	159.237470	65.829284
83.315974	159.119892	66.009826
83.551120	158.998566	66.196126
83.793534	158.873493	66.388183
84.043214	158.744673	66.585998
84.300161	158.612106	66.789571
84.564376	158.475791	66.998901
84.835857	158.335730	67.213988
85.114606	158.191921	67.434833
85.400621	158.044365	67.661436
85.693904	157.893063	67.893796
85.994453	157.738013	68.131913
86.302270	157.579215	68.375789
86.617354	157.416671	68.625421
86.939704	157.250380	68.880812
87.269322	157.080341	69.141960
87.606207	156.906556	69.408865
87.950358	156.729023	69.681528
88.301777	156.547743	69.959948
88.660463	156.362716	70.244126
88.822950	156.278898	70.372861
88.992704	156.191334	70.507353
89.169725	156.100022	70.647603
89.354013	156.004963	70.793610
89.545568	155.906157	70.945374
89.744391	155.803603	71.102897
89.950480	155.697303	71.266176
90.163836	155.587255	71.435214
90.384459	155.473461	71.610008
90.612350	155.355919	71.790561
90.847507	155.234630	71.976871
91.089932	155.109594	72.168938
91.339623	154.980811	72.366763
91.596581	154.848281	72.570346
91.860807	154.712004	72.779686
92.132300	154.571980	72.994784
92.411059	154.428208	73.215639
92.697086	154.280690	73.442252
92.990379	154.129424	73.674622
93.290940	153.974411	73.912750
93.598768	153.815651	74.156635
93.913863	153.653145	74.406278
94.236225	153.486890	74.661679
94.565854	153.316889	74.922837
94.902749	153.143141	75.189752
95.246912	152.965646	75.462426
95.598342	152.784403	75.740856
95.957040	152.599414	76.025045
96.119532	152.515613	76.153784
96.289291	152.428065	76.288280
96.466317	152.336769	76.428534
96.650610	152.241727	76.574546
96.842170	152.142938	76.726315
97.040997	152.040401	76.883842
97.247091	151.934117	77.047126
97.460453	151.824087	77.216168
97.681081	151.710309	77.390968
97.908976	151.592784	77.571525
98.144139	151.471512	77.757839
98.386568	151.346493	77.949911
98.636265	151.217727	78.147741
98.893228	151.085214	78.351328
99.157459	150.948953	78.560673
99.428956	150.808946	78.775775
99.707721	150.665191	78.996635
99.993753	150.517690	79.223252
100.287052	150.366441	79.455627
100.587618	150.211445	79.693760
100.895450	150.052702	79.937650
101.210550	149.890212	80.187297
101.532917	149.723975	80.442702
101.862551	149.553991	80.703865
102.199452	149.380260	80.970785
102.543620	149.202782	81.243463
102.895056	149.021556	81.521898
103.253758	148.836584	81.806091
103.416252	148.752790	81.934832
103.586013	148.665250	82.069331
103.763042	148.573962	82.209587
103.947337	148.478927	82.355601
104.138900	148.380145	82.507372
104.337729	148.277616	82.664901
104.543826	148.171340	82.828187
104.757189	148.061317	82.997231
104.977820	147.947547	83.172033
105.205718	147.830030	83.352592
105.440882	147.708766	83.538908
105.683314	147.583754	83.730982
105.933013	147.454996	83.928814
106.189979	147.322490	84.132403
106.454212	147.186238	84.341750
106.725712	147.046238	84.556855
107.004479	146.902491	84.777716
107.290513	146.754997	85.004336
107.583814	146.603756	85.236713
107.884382	146.448768	85.474847
108.192217	146.290033	85.718740
108.507319	146.127551	85.968389
108.829689	145.961321	86.223796
109.159325	145.791345	86.484961
109.496228	145.617621	86.751883
109.840399	145.440151	87.024563
110.191836	145.258933	87.303001
110.550541	145.073969	87.587196
110.713036	144.990179	87.715938
110.882799	144.902641	87.850437
111.059828	144.811357	87.990694
111.244124	144.716326	88.136709
111.435688	144.617548	88.288481
111.634519	144.515022	88.446011
111.840616	144.408750	88.609298
112.053981	144.298730	88.778343
112.274612	144.184963	88.953146
112.502511	144.067449	89.133706
112.737677	143.946189	89.320023
112.980110	143.821181	89.512098
113.229810	143.692426	89.709931
113.486777	143.559924	89.913521
113.751011	143.423674	90.122869
114.022512	143.283678	90.337974
114.301280	143.139935	90.558837
114.587315	142.992445	90.785457
114.880617	142.841207	91.017835
115.181186	142.686223	91.255971
115.489023	142.527491	91.499864
115.804126	142.365012	91.749514
116.126496	142.198786	92.004922
116.456134	142.028814	92.266088
116.793038	141.855094	92.533011
117.137210	141.677627	92.805692
117.488648	141.496412	93.084130
117.847354	141.311451	93.368326
118.009850	141.227663	93.497069
118.179612	141.140127	93.631569
118.356642	141.048845	93.771826
118.540939	140.953815	93.917841
118.732503	140.855038	94.069614
118.931334	140.752514	94.227144
119.137432	140.646243	94.390432
119.350797	140.536225	94.559477
119.571430	140.422460	94.734280
119.799329	140.304948	94.914841
120.034495	140.183689	95.101158
120.276928	140.058682	95.293234
120.526629	139.929929	95.491067
120.783596	139.797429	95.694658
121.047831	139.661181	95.904006
121.319332	139.521186	96.119112
121.598101	139.377445	96.339975
121.884136	139.229956	96.566596
122.177439	139.078720	96.798974
122.478009	138.923737	97.037110
122.785846	138.765007	97.281003
123.100949	138.602530	97.530654
123.423320	138.436306	97.786063
123.752958	138.266334	98.047229
124.089863	138.092616	98.314153
124.434035	137.915151	98.586834
124.785474	137.733938	98.865273
125.144180	137.548979	99.149469
125.306676	137.465191	99.278212
125.476439	137.377656	99.412712
125.653469	137.286374	99.552970
125.837767	137.191345	99.698985
126.029331	137.092569	99.850758
126.228162	136.990046	100.008288
126.434260	136.883776	100.171576
126.647626	136.773758	100.340622
126.868258	136.659994	100.515425
127.096157	136.542483	100.695985
127.331324	136.421224	100.882303
127.573757	136.296218	101.074379
127.823458	136.167466	101.272212
128.080426	136.034966	101.475803
128.344660	135.898719	101.685151
128.616162	135.758725	101.900257
128.894931	135.614984	102.121121
129.180967	135.467496	102.347742
129.474270	135.316261	102.580120
129.774840	135.161279	102.818256
130.082677	135.002550	103.062150
130.397781	134.840073	103.311801
130.720152	134.673850	103.567210
131.049790	134.503879	103.828376
131.386695	134.330162	104.095300
131.730867	134.152697	104.367982
132.082307	133.971485	104.646421
132.441013	133.786526	104.930617
132.603509	133.702739	105.059360
132.773272	133.615204	105.193860
132.950302	133.523923	105.334118
133.134600	133.428894	105.480133
133.326164	133.330118	105.631906
133.524995	133.227596	105.789437
133.731094	133.121326	105.952725
133.944459	133.011309	106.121770
134.165092	132.897545	106.296573
134.392991	132.780034	106.477134
134.628158	132.658775	106.663452
134.870591	132.533770	106.855528
135.120292	132.405018	107.053361
135.377260	132.272518	107.256952
135.641495	132.136272	107.466301
135.912996	131.996278	107.681407
136.191765	131.852538	107.902270
136.477801	131.705050	108.128891
136.771104	131.553815	108.361270
137.071674	131.398833	108.599406
137.379511	131.240104	108.843300
137.694616	131.077628	109.092951
138.016987	130.911405	109.348360
138.346625	130.741435	109.609527
138.683530	130.567718	109.876450
139.027703	130.390253	110.149132
139.379142	130.209042	110.427571
139.737848	130.024083	110.711768
139.900345	129.940296	110.840510
140.070108	129.852762	110.975011
140.247138	129.761480	111.115269
140.431435	129.666452	111.261284
140.623000	129.567676	111.413057
140.821831	129.465154	111.570587
141.027929	129.358884	111.733876
141.241295	129.248867	111.902921
141.461927	129.135103	112.077724
141.689827	129.017592	112.258285
141.924994	128.896334	112.444603
142.167427	128.771329	112.636679
142.417128	128.642577	112.834512
142.674096	128.510078	113.038103
142.938331	128.373831	113.247452
143.209833	128.233838	113.462558
143.488602	128.090097	113.683421
143.774638	127.942610	113.910043
144.067941	127.791375	114.142421
144.368511	127.636393	114.380558
144.676348	127.477664	114.624451
144.991452	127.315189	114.874103
145.313823	127.148966	115.129512
145.643462	126.978996	115.390678
145.980367	126.805278	115.657602
146.324539	126.627814	115.930284
146.675979	126.446603	116.208723
147.034685	126.261645	116.492919
147.197181	126.177857	116.621662
147.366945	126.090323	116.756162
147.543975	125.999042	116.896420
147.728272	125.904013	117.042436
147.919837	125.805238	117.194209
148.118668	125.702715	117.351739
148.324766	125.596446	117.515027
148.538132	125.486429	117.684073
148.758764	125.372665	117.858876
148.986664	125.255154	118.039437
149.221831	125.133896	118.225755
149.464264	125.008891	118.417831
149.713965	124.880139	118.615664
149.970933	124.747640	118.819255
150.235168	124.611393	119.028604
150.506670	124.471400	119.243710
150.785439	124.327660	119.464573
151.071475	124.180172	119.691195
151.364778	124.028938	119.923573
151.665348	123.873956	120.161710
151.973185	123.715227	120.405603
152.288289	123.552751	120.655255
152.610661	123.386528	120.910664
152.940299	123.216559	121.171830
153.277204	123.042841	121.438754
153.621377	122.865377	121.711436
153.972816	122.684166	121.989875
154.331523	122.499208	122.274071
154.494019	122.415421	122.402814
154.663782	122.327886	122.537315
154.840812	122.236605	122.677572
155.025110	122.141577	122.823588
155.216674	122.042801	122.975361
155.415505	121.940279	123.132891
155.621604	121.834009	123.296179
155.834969	121.723992	123.465225
156.055602	121.610228	123.640028
156.283502	121.492718	123.820589
156.518668	121.371460	124.006907
156.761102	121.246455	124.198983
157.010803	121.117703	124.396817
157.267771	120.985203	124.600408
157.532005	120.848957	124.809756
157.803507	120.708964	125.024862
158.082276	120.565223	125.245726
158.368312	120.417736	125.472347
158.661615	120.266501	125.704726
158.962186	120.111520	125.942862
159.270023	119.952791	126.186756
159.585127	119.790315	126.436407
159.907498	119.624092	126.691816
160.237137	119.454122	126.952982
160.574042	119.280405	127.219906
160.918214	119.102941	127.492588
161.269654	118.921730	127.771027
161.628360	118.736772	128.055224
161.790857	118.652985	128.183967
161.960620	118.565451	128.318467
162.137650	118.474169	128.458725
162.321947	118.379141	128.604740
162.513512	118.280365	128.756513
162.712343	118.177843	128.914044
162.918442	118.071573	129.077332
163.131807	117.961556	129.246378
163.352440	117.847793	129.421181
163.580339	117.730282	129.601741
163.815506	117.609024	129.788060
164.057940	117.484019	129.980136
164.307641	117.355267	130.177969
164.564608	117.222768	130.381560
164.828843	117.086521	130.590908
165.100345	116.946528	130.806015
165.379114	116.802788	131.026878
165.665150	116.655300	131.253499
165.958453	116.504066	131.485878
166.259023	116.349084	131.724014
166.566861	116.190355	131.967908
166.881965	116.027880	132.217560
167.204336	115.861657	132.472968
167.533974	115.691687	132.734135
167.870880	115.517970	133.001059
168.215052	115.340506	133.273741
168.566492	115.159295	133.552180
168.925198	114.974337	133.836376
169.087694	114.890549	133.965119
169.257458	114.803015	134.099619
169.434488	114.711734	134.239877
169.618785	114.616705	134.385893
169.810350	114.517930	134.537666
170.009181	114.415407	134.695196
170.215279	114.309138	134.858484
170.428645	114.199121	135.027530
170.649278	114.085357	135.202333
170.877177	113.967846	135.382894
171.112344	113.846589	135.569212
171.354778	113.721584	135.761288
171.604478	113.592831	135.959122
171.861446	113.460332	136.162712
172.125681	113.324086	136.372061
172.397183	113.184093	136.587167
172.675952	113.040352	136.808031
172.961988	112.892865	137.034652
173.255291	112.741630	137.267031
173.555861	112.586649	137.505167
173.863698	112.427920	137.749061
174.178803	112.265444	137.998712
174.501174	112.099221	138.254121
174.830812	111.929252	138.515287
175.167718	111.755535	138.782211
175.511890	111.578071	139.054893
175.863329	111.396859	139.333332
176.222036	111.211901	139.617529
176.384532	111.128114	139.746272
176.554295	111.040580	139.880772
176.731326	110.949298	140.021030
176.915623	110.854270	140.167045
177.107187	110.755495	140.318818
177.306019	110.652972	140.476349
177.512117	110.546702	140.639637
177.725483	110.436686	140.808683
177.946115	110.322922	140.983486
178.174015	110.205411	141.164047
178.409182	110.084153	141.350365
178.651615	109.959148	141.542441
178.901316	109.830396	141.740274
179.158284	109.697897	141.943865
179.422519	109.561651	142.153214
179.694021	109.421657	142.368320
179.972790	109.277917	142.589183
180.258826	109.130430	142.815804
180.552129	108.979195	143.048183
180.852699	108.824214	143.286319
181.160536	108.665485	143.530213
181.475640	108.503009	143.779865
181.798012	108.336786	144.035274
182.127650	108.166816	144.296440
182.464555	107.993099	144.563364
182.808728	107.815635	144.836046
183.160167	107.634424	145.114485
183.518874	107.449466	145.398681
183.681370	107.365679	145.527424
183.851133	107.278145	145.661925
184.028164	107.186863	145.802182
184.212461	107.091835	145.948198
184.404025	106.993059	146.099971
184.602857	106.890537	146.257501
184.808955	106.784267	146.420789
185.022321	106.674251	146.589835
185.242953	106.560487	146.764638
185.470853	106.442976	146.945199
185.706020	106.321718	147.131517
185.948453	106.196713	147.323593
186.198154	106.067961	147.521427
186.455122	105.935462	147.725018
186.719357	105.799216	147.934366
186.990859	105.659222	148.149472
187.269628	105.515482	148.370336
187.555664	105.367994	148.596957
187.848967	105.216760	148.829336
188.149537	105.061778	149.067472
188.457374	104.903050	149.311366
188.772478	104.740574	149.561017
189.094850	104.574351	149.816426
189.424488	104.404381	150.077593
189.761393	104.230664	150.344517
190.105566	104.053200	150.617198
190.457005	103.871989	150.895637
190.815712	103.687031	151.179834
190.978208	103.603244	151.308577
191.147971	103.515709	151.443077
191.325001	103.424428	151.583335
191.509299	103.329400	151.729350
191.700863	103.230624	151.881123
191.899695	103.128102	152.038654
192.105793	103.021832	152.201942
192.319159	102.911815	152.370988
192.539791	102.798052	152.545791
192.767691	102.680541	152.726352
193.002857	102.559283	152.912670
193.245291	102.434278	153.104746
193.494992	102.305526	153.302579
193.751960	102.173027	153.506170
194.016195	102.036780	153.715519
194.287697	101.896787	153.930625
194.566466	101.753047	154.151488
194.852502	101.605559	154.378110
195.145805	101.454325	154.610488
195.446375	101.299343	154.848625
195.754212	101.140614	155.092518
196.069316	100.978139	155.342170
196.391688	100.811916	155.597579
196.721326	100.641946	155.858745
197.058231	100.468229	156.125669
197.402404	100.290765	156.398351
197.753843	100.109554	156.676790
198.112550	99.924596	156.960987
198.275046	99.840808	157.089729
198.444809	99.753274	157.224230
198.621839	99.661993	157.364488
198.806137	99.566965	157.510503
198.997701	99.468189	157.662276
199.196533	99.365666	157.819807
199.402631	99.259397	157.983095
199.615997	99.149380	158.152140
199.836629	99.035616	158.326943
200.064529	98.918106	158.507504
200.299695	98.796848	158.693823
200.542129	98.671843	158.885898
200.791830	98.543091	159.083732
201.048798	98.410591	159.287323
201.313033	98.274345	159.496671
201.584535	98.134352	159.711777
201.863304	97.990612	159.932641
202.149340	97.843124	160.159262
202.442643	97.691890	160.391641
202.743213	97.536908	160.629777
203.051050	97.378179	160.873671
203.366154	97.215704	161.123322
203.688525	97.049481	161.378731
204.018164	96.879511	161.639898
204.355069	96.705794	161.906822
204.699242	96.528330	162.179503
205.050681	96.347119	162.457942
205.409388	96.162160	162.742139
205.571884	96.078373	162.870882
205.741647	95.990839	163.005382
205.918677	95.899558	163.145640
206.102975	95.804529	163.291656
206.294539	95.705754	163.443429
206.493370	95.603231	163.600959
206.699469	95.496962	163.764247
206.912834	95.386945	163.933293
207.133467	95.273181	164.108096
207.361367	95.155670	164.288657
207.596533	95.034413	164.474975
207.838967	94.909408	164.667051
208.088668	94.780655	164.864884
208.345636	94.648156	165.068475
208.609871	94.511910	165.277824
208.881372	94.371917	165.492930
209.160141	94.228176	165.713794
209.446177	94.080689	165.940415
209.739481	93.929454	166.172793
210.040051	93.774473	166.410930
210.347888	93.615744	166.654824
210.662992	93.453268	166.904475
210.985363	93.287046	167.159884
211.315002	93.117076	167.421050
211.651907	92.943359	167.687974
211.996080	92.765895	167.960656
212.347519	92.584683	168.239095
212.706226	92.399725	168.523292
212.868722	92.315938	168.652035
213.038485	92.228404	168.786535
213.215515	92.137123	168.926793
213.399813	92.042094	169.072808
213.591377	91.943319	169.224581
213.790208	91.840796	169.382112
213.996307	91.734527	169.545400
214.209672	91.624510	169.714445
214.430305	91.510746	169.889249
214.658205	91.393235	170.069809
214.893371	91.271977	170.256128
215.135805	91.146972	170.448204
215.385506	91.018220	170.646037
215.642474	90.885721	170.849628
215.906708	90.749475	171.058976
216.178210	90.609482	171.274082
216.456979	90.465741	171.494946
216.743015	90.318254	171.721567
217.036318	90.167019	171.953946
217.336889	90.012038	172.192082
217.644726	89.853309	172.435976
217.959830	89.690833	172.685627
218.282201	89.524610	172.941036
218.611840	89.354641	173.202203
218.948745	89.180924	173.469127
219.292917	89.003459	173.741808
219.644357	88.822248	174.020248
220.003063	88.637290	174.304444
220.165560	88.553503	174.433187
220.335323	88.465969	174.567687
220.512353	88.374687	174.707945
220.696650	88.279659	174.853961
220.888215	88.180884	175.005734
221.087046	88.078361	175.163264
221.293145	87.972091	175.326552
221.506510	87.862075	175.495598
221.727143	87.748311	175.670401
221.955042	87.630800	175.850962
222.190209	87.509542	176.037280
222.432643	87.384537	176.229356
222.682344	87.255785	176.427190
222.939311	87.123286	176.630780
223.203546	86.987040	176.840129
223.475048	86.847046	177.055235
223.753817	86.703306	177.276099
224.039853	86.555819	177.502720
224.333156	86.404584	177.735099
224.633727	86.249603	177.973235
224.941564	86.090874	178.217129
225.256668	85.928398	178.466780
225.579039	85.762175	178.722189
225.908678	85.592205	178.983355
226.245583	85.418488	179.250279
226.589755	85.241024	179.522961
226.941195	85.059813	179.801400
227.299901	84.874855	180.085597
227.462398	84.791068	180.214340
227.632161	84.703534	180.348840
227.809191	84.612252	180.489098
227.993488	84.517224	180.635113
228.185053	84.418448	180.786886
228.383884	84.315926	180.944417
228.589983	84.209656	181.107705
228.803348	84.099640	181.276751
229.023981	83.985876	181.451554
229.251880	83.868365	181.632115
229.487047	83.747107	181.818433
229.729481	83.622102	182.010509
229.979182	83.493350	182.208342
230.236149	83.360851	182.411933
230.500384	83.224605	182.621282
230.771886	83.084611	182.836388
231.050655	82.940871	183.057251
231.336691	82.793383	183.283872
231.629994	82.642149	183.516251
231.930564	82.487167	183.754387
232.238402	82.328439	183.998281
232.553506	82.165963	184.247933
232.875877	81.999740	184.503342
233.205515	81.829770	184.764508
233.542421	81.656053	185.031432
233.886593	81.478589	185.304114
234.238033	81.297378	185.582553
234.596739	81.112420	185.866749
234.759235	81.028633	185.995492
234.928999	80.941098	186.129993
235.106029	80.849817	186.270250
235.290326	80.754789	186.416266
235.481891	80.656013	186.568039
235.680722	80.553491	186.725569
235.886821	80.447221	186.888858
236.100186	80.337204	187.057903
236.320819	80.223441	187.232706
236.548718	80.105930	187.413267
236.783885	79.984672	187.599585
237.026319	79.859667	187.791661
237.276019	79.730915	187.989495
237.532987	79.598416	188.193086
237.797222	79.462169	188.402434
238.068724	79.322176	188.617540
238.347493	79.178436	188.838404
238.633529	79.030948	189.065025
238.926832	78.879714	189.297404
239.227402	78.724732	189.535540
239.535240	78.566004	189.779434
239.850344	78.403528	190.029085
240.172715	78.237305	190.284494
240.502353	78.067335	190.545661
240.839259	77.893618	190.812585
241.183431	77.716154	191.085266
241.534871	77.534943	191.363705
241.893577	77.349985	191.647902
242.056073	77.266198	191.776645
242.225837	77.178663	191.911145
242.402867	77.087382	192.051403
242.587164	76.992354	192.197418
242.778729	76.893578	192.349191
242.977560	76.791056	192.506722
243.183658	76.684786	192.670010
243.397024	76.574769	192.839056
243.617657	76.461005	193.013859
