-18.102146	218.058235	-21.542147
-18.113888	217.923325	-21.524697
-18.131476	217.784222	-21.514194
-18.154915	217.640928	-21.510633
-18.184211	217.493446	-21.514012
-18.219370	217.341778	-21.524327
-18.260396	217.185926	-21.541574
-18.307296	217.025891	-21.565750
-18.360075	216.861678	-21.596852
-18.418740	216.693286	-21.634877
-18.483294	216.520720	-21.679820
-18.553744	216.343980	-21.731678
-18.630096	216.163069	-21.790449
-18.712354	215.977990	-21.856129
-18.800525	215.788744	-21.928714
-18.894613	215.595334	-22.008201
-18.994625	215.397762	-22.094587
-19.100564	215.196030	-22.187869
-19.212437	214.990140	-22.288044
-19.330249	214.780094	-22.395108
-19.454004	214.565896	-22.509058
-19.583708	214.347546	-22.629891
-19.719367	214.125047	-22.757605
-19.860984	213.898401	-22.892195
-20.008566	213.667611	-23.033660
-20.162116	213.432679	-23.181996
-20.321640	213.193607	-23.337201
-20.487142	212.950397	-23.499271
-20.658628	212.703051	-23.668204
-20.836101	212.451572	-23.843997
-21.019567	212.195962	-24.026647
-21.209030	211.936223	-24.216153
-21.404494	211.672358	-24.412511
-21.605964	211.404367	-24.615718
-21.813444	211.132255	-24.825773
-22.026938	210.856023	-25.042673
-22.246451	210.575673	-25.266415
-22.471987	210.291208	-25.496998
-22.703549	210.002629	-25.734419
-22.941143	209.709940	-25.978676
-23.184771	209.413142	-26.229766
-23.434438	209.112238	-26.487688
-23.690147	208.807229	-26.752440
-23.951902	208.498119	-27.024020
-24.219708	208.184909	-27.302426
-24.340493	208.044962	-27.428226
-24.467333	207.900918	-27.560849
-24.600229	207.752779	-27.700295
-24.739184	207.600545	-27.846562
-24.884199	207.444219	-27.999651
-25.035275	207.283800	-28.159559
-25.192414	207.119290	-28.326287
-25.355617	206.950690	-28.499834
-25.524886	206.778001	-28.680198
-25.700222	206.601224	-28.867380
-25.881627	206.420360	-29.061379
-26.069103	206.235410	-29.262193
-26.262649	206.046374	-29.469823
-26.462269	205.853255	-29.684267
-26.667963	205.656052	-29.905526
-26.879733	205.454768	-30.133597
-27.097581	205.249403	-30.368482
-27.321506	205.039957	-30.610179
-27.551512	204.826433	-30.858687
-27.787598	204.608831	-31.114007
-28.029767	204.387153	-31.376137
-28.278020	204.161398	-31.645077
-28.532358	203.931569	-31.920827
-28.792782	203.697666	-32.203386
-29.059293	203.459691	-32.492753
-29.331893	203.217644	-32.788928
-29.610583	202.971526	-33.091911
-29.895364	202.721339	-33.401701
-30.186238	202.467083	-33.718298
-30.316589	202.353694	-33.860254
-30.453034	202.236238	-34.009016
-30.595574	202.114715	-34.164584
-30.744209	201.989127	-34.326957
-30.898939	201.859473	-34.496137
-31.059765	201.725753	-34.672122
-31.226687	201.587970	-34.854912
-31.399706	201.446122	-35.044508
-31.578823	201.300210	-35.240909
-31.764037	201.150235	-35.444114
-31.955349	200.996198	-35.654125
-32.152761	200.838098	-35.870940
-32.356271	200.675936	-36.094559
-32.565881	200.509713	-36.324983
-32.781591	200.339429	-36.562211
-33.003402	200.165085	-36.806244
-33.231314	199.986681	-37.057080
-33.465327	199.804217	-37.314720
-33.705442	199.617694	-37.579164
-33.951660	199.427113	-37.850412
-34.203980	199.232474	-38.128463
-34.462403	199.033777	-38.413318
-34.726931	198.831023	-38.704976
-34.997562	198.624212	-39.003438
-35.274297	198.413346	-39.308702
-35.557138	198.198423	-39.620770
-35.846083	197.979446	-39.939641
-36.141135	197.756413	-40.265314
-36.275067	197.655422	-40.413175
-36.415106	197.550377	-40.567839
-36.561251	197.441278	-40.729305
-36.713503	197.328125	-40.897575
-36.871862	197.210919	-41.072647
-37.036327	197.089660	-41.254522
-37.206900	196.964348	-41.443199
-37.383580	196.834984	-41.638679
-37.566368	196.701566	-41.840962
-37.755263	196.564097	-42.050048
-37.950266	196.422575	-42.265936
-38.151377	196.277002	-42.488626
-38.358596	196.127377	-42.718119
-38.571923	195.973700	-42.954415
-38.791359	195.815973	-43.197513
-39.016904	195.654194	-43.447414
-39.248557	195.488365	-43.704117
-39.486320	195.318485	-43.967623
-39.730191	195.144555	-44.237931
-39.980172	194.966574	-44.515042
-40.236262	194.784544	-44.798955
-40.498462	194.598464	-45.089670
-40.766772	194.408335	-45.387188
-41.041191	194.214157	-45.691509
-41.321721	194.015929	-46.002631
-41.608360	193.813653	-46.320556
-41.901111	193.607328	-46.645284
-42.199971	193.396955	-46.976814
-42.335427	193.301718	-47.127086
-42.476993	193.202433	-47.284161
-42.624669	193.099101	-47.448039
-42.778457	192.991720	-47.618719
-42.938356	192.880292	-47.796201
-43.104365	192.764817	-47.980485
-43.276486	192.645293	-48.171572
-43.454718	192.521723	-48.369461
-43.639061	192.394105	-48.574153
-43.829515	192.262440	-48.785647
-44.026080	192.126727	-49.003944
-44.228758	191.986968	-49.229043
-44.437546	191.843162	-49.460944
-44.652446	191.695309	-49.699647
-44.873458	191.543409	-49.945154
-45.100581	191.387463	-50.197462
-45.333816	191.227470	-50.456573
-45.573163	191.063431	-50.722486
-45.818621	190.895345	-50.995202
-46.070192	190.723214	-51.274720
-46.327874	190.547036	-51.561041
-46.591669	190.366812	-51.854164
-46.861575	190.182542	-52.154089
-47.137594	189.994227	-52.460817
-47.419725	189.801866	-52.774347
-47.707968	189.605459	-53.094680
-48.002323	189.405007	-53.421815
-48.302791	189.200509	-53.755753
-48.438925	189.107908	-53.907055
-48.581172	189.011261	-54.065160
-48.729531	188.910569	-54.230068
-48.884003	188.805832	-54.401778
-49.044587	188.697050	-54.580291
-49.211284	188.584223	-54.765606
-49.384093	188.467351	-54.957723
-49.563015	188.346434	-55.156643
-49.748050	188.221471	-55.362366
-49.939197	188.092465	-55.574891
-50.136457	187.959413	-55.794218
-50.339830	187.822316	-56.020348
-50.549315	187.681175	-56.253281
-50.764913	187.535989	-56.493016
-50.986625	187.386759	-56.739554
-51.214448	187.233484	-56.992894
-51.448385	187.076164	-57.253037
-51.688435	186.914800	-57.519983
-51.934597	186.749392	-57.793731
-52.186873	186.579939	-58.074281
-52.445261	186.406442	-58.361634
-52.709763	186.228900	-58.655790
-52.980377	186.047314	-58.956749
-53.257104	185.861684	-59.264509
-53.539945	185.672010	-59.579073
-53.828899	185.478292	-59.900439
-54.123965	185.280530	-60.228608
-54.425145	185.078723	-60.563579
-54.561588	184.987322	-60.715333
-54.704145	184.891877	-60.873889
-54.852814	184.792389	-61.039247
-55.007597	184.688856	-61.211409
-55.168493	184.581279	-61.390373
-55.335502	184.469659	-61.576139
-55.508624	184.353995	-61.768709
-55.687860	184.234286	-61.968081
-55.873209	184.110535	-62.174255
-56.064671	183.982739	-62.387232
-56.262246	183.850899	-62.607012
-56.465935	183.715016	-62.833595
-56.675737	183.575089	-63.066980
-56.891652	183.431119	-63.307168
-57.113680	183.283105	-63.554159
-57.341822	183.131047	-63.807952
-57.576077	182.974946	-64.068548
-57.816445	182.814801	-64.335947
-58.062927	182.650612	-64.610148
-58.315522	182.482380	-64.891152
-58.574231	182.310104	-65.178959
-58.839053	182.133785	-65.473568
-59.109988	181.953422	-65.774980
-59.387036	181.769016	-66.083195
-59.670198	181.580567	-66.398213
-59.959474	181.388074	-66.720033
-60.254863	181.191537	-67.048656
-60.556365	180.990958	-67.384082
-60.692950	180.900102	-67.536035
-60.835648	180.805204	-67.694792
-60.984460	180.706262	-67.860351
-61.139386	180.603277	-68.032712
-61.300425	180.496249	-68.211877
-61.467577	180.385177	-68.397844
-61.640843	180.270062	-68.590614
-61.820222	180.150904	-68.790187
-62.005715	180.027702	-68.996562
-62.197321	179.900457	-69.209740
-62.395041	179.769169	-69.429721
-62.598874	179.633838	-69.656505
-62.808820	179.494463	-69.890091
-63.024881	179.351046	-70.130481
-63.247054	179.203585	-70.377673
-63.475342	179.052080	-70.631667
-63.709742	178.896533	-70.892465
-63.950256	178.736943	-71.160065
-64.196884	178.573309	-71.434468
-64.449626	178.405632	-71.715674
-64.708480	178.233912	-72.003682
-64.973449	178.058149	-72.298494
-65.244531	177.878342	-72.600108
-65.521726	177.694493	-72.908525
-65.805035	177.506600	-73.223744
-66.094457	177.314665	-73.545767
-66.389994	177.118686	-73.874592
-66.691643	176.918664	-74.210220
-66.828293	176.828057	-74.362263
-66.971057	176.733407	-74.521109
-67.119935	176.634714	-74.686757
-67.274926	176.531978	-74.859209
-67.436030	176.425199	-75.038463
-67.603248	176.314376	-75.224520
-67.776580	176.199511	-75.417380
-67.956025	176.080603	-75.617042
-68.141584	175.957651	-75.823508
-68.333256	175.830657	-76.036776
-68.531042	175.699619	-76.256847
-68.734942	175.564539	-76.483720
-68.944955	175.425415	-76.717397
-69.161082	175.282249	-76.957876
-69.383322	175.135039	-77.205158
-69.611676	174.983787	-77.459243
-69.846144	174.828491	-77.720131
-70.086725	174.669153	-77.987822
-70.333420	174.505771	-78.262315
-70.586228	174.338347	-78.543611
-70.845150	174.166879	-78.831710
-71.110185	173.991369	-79.126612
-71.381335	173.811816	-79.428316
-71.658597	173.628219	-79.736824
-71.941974	173.440580	-80.052134
-72.231464	173.248898	-80.374247
-72.527067	173.053173	-80.703163
-72.828785	172.853404	-81.038882
-72.965465	172.762910	-81.190965
-73.108259	172.668373	-81.349851
-73.257166	172.569793	-81.515540
-73.412187	172.467170	-81.688031
-73.573322	172.360504	-81.867326
-73.740570	172.249795	-82.053423
-73.913932	172.135043	-82.246323
-74.093408	172.016248	-82.446026
-74.278997	171.893410	-82.652532
-74.470700	171.766530	-82.865841
-74.668516	171.635606	-83.085952
-74.872446	171.500640	-83.312866
-75.082490	171.361630	-83.546583
-75.298647	171.218578	-83.787103
-75.520918	171.071483	-84.034426
-75.749303	170.920345	-84.288551
-75.983801	170.765164	-84.549480
-76.224413	170.605940	-84.817211
-76.471138	170.442673	-85.091745
-76.723978	170.275363	-85.373082
-76.982930	170.104011	-85.661221
-77.247997	169.928615	-85.956164
-77.519177	169.749177	-86.257909
-77.796471	169.565696	-86.566457
-78.079878	169.378171	-86.881808
-78.369399	169.186604	-87.203962
-78.665033	168.990994	-87.532919
-78.966782	168.791342	-87.868678
-79.103476	168.700899	-88.020780
-79.246283	168.606413	-88.179684
-79.395205	168.507884	-88.345391
-79.550239	168.405312	-88.517901
-79.711388	168.298698	-88.697213
-79.878650	168.188040	-88.883329
-80.052026	168.073340	-89.076247
-80.231515	167.954597	-89.275968
-80.417119	167.831811	-89.482492
-80.608835	167.704982	-89.695819
-80.806666	167.574110	-89.915949
-81.010610	167.439196	-90.142881
-81.220668	167.300238	-90.376616
-81.436839	167.157238	-90.617155
-81.659124	167.010195	-90.864496
-81.887523	166.859108	-91.118639
-82.122035	166.703980	-91.379586
-82.362661	166.544808	-91.647336
-82.609401	166.381593	-91.921888
-82.862254	166.214336	-92.203243
-83.121221	166.043035	-92.491401
-83.386301	165.867692	-92.786362
-83.657496	165.688306	-93.088126
-83.934803	165.504877	-93.396692
-84.218225	165.317405	-93.712062
-84.507760	165.125891	-94.034234
-84.803409	164.930333	-94.363209
-85.105171	164.730733	-94.698987
-85.241872	164.640313	-94.851096
-85.384686	164.545851	-95.010009
-85.533613	164.447345	-95.175724
-85.688654	164.344797	-95.348242
-85.849809	164.238206	-95.527563
-86.017078	164.127572	-95.713686
-86.190460	164.012895	-95.906613
-86.369956	163.894175	-96.106342
-86.555566	163.771413	-96.312874
-86.747289	163.644607	-96.526209
-86.945126	163.513759	-96.746347
-87.149076	163.378868	-96.973288
-87.359140	163.239934	-97.207032
-87.575318	163.096958	-97.447578
-87.797609	162.949938	-97.694927
-88.026015	162.798876	-97.949080
-88.260533	162.643770	-98.210034
-88.501166	162.484622	-98.477792
-88.747912	162.321431	-98.752353
-89.000772	162.154198	-99.033716
-89.259745	161.982921	-99.321883
-89.524832	161.807602	-99.616852
-89.796033	161.628239	-99.918624
-90.073347	161.444834	-100.227199
-90.356775	161.257386	-100.542576
-90.646317	161.065896	-100.864757
-90.941972	160.870362	-101.193740
-91.243741	160.670785	-101.529526
-91.380444	160.580376	-101.681640
-91.523261	160.485924	-101.840556
-91.672192	160.387430	-102.006275
-91.827236	160.284892	-102.178796
-91.988394	160.178311	-102.358121
-92.155665	160.067688	-102.544248
-92.329050	159.953022	-102.737179
-92.508549	159.834313	-102.936912
-92.694162	159.711561	-103.143448
-92.885888	159.584767	-103.356786
-93.083728	159.453929	-103.576928
-93.287681	159.319049	-103.803873
-93.497748	159.180126	-104.037620
-93.713929	159.037160	-104.278170
-93.936223	158.890151	-104.525523
-94.164631	158.739099	-104.779679
-94.399153	158.584005	-105.040638
-94.639789	158.424868	-105.308399
-94.886538	158.261688	-105.582963
-95.139400	158.094465	-105.864331
-95.398377	157.923199	-106.152501
-95.663467	157.747890	-106.447474
-95.934670	157.568539	-106.749249
-96.211988	157.385145	-107.057828
-96.495419	157.197707	-107.373210
-96.784963	157.006228	-107.695394
-97.080622	156.810705	-108.024381
-97.382394	156.611139	-108.360171
-97.519098	156.520735	-108.512286
-97.661917	156.426288	-108.671204
-97.810848	156.327798	-108.836924
-97.965894	156.225265	-109.009448
-98.127053	156.118689	-109.188774
-98.294326	156.008071	-109.374903
-98.467712	155.893410	-109.567835
-98.647212	155.774706	-109.767570
-98.832826	155.651959	-109.974107
-99.024554	155.525169	-110.187448
-99.222395	155.394336	-110.407591
-99.426350	155.259461	-110.634537
-99.636418	155.120543	-110.868286
-99.852600	154.977582	-111.108838
-100.074896	154.830578	-111.356193
-100.303305	154.679531	-111.610350
-100.537829	154.524442	-111.871311
-100.778465	154.365309	-112.139074
-101.025216	154.202134	-112.413640
-101.278080	154.034916	-112.695009
-101.537058	153.863655	-112.983181
-101.802149	153.688351	-113.278155
-102.073354	153.509005	-113.579933
-102.350673	153.325616	-113.888513
-102.634105	153.138183	-114.203896
-102.923651	152.946709	-114.526082
-103.219311	152.751191	-114.855071
-103.521084	152.551630	-115.190863
-103.657789	152.461228	-115.342979
-103.800608	152.366783	-115.501897
-103.949541	152.268295	-115.667618
-104.104587	152.165765	-115.840143
-104.265747	152.059191	-116.019470
-104.433020	151.948575	-116.205599
-104.606407	151.833916	-116.398532
-104.785908	151.715214	-116.598268
-104.971522	151.592469	-116.804806
-105.163250	151.465682	-117.018147
-105.361092	151.334852	-117.238291
-105.565047	151.199978	-117.465238
-105.775117	151.061062	-117.698988
-105.991299	150.918104	-117.939541
-106.213596	150.771102	-118.186896
-106.442006	150.620057	-118.441055
-106.676529	150.464970	-118.702016
-106.917167	150.305840	-118.969780
-107.163918	150.142667	-119.244347
-107.416783	149.975451	-119.525716
-107.675761	149.804193	-119.813889
-107.940853	149.628891	-120.108864
-108.212059	149.449547	-120.410642
-108.489378	149.266160	-120.719224
-108.772811	149.078730	-121.034607
-109.062358	148.887257	-121.356794
-109.358018	148.691742	-121.685784
-109.659792	148.492183	-122.021576
-109.796497	148.401782	-122.173692
-109.939317	148.307338	-122.332611
-110.088249	148.208852	-122.498333
-110.243296	148.106322	-122.670857
-110.404456	147.999750	-122.850185
-110.571729	147.889135	-123.036315
-110.745117	147.774476	-123.229248
-110.924618	147.655776	-123.428984
-111.110233	147.533032	-123.635523
-111.301961	147.406245	-123.848864
-111.499803	147.275416	-124.069009
-111.703759	147.140544	-124.295956
-111.913828	147.001629	-124.529706
-112.130011	146.858671	-124.770259
-112.352308	146.711670	-125.017615
-112.580718	146.560627	-125.271774
-112.815242	146.405541	-125.532735
-113.055880	146.246412	-125.800499
-113.302631	146.083240	-126.075067
-113.555496	145.916025	-126.356437
-113.814475	145.744767	-126.644610
-114.079567	145.569467	-126.939585
-114.350773	145.390124	-127.241364
-114.628093	145.206738	-127.549945
-114.911526	145.019309	-127.865330
-115.201073	144.827837	-128.187517
-115.496734	144.632323	-128.516507
-115.798508	144.432765	-128.852300
-115.935213	144.342365	-129.004416
-116.078033	144.247921	-129.163335
-116.226965	144.149435	-129.329057
-116.382012	144.046906	-129.501581
-116.543172	143.940334	-129.680909
-116.710446	143.829719	-129.867039
-116.883833	143.715062	-130.059972
-117.063335	143.596361	-130.259708
-117.248950	143.473618	-130.466247
-117.440678	143.346832	-130.679589
-117.638520	143.216003	-130.899734
-117.842476	143.081131	-131.126681
-118.052545	142.942217	-131.360431
-118.268729	142.799259	-131.600985
-118.491025	142.652259	-131.848341
-118.719436	142.501216	-132.102499
-118.953960	142.346131	-132.363461
-119.194598	142.187002	-132.631226
-119.441349	142.023830	-132.905793
-119.694214	141.856616	-133.187163
-119.953193	141.685359	-133.475336
-120.218286	141.510059	-133.770312
-120.489492	141.330716	-134.072091
-120.766812	141.147331	-134.380672
-121.050245	140.959902	-134.696057
-121.339792	140.768431	-135.018244
-121.635453	140.572917	-135.347234
-121.937227	140.373360	-135.683027
-122.073933	140.282960	-135.835144
-122.216752	140.188517	-135.994063
-122.365685	140.090031	-136.159785
-122.520732	139.987502	-136.332309
-122.681892	139.880930	-136.511637
-122.849166	139.770315	-136.697767
-123.022553	139.655658	-136.890701
-123.202055	139.536958	-137.090437
-123.387669	139.414215	-137.296976
-123.579398	139.287429	-137.510318
-123.777240	139.156600	-137.730462
-123.981196	139.021729	-137.957410
-124.191266	138.882814	-138.191160
-124.407449	138.739857	-138.431713
-124.629746	138.592857	-138.679069
-124.858156	138.441815	-138.933228
-125.092680	138.286729	-139.194190
-125.333318	138.127601	-139.461955
-125.580070	137.964429	-139.736522
-125.832935	137.797215	-140.017892
-126.091914	137.625958	-140.306065
-126.357006	137.450659	-140.601041
-126.628213	137.271316	-140.902820
-126.905532	137.087931	-141.211402
-127.188966	136.900503	-141.526786
-127.478513	136.709032	-141.848974
-127.774174	136.513518	-142.177964
-128.075948	136.313961	-142.513757
-128.212654	136.223561	-142.665873
-128.355473	136.129118	-142.824792
-128.504406	136.030632	-142.990514
-128.659453	135.928103	-143.163039
-128.820613	135.821531	-143.342367
-128.987887	135.710917	-143.528497
-129.161275	135.596259	-143.721431
-129.340776	135.477559	-143.921167
-129.526391	135.354816	-144.127706
-129.718119	135.228031	-144.341048
-129.915962	135.097202	-144.561192
-130.119918	134.962331	-144.788140
-130.329987	134.823417	-145.021890
-130.546170	134.680460	-145.262444
-130.768467	134.533460	-145.509800
-130.996878	134.382417	-145.763959
-131.231402	134.227332	-146.024920
-131.472040	134.068203	-146.292685
-131.718791	133.905032	-146.567252
-131.971657	133.737818	-146.848623
-132.230636	133.566561	-147.136796
-132.495728	133.391262	-147.431772
-132.766934	133.211919	-147.733551
-133.044254	133.028534	-148.042132
-133.327688	132.841106	-148.357517
-133.617235	132.649635	-148.679704
-133.912896	132.454121	-149.008695
-134.214670	132.254565	-149.344488
-134.351376	132.164164	-149.496604
-134.494195	132.069721	-149.655523
-134.643128	131.971235	-149.821245
-134.798175	131.868707	-149.993770
-134.959335	131.762135	-150.173098
-135.126609	131.651521	-150.359228
-135.299997	131.536863	-150.552161
-135.479498	131.418163	-150.751898
-135.665113	131.295420	-150.958437
-135.856841	131.168635	-151.171778
-136.054684	131.037806	-151.391923
-136.258640	130.902935	-151.618871
-136.468709	130.764021	-151.852621
-136.684892	130.621064	-152.093174
-136.907189	130.474064	-152.340530
-137.135600	130.323021	-152.594689
-137.370124	130.167936	-152.855651
-137.610762	130.008808	-153.123416
-137.857514	129.845636	-153.397983
-138.110379	129.678423	-153.679354
-138.369358	129.507166	-153.967527
-138.634450	129.331866	-154.262503
-138.905656	129.152524	-154.564282
-139.182976	128.969139	-154.872864
-139.466410	128.781711	-155.188248
-139.755957	128.590240	-155.510436
-140.051618	128.394726	-155.839426
-140.353392	128.195170	-156.175219
-140.490098	128.104769	-156.327335
-140.632917	128.010326	-156.486254
-140.781850	127.911840	-156.651976
-140.936897	127.809311	-156.824501
-141.098057	127.702740	-157.003829
-141.265331	127.592126	-157.189959
-141.438719	127.477468	-157.382892
-141.618220	127.358768	-157.582629
-141.803835	127.236025	-157.789168
-141.995564	127.109240	-158.002510
-142.193406	126.978411	-158.222654
-142.397362	126.843540	-158.449602
-142.607431	126.704626	-158.683352
-142.823615	126.561669	-158.923906
-143.045912	126.414669	-159.171262
-143.274322	126.263626	-159.425421
-143.508846	126.108541	-159.686382
-143.749484	125.949413	-159.954147
-143.996236	125.786242	-160.228715
-144.249101	125.619028	-160.510085
-144.508080	125.447771	-160.798258
-144.773173	125.272471	-161.093234
-145.044379	125.093129	-161.395013
-145.321699	124.909744	-161.703595
-145.605132	124.722316	-162.018979
-145.894679	124.530845	-162.341167
-146.190340	124.335331	-162.670157
-146.492115	124.135775	-163.005950
-146.628820	124.045375	-163.158066
-146.771640	123.950932	-163.316986
-146.920573	123.852446	-163.482708
-147.075619	123.749917	-163.655232
-147.236780	123.643345	-163.834560
-147.404054	123.532731	-164.020690
-147.577441	123.418074	-164.213624
-147.756942	123.299374	-164.413360
-147.942557	123.176631	-164.619899
-148.134286	123.049845	-164.833241
-148.332128	122.919017	-165.053386
-148.536084	122.784145	-165.280333
-148.746154	122.645231	-165.514084
-148.962337	122.502274	-165.754637
-149.184634	122.355275	-166.001993
-149.413045	122.204232	-166.256152
-149.647569	122.049147	-166.517114
-149.888207	121.890018	-166.784878
-150.134958	121.726847	-167.059446
-150.387824	121.559633	-167.340816
-150.646802	121.388377	-167.628989
-150.911895	121.213077	-167.923966
-151.183101	121.033735	-168.225744
-151.460421	120.850350	-168.534326
-151.743855	120.662922	-168.849711
-152.033402	120.471451	-169.171898
-152.329063	120.275937	-169.500888
-152.630837	120.076381	-169.836682
-152.767543	119.985980	-169.988798
-152.910362	119.891537	-170.147717
-153.059295	119.793051	-170.313439
-153.214342	119.690523	-170.485964
-153.375502	119.583951	-170.665291
-153.542776	119.473337	-170.851422
-153.716164	119.358679	-171.044355
-153.895665	119.239979	-171.244091
-154.081280	119.117237	-171.450630
-154.273008	118.990451	-171.663972
-154.470851	118.859622	-171.884117
-154.674807	118.724751	-172.111065
-154.884876	118.585837	-172.344815
-155.101060	118.442880	-172.585368
-155.323356	118.295880	-172.832724
-155.551767	118.144838	-173.086883
-155.786291	117.989752	-173.347845
-156.026929	117.830624	-173.615610
-156.273681	117.667453	-173.890177
-156.526546	117.500239	-174.171548
-156.785525	117.328982	-174.459721
-157.050617	117.153683	-174.754697
-157.321824	116.974340	-175.056476
-157.599144	116.790955	-175.365058
-157.882577	116.603527	-175.680442
-158.172124	116.412056	-176.002630
-158.467785	116.216543	-176.331620
-158.769560	116.016986	-176.667413
-158.906265	115.926586	-176.819529
-159.049085	115.832143	-176.978448
-159.198018	115.733657	-177.144170
-159.353064	115.631128	-177.316695
-159.514225	115.524557	-177.496023
-159.681499	115.413942	-177.682153
-159.854886	115.299285	-177.875087
-160.034387	115.180585	-178.074823
-160.220002	115.057842	-178.281362
-160.411731	114.931057	-178.494704
-160.609573	114.800228	-178.714848
-160.813529	114.665357	-178.941796
-161.023599	114.526443	-179.175546
-161.239782	114.383486	-179.416100
-161.462079	114.236486	-179.663456
-161.690490	114.085443	-179.917615
-161.925014	113.930358	-180.178577
-162.165652	113.771230	-180.446341
-162.412403	113.608059	-180.720909
-162.665268	113.440845	-181.002279
-162.924247	113.269588	-181.290452
-163.189340	113.094289	-181.585428
-163.460546	112.914946	-181.887207
-163.737866	112.731561	-182.195789
-164.021300	112.544133	-182.511174
-164.310847	112.352662	-182.833361
-164.606508	112.157149	-183.162351
-164.908282	111.957592	-183.498144
-165.044988	111.867192	-183.650261
-165.187807	111.772749	-183.809180
-165.336740	111.674263	-183.974902
-165.491787	111.571734	-184.147427
-165.652947	111.465163	-184.326754
-165.820221	111.354548	-184.512885
-165.993609	111.239891	-184.705818
-166.173110	111.121191	-184.905554
-166.358725	110.998448	-185.112093
-166.550453	110.871663	-185.325435
-166.748296	110.740834	-185.545580
-166.952252	110.605963	-185.772527
-167.162321	110.467049	-186.006278
-167.378505	110.324092	-186.246831
-167.600801	110.177092	-186.494187
-167.829212	110.026049	-186.748346
-168.063736	109.870964	-187.009308
-168.304374	109.711836	-187.277073
-168.551126	109.548665	-187.551640
-168.803991	109.381451	-187.833011
-169.062970	109.210194	-188.121184
-169.328062	109.034894	-188.416160
-169.599269	108.855552	-188.717939
-169.876589	108.672167	-189.026520
-170.160022	108.484739	-189.341905
-170.449569	108.293268	-189.664092
-170.745230	108.097754	-189.993083
-171.047005	107.898198	-190.328876
-171.183710	107.807798	-190.480992
-171.326530	107.713355	-190.639911
-171.475463	107.614869	-190.805633
-171.630509	107.512340	-190.978158
-171.791670	107.405768	-191.157486
-171.958944	107.295154	-191.343616
-172.132331	107.180497	-191.536550
-172.311832	107.061797	-191.736286
-172.497447	106.939054	-191.942825
-172.689176	106.812268	-192.156167
-172.887018	106.681440	-192.376311
-173.090974	106.546569	-192.603259
-173.301044	106.407654	-192.837009
-173.517227	106.264698	-193.077563
-173.739524	106.117698	-193.324919
-173.967935	105.966655	-193.579078
-174.202459	105.811570	-193.840040
-174.443097	105.652442	-194.107804
-174.689848	105.489270	-194.382372
-174.942714	105.322057	-194.663742
-175.201692	105.150800	-194.951915
-175.466785	104.975500	-195.246891
-175.737991	104.796158	-195.548670
-176.015311	104.612773	-195.857252
-176.298745	104.425345	-196.172636
-176.588292	104.233874	-196.494824
-176.883953	104.038360	-196.823814
-177.185727	103.838804	-197.159607
-177.322433	103.748404	-197.311724
-177.465252	103.653961	-197.470643
-177.614185	103.555475	-197.636365
-177.769232	103.452946	-197.808889
-177.930392	103.346374	-197.988217
-178.097666	103.235760	-198.174348
-178.271054	103.121103	-198.367281
-178.450555	103.002403	-198.567017
-178.636170	102.879660	-198.773556
-178.827898	102.752874	-198.986898
-179.025741	102.622046	-199.207043
-179.229697	102.487174	-199.433990
-179.439766	102.348260	-199.667741
-179.655950	102.205303	-199.908294
-179.878246	102.058304	-200.155650
-180.106657	101.907261	-200.409809
-180.341181	101.752176	-200.670771
-180.581819	101.593047	-200.938536
-180.828571	101.429876	-201.213103
-181.081436	101.262662	-201.494473
-181.340415	101.091406	-201.782647
-181.605507	100.916106	-202.077623
-181.876714	100.736764	-202.379402
-182.154034	100.553379	-202.687983
-182.437467	100.365951	-203.003368
-182.727014	100.174480	-203.325555
-183.022675	99.978966	-203.654546
-183.324450	99.779410	-203.990339
-183.461155	99.689009	-204.142455
-183.603975	99.594566	-204.301374
-183.752908	99.496081	-204.467096
-183.907954	99.393552	-204.639621
-184.069115	99.286980	-204.818949
-184.236389	99.176366	-205.005079
-184.409776	99.061709	-205.198012
-184.589277	98.943009	-205.397749
-184.774892	98.820266	-205.604288
-184.966621	98.693480	-205.817630
-185.164463	98.562652	-206.037774
-185.368419	98.427780	-206.264722
-185.578489	98.288866	-206.498472
-185.794672	98.145909	-206.739026
-186.016969	97.998910	-206.986382
-186.245380	97.847867	-207.240541
-186.479904	97.692781	-207.501502
-186.720542	97.533653	-207.769267
-186.967293	97.370482	-208.043835
-187.220159	97.203268	-208.325205
-187.479137	97.032012	-208.613378
-187.744230	96.856712	-208.908354
-188.015436	96.677370	-209.210133
-188.292756	96.493985	-209.518715
-188.576190	96.306557	-209.834099
-188.865737	96.115086	-210.156287
-189.161398	95.919572	-210.485277
-189.463172	95.720016	-210.821070
-189.599878	95.629615	-210.973186
-189.742697	95.535172	-211.132106
-189.891630	95.436686	-211.297828
-190.046677	95.334158	-211.470352
-190.207837	95.227586	-211.649680
-190.375111	95.116972	-211.835811
-190.548499	95.002315	-212.028744
-190.728000	94.883615	-212.228480
-190.913615	94.760872	-212.435019
-191.105344	94.634086	-212.648361
-191.303186	94.503258	-212.868506
-191.507142	94.368386	-213.095453
-191.717211	94.229472	-213.329204
-191.933395	94.086515	-213.569757
-192.155691	93.939515	-213.817113
-192.384102	93.788473	-214.071272
-192.618626	93.633387	-214.332234
-192.859264	93.474259	-214.599999
-193.106016	93.311088	-214.874566
-193.358881	93.143874	-215.155936
-193.617860	92.972617	-215.444110
-193.882952	92.797318	-215.739086
-194.154159	92.617976	-216.040865
-194.431479	92.434590	-216.349446
-194.714912	92.247162	-216.664831
-195.004459	92.055692	-216.987018
-195.300120	91.860178	-217.316009
-195.601895	91.660621	-217.651802
-195.738600	91.570221	-217.803918
-195.881420	91.475778	-217.962837
-196.030353	91.377292	-218.128559
-196.185399	91.274764	-218.301084
-196.346560	91.168192	-218.480411
-196.513834	91.057578	-218.666542
-196.687221	90.942920	-218.859475
-196.866722	90.824220	-219.059212
-197.052337	90.701478	-219.265751
-197.244066	90.574692	-219.479092
-197.441908	90.443863	-219.699237
-197.645864	90.308992	-219.926185
-197.855934	90.170078	-220.159935
-198.072117	90.027121	-220.400488
-198.294414	89.880121	-220.647845
-198.522825	89.729079	-220.902004
-198.757349	89.573993	-221.162965
-198.997987	89.414865	-221.430730
-199.244738	89.251694	-221.705297
-199.497604	89.084480	-221.986668
-199.756582	88.913223	-222.274841
-200.021675	88.737924	-222.569817
-200.292881	88.558581	-222.871596
-200.570201	88.375196	-223.180178
-200.853635	88.187768	-223.495562
-201.143182	87.996297	-223.817750
-201.438843	87.800784	-224.146740
-201.740617	87.601227	-224.482533
-201.877323	87.510827	-224.634649
-202.020142	87.416384	-224.793568
-202.169075	87.317898	-224.959290
-202.324122	87.215369	-225.131815
-202.485282	87.108798	-225.311143
-202.652556	86.998183	-225.497273
-202.825944	86.883526	-225.690207
-203.005445	86.764826	-225.889943
-203.191060	86.642083	-226.096482
-203.382789	86.515298	-226.309824
-203.580631	86.384469	-226.529969
-203.784587	86.249598	-226.756916
-203.994656	86.110684	-226.990667
-204.210840	85.967727	-227.231220
-204.433137	85.820727	-227.478576
-204.661547	85.669685	-227.732735
-204.896071	85.514599	-227.993697
-205.136709	85.355471	-228.261461
-205.383461	85.192300	-228.536029
-205.636326	85.025086	-228.817399
-205.895305	84.853829	-229.105572
-206.160398	84.678530	-229.400549
-206.431604	84.499187	-229.702327
-206.708924	84.315802	-230.010909
-206.992357	84.128374	-230.326294
-207.281904	83.936903	-230.648481
-207.577565	83.741390	-230.977471
-207.879340	83.541833	-231.313265
-208.016045	83.451433	-231.465381
-208.158865	83.356990	-231.624300
-208.307798	83.258504	-231.790022
-208.462844	83.155975	-231.962547
-208.624005	83.049404	-232.141874
-208.791279	82.938789	-232.328005
-208.964666	82.824132	-232.520938
-209.144167	82.705432	-232.720674
-209.329782	82.582689	-232.927213
-209.521511	82.455904	-233.140555
-209.719353	82.325075	-233.360700
-209.923309	82.190204	-233.587648
-210.133379	82.051290	-233.821398
-210.349562	81.908333	-234.061951
