-48.329636	224.451748	16.880110
-48.354891	224.343429	16.871756
-48.388591	224.230638	16.866349
-48.430739	224.113377	16.863885
-48.481335	223.991648	16.864364
-48.540382	223.865453	16.867783
-48.607880	223.734792	16.874138
-48.683833	223.599668	16.883428
-48.768240	223.460081	16.895650
-48.861105	223.316035	16.910803
-48.962428	223.167529	16.928883
-49.072211	223.014567	16.949887
-49.190457	222.857148	16.973815
-49.317166	222.695276	17.000663
-49.452340	222.528950	17.030430
-49.595981	222.358174	17.063112
-49.748090	222.182949	17.098707
-49.908669	222.003275	17.137214
-50.077720	221.819155	17.178630
-50.255244	221.630591	17.222952
-50.441243	221.437583	17.270179
-50.635719	221.240134	17.320308
-50.838672	221.038245	17.373337
-51.050106	220.831917	17.429264
-51.270020	220.621153	17.488086
-51.498417	220.405953	17.549802
-51.735298	220.186320	17.614409
-51.980665	219.962255	17.681905
-52.234520	219.733759	17.752289
-52.496864	219.500835	17.825557
-52.767697	219.263483	17.901708
-53.047023	219.021706	17.980741
-53.334843	218.775505	18.062652
-53.631157	218.524881	18.147440
-53.935968	218.269836	18.235103
-54.249277	218.010372	18.325640
-54.571086	217.746491	18.419047
-54.901395	217.478193	18.515324
-55.240207	217.205482	18.614468
-55.587523	216.928357	18.716478
-55.943344	216.646821	18.821351
-56.307672	216.360876	18.929087
-56.680508	216.070523	19.039683
-57.061854	215.775764	19.153137
-57.234480	215.643296	19.204639
-57.415618	215.506424	19.258996
-57.605268	215.365150	19.316210
-57.803431	215.219472	19.376277
-58.010108	215.069393	19.439199
-58.225299	214.914913	19.504974
-58.449005	214.756033	19.573601
-58.681226	214.592754	19.645079
-58.921963	214.425075	19.719409
-59.171217	214.252999	19.796589
-59.428988	214.076525	19.876619
-59.695278	213.895655	19.959497
-59.970085	213.710389	20.045224
-60.253412	213.520728	20.133798
-60.545258	213.326673	20.225219
-60.845625	213.128224	20.319486
-61.154512	212.925382	20.416599
-61.471921	212.718148	20.516557
-61.797852	212.506522	20.619359
-62.132306	212.290506	20.725004
-62.475283	212.070101	20.833493
-62.826784	211.845306	20.944824
-63.186809	211.616122	21.058997
-63.555359	211.382551	21.176011
-63.932435	211.144593	21.295866
-64.318038	210.902249	21.418561
-64.712166	210.655520	21.544096
-65.114823	210.404406	21.672469
-65.298136	210.290500	21.730966
-65.489977	210.172211	21.792300
-65.690347	210.049539	21.856473
-65.899245	209.922484	21.923483
-66.116672	209.791046	21.993331
-66.342629	209.655226	22.066015
-66.577115	209.515025	22.141537
-66.820130	209.370442	22.219896
-67.071676	209.221477	22.301091
-67.331752	209.068132	22.385122
-67.600358	208.910407	22.471989
-67.877495	208.748301	22.561692
-68.163162	208.581816	22.654231
-68.457361	208.410951	22.749605
-68.760092	208.235706	22.847814
-69.071354	208.056084	22.948858
-69.391148	207.872082	23.052737
-69.719474	207.683703	23.159450
-70.056332	207.490946	23.268998
-70.401724	207.293811	23.381379
-70.755648	207.092300	23.496595
-71.118105	206.886412	23.614644
-71.489096	206.676147	23.735527
-71.868620	206.461507	23.859243
-72.256678	206.242491	23.985792
-72.653271	206.019099	24.115175
-73.058398	205.791333	24.247389
-73.472059	205.559192	24.382437
-73.659674	205.454089	24.443708
-73.855824	205.344613	24.507811
-74.060509	205.230763	24.574746
-74.273729	205.112538	24.644514
-74.495484	204.989941	24.717113
-74.725775	204.862969	24.792545
-74.964602	204.731625	24.870808
-75.211963	204.595907	24.951904
-75.467861	204.455817	25.035831
-75.732295	204.311353	25.122589
-76.005264	204.162517	25.212180
-76.286769	204.009308	25.304601
-76.576811	203.851727	25.399855
-76.875388	203.689774	25.497940
-77.182502	203.523449	25.598856
-77.498153	203.352752	25.702603
-77.822340	203.177683	25.809181
-78.155063	202.998243	25.918591
-78.496324	202.814431	26.030832
-78.846121	202.626248	26.145903
-79.204455	202.433694	26.263806
-79.571326	202.236769	26.384539
-79.946735	202.035473	26.508103
-80.330681	201.829807	26.634498
-80.723164	201.619770	26.763724
-81.124184	201.405363	26.895780
-81.533742	201.186586	27.030666
-81.951838	200.963439	27.168383
-82.141300	200.862402	27.230799
-82.339300	200.756995	27.296044
-82.545838	200.647219	27.364120
-82.760913	200.533073	27.435027
-82.984527	200.414558	27.508763
-83.216679	200.291673	27.585330
-83.457368	200.164419	27.664727
-83.706596	200.032795	27.746955
-83.964362	199.896803	27.832012
-84.230666	199.756441	27.919900
-84.505509	199.611710	28.010618
-84.788889	199.462610	28.104166
-85.080808	199.309142	28.200544
-85.381266	199.151304	28.299753
-85.690262	198.989098	28.401791
-86.007796	198.822523	28.506660
-86.333869	198.651580	28.614358
-86.668480	198.476268	28.724887
-87.011630	198.296587	28.838245
-87.363319	198.112538	28.954434
-87.723546	197.924121	29.073452
-88.092312	197.731336	29.195300
-88.469617	197.534182	29.319979
-88.855461	197.332660	29.447487
-89.249843	197.126771	29.577825
-89.652765	196.916513	29.710992
-90.064225	196.701888	29.846990
-90.484225	196.482895	29.985817
-90.674507	196.383716	30.048717
-90.873328	196.280171	30.114446
-91.080689	196.172257	30.183005
-91.296589	196.059976	30.254394
-91.521027	195.943328	30.328613
-91.754005	195.822312	30.405661
-91.995522	195.696928	30.485539
-92.245579	195.567177	30.568247
-92.504174	195.433058	30.653784
-92.771309	195.294573	30.742151
-93.046983	195.151719	30.833348
-93.331196	195.004499	30.927375
-93.623949	194.852911	31.024231
-93.925241	194.696956	31.123917
-94.235072	194.536633	31.226433
-94.553442	194.371944	31.331778
-94.880352	194.202887	31.439953
-95.215802	194.029463	31.550957
-95.559790	193.851672	31.664792
-95.912319	193.669514	31.781455
-96.273386	193.482989	31.900949
-96.642993	193.292097	32.023272
-97.021140	193.096838	32.148425
-97.407826	192.897213	32.276407
-97.803052	192.693220	32.407219
-98.206817	192.484860	32.540861
-98.619122	192.272134	32.677332
-99.039966	192.055041	32.816632
-99.230619	191.956709	32.879740
-99.429811	191.854011	32.945678
-99.637543	191.746947	33.014445
-99.853814	191.635515	33.086041
-100.078625	191.519717	33.160467
-100.311976	191.399552	33.237723
-100.553866	191.275021	33.317808
-100.804296	191.146123	33.400723
-101.063266	191.012858	33.486467
-101.330775	190.875227	33.575041
-101.606824	190.733229	33.666445
-101.891413	190.586865	33.760678
-102.184542	190.436134	33.857740
-102.486210	190.281037	33.957633
-102.796418	190.121573	34.060354
-103.115166	189.957742	34.165906
-103.442454	189.789545	34.274286
-103.778281	189.616982	34.385497
-104.122648	189.440052	34.499536
-104.475555	189.258756	34.616406
-104.837002	189.073093	34.736105
-105.206988	188.883064	34.858633
-105.585514	188.688668	34.983991
-105.972580	188.489906	35.112179
-106.368186	188.286778	35.243196
-106.772332	188.079283	35.377042
-107.185018	187.867422	35.513718
-107.606243	187.651195	35.653224
-107.797064	187.553249	35.716422
-107.996424	187.450937	35.782450
-108.204325	187.344258	35.851308
-108.420765	187.233213	35.922994
-108.645745	187.117802	35.997511
-108.879265	186.998025	36.074857
-109.121325	186.873881	36.155032
-109.371925	186.745371	36.238037
-109.631065	186.612495	36.323872
-109.898745	186.475253	36.412536
-110.174964	186.333644	36.504029
-110.459724	186.187669	36.598353
-110.753023	186.037328	36.695505
-111.054863	185.882621	36.795487
-111.365242	185.723548	36.898299
-111.684161	185.560108	37.003940
-112.011620	185.392302	37.112410
-112.347619	185.220130	37.223710
-112.692158	185.043592	37.337840
-113.045237	184.862688	37.454799
-113.406856	184.677418	37.574588
-113.777015	184.487781	37.697206
-114.155713	184.293779	37.822653
-114.542952	184.095410	37.950931
-114.938731	183.892675	38.082037
-115.343049	183.685574	38.215973
-115.755908	183.474107	38.352739
-116.177307	183.258274	38.492334
-116.368204	183.160503	38.555572
-116.567641	183.058366	38.621640
-116.775619	182.951863	38.690537
-116.992136	182.840994	38.762263
-117.217193	182.725759	38.836819
-117.450791	182.606158	38.914205
-117.692928	182.482190	38.994420
-117.943605	182.353857	39.077465
-118.202822	182.221158	39.163339
-118.470580	182.084092	39.252042
-118.746877	181.942661	39.343575
-119.031714	181.796863	39.437938
-119.325091	181.646699	39.535130
-119.627009	181.492170	39.635151
-119.937466	181.333274	39.738002
-120.256463	181.170012	39.843683
-120.584000	181.002385	39.952193
-120.920078	180.830391	40.063533
-121.264695	180.654031	40.177702
-121.617852	180.473305	40.294700
-121.979550	180.288213	40.414528
-122.349787	180.098756	40.537186
-122.728564	179.904932	40.662673
-123.115882	179.706742	40.790989
-123.511739	179.504186	40.922135
-123.916137	179.297264	41.056111
-124.329074	179.085976	41.192916
-124.750551	178.870322	41.332550
-124.941484	178.772631	41.395806
-125.140956	178.670574	41.461891
-125.348969	178.564151	41.530805
-125.565521	178.453362	41.602550
-125.790614	178.338207	41.677123
-126.024246	178.218686	41.754526
-126.266419	178.094799	41.834759
-126.517131	177.966546	41.917821
-126.776384	177.833927	42.003712
-127.044177	177.696942	42.092433
-127.320509	177.555591	42.183984
-127.605382	177.409874	42.278364
-127.898795	177.259791	42.375573
-128.200748	177.105342	42.475612
-128.511241	176.946527	42.578481
-128.830274	176.783346	42.684179
-129.157847	176.615800	42.792706
-129.493960	176.443887	42.904063
-129.838613	176.267608	43.018249
-130.191806	176.086964	43.135265
-130.553539	175.901953	43.255111
-130.923812	175.712576	43.377786
-131.302625	175.518834	43.503290
-131.689978	175.320725	43.631624
-132.085872	175.118251	43.762788
-132.490305	174.911411	43.896781
-132.903279	174.700204	44.033603
-133.324792	174.484632	44.173255
-133.515740	174.386977	44.236518
-133.715229	174.284956	44.302611
-133.923257	174.178570	44.371533
-134.139826	174.067817	44.443285
-134.364934	173.952698	44.517866
-134.598583	173.833214	44.595277
-134.840772	173.709363	44.675517
-135.091501	173.581147	44.758587
-135.350769	173.448564	44.844486
-135.618578	173.311616	44.933215
-135.894927	173.170302	45.024773
-136.179816	173.024621	45.119161
-136.473245	172.874575	45.216378
-136.775214	172.720163	45.316425
-137.085723	172.561385	45.419301
-137.404772	172.398241	45.525007
-137.732362	172.230731	45.633542
-138.068491	172.058855	45.744907
-138.413160	171.882614	45.859101
-138.766370	171.702006	45.976125
-139.128119	171.517032	46.095978
-139.498409	171.327693	46.218661
-139.877239	171.133987	46.344173
-140.264608	170.935916	46.472514
-140.660518	170.733479	46.603686
-141.064968	170.526675	46.737686
-141.477958	170.315506	46.874516
-141.899488	170.099971	47.014176
-142.090443	170.002333	47.077443
-142.289939	169.900329	47.143539
-142.497975	169.793958	47.212465
-142.714551	169.683222	47.284220
-142.939667	169.568120	47.358805
-143.173323	169.448652	47.436219
-143.415519	169.324818	47.516462
-143.666255	169.196618	47.599536
-143.925531	169.064053	47.685438
-144.193347	168.927121	47.774171
-144.469703	168.785823	47.865732
-144.754600	168.640160	47.960123
-145.048036	168.490130	48.057344
-145.350013	168.335735	48.157394
-145.660529	168.176974	48.260274
-145.979586	168.013847	48.365983
-146.307183	167.846353	48.474522
-146.643319	167.674494	48.585890
-146.987996	167.498270	48.700087
-147.341213	167.317679	48.817115
-147.702970	167.132722	48.936971
-148.073267	166.943399	49.059657
-148.452104	166.749711	49.185173
-148.839481	166.551656	49.313518
-149.235399	166.349236	49.444693
-149.639856	166.142449	49.578697
-150.052853	165.931297	49.715530
-150.474391	165.715779	49.855193
-150.665350	165.618148	49.918462
-150.864849	165.516151	49.984559
-151.072888	165.409789	50.053487
-151.289467	165.299060	50.125243
-151.514587	165.183966	50.199830
-151.748246	165.064505	50.277245
-151.990445	164.940679	50.357491
-152.241185	164.812487	50.440565
-152.500464	164.679928	50.526469
-152.768284	164.543004	50.615203
-153.044644	164.401714	50.706766
-153.329543	164.256058	50.801159
-153.622983	164.106037	50.898381
-153.924963	163.951649	50.998433
-154.235483	163.792895	51.101314
-154.554543	163.629776	51.207025
-154.882143	163.462290	51.315565
-155.218283	163.290439	51.426935
-155.562964	163.114222	51.541134
-155.916184	162.933639	51.658163
-156.277944	162.748690	51.778021
-156.648245	162.559375	51.900708
-157.027085	162.365694	52.026226
-157.414466	162.167647	52.154572
-157.810387	161.965234	52.285748
-158.214847	161.758455	52.419754
-158.627848	161.547311	52.556589
-159.049389	161.331801	52.696254
-159.240350	161.234173	52.759523
-159.439850	161.132180	52.825621
-159.647891	161.025820	52.894549
-159.864472	160.915095	52.966306
-160.089592	160.800004	53.040893
-160.323253	160.680547	53.118310
-160.565454	160.556724	53.198556
-160.816195	160.428536	53.281631
-161.075476	160.295981	53.367536
-161.343298	160.159060	53.456270
-161.619659	160.017774	53.547834
-161.904560	159.872121	53.642228
-162.198002	159.722103	53.739450
-162.499983	159.567719	53.839503
-162.810505	159.408969	53.942385
-163.129566	159.245853	54.048096
-163.457168	159.078371	54.156637
-163.793310	158.906523	54.268007
-164.137991	158.730309	54.382207
-164.491213	158.549729	54.499237
-164.852975	158.364784	54.619095
-165.223277	158.175472	54.741784
-165.602119	157.981795	54.867302
-165.989501	157.783752	54.995649
-166.385424	157.581342	55.126826
-166.789886	157.374567	55.260832
-167.202888	157.163426	55.397668
-167.624431	156.947919	55.537333
-167.815392	156.850294	55.600603
-168.014893	156.748302	55.666701
-168.222935	156.641944	55.735629
-168.439516	156.531221	55.807387
-168.664638	156.416131	55.881974
-168.898299	156.296676	55.959391
-169.140501	156.172854	56.039637
-169.391243	156.044667	56.122713
-169.650524	155.912114	56.208618
-169.918346	155.775195	56.297353
-170.194708	155.633910	56.388917
-170.479610	155.488259	56.483311
-170.773052	155.338242	56.580534
-171.075035	155.183860	56.680587
-171.385557	155.025111	56.783469
-171.704619	154.861997	56.889181
-172.032222	154.694516	56.997722
-172.368364	154.522670	57.109092
-172.713046	154.346458	57.223293
-173.066269	154.165880	57.340322
-173.428032	153.980936	57.460181
-173.798334	153.791626	57.582870
-174.177177	153.597950	57.708388
-174.564560	153.399909	57.836736
-174.960483	153.197501	57.967913
-175.364946	152.990728	58.101920
-175.777949	152.779588	58.238756
-176.199492	152.564083	58.378421
-176.390454	152.466458	58.441691
-176.589956	152.364467	58.507790
-176.797997	152.258110	58.576718
-177.014579	152.147387	58.648476
-177.239701	152.032298	58.723063
-177.473363	151.912843	58.800480
-177.715565	151.789023	58.880726
-177.966307	151.660836	58.963802
-178.225589	151.528284	59.049708
-178.493411	151.391365	59.138442
-178.769773	151.250081	59.230007
-179.054676	151.104431	59.324401
-179.348118	150.954415	59.421624
-179.650101	150.800033	59.521677
-179.960623	150.641285	59.624559
-180.279686	150.478172	59.730271
-180.607289	150.310692	59.838812
-180.943431	150.138847	59.950183
-181.288114	149.962635	60.064383
-181.641337	149.782058	60.181413
-182.003100	149.597115	60.301272
-182.373403	149.407805	60.423961
-182.752246	149.214130	60.549480
-183.139630	149.016089	60.677827
-183.535553	148.813683	60.809005
-183.940016	148.606910	60.943011
-184.353020	148.395771	61.079848
-184.774563	148.180267	61.219513
-184.965525	148.082642	61.282783
-185.165027	147.980651	61.348882
-185.373068	147.874294	61.417810
-185.589650	147.763572	61.489568
-185.814772	147.648483	61.564156
-186.048434	147.529029	61.641572
-186.290637	147.405209	61.721819
-186.541379	147.277022	61.804895
-186.800661	147.144470	61.890800
-187.068483	147.007552	61.979535
-187.344846	146.866269	62.071099
-187.629748	146.720619	62.165493
-187.923191	146.570603	62.262717
-188.225173	146.416222	62.362770
-188.535696	146.257474	62.465652
-188.854759	146.094361	62.571364
-189.182362	145.926881	62.679905
-189.518505	145.755036	62.791276
-189.863188	145.578825	62.905477
-190.216411	145.398248	63.022506
-190.578174	145.213305	63.142366
-190.948477	145.023996	63.265055
-191.327320	144.830322	63.390573
-191.714704	144.632281	63.518921
-192.110627	144.429874	63.650098
-192.515091	144.223102	63.784105
-192.928094	144.011964	63.920941
-193.349638	143.796459	64.060607
-193.540600	143.698835	64.123877
-193.740102	143.596844	64.189976
-193.948144	143.490488	64.258904
-194.164726	143.379765	64.330662
-194.389848	143.264677	64.405249
-194.623510	143.145223	64.482666
-194.865712	143.021403	64.562913
-195.116454	142.893217	64.645989
-195.375737	142.760665	64.731894
-195.643559	142.623747	64.820629
-195.919921	142.482463	64.912194
-196.204824	142.336814	65.006587
-196.498267	142.186798	65.103811
-196.800249	142.032417	65.203864
-197.110772	141.873669	65.306746
-197.429835	141.710556	65.412458
-197.757438	141.543077	65.521000
-198.093581	141.371232	65.632370
-198.438264	141.195021	65.746571
-198.791487	141.014444	65.863601
-199.153250	140.829501	65.983460
-199.523554	140.640193	66.106149
-199.902397	140.446518	66.231667
-200.289780	140.248478	66.360015
-200.685704	140.046071	66.491193
-201.090167	139.839299	66.625200
-201.503171	139.628161	66.762036
-201.924715	139.412657	66.901702
-202.115677	139.315032	66.964971
-202.315178	139.213042	67.031070
-202.523220	139.106685	67.099999
-202.739802	138.995963	67.171757
-202.964924	138.880875	67.246344
-203.198587	138.761420	67.323761
-203.440789	138.637600	67.404007
-203.691531	138.509414	67.487083
-203.950814	138.376863	67.572989
-204.218636	138.239945	67.661724
-204.494999	138.098661	67.753288
-204.779901	137.953012	67.847682
-205.073344	137.802996	67.944906
-205.375327	137.648615	68.044959
-205.685849	137.489868	68.147841
-206.004912	137.326754	68.253553
-206.332515	137.159275	68.362094
-206.668658	136.987430	68.473465
-207.013341	136.811219	68.587666
-207.366564	136.630643	68.704696
-207.728328	136.445700	68.824555
-208.098631	136.256391	68.947244
-208.477474	136.062717	69.072762
-208.864858	135.864676	69.201110
-209.260781	135.662270	69.332288
-209.665245	135.455498	69.466294
-210.078249	135.244360	69.603131
-210.499792	135.028856	69.742797
-210.690754	134.931231	69.806066
-210.890256	134.829241	69.872165
-211.098298	134.722884	69.941094
-211.314880	134.612162	70.012852
-211.540002	134.497074	70.087439
-211.773664	134.377620	70.164856
-212.015867	134.253800	70.245102
-212.266609	134.125614	70.328178
-212.525891	133.993062	70.414084
-212.793714	133.856144	70.502819
-213.070076	133.714861	70.594383
-213.354979	133.569211	70.688777
-213.648422	133.419196	70.786001
-213.950404	133.264814	70.886054
-214.260927	133.106067	70.988936
-214.579990	132.942954	71.094648
-214.907593	132.775475	71.203189
-215.243736	132.603630	71.314560
-215.588419	132.427419	71.428761
-215.941642	132.246842	71.545791
-216.303406	132.061900	71.665650
-216.673709	131.872591	71.788339
-217.052552	131.678917	71.913857
-217.439936	131.480876	72.042205
-217.835859	131.278470	72.173383
-218.240323	131.071698	72.307389
-218.653327	130.860560	72.444226
-219.074871	130.645056	72.583892
-219.265832	130.547431	72.647161
-219.465334	130.445441	72.713260
-219.673376	130.339084	72.782189
-219.889958	130.228362	72.853947
-220.115080	130.113274	72.928534
-220.348742	129.993820	73.005951
-220.590945	129.870000	73.086197
-220.841687	129.741814	73.169273
-221.100969	129.609262	73.255179
-221.368792	129.472344	73.343914
-221.645154	129.331061	73.435478
-221.930057	129.185411	73.529872
-222.223500	129.035396	73.627096
-222.525483	128.881015	73.727149
-222.836005	128.722267	73.830031
-223.155068	128.559154	73.935743
-223.482671	128.391675	74.044284
-223.818814	128.219830	74.155655
-224.163497	128.043619	74.269856
-224.516721	127.863043	74.386886
-224.878484	127.678100	74.506745
-225.248787	127.488792	74.629434
-225.627631	127.295117	74.754952
-226.015014	127.097077	74.883300
-226.410938	126.894671	75.014478
-226.815401	126.687898	75.148485
-227.228405	126.476760	75.285321
-227.649949	126.261256	75.424987
-227.840911	126.163632	75.488256
-228.040412	126.061641	75.554355
-228.248454	125.955285	75.623284
-228.465036	125.844563	75.695042
-228.690159	125.729474	75.769629
-228.923821	125.610020	75.847046
-229.166023	125.486200	75.927293
-229.416765	125.358014	76.010369
-229.676048	125.225463	76.096274
-229.943870	125.088545	76.185009
-230.220233	124.947261	76.276573
-230.505135	124.801612	76.370967
-230.798578	124.651596	76.468191
-231.100561	124.497215	76.568244
-231.411084	124.338468	76.671126
-231.730147	124.175355	76.776838
-232.057750	124.007876	76.885380
-232.393893	123.836031	76.996750
-232.738576	123.659820	77.110951
-233.091799	123.479243	77.227981
-233.453562	123.294301	77.347840
-233.823866	123.104992	77.470529
-234.202709	122.911318	77.596048
-234.590092	122.713277	77.724395
-234.986016	122.510871	77.855573
-235.390480	122.304099	77.989580
-235.803483	122.092961	78.126416
-236.225027	121.877457	78.266082
-236.415989	121.779832	78.329352
-236.615491	121.677842	78.395450
-236.823533	121.571486	78.464379
-237.040115	121.460763	78.536137
-237.265237	121.345675	78.610724
-237.498899	121.226221	78.688141
-237.741101	121.102401	78.768388
-237.991844	120.974215	78.851464
-238.251126	120.841663	78.937369
-238.518949	120.704746	79.026104
-238.795311	120.563462	79.117669
-239.080214	120.417813	79.212063
-239.373656	120.267797	79.309286
-239.675639	120.113416	79.409339
-239.986162	119.954669	79.512221
-240.305225	119.791556	79.617933
-240.632828	119.624077	79.726475
-240.968971	119.452232	79.837846
-241.313654	119.276021	79.952046
-241.666877	119.095444	80.069076
-242.028641	118.910501	80.188935
-242.398944	118.721193	80.311624
-242.777787	118.527518	80.437143
-243.165171	118.329478	80.565491
-243.561094	118.127072	80.696668
-243.965558	117.920300	80.830675
-244.378562	117.709162	80.967511
-244.800105	117.493658	81.107177
-244.991067	117.396033	81.170447
-245.190569	117.294043	81.236546
-245.398611	117.187686	81.305474
-245.615193	117.076964	81.377232
-245.840315	116.961876	81.451820
-246.073977	116.842422	81.529237
-246.316180	116.718602	81.609483
-246.566922	116.590416	81.692559
-246.826204	116.457864	81.778464
-247.094027	116.320946	81.867199
-247.370389	116.179663	81.958764
-247.655292	116.034013	82.053158
-247.948735	115.883998	82.150381
-248.250718	115.729617	82.250434
-248.561240	115.570869	82.353317
-248.880303	115.407756	82.459028
-249.207906	115.240277	82.567570
-249.544049	115.068432	82.678941
-249.888732	114.892222	82.793141
-250.241956	114.711645	82.910171
-250.603719	114.526702	83.030031
-250.974022	114.337394	83.152720
-251.352866	114.143719	83.278238
-251.740249	113.945679	83.406586
-252.136173	113.743273	83.537763
-252.540636	113.536500	83.671770
-252.953640	113.325362	83.808607
-253.375184	113.109858	83.948272
-253.566146	113.012234	84.011542
-253.765648	112.910243	84.077641
-253.973690	112.803887	84.146569
-254.190272	112.693165	84.218327
-254.415394	112.578077	84.292915
-254.649056	112.458623	84.370332
-254.891258	112.334803	84.450578
-255.142000	112.206617	84.533654
-255.401283	112.074065	84.619560
-255.669105	111.937147	84.708295
-255.945468	111.795864	84.799859
-256.230370	111.650214	84.894253
-256.523813	111.500199	84.991476
-256.825796	111.345817	85.091529
-257.136319	111.187070	85.194412
-257.455382	111.023957	85.300124
-257.782985	110.856478	85.408665
-258.119128	110.684633	85.520036
-258.463811	110.508422	85.634236
-258.817034	110.327846	85.751266
-259.178797	110.142903	85.871126
-259.549101	109.953594	85.993815
-259.927944	109.759920	86.119333
-260.315328	109.561880	86.247681
-260.711251	109.359473	86.378858
-261.115715	109.152701	86.512865
-261.528718	108.941563	86.649702
-261.950262	108.726059	86.789368
-262.141224	108.628435	86.852637
-262.340726	108.526444	86.918736
-262.548768	108.420088	86.987665
-262.765350	108.309366	87.059423
-262.990472	108.194277	87.134010
-263.224134	108.074823	87.211427
-263.466337	107.951003	87.291673
-263.717079	107.822817	87.374749
-263.976361	107.690266	87.460655
-264.244184	107.553348	87.549390
-264.520546	107.412064	87.640954
-264.805449	107.266415	87.735348
-265.098892	107.116399	87.832572
-265.400874	106.962018	87.932625
-265.711397	106.803271	88.035507
-266.030460	106.640158	88.141219
-266.358063	106.472679	88.249760
-266.694206	106.300834	88.361131
-267.038889	106.124623	88.475332
-267.392112	105.944046	88.592362
-267.753876	105.759104	88.712221
-268.124179	105.569795	88.834910
-268.503022	105.376121	88.960428
-268.890406	105.178080	89.088776
-269.286330	104.975674	89.219954
-269.690793	104.768902	89.353961
-270.103797	104.557764	89.490797
-270.525341	104.342260	89.630463
-270.716302	104.244635	89.693732
-270.915804	104.142645	89.759831
-271.123846	104.036289	89.828760
-271.340428	103.925566	89.900518
-271.565550	103.810478	89.975105
-271.799213	103.691024	90.052522
-272.041415	103.567204	90.132769
-272.292157	103.439018	90.215845
-272.551440	103.306466	90.301750
-272.819262	103.169549	90.390485
-273.095625	103.028265	90.482049
-273.380527	102.882616	90.576443
-273.673970	102.732600	90.673667
-273.975953	102.578219	90.773720
-274.286476	102.419472	90.876602
-274.605538	102.256359	90.982314
-274.933141	102.088880	91.090856
-275.269285	101.917035	91.202226
-275.613968	101.740824	91.316427
-275.967191	101.560247	91.433457
-276.328954	101.375305	91.553316
-276.699257	101.185996	91.676005
-277.078101	100.992322	91.801524
-277.465484	100.794281	91.929871
-277.861408	100.591875	92.061049
-278.265872	100.385103	92.195056
-278.678875	100.173965	92.331892
-279.100419	99.958461	92.471558
-279.291381	99.860836	92.534827
-279.490883	99.758846	92.600926
-279.698925	99.652489	92.669855
-279.915507	99.541767	92.741613
-280.140629	99.426679	92.816200
-280.374291	99.307225	92.893617
-280.616493	99.183405	92.973864
-280.867236	99.055219	93.056940
-281.126518	98.922667	93.142845
-281.394341	98.785750	93.231580
-281.670703	98.644466	93.323145
-281.955606	98.498816	93.417539
-282.249048	98.348801	93.514762
-282.551031	98.194420	93.614815
-282.861554	98.035673	93.717697
-283.180617	97.872559	93.823409
-283.508220	97.705080	93.931951
-283.844363	97.533236	94.043322
-284.189046	97.357025	94.157522
-284.542269	97.176448	94.274552
-284.904033	96.991505	94.394411
-285.274336	96.802197	94.517100
-285.653179	96.608522	94.642619
-286.040563	96.410482	94.770967
-286.436486	96.208076	94.902144
-286.840950	96.001304	95.036151
-287.253954	95.790166	95.172987
-287.675497	95.574662	95.312653
-287.866459	95.477037	95.375923
-288.065961	95.375047	95.442022
-288.274003	95.268690	95.510950
-288.490585	95.157968	95.582708
-288.715707	95.042880	95.657296
-288.949369	94.923426	95.734713
-289.191572	94.799606	95.814959
-289.442314	94.671420	95.898035
-289.701596	94.538868	95.983940
-289.969419	94.401950	96.072675
-290.245781	94.260667	96.164240
-290.530684	94.115017	96.258634
-290.824127	93.965002	96.355857
-291.126110	93.810621	96.455910
-291.436632	93.651873	96.558793
-291.755695	93.488760	96.664504
-292.083298	93.321281	96.773046
-292.419441	93.149436	96.884417
-292.764124	92.973226	96.998617
-293.117348	92.792649	97.115647
-293.479111	92.607706	97.235507
-293.849414	92.418398	97.358195
-294.228258	92.224723	97.483714
-294.615641	92.026683	97.612062
-295.011565	91.824277	97.743239
-295.416028	91.617504	97.877246
-295.829032	91.406366	98.014083
-296.250576	91.190862	98.153748
-296.441538	91.093238	98.217018
-296.641040	90.991247	98.283117
-296.849082	90.884891	98.352045
-297.065664	90.774169	98.423803
-297.290786	90.659081	98.498391
-297.524448	90.539627	98.575808
-297.766650	90.415807	98.656054
-298.017392	90.287621	98.739130
-298.276675	90.155069	98.825036
-298.544497	90.018151	98.913771
-298.820860	89.876868	99.005335
-299.105763	89.731218	99.099729
-299.399205	89.581203	99.196952
-299.701188	89.426821	99.297005
-300.011711	89.268074	99.399888
-300.330774	89.104961	99.505600
-300.658377	88.937482	99.614141
-300.994520	88.765637	99.725512
-301.339203	88.589426	99.839712
-301.692426	88.408850	99.956742
-302.054189	88.223907	100.076602
-302.424493	88.034598	100.199291
-302.803336	87.840924	100.324809
-303.190720	87.642884	100.453157
-303.586643	87.440477	100.584334
-303.991107	87.233705	100.718341
-304.404110	87.022567	100.855178
-304.825654	86.807063	100.994844
-305.016616	86.709439	101.058113
-305.216118	86.607448	101.124212
-305.424160	86.501092	101.193141
-305.640742	86.390370	101.264898
-305.865864	86.275281	101.339486
-306.099526	86.155827	101.416903
-306.341729	86.032007	101.497149
-306.592471	85.903821	101.580225
-306.851753	85.771270	101.666131
-307.119576	85.634352	101.754866
-307.395938	85.493068	101.846430
-307.680841	85.347419	101.940824
-307.974284	85.197403	102.038048
-308.276266	85.043022	102.138100
-308.586789	84.884275	102.240983
-308.905852	84.721162	102.346695
-309.233455	84.553683	102.455236
-309.569598	84.381838	102.566607
-309.914281	84.205627	102.680808
-310.267504	84.025050	102.797838
-310.629268	83.840108	102.917697
-310.999571	83.650799	103.040386
-311.378414	83.457125	103.165904
-311.765798	83.259084	103.294252
-312.161722	83.056678	103.425430
-312.566185	82.849906	103.559437
-312.979189	82.638768	103.696273
-313.400733	82.423264	103.835939
-313.591694	82.325640	103.899208
-313.791196	82.223649	103.965307
-313.999238	82.117293	104.034236
-314.215820	82.006570	104.105994
-314.440942	81.891482	104.180581
-314.674605	81.772028	104.257998
-314.916807	81.648208	104.338245
-315.167549	81.520022	104.421321
-315.426832	81.387470	104.507226
-315.694654	81.250553	104.595961
-315.971017	81.109269	104.687525
-316.255919	80.963620	104.781919
-316.549362	80.813604	104.879143
-316.851345	80.659223	104.979196
-317.161868	80.500476	105.082078
-317.480931	80.337363	105.187790
