32.084364	244.473052	14.144734
32.126641	244.352544	14.180741
32.177017	244.227383	14.220323
32.235489	244.097570	14.263483
32.302058	243.963108	14.310225
32.376721	243.823997	14.360554
32.459479	243.680239	14.414472
32.550330	243.531836	14.471985
32.649273	243.378788	14.533095
32.756308	243.221097	14.597807
32.871433	243.058764	14.666125
32.994647	242.891791	14.738052
33.125951	242.720180	14.813592
33.265342	242.543931	14.892749
33.412820	242.363046	14.975527
33.568384	242.177526	15.061928
33.732034	241.987373	15.151957
33.903768	241.792588	15.245618
34.083586	241.593173	15.342914
34.271487	241.389129	15.443848
34.467469	241.180457	15.548425
34.671533	240.967159	15.656647
34.883678	240.749236	15.768518
35.103903	240.526690	15.884041
35.332206	240.299521	16.003220
35.568588	240.067732	16.126058
35.813048	239.831324	16.252558
36.065585	239.590298	16.382724
36.326199	239.344655	16.516559
36.594888	239.094398	16.654065
36.871653	238.839527	16.795246
37.156492	238.580044	16.940106
37.449405	238.315950	17.088646
37.750392	238.047247	17.240871
38.059452	237.773936	17.396783
38.376585	237.496018	17.556384
38.701789	237.213496	17.719678
39.035065	236.926370	17.886668
39.376412	236.634642	18.057356
39.725830	236.338313	18.231746
39.885680	236.203753	18.311380
40.053601	236.064595	18.394719
40.229591	235.920839	18.481764
40.413651	235.772486	18.572516
40.605781	235.619536	18.666977
40.805980	235.461990	18.765148
41.014248	235.299848	18.867029
41.230586	235.133112	18.972622
41.454992	234.961782	19.081928
41.687468	234.785859	19.194949
41.928012	234.605342	19.311684
42.176624	234.420234	19.432136
42.433305	234.230534	19.556305
42.698055	234.036243	19.684193
42.970872	233.837363	19.815800
43.251758	233.633893	19.951128
43.540711	233.425834	20.090177
43.837733	233.213187	20.232949
44.142822	232.995952	20.379445
44.455979	232.774130	20.529665
44.777204	232.547723	20.683611
45.106496	232.316730	20.841284
45.443856	232.081152	21.002684
45.789283	231.840990	21.167812
46.142778	231.596244	21.336670
46.504340	231.346916	21.509258
46.873969	231.093005	21.685578
47.251665	230.834513	21.865630
47.423567	230.717284	21.947527
47.603536	230.595474	22.033158
47.791572	230.469084	22.122522
47.987675	230.338115	22.215621
48.191846	230.202565	22.312455
48.404084	230.062437	22.413023
48.624388	229.917729	22.517327
48.852760	229.768443	22.625367
49.089200	229.614578	22.737143
49.333706	229.456135	22.852655
49.586279	229.293114	22.971904
49.846920	229.125516	23.094891
50.115628	228.953340	23.221615
50.392403	228.776588	23.352078
50.677245	228.595259	23.486278
50.970154	228.409354	23.624218
51.271131	228.218872	23.765896
51.580175	228.023815	23.911314
51.897286	227.824183	24.060472
52.222464	227.619976	24.213369
52.555709	227.411194	24.370008
52.897022	227.197837	24.530387
53.246402	226.979906	24.694507
53.603849	226.757402	24.862368
53.969364	226.530323	25.033972
54.342946	226.298672	25.209317
54.724596	226.062448	25.388405
55.114312	225.821651	25.571235
55.291063	225.712624	25.654137
55.475880	225.599026	25.740781
55.668765	225.480855	25.831169
55.869718	225.358113	25.925301
56.078738	225.230798	26.023176
56.295825	225.098913	26.124794
56.520980	224.962455	26.230157
56.754203	224.821427	26.339263
56.995493	224.675827	26.452114
57.244851	224.525656	26.568709
57.502277	224.370915	26.689048
57.767770	224.211602	26.813132
58.041331	224.047719	26.940960
58.322959	223.879266	27.072533
58.612655	223.706242	27.207851
58.910419	223.528648	27.346914
59.216251	223.346484	27.489722
59.530151	223.159750	27.636276
59.852118	222.968446	27.786575
60.182153	222.772572	27.940619
60.520256	222.572130	28.098409
60.866427	222.367117	28.259945
61.220665	222.157536	28.425227
61.582972	221.943386	28.594254
61.953346	221.724666	28.767028
62.331789	221.501378	28.943548
62.718299	221.273521	29.123814
63.112878	221.041096	29.307827
63.291684	220.935853	29.391207
63.478558	220.826041	29.478333
63.673501	220.711661	29.569206
63.876511	220.592713	29.663826
64.087589	220.469197	29.762192
64.306736	220.341113	29.864305
64.533951	220.208460	29.970166
64.769234	220.071241	30.079773
65.012585	219.929453	30.193127
65.264004	219.783097	30.310228
65.523492	219.632174	30.431076
65.791047	219.476683	30.555671
66.066671	219.316625	30.684014
66.350363	219.151999	30.816103
66.642124	218.982805	30.951940
66.941952	218.809045	31.091524
67.249849	218.630717	31.234856
67.565814	218.447821	31.381935
67.889848	218.260359	31.532761
68.221950	218.068329	31.687335
68.562120	217.871733	31.845657
68.910358	217.670569	32.007726
69.266665	217.464839	32.173542
69.631041	217.254542	32.343107
70.003484	217.039677	32.516419
70.383996	216.820247	32.693478
70.772577	216.596249	32.874286
71.169226	216.367685	33.058841
71.348930	216.264170	33.142453
71.536703	216.156088	33.229812
71.732545	216.043439	33.320919
71.936455	215.926224	33.415774
72.148433	215.804443	33.514377
72.368480	215.678095	33.616728
72.596596	215.547181	33.722827
72.832780	215.411701	33.832674
73.077032	215.271654	33.946269
73.329353	215.127042	34.063612
73.589743	214.977863	34.184703
73.858201	214.824117	34.309543
74.134728	214.665806	34.438130
74.419323	214.502929	34.570466
74.711987	214.335485	34.706550
75.012720	214.163476	34.846381
75.321521	213.986900	34.989961
75.638391	213.805758	35.137290
75.963329	213.620051	35.288366
76.296336	213.429777	35.443191
76.637412	213.234938	35.601764
76.986556	213.035533	35.764085
77.343769	212.831562	35.930155
77.709051	212.623025	36.099973
78.082402	212.409922	36.273539
78.463821	212.192254	36.450854
78.853308	211.970019	36.631917
79.250865	211.743220	36.816728
79.430968	211.640490	36.900451
79.619140	211.533195	36.987923
79.815380	211.421334	37.079142
80.019690	211.304908	37.174111
80.232068	211.183916	37.272827
80.452514	211.058359	37.375293
80.681030	210.928236	37.481506
80.917614	210.793547	37.591468
81.162267	210.654293	37.705179
81.414989	210.510473	37.822638
81.675779	210.362088	37.943845
81.944639	210.209137	38.068801
82.221567	210.051621	38.197506
82.506564	209.889539	38.329959
82.799629	209.722892	38.466160
83.100764	209.551680	38.606110
83.409967	209.375902	38.749809
83.727239	209.195558	38.897256
84.052580	209.010649	39.048451
84.385989	208.821175	39.203395
84.727468	208.627135	39.362088
85.077015	208.428530	39.524529
85.434631	208.225360	39.690719
85.800316	208.017624	39.860657
86.174070	207.805323	40.034344
86.555892	207.588457	40.211779
86.945784	207.367025	40.392963
87.343744	207.141029	40.577896
87.524026	207.038656	40.661673
87.712376	206.931719	40.749198
87.908795	206.820216	40.840472
88.113283	206.704148	40.935494
88.325840	206.583515	41.034265
88.546466	206.458317	41.136785
88.775160	206.328553	41.243053
89.011924	206.194224	41.353070
89.256756	206.055330	41.466836
89.509658	205.911871	41.584350
89.770628	205.763846	41.705612
90.039667	205.611257	41.830624
90.316775	205.454102	41.959384
90.601951	205.292382	42.091893
90.895197	205.126097	42.228150
91.196512	204.955246	42.368156
91.505895	204.779831	42.511911
91.823347	204.599850	42.659414
92.148868	204.415304	42.810666
92.482458	204.226193	42.965667
92.824117	204.032517	43.124416
93.173845	203.834276	43.286914
93.531642	203.631470	43.453160
93.897508	203.424098	43.623156
94.271442	203.212162	43.796900
94.653446	202.995660	43.974392
95.043518	202.774593	44.155634
95.441660	202.548961	44.340624
95.622021	202.446751	44.424426
95.810452	202.339976	44.511976
96.006952	202.228636	44.603276
96.211520	202.112731	44.698324
96.424157	201.992261	44.797120
96.644864	201.867226	44.899666
96.873639	201.737625	45.005960
97.110483	201.603460	45.116003
97.355396	201.464729	45.229794
97.608378	201.321434	45.347335
97.869429	201.173573	45.468624
98.138549	201.021148	45.593661
98.415738	200.864157	45.722448
98.700996	200.702601	45.854983
98.994322	200.536480	45.991266
99.295718	200.365795	46.131299
99.605182	200.190544	46.275080
99.922716	200.010728	46.422610
100.248318	199.826347	46.573888
100.581989	199.637401	46.728916
100.923730	199.443890	46.887692
101.273539	199.245814	47.050216
101.631417	199.043173	47.216490
101.997364	198.835967	47.386512
102.371380	198.624196	47.560283
102.753465	198.407860	47.737802
103.143619	198.186959	47.919070
103.541842	197.961493	48.104087
103.722240	197.859357	48.187901
103.910707	197.752656	48.275464
104.107243	197.641390	48.366776
104.311847	197.525558	48.461836
104.524521	197.405162	48.560645
104.745264	197.280201	48.663202
104.974075	197.150675	48.769509
105.210956	197.016584	48.879564
105.455905	196.877928	48.993367
105.708924	196.734707	49.110920
105.970011	196.586920	49.232221
106.239168	196.434569	49.357271
106.516393	196.277653	49.486070
106.801687	196.116172	49.618617
107.095050	195.950126	49.754913
107.396483	195.779515	49.894958
107.705984	195.604339	50.038752
108.023554	195.424598	50.186294
108.349193	195.240292	50.337585
108.682901	195.051421	50.492625
109.024678	194.857986	50.651413
109.374524	194.659985	50.813950
109.732439	194.457419	50.980236
110.098423	194.250288	51.150271
110.472475	194.038592	51.324054
110.854597	193.822332	51.501587
111.244788	193.601506	51.682868
111.643048	193.376116	51.867897
111.823462	193.274013	51.951717
112.011945	193.167345	52.039285
112.208497	193.056112	52.130602
112.413118	192.940315	52.225668
112.625808	192.819952	52.324483
112.846568	192.695025	52.427046
113.075396	192.565532	52.533358
113.312293	192.431475	52.643419
113.557259	192.292853	52.757228
113.810294	192.149665	52.874786
114.071397	192.001913	52.996093
114.340570	191.849596	53.121149
114.617812	191.692714	53.249953
114.903123	191.531267	53.382507
115.196503	191.365254	53.518808
115.497951	191.194677	53.658859
115.807469	191.019536	53.802659
116.125056	190.839829	53.950207
116.450711	190.655557	54.101504
116.784436	190.466720	54.256549
117.126230	190.273318	54.415343
117.476092	190.075352	54.577887
117.834024	189.872820	54.744178
118.200024	189.665723	54.914219
118.574094	189.454062	55.088008
118.956232	189.237835	55.265546
119.346439	189.017044	55.446833
119.744716	188.791688	55.631869
119.925137	188.689600	55.715691
120.113628	188.582948	55.803262
120.310188	188.471730	55.894581
120.514816	188.355948	55.989650
120.727514	188.235601	56.088467
120.948280	188.110689	56.191033
121.177116	187.981212	56.297348
121.414020	187.847169	56.407411
121.658994	187.708562	56.521223
121.912036	187.565391	56.638784
122.173147	187.417654	56.760094
122.442328	187.265352	56.885152
122.719577	187.108485	57.013959
123.004895	186.947053	57.146515
123.298283	186.781057	57.282820
123.599739	186.610495	57.422873
123.909264	186.435369	57.566675
124.226858	186.255677	57.714226
124.552521	186.071421	57.865526
124.886253	185.882600	58.020574
125.228055	185.689214	58.179371
125.577925	185.491262	58.341917
125.935864	185.288746	58.508211
126.301872	185.081665	58.678255
126.675949	184.870019	58.852047
127.058095	184.653809	59.029587
127.448310	184.433033	59.210877
127.846593	184.207692	59.395915
128.027018	184.105611	59.479739
128.215512	183.998966	59.567311
128.412075	183.887756	59.658632
128.616707	183.771980	59.753701
128.829408	183.651640	59.852520
129.050178	183.526735	59.955087
129.279017	183.397264	60.061403
129.515925	183.263229	60.171468
129.760902	183.124629	60.285281
130.013947	182.981464	60.402843
130.275062	182.833735	60.524154
130.544246	182.681440	60.649214
130.821499	182.524580	60.778022
131.106820	182.363155	60.910579
131.400211	182.197166	61.046885
131.701671	182.026611	61.186940
132.011199	181.851492	61.330743
132.328797	181.671808	61.478295
132.654463	181.487558	61.629596
132.988199	181.298744	61.784645
133.330003	181.105365	61.943444
133.679877	180.907421	62.105991
134.037819	180.704912	62.272287
134.403831	180.497838	62.442331
134.777911	180.286199	62.616125
135.160060	180.069995	62.793667
135.550279	179.849227	62.974957
135.948566	179.623893	63.159997
136.128993	179.521815	63.243821
136.317488	179.415173	63.331394
136.514053	179.303966	63.422715
136.718686	179.188194	63.517785
136.931389	179.067857	63.616604
137.152160	178.942955	63.719172
137.381000	178.813488	63.825489
137.617910	178.679456	63.935554
137.862888	178.540859	64.049368
138.115935	178.397697	64.166931
138.377052	178.249970	64.288242
138.646237	178.097679	64.413302
138.923491	177.940822	64.542111
139.208814	177.779401	64.674669
139.502207	177.613414	64.810975
139.803668	177.442863	64.951030
140.113198	177.267747	65.094834
140.430797	177.088066	65.242387
140.756465	176.903820	65.393689
141.090202	176.715009	65.548739
141.432008	176.521633	65.707538
141.781883	176.323692	65.870085
142.139827	176.121186	66.036382
142.505840	175.914115	66.206427
142.879922	175.702480	66.380221
143.262073	175.486279	66.557763
143.652293	175.265514	66.739055
144.050582	175.040183	66.924095
144.231009	174.938107	67.007919
144.419505	174.831466	67.095492
144.616071	174.720261	67.186814
144.820705	174.604490	67.281884
145.033408	174.484154	67.380704
145.254180	174.359254	67.483272
145.483021	174.229788	67.589588
145.719931	174.095758	67.699654
145.964910	173.957162	67.813468
146.217958	173.814002	67.931031
146.479075	173.666277	68.052343
146.748261	173.513987	68.177403
147.025516	173.357131	68.306212
147.310840	173.195711	68.438770
147.604233	173.029727	68.575077
147.905695	172.859177	68.715133
148.215226	172.684062	68.858937
148.532825	172.504382	69.006490
148.858494	172.320138	69.157791
149.192232	172.131328	69.312842
149.534039	171.937954	69.471641
149.883915	171.740014	69.634189
150.241859	171.537510	69.800486
150.607873	171.330441	69.970531
150.981956	171.118807	70.144325
151.364107	170.902607	70.321868
151.754328	170.681843	70.503160
152.152617	170.456515	70.688200
152.333045	170.354439	70.772025
152.521541	170.247799	70.859598
152.718107	170.136594	70.950920
152.922741	170.020824	71.045990
153.135445	169.900489	71.144810
153.356217	169.775589	71.247378
153.585059	169.646124	71.353695
153.821969	169.512094	71.463760
154.066948	169.373499	71.577575
154.319997	169.230340	71.695138
154.581114	169.082615	71.816450
154.850300	168.930326	71.941510
155.127556	168.773471	72.070319
155.412880	168.612052	72.202878
155.706273	168.446068	72.339184
156.007735	168.275518	72.479240
156.317266	168.100404	72.623044
156.634867	167.920725	72.770597
156.960536	167.736481	72.921899
157.294274	167.547673	73.076950
157.636081	167.354299	73.235749
157.985957	167.156360	73.398297
158.343902	166.953856	73.564594
158.709916	166.746788	73.734639
159.083999	166.535154	73.908434
159.466151	166.318956	74.085977
159.856372	166.098193	74.267269
160.254662	165.872864	74.452309
160.435089	165.770789	74.536133
160.623586	165.664149	74.623707
160.820152	165.552944	74.715029
161.024786	165.437175	74.810099
161.237490	165.316840	74.908919
161.458262	165.191940	75.011487
161.687104	165.062476	75.117804
161.924015	164.928446	75.227870
162.168994	164.789852	75.341684
162.422043	164.646692	75.459247
162.683160	164.498968	75.580559
162.952346	164.346679	75.705620
163.229602	164.189825	75.834429
163.514926	164.028406	75.966987
163.808320	163.862422	76.103294
164.109782	163.691873	76.243350
164.419313	163.516759	76.387154
164.736913	163.337081	76.534707
165.062583	163.152837	76.686009
165.396321	162.964028	76.841060
165.738128	162.770655	76.999859
166.088004	162.572716	77.162407
166.445950	162.370213	77.328704
166.811964	162.163145	77.498750
167.186047	161.951512	77.672544
167.568199	161.735314	77.850087
167.958420	161.514551	78.031379
168.356710	161.289223	78.216419
168.537138	161.187148	78.300244
168.725635	161.080508	78.387817
168.922200	160.969303	78.479139
169.126835	160.853533	78.574210
169.339539	160.733199	78.673029
169.560311	160.608299	78.775598
169.789153	160.478835	78.881914
170.026063	160.344806	78.991980
170.271043	160.206211	79.105795
170.524092	160.063052	79.223358
170.785209	159.915328	79.344670
171.054396	159.763039	79.469730
171.331651	159.606185	79.598540
171.616976	159.444766	79.731098
171.910369	159.278782	79.867405
172.211831	159.108234	80.007461
172.521363	158.933120	80.151265
172.838963	158.753441	80.298818
173.164632	158.569198	80.450120
173.498371	158.380389	80.605171
173.840178	158.187016	80.763970
174.190054	157.989078	80.926518
174.547999	157.786575	81.092815
174.914014	157.579506	81.262861
175.288097	157.367873	81.436655
175.670249	157.151675	81.614198
176.060470	156.930913	81.795490
176.458760	156.705585	81.980531
176.639188	156.603510	82.064355
176.827685	156.496870	82.151928
177.024251	156.385665	82.243250
177.228885	156.269896	82.338321
177.441589	156.149561	82.437141
177.662362	156.024662	82.539709
177.891203	155.895198	82.646026
178.128114	155.761168	82.756091
178.373094	155.622574	82.869906
178.626142	155.479415	82.987469
178.887260	155.331691	83.108781
179.156446	155.179402	83.233842
179.433702	155.022548	83.362651
179.719026	154.861129	83.495209
180.012420	154.695145	83.631516
180.313882	154.524597	83.771572
180.623413	154.349483	83.915376
180.941014	154.169805	84.062930
181.266683	153.985561	84.214231
181.600422	153.796753	84.369282
181.942229	153.603379	84.528082
182.292105	153.405441	84.690630
182.650050	153.202938	84.856927
183.016065	152.995870	85.026972
183.390148	152.784237	85.200767
183.772300	152.568039	85.378310
184.162521	152.347276	85.559602
184.560811	152.121949	85.744642
184.741239	152.019874	85.828467
184.929736	151.913234	85.916040
185.126302	151.802029	86.007362
185.330936	151.686260	86.102433
185.543640	151.565925	86.201252
185.764413	151.441026	86.303820
185.993254	151.311562	86.410137
186.230165	151.177532	86.520203
186.475145	151.038938	86.634017
186.728193	150.895779	86.751581
186.989311	150.748055	86.872893
187.258497	150.595766	86.997953
187.535753	150.438912	87.126763
187.821077	150.277493	87.259321
188.114471	150.111510	87.395628
188.415933	149.940961	87.535684
188.725465	149.765848	87.679488
189.043065	149.586169	87.827041
189.368735	149.401926	87.978343
189.702473	149.213117	88.133394
190.044280	149.019744	88.292193
190.394157	148.821806	88.454741
190.752102	148.619303	88.621038
191.118116	148.412235	88.791084
191.492199	148.200602	88.964878
191.874352	147.984404	89.142421
192.264573	147.763641	89.323713
192.662863	147.538313	89.508754
192.843291	147.436239	89.592578
193.031787	147.329599	89.680152
193.228353	147.218394	89.771474
193.432988	147.102625	89.866544
193.645692	146.982290	89.965364
193.866464	146.857391	90.067932
194.095306	146.727926	90.174249
194.332217	146.593897	90.284315
194.577196	146.455303	90.398129
194.830245	146.312144	90.515692
195.091362	146.164420	90.637004
195.360549	146.012131	90.762065
195.637804	145.855277	90.890874
195.923129	145.693858	91.023433
196.216522	145.527875	91.159740
196.517985	145.357326	91.299795
196.827516	145.182212	91.443600
197.145117	145.002534	91.591153
197.470786	144.818291	91.742455
197.804524	144.629482	91.897505
198.146332	144.436109	92.056305
198.496208	144.238171	92.218853
198.854153	144.035668	92.385150
199.220168	143.828600	92.555196
199.594251	143.616967	92.728990
199.976403	143.400769	92.906533
200.366624	143.180006	93.087825
200.764915	142.954678	93.272866
200.945342	142.852604	93.356690
201.133839	142.745964	93.444263
201.330405	142.634759	93.535585
201.535040	142.518990	93.630656
201.747743	142.398655	93.729476
201.968516	142.273756	93.832044
202.197358	142.144292	93.938361
202.434268	142.010262	94.048426
202.679248	141.871668	94.162241
202.932297	141.728509	94.279804
203.193414	141.580785	94.401116
203.462601	141.428496	94.526177
203.739856	141.271642	94.654986
204.025181	141.110224	94.787544
204.318574	140.944240	94.923851
204.620037	140.773691	95.063907
204.929568	140.598578	95.207711
205.247168	140.418899	95.355265
205.572838	140.234656	95.506567
205.906576	140.045847	95.661617
206.248384	139.852474	95.820417
206.598260	139.654536	95.982965
206.956205	139.452033	96.149262
207.322219	139.244965	96.319307
207.696303	139.033332	96.493102
208.078455	138.817134	96.670645
208.468676	138.596371	96.851937
208.866966	138.371044	97.036977
209.047394	138.268969	97.120802
209.235891	138.162329	97.208375
209.432457	138.051125	97.299697
209.637091	137.935355	97.394768
209.849795	137.815021	97.493587
210.070568	137.690121	97.596156
210.299409	137.560657	97.702473
210.536320	137.426628	97.812538
210.781300	137.288033	97.926353
211.034348	137.144874	98.043916
211.295466	136.997150	98.165228
211.564652	136.844861	98.290289
211.841908	136.688008	98.419098
212.127232	136.526589	98.551656
212.420626	136.360605	98.687963
212.722088	136.190057	98.828019
213.031620	136.014943	98.971823
213.349220	135.835265	99.119376
213.674890	135.651021	99.270678
214.008628	135.462213	99.425729
214.350435	135.268840	99.584528
214.700312	135.070901	99.747077
215.058257	134.868398	99.913374
215.424271	134.661330	100.083419
215.798354	134.449697	100.257214
216.180507	134.233500	100.434757
216.570728	134.012737	100.616049
216.969018	133.787409	100.801089
217.149446	133.685334	100.884914
217.337943	133.578695	100.972487
217.534508	133.467490	101.063809
217.739143	133.351720	101.158880
217.951847	133.231386	101.257699
218.172619	133.106487	101.360267
218.401461	132.977022	101.466584
218.638372	132.842993	101.576650
218.883351	132.704399	101.690465
219.136400	132.561240	101.808028
219.397518	132.413516	101.929340
219.666704	132.261227	102.054400
219.943960	132.104373	102.183210
220.229284	131.942954	102.315768
220.522678	131.776971	102.452075
220.824140	131.606422	102.592131
221.133672	131.431308	102.735935
221.451272	131.251630	102.883488
221.776941	131.067386	103.034790
222.110680	130.878578	103.189841
222.452487	130.685205	103.348640
222.802363	130.487267	103.511188
223.160309	130.284764	103.677485
223.526323	130.077696	103.847531
223.900406	129.866063	104.021325
224.282558	129.649865	104.198869
224.672780	129.429102	104.380160
225.071070	129.203774	104.565201
225.251498	129.101700	104.649026
225.439994	128.995060	104.736599
225.636560	128.883855	104.827921
225.841195	128.768086	104.922992
226.053899	128.647751	105.021811
226.274671	128.522852	105.124379
226.503513	128.393388	105.230696
226.740424	128.259358	105.340762
226.985403	128.120764	105.454576
227.238452	127.977605	105.572140
227.499569	127.829881	105.693452
227.768756	127.677592	105.818512
228.046011	127.520738	105.947322
228.331336	127.359320	106.079880
228.624729	127.193336	106.216187
228.926192	127.022787	106.356242
229.235723	126.847674	106.500047
229.553324	126.667995	106.647600
229.878993	126.483752	106.798902
230.212731	126.294944	106.953953
230.554539	126.101570	107.112752
230.904415	125.903632	107.275300
231.262360	125.701129	107.441597
231.628375	125.494061	107.611643
232.002458	125.282428	107.785437
232.384610	125.066230	107.962980
232.774831	124.845468	108.144272
233.173122	124.620140	108.329313
233.353549	124.518065	108.413137
233.542046	124.411425	108.500711
233.738612	124.300221	108.592033
233.943247	124.184451	108.687103
234.155950	124.064117	108.785923
234.376723	123.939217	108.888491
234.605565	123.809753	108.994808
234.842475	123.675724	109.104874
235.087455	123.537130	109.218688
235.340504	123.393971	109.336251
235.601621	123.246247	109.457563
235.870808	123.093958	109.582624
236.148063	122.937104	109.711433
236.433388	122.775685	109.843992
236.726781	122.609701	109.980299
237.028244	122.439153	110.120354
237.337775	122.264039	110.264159
237.655375	122.084361	110.411712
237.981045	121.900117	110.563014
238.314783	121.711309	110.718064
238.656591	121.517936	110.876864
239.006467	121.319998	111.039412
239.364412	121.117495	111.205709
239.730426	120.910426	111.375755
240.104510	120.698794	111.549549
240.486662	120.482596	111.727092
240.876883	120.261833	111.908384
241.275173	120.036505	112.093425
241.455601	119.934430	112.177249
241.644098	119.827791	112.264822
241.840664	119.716586	112.356144
242.045298	119.600817	112.451215
242.258002	119.480482	112.550035
242.478775	119.355583	112.652603
242.707616	119.226118	112.758920
242.944527	119.092089	112.868986
243.189507	118.953495	112.982800
243.442555	118.810336	113.100363
243.703673	118.662612	113.221675
243.972859	118.510323	113.346736
244.250115	118.353469	113.475545
244.535439	118.192050	113.608104
244.828833	118.026067	113.744410
245.130295	117.855518	113.884466
245.439827	117.680405	114.028271
245.757427	117.500726	114.175824
246.083097	117.316483	114.327126
246.416835	117.127674	114.482176
246.758642	116.934301	114.640976
247.108519	116.736363	114.803524
247.466464	116.533860	114.969821
247.832478	116.326792	115.139866
248.206561	116.115159	115.313661
248.588714	115.898961	115.491204
248.978935	115.678198	115.672496
249.377225	115.452871	115.857536
249.557653	115.350796	115.941361
249.746150	115.244156	116.028934
249.942715	115.132952	116.120256
250.147350	115.017182	116.215327
250.360054	114.896848	116.314146
250.580827	114.771948	116.416715
250.809668	114.642484	116.523032
251.046579	114.508455	116.633097
251.291559	114.369860	116.746912
251.544607	114.226701	116.864475
251.805725	114.078977	116.985787
252.074911	113.926688	117.110848
252.352167	113.769835	117.239657
252.637491	113.608416	117.372215
252.930885	113.442432	117.508522
253.232347	113.271883	117.648578
253.541879	113.096770	117.792382
253.859479	112.917091	117.939936
254.185148	112.732848	118.091237
254.518887	112.544040	118.246288
254.860694	112.350667	118.405088
255.210570	112.152728	118.567636
255.568516	111.950225	118.733933
255.934530	111.743157	118.903978
256.308613	111.531524	119.077773
256.690766	111.315327	119.255316
257.080987	111.094564	119.436608
257.479277	110.869236	119.621648
257.659705	110.767161	119.705473
257.848201	110.660522	119.793046
258.044767	110.549317	119.884368
258.249402	110.433547	119.979439
258.462106	110.313213	120.078258
258.682878	110.188314	120.180826
258.911720	110.058849	120.287143
259.148631	109.924820	120.397209
259.393610	109.786226	120.511024
259.646659	109.643067	120.628587
259.907776	109.495343	120.749899
260.176963	109.343054	120.874960
260.454219	109.186200	121.003769
260.739543	109.024781	121.136327
261.032937	108.858798	121.272634
261.334399	108.688249	121.412690
261.643930	108.513135	121.556494
261.961531	108.333457	121.704047
262.287200	108.149214	121.855349
262.620939	107.960405	122.010400
262.962746	107.767032	122.169199
263.312622	107.569094	122.331748
263.670568	107.366591	122.498044
264.036582	107.159523	122.668090
264.410665	106.947890	122.841884
264.792817	106.731692	123.019428
265.183038	106.510929	123.200719
265.581329	106.285601	123.385760
265.761756	106.183527	123.469585
265.950253	106.076887	123.557158
266.146819	105.965682	123.648480
266.351454	105.849913	123.743551
266.564157	105.729578	123.842370
266.784930	105.604679	123.944938
267.013772	105.475215	124.051255
267.250682	105.341185	124.161321
267.495662	105.202591	124.275135
267.748711	105.059432	124.392699
268.009828	104.911708	124.514011
268.279015	104.759419	124.639071
268.556270	104.602565	124.767881
268.841595	104.441147	124.900439
269.134988	104.275163	125.036746
269.436451	104.104614	125.176802
269.745982	103.929501	125.320606
270.063583	103.749822	125.468159
270.389252	103.565579	125.619461
270.722990	103.376771	125.774512
271.064798	103.183397	125.933311
271.414674	102.985459	126.095859
271.772619	102.782956	126.262156
272.138634	102.575888	126.432202
272.512717	102.364255	126.605996
272.894869	102.148057	126.783539
273.285090	101.927295	126.964831
273.683380	101.701967	127.149872
273.863808	101.599892	127.233696
274.052305	101.493252	127.321270
274.248871	101.382048	127.412592
274.453506	101.266278	127.507662
274.666209	101.145944	127.606482
274.886982	101.021044	127.709050
275.115824	100.891580	127.815367
275.352734	100.757551	127.925433
275.597714	100.618957	128.039247
275.850762	100.475798	128.156810
276.111880	100.328074	128.278122
276.381067	100.175785	128.403183
276.658322	100.018931	128.531993
276.943647	99.857512	128.664551
277.237040	99.691528	128.800858
277.538503	99.520980	128.940913
277.848034	99.345866	129.084718
278.165634	99.166188	129.232271
278.491304	98.981944	129.383573
278.825042	98.793136	129.538624
279.166849	98.599763	129.697423
279.516726	98.401825	129.859971
279.874671	98.199322	130.026268
280.240685	97.992254	130.196314
280.614769	97.780621	130.370108
280.996921	97.564423	130.547651
281.387142	97.343660	130.728943
281.785432	97.118332	130.913984
281.965860	97.016258	130.997808
282.154357	96.909618	131.085381
282.350923	96.798413	131.176703
282.555557	96.682644	131.271774
282.768261	96.562309	131.370594
282.989034	96.437410	131.473162
283.217875	96.307945	131.579479
283.454786	96.173916	131.689545
283.699766	96.035322	131.803359
283.952814	95.892163	131.920922
284.213932	95.744439	132.042234
284.483118	95.592150	132.167295
284.760374	95.435296	132.296104
285.045698	95.273877	132.428663
285.339092	95.107894	132.564970
285.640554	94.937345	132.705025
285.950086	94.762232	132.848830
286.267686	94.582553	132.996383
286.593356	94.398310	133.147685
286.927094	94.209501	133.302735
