-50.312712	204.048043	598.640458
-50.299425	203.921490	598.629391
-50.285346	203.791723	598.608888
-50.270474	203.658743	598.578948
-50.254810	203.522552	598.539571
-50.238353	203.383152	598.490756
-50.221104	203.240544	598.432503
-50.203062	203.094731	598.364811
-50.184229	202.945713	598.287679
-50.164604	202.793494	598.201106
-50.144187	202.638074	598.105093
-50.122979	202.479455	597.999638
-50.100979	202.317639	597.884742
-50.078188	202.152628	597.760402
-50.054605	201.984424	597.626620
-50.030232	201.813027	597.483393
-50.005068	201.638441	597.330722
-49.979114	201.460666	597.168606
-49.952368	201.279704	596.997044
-49.924833	201.095558	596.816036
-49.896507	200.908228	596.625581
-49.867391	200.717718	596.425679
-49.837485	200.524027	596.216329
-49.806789	200.327159	595.997529
-49.775304	200.127115	595.769281
-49.743029	199.923896	595.531583
-49.709964	199.717505	595.284434
-49.676111	199.507943	595.027834
-49.641468	199.295212	594.761783
-49.606037	199.079313	594.486279
-49.569816	198.860249	594.201322
-49.532807	198.638021	593.906912
-49.495010	198.412632	593.603048
-49.456424	198.184081	593.289729
-49.417050	197.952373	592.966955
-49.376888	197.717508	592.634724
-49.335938	197.479488	592.293038
-49.294200	197.238314	591.941894
-49.251675	196.993990	591.581292
-49.208362	196.746515	591.211232
-49.164262	196.495893	590.831714
-49.119375	196.242125	590.442735
-49.073701	195.985213	590.044297
-49.027240	195.725158	589.636397
-48.979992	195.461963	589.219037
-48.958740	195.344125	589.030191
-48.936701	195.223149	588.831884
-48.913875	195.099035	588.624114
-48.890264	194.971786	588.406881
-48.865866	194.841400	588.180185
-48.840682	194.707880	587.944026
-48.814711	194.571226	587.698403
-48.787955	194.431438	587.443316
-48.760412	194.288519	587.178766
-48.732084	194.142467	586.904750
-48.702970	193.993285	586.621270
-48.673070	193.840972	586.328326
-48.642384	193.685531	586.025915
-48.610912	193.526961	585.714040
-48.578655	193.365263	585.392698
-48.545613	193.200438	585.061891
-48.511785	193.032488	584.721617
-48.477171	192.861412	584.371877
-48.441772	192.687212	584.012670
-48.405588	192.509889	583.643995
-48.368619	192.329443	583.265853
-48.330864	192.145874	582.878244
-48.292325	191.959185	582.481166
-48.253001	191.769376	582.074621
-48.212891	191.576446	581.658607
-48.171997	191.380399	581.233124
-48.130318	191.181233	580.798171
-48.087854	190.978950	580.353750
-48.068516	190.887107	580.150795
-48.048393	190.792148	579.938370
-48.027485	190.694074	579.716475
-48.005793	190.592884	579.485110
-47.983317	190.488580	579.244275
-47.960055	190.381161	578.993970
-47.936010	190.270629	578.734194
-47.911180	190.156983	578.464948
-47.885566	190.040223	578.186231
-47.859167	189.920351	577.898044
-47.831984	189.797366	577.600385
-47.804016	189.671269	577.293256
-47.775265	189.542060	576.976656
-47.745729	189.409740	576.650584
-47.715408	189.274309	576.315041
-47.684304	189.135767	575.970027
-47.652416	188.994115	575.615541
-47.619743	188.849353	575.251583
-47.586286	188.701482	574.878153
-47.552046	188.550501	574.495251
-47.517021	188.396412	574.102878
-47.481212	188.239214	573.701032
-47.444619	188.078908	573.289713
-47.407243	187.915495	572.868922
-47.369082	187.748974	572.438659
-47.330138	187.579347	571.998923
-47.290410	187.406613	571.549714
-47.249898	187.230773	571.091032
-47.231536	187.151205	570.882869
-47.212390	187.068532	570.665232
-47.192460	186.982754	570.438123
-47.171747	186.893870	570.201540
-47.150250	186.801881	569.955484
-47.127969	186.706788	569.699954
-47.104905	186.608589	569.434951
-47.081057	186.507286	569.160475
-47.056426	186.402879	568.876525
-47.031010	186.295368	568.583101
-47.004811	186.184752	568.280204
-46.977829	186.071033	567.967833
-46.950063	185.954210	567.645988
-46.921513	185.834283	567.314669
-46.892180	185.711253	566.973876
-46.862063	185.585120	566.623609
-46.831162	185.455884	566.263868
-46.799479	185.323545	565.894654
-46.767011	185.188103	565.515965
-46.733760	185.049559	565.127801
-46.699726	184.907912	564.730164
-46.664908	184.763164	564.323052
-46.629307	184.615313	563.906466
-46.592922	184.464361	563.480405
-46.555754	184.310307	563.044870
-46.517802	184.153151	562.599860
-46.479067	183.992894	562.145376
-46.439549	183.829536	561.681417
-46.421649	183.755605	561.471146
-46.402966	183.678573	561.251401
-46.383500	183.598441	561.022180
-46.363250	183.515207	560.783485
-46.342217	183.428874	560.535315
-46.320401	183.339439	560.277670
-46.297801	183.246904	560.010550
-46.274418	183.151269	559.733956
-46.250252	183.052533	559.447886
-46.225302	182.950697	559.152342
-46.199569	182.845761	558.847322
-46.173053	182.737725	558.532827
-46.145754	182.626589	558.208858
-46.117671	182.512353	557.875413
-46.088805	182.395017	557.532493
-46.059156	182.274581	557.180098
-46.028723	182.151046	556.818228
-45.997507	182.024411	556.446883
-45.965508	181.894677	556.066063
-45.932726	181.761843	555.675767
-45.899160	181.625910	555.275996
-45.864811	181.486877	554.866750
-45.829679	181.344746	554.448028
-45.793764	181.199515	554.019831
-45.757066	181.051185	553.582159
-45.719584	180.899756	553.135012
-45.681319	180.745228	552.678388
-45.642271	180.587602	552.212290
-45.624585	180.516234	552.001118
-45.606115	180.441767	551.780470
-45.586862	180.364202	551.550346
-45.566826	180.283538	551.310747
-45.546007	180.199775	551.061673
-45.524405	180.112914	550.803123
-45.502019	180.022955	550.535097
-45.478850	179.929897	550.257596
-45.454898	179.833740	549.970620
-45.430163	179.734486	549.674167
-45.404645	179.632132	549.368240
-45.378344	179.526681	549.052836
-45.351260	179.418131	548.727957
-45.323392	179.306483	548.393602
-45.294741	179.191737	548.049772
-45.265307	179.073892	547.696466
-45.235090	178.952950	547.333685
-45.204090	178.828909	546.961427
-45.172307	178.701770	546.579694
-45.139741	178.571533	546.188486
-45.106391	178.438198	545.787801
-45.072258	178.301765	545.377641
-45.037343	178.162235	544.958005
-45.001644	178.019606	544.528894
-44.965162	177.873880	544.090306
-44.927897	177.725055	543.642243
-44.889849	177.573133	543.184704
-44.851017	177.418113	542.717690
-44.833428	177.347907	542.506120
-44.815055	177.274602	542.285075
-44.795900	177.198200	542.054554
-44.775961	177.118700	541.814557
-44.755239	177.036103	541.565084
-44.733735	176.950408	541.306136
-44.711447	176.861615	541.037711
-44.688376	176.769725	540.759811
-44.664521	176.674737	540.472435
-44.639884	176.576652	540.175583
-44.614464	176.475469	539.869255
-44.588261	176.371189	539.553451
-44.561274	176.263811	539.228172
-44.533505	176.153335	538.893416
-44.504952	176.039762	538.549185
-44.475616	175.923092	538.195478
-44.445498	175.803324	537.832295
-44.414596	175.680459	537.459635
-44.382911	175.554496	537.077500
-44.350443	175.425436	536.685890
-44.317192	175.293279	536.284803
-44.283158	175.158024	535.874240
-44.248341	175.019672	535.454201
-44.212740	174.878223	535.024687
-44.176357	174.733676	534.585696
-44.139191	174.586032	534.137230
-44.101241	174.435291	533.679287
-44.062509	174.281452	533.211869
-44.044964	174.211771	533.000122
-44.026635	174.138992	532.778900
-44.007524	174.063117	532.548201
-43.987629	173.984144	532.308026
-43.966952	173.902073	532.058376
-43.945491	173.816906	531.799249
-43.923247	173.728641	531.530647
-43.900221	173.637279	531.252568
-43.876411	173.542820	530.965013
-43.851818	173.445264	530.667983
-43.826442	173.344611	530.361476
-43.800283	173.240861	530.045494
-43.773341	173.134013	529.720035
-43.745616	173.024068	529.385101
-43.717108	172.911026	529.040690
-43.687817	172.794887	528.686804
-43.657743	172.675651	528.323441
-43.626886	172.553318	527.950603
-43.595245	172.427887	527.568288
-43.562822	172.299360	527.176498
-43.529616	172.167735	526.775231
-43.495626	172.033014	526.364489
-43.460854	171.895195	525.944270
-43.425298	171.754279	525.514575
-43.388960	171.610267	525.075405
-43.351838	171.463157	524.626758
-43.313934	171.312950	524.168635
-43.275246	171.159646	523.701037
-43.257721	171.090202	523.489210
-43.239412	171.017661	523.267908
-43.220321	170.942024	523.037129
-43.200446	170.863289	522.796875
-43.179789	170.781457	522.547144
-43.158348	170.696528	522.287938
-43.136125	170.608502	522.019255
-43.113118	170.517380	521.741096
-43.089328	170.423160	521.453461
-43.064755	170.325843	521.156351
-43.039400	170.225429	520.849764
-43.013261	170.121918	520.533701
-42.986339	170.015311	520.208162
-42.958634	169.905606	519.873147
-42.930146	169.792804	519.528656
-42.900875	169.676906	519.174689
-42.870821	169.557910	518.811246
-42.839984	169.435817	518.438326
-42.808364	169.310628	518.055931
-42.775961	169.182341	517.664060
-42.742775	169.050958	517.262712
-42.708806	168.916477	516.851889
-42.674054	168.778900	516.431589
-42.638519	168.638225	516.001814
-42.602200	168.494454	515.562562
-42.565099	168.347586	515.113834
-42.527215	168.197621	514.655630
-42.488548	168.044559	514.187951
-42.471031	167.975222	513.976088
-42.452732	167.902789	513.754750
-42.433649	167.827259	513.523935
-42.413784	167.748632	513.283645
-42.393135	167.666908	513.033878
-42.371704	167.582087	512.774635
-42.349489	167.494169	512.505917
-42.326492	167.403155	512.227722
-42.302711	167.309043	511.940051
-42.278147	167.211835	511.642904
-42.252801	167.111529	511.336281
-42.226671	167.008127	511.020182
-42.199758	166.901628	510.694606
-42.172063	166.792031	510.359555
-42.143584	166.679338	510.015028
-42.114322	166.563548	509.661024
-42.084277	166.444661	509.297545
-42.053449	166.322678	508.924589
-42.021838	166.197597	508.542157
-41.989444	166.069419	508.150249
-41.956268	165.938145	507.748866
-41.922308	165.803774	507.338006
-41.887565	165.666305	506.917670
-41.852039	165.525740	506.487857
-41.815729	165.382078	506.048569
-41.778637	165.235319	505.599805
-41.740762	165.085464	505.141565
-41.702104	164.932511	504.673848
-41.684592	164.863223	504.461969
-41.666297	164.790839	504.240615
-41.647218	164.715357	504.009784
-41.627357	164.636779	503.769477
-41.606712	164.555104	503.519694
-41.585285	164.470332	503.260435
-41.563075	164.382463	502.991700
-41.540081	164.291497	502.713489
-41.516305	164.197434	502.425802
-41.491745	164.100275	502.128638
-41.466402	164.000018	501.821999
-41.440277	163.896665	501.505883
-41.413368	163.790215	501.180292
-41.385677	163.680668	500.845224
-41.357202	163.568024	500.500680
-41.327944	163.452283	500.146660
-41.297904	163.333445	499.783164
-41.267080	163.211511	499.410192
-41.235473	163.086479	499.027744
-41.203083	162.958351	498.635820
-41.169911	162.827126	498.234419
-41.135955	162.692804	497.823543
-41.101216	162.555385	497.403190
-41.065694	162.414870	496.973362
-41.029389	162.271257	496.534057
-40.992301	162.124548	496.085276
-40.954430	161.974741	495.627019
-40.915776	161.821838	495.159286
-40.898266	161.752572	494.947400
-40.879972	161.680210	494.726038
-40.860896	161.604750	494.495200
-40.841036	161.526194	494.254886
-40.820394	161.444541	494.005095
-40.798968	161.359791	493.745829
-40.776760	161.271944	493.477087
-40.753768	161.181001	493.198868
-40.729993	161.086960	492.911173
-40.705436	160.989823	492.614003
-40.680095	160.889588	492.307356
-40.653971	160.786257	491.991233
-40.627065	160.679829	491.665634
-40.599375	160.570305	491.330558
-40.570902	160.457683	490.986007
-40.541646	160.341964	490.631980
-40.511607	160.223149	490.268476
-40.480786	160.101237	489.895497
-40.449181	159.976228	489.513041
-40.416793	159.848122	489.121110
-40.383622	159.716919	488.719702
-40.349668	159.582619	488.308818
-40.314931	159.445223	487.888458
-40.279411	159.304729	487.458622
-40.243108	159.161139	487.019310
-40.206022	159.014452	486.570521
-40.168153	158.864668	486.112257
-40.129501	158.711787	485.644516
-40.111991	158.642532	485.432627
-40.093698	158.570179	485.211262
-40.074623	158.494730	484.980420
-40.054764	158.416184	484.740103
-40.034122	158.334540	484.490309
-40.012698	158.249800	484.231039
-39.990490	158.161964	483.962294
-39.967499	158.071030	483.684072
-39.943725	157.976999	483.396374
-39.919169	157.879872	483.099199
-39.893829	157.779648	482.792549
-39.867706	157.676327	482.476423
-39.840800	157.569909	482.150820
-39.813111	157.460394	481.815742
-39.784639	157.347783	481.471187
-39.755384	157.232074	481.117157
-39.725346	157.113269	480.753650
-39.694525	156.991367	480.380667
-39.662921	156.866368	479.998208
-39.630534	156.738272	479.606273
-39.597364	156.607079	479.204862
-39.563411	156.472790	478.793974
-39.528675	156.335403	478.373611
-39.493156	156.194920	477.943771
-39.456853	156.051340	477.504456
-39.419768	155.904663	477.055664
-39.381900	155.754889	476.597396
-39.343249	155.602019	476.129653
-39.325740	155.532767	475.917762
-39.307447	155.460419	475.696395
-39.288372	155.384974	475.465552
-39.268514	155.306433	475.225233
-39.247872	155.224794	474.975438
-39.226448	155.140059	474.716167
-39.204241	155.052226	474.447419
-39.181250	154.961297	474.169196
-39.157477	154.867271	473.881496
-39.132920	154.770148	473.584321
-39.107616	154.669895	473.277677
-39.081611	154.566463	472.961577
-39.054957	154.459804	472.636033
-39.027704	154.349868	472.301056
-38.999905	154.236603	471.956659
-38.971615	154.119956	471.602856
-38.942889	153.999872	471.239658
-38.913782	153.876296	470.867081
-38.884349	153.749169	470.485138
-38.854647	153.618433	470.093843
-38.824745	153.484028	469.693212
-38.794710	153.345891	469.283258
-38.764606	153.203960	468.863997
-38.734499	153.058168	468.435445
-38.704456	152.908451	467.997618
-38.674548	152.754740	467.550531
-38.644844	152.596967	467.094202
-38.615417	152.435060	466.628649
-38.602512	152.361336	466.417940
-38.589991	152.283374	466.198031
-38.577888	152.201140	465.968930
-38.566241	152.114599	465.730647
-38.555086	152.023713	465.483189
-38.544462	151.928445	465.226565
-38.534411	151.828755	464.960787
-38.524975	151.724600	464.685863
-38.516197	151.615939	464.401803
-38.508122	151.502728	464.108619
-38.500795	151.384921	463.806321
-38.494252	151.262471	463.494921
-38.488529	151.135330	463.174433
-38.483705	151.003448	462.844865
-38.479831	150.866773	462.506230
-38.476962	150.725253	462.158541
-38.475152	150.578834	461.801810
-38.474459	150.427459	461.436050
-38.474901	150.271073	461.061279
-38.476520	150.109619	460.677510
-38.479359	149.943035	460.284761
-38.483557	149.771260	459.883038
-38.489176	149.594231	459.472358
-38.496283	149.411883	459.052735
-38.504944	149.224151	458.624184
-38.515228	149.030967	458.186721
-38.527204	148.832264	457.740361
-38.540944	148.627971	457.285122
-38.547779	148.535850	457.081488
-38.556482	148.438036	456.868997
-38.567088	148.334496	456.647658
-38.579632	148.225196	456.417478
-38.594152	148.110098	456.178466
-38.610682	147.989166	455.930630
-38.629188	147.862362	455.673985
-38.649642	147.729648	455.408546
-38.672059	147.590983	455.134323
-38.696456	147.446324	454.851328
-38.722849	147.295627	454.559574
-38.751256	147.138847	454.259074
-38.781695	146.975936	453.949840
-38.814504	146.806840	453.631860
-38.849724	146.631508	453.305147
-38.887418	146.449887	452.969711
-38.927641	146.261926	452.625563
-38.970448	146.067568	452.272716
-39.015895	145.866759	451.911181
-39.064041	145.659441	451.540970
-39.114946	145.445554	451.162097
-39.168670	145.225040	450.774573
-39.225276	144.997836	450.378412
-39.284828	144.763879	449.973627
-39.347391	144.523105	449.560231
-39.413032	144.275448	449.138239
-39.443494	144.162695	448.947558
-39.477132	144.042962	448.748301
-39.513979	143.916216	448.540473
-39.554069	143.782425	448.324081
-39.597435	143.641553	448.099132
-39.644115	143.493565	447.865633
-39.694146	143.338423	447.623592
-39.747567	143.176089	447.373015
-39.804420	143.006522	447.113911
-39.864745	142.829681	446.846288
-39.928586	142.645522	446.570154
-39.995989	142.454002	446.285517
-40.066998	142.255074	445.992387
-40.141662	142.048691	445.690770
-40.220029	141.834805	445.380678
-40.302150	141.613365	445.062119
-40.388077	141.384321	444.735101
-40.477861	141.147619	444.399636
-40.571558	140.903205	444.055731
-40.669224	140.651024	443.703398
-40.770915	140.391018	443.342645
-40.876690	140.123130	442.973484
-40.986609	139.847299	442.595924
-41.100733	139.563464	442.209975
-41.153187	139.434136	442.035267
-41.209937	139.296714	441.852185
-41.271012	139.151167	441.660735
-41.336445	138.997464	441.460921
-41.406266	138.835574	441.252748
-41.480510	138.665462	441.036222
-41.559212	138.487092	440.811348
-41.642409	138.300429	440.578132
-41.730139	138.105434	440.336579
-41.822440	137.902067	440.086695
-41.919354	137.690288	439.828487
-42.020921	137.470055	439.561960
-42.127187	137.241323	439.287120
-42.238195	137.004049	439.003974
-42.353990	136.758185	438.712529
-42.474622	136.503684	438.412789
-42.600138	136.240496	438.104764
-42.730588	135.968572	437.788457
-42.866023	135.687859	437.463878
-43.006497	135.398303	437.131031
-43.152063	135.099851	436.789924
-43.302777	134.792446	436.440564
-43.372186	134.651590	436.281372
-43.446824	134.501698	436.113936
-43.526720	134.342742	435.938260
-43.611902	134.174693	435.754347
-43.702399	133.997521	435.562200
-43.798242	133.811193	435.361822
-43.899465	133.615678	435.153217
-44.006101	133.410940	434.936389
-44.118185	133.196943	434.711340
-44.235753	132.973651	434.478076
-44.358844	132.741024	434.236598
-44.487496	132.499023	433.986911
-44.621751	132.247607	433.729019
-44.761649	131.986732	433.462926
-44.907234	131.716355	433.188634
-45.058550	131.436430	432.906148
-45.215643	131.146911	432.615471
-45.378560	130.847748	432.316607
-45.547348	130.538893	432.009560
-45.722059	130.220295	431.694333
-45.902742	129.891900	431.370930
-45.984743	129.743345	431.225303
-46.072792	129.584916	431.071505
-46.166914	129.416588	430.909537
-46.267135	129.238334	430.739400
-46.373482	129.050126	430.561097
-46.485984	128.851933	430.374628
-46.604671	128.643726	430.179996
-46.729575	128.425471	429.977201
-46.860727	128.197134	429.766245
-46.998163	127.958682	429.547129
-47.141916	127.710076	429.319855
-47.292023	127.451279	429.084424
-47.448523	127.182253	428.840838
-47.611455	126.902955	428.589096
-47.780858	126.613346	428.329201
-47.956774	126.313380	428.061154
-48.139246	126.003013	427.784955
-48.328318	125.682200	427.500605
-48.524036	125.350893	427.208104
-48.726446	125.009043	426.907453
-48.817585	124.855463	426.772891
-48.915485	124.691268	426.630180
-49.020170	124.516433	426.479318
-49.131663	124.330935	426.320307
-49.249989	124.134745	426.153147
-49.375175	123.927837	425.977836
-49.507249	123.710181	425.794374
-49.646240	123.481746	425.602762
-49.792178	123.242501	425.402999
-49.945096	122.992412	425.195083
-50.105025	122.731444	424.979015
-50.272000	122.459562	424.754792
-50.446056	122.176727	424.522415
-50.627231	121.882902	424.281881
-50.815562	121.578046	424.033190
-51.011087	121.262118	423.776339
-51.213848	120.935074	423.511327
-51.423887	120.596872	423.238152
-51.641245	120.247464	422.956812
-51.738970	120.090623	422.830912
-51.844080	119.922510	422.696844
-51.956594	119.743102	422.554605
-52.076534	119.552375	422.404193
-52.203925	119.350305	422.245609
-52.338791	119.136865	422.078848
-52.481158	118.912028	421.903911
-52.631053	118.675763	421.720793
-52.788505	118.428042	421.529493
-52.953543	118.168832	421.330009
-53.126199	117.898099	421.122338
-53.306504	117.615811	420.906476
-53.494492	117.321929	420.682420
-53.690197	117.016418	420.450167
-53.893656	116.699239	420.209713
-54.104905	116.370353	419.961054
-54.323983	116.029717	419.704185
-54.550928	115.677289	419.439102
-54.653420	115.518323	419.319832
-54.763838	115.347502	419.192341
-54.882203	115.164805	419.056626
-55.008535	114.970209	418.912684
-55.142856	114.763691	418.760513
-55.285189	114.545225	418.600109
-55.435559	114.314785	418.431468
-55.593991	114.072343	418.254588
-55.760513	113.817871	418.069463
-55.935152	113.551337	417.876090
-56.117937	113.272710	417.674465
-56.308899	112.981956	417.464581
-56.508070	112.679041	417.246434
-56.715483	112.363929	417.020018
-56.931172	112.036584	416.785327
-57.155171	111.696966	416.542356
-57.387517	111.345036	416.291097
-57.493489	111.184676	416.176839
-57.607862	111.011944	416.054284
-57.730656	110.826820	415.923428
-57.861890	110.629282	415.784266
-58.001583	110.419308	415.636794
-58.149760	110.196874	415.481009
-58.306441	109.961955	415.316905
-58.471653	109.714522	415.144476
-58.645420	109.454550	414.963718
-58.827768	109.182007	414.774625
-59.018727	108.896864	414.577190
-59.218325	108.599088	414.371406
-59.426591	108.288647	414.157267
-59.643558	107.965504	413.934766
-59.869259	107.629625	413.703893
-60.103726	107.280971	413.464641
-60.212267	107.119693	413.354150
-60.329626	106.945584	413.235267
-60.455819	106.758626	413.107988
-60.590867	106.558798	412.972307
-60.734787	106.346077	412.828220
-60.887601	106.120441	412.675720
-61.049331	105.881866	412.514802
-61.220001	105.630324	412.345460
-61.399634	105.365791	412.167686
-61.588256	105.088235	411.981473
-61.785893	104.797629	411.786813
-61.992575	104.493941	411.583699
-62.208328	104.177138	411.372121
-62.433185	103.847187	411.152070
-62.667176	103.504052	410.923537
-62.910333	103.147698	410.686511
-63.020875	102.985793	410.578960
-63.140632	102.810614	410.462900
-63.269621	102.622143	410.338327
-63.407859	102.420359	410.205234
-63.555365	102.205241	410.063615
-63.712158	101.976768	409.913464
-63.878259	101.734915	409.754774
-64.053692	101.479658	409.587536
-64.238478	101.210969	409.411742
-64.432643	100.928823	409.227385
-64.636212	100.633188	409.034453
-64.849212	100.324036	408.832939
-65.071671	100.001335	408.622830
-65.303617	99.665052	408.404117
-65.545081	99.315153	408.176789
-65.657147	99.152844	408.071445
-65.778776	98.976868	407.957468
-65.909984	98.787206	407.834851
-66.050787	98.583839	407.703587
-66.201204	98.366747	407.563670
-66.361254	98.135909	407.415091
-66.530957	97.891300	407.257843
-66.710333	97.632898	407.091916
-66.899406	97.360676	406.917301
-67.098200	97.074608	406.733988
-67.306737	96.774665	406.541967
-67.525046	96.460818	406.341226
-67.753151	96.133036	406.131754
-67.991082	95.791287	405.913538
-68.238867	95.435538	405.686564
-68.352144	95.272972	405.582926
-68.475320	95.096357	405.470511
-68.608408	94.905673	405.349311
-68.751425	94.700904	405.219320
-68.904389	94.482029	405.080530
-69.067317	94.249027	404.932931
-69.240229	94.001876	404.776515
-69.423145	93.740552	404.611270
-69.616086	93.465031	404.437188
-69.819077	93.175286	404.254256
-70.032139	92.871289	404.062463
-70.255299	92.553013	403.861796
-70.488581	92.220427	403.652242
-70.732014	91.873499	403.433786
-70.985625	91.512198	403.206415
-71.099877	91.349490	403.104079
-71.224349	91.172359	402.992805
-71.359055	90.980788	402.872585
-71.504012	90.774761	402.743410
-71.659234	90.554258	402.605272
-71.824741	90.319258	402.458162
-72.000549	90.069739	402.302067
-72.186680	89.805680	402.136978
-72.383154	89.527056	401.962883
-72.589992	89.233840	401.779770
-72.807218	88.926007	401.587624
-73.034855	88.603528	401.386432
-73.272929	88.266374	401.176180
-73.521466	87.914515	400.956851
-73.636467	87.751757	400.855438
-73.761969	87.574246	400.744925
-73.897988	87.381968	400.625304
-74.044538	87.174904	400.496565
-74.201634	86.953037	400.358698
-74.369293	86.716347	400.211694
-74.547534	86.464811	400.055540
-74.736375	86.198409	399.890225
-74.935836	85.917117	399.715736
-75.145939	85.620909	399.532059
-75.366705	85.309759	399.339181
-75.598158	84.983640	399.137084
-75.840323	84.642524	398.925754
-76.093223	84.286380	398.705173
-76.208816	84.123641	398.604405
-76.335184	83.945829	398.494360
-76.472339	83.752929	398.375030
-76.620297	83.544924	398.246404
-76.779071	83.321796	398.108473
-76.948679	83.083526	397.961224
-77.129137	82.830094	397.804646
-77.320464	82.561477	397.638725
-77.522680	82.277652	397.463448
-77.735804	81.978596	397.278800
-77.959859	81.664282	397.084765
-78.194866	81.334684	396.881326
-78.440850	80.989774	396.668466
-78.697834	80.629523	396.446168
-78.813894	80.466864	396.345808
-78.940991	80.288819	396.235980
-79.079138	80.095374	396.116676
-79.228349	79.886512	395.987885
-79.388638	79.662216	395.849594
-79.560021	79.422468	395.701793
-79.742515	79.167247	395.544468
-79.936138	78.896533	395.377604
-80.140908	78.610301	395.201188
-80.356845	78.308530	395.015202
-80.583970	77.991194	394.819631
-80.822304	77.658267	394.614456
-81.071871	77.309721	394.399658
-81.188273	77.147187	394.299493
-81.315942	76.968992	394.189677
-81.454890	76.775122	394.070199
-81.605130	76.565562	393.941048
-81.766677	76.340294	393.802212
-81.939545	76.099301	393.653679
-82.123751	75.842563	393.495433
-82.319311	75.570059	393.327461
-82.526245	75.281767	393.149746
-82.744570	74.977664	392.962272
-82.974308	74.657726	392.765020
-83.215479	74.321927	392.557972
-83.468106	73.970240	392.341107
-83.584762	73.807869	392.240972
-83.712907	73.629570	392.130989
-83.852553	73.435328	392.011149
-84.003713	73.225129	391.881438
-84.166399	72.998956	391.741846
-84.340627	72.756790	391.592356
-84.526412	72.498614	391.432956
-84.723771	72.224406	391.263629
-84.932722	71.934146	391.084358
-85.153283	71.627811	390.895126
-85.385473	71.305377	390.695913
-85.629314	70.966818	390.486699
-85.884826	70.612110	390.267462
-86.001662	70.449941	390.167210
-86.130202	70.271582	390.056903
-86.270457	70.077020	389.936530
-86.422439	69.866239	389.806078
-86.586162	69.639224	389.665535
-86.761641	69.395958	389.514886
-86.948889	69.136421	389.354115
-87.147923	68.860594	389.183205
-87.358760	68.568457	389.002139
-87.581418	68.259987	388.810898
-87.815917	67.935162	388.609461
-88.062275	67.593956	388.397808
-88.320515	67.236344	388.175915
-88.437464	67.074413	388.075411
-88.566326	66.896037	387.964633
-88.707111	66.701204	387.843570
-88.859830	66.489899	387.712208
-89.024498	66.262106	387.570535
-89.201126	66.017809	387.418533
-89.389730	65.756989	387.256188
-89.590325	65.479627	387.083481
-89.802929	65.185703	386.900394
-90.027557	64.875196	386.706906
-90.264229	64.548083	386.502997
-90.512965	64.204339	386.288644
-90.773783	63.843941	386.063824
-90.890787	63.682284	385.962943
-91.019905	63.503935	385.851558
-91.161147	63.308880	385.729658
-91.314524	63.097106	385.597228
-91.480049	62.868598	385.454253
-91.657734	62.623339	385.300718
-91.847595	62.361313	385.136605
-92.049645	62.082499	384.961896
-92.263901	61.786879	384.776572
-92.490380	61.474431	384.580610
-92.729099	61.145134	384.373990
-92.980077	60.798964	384.156687
-93.097084	60.637596	384.055346
-93.226378	60.459321	383.943286
-93.367971	60.264124	383.820494
-93.521872	60.051994	383.686956
-93.688093	59.822915	383.542657
-93.866648	59.576871	383.387579
-94.057551	59.313845	383.221705
-94.260815	59.033819	383.045016
-94.476456	58.736773	382.857491
-94.704491	58.422688	382.659109
-94.944937	58.091542	382.449845
-95.197812	57.743312	382.229676
-95.314778	57.582255	382.127796
-95.444201	57.404080	382.014973
-95.586091	57.208774	381.891193
-95.740457	56.996324	381.756441
-95.907312	56.766717	381.610702
-96.086668	56.519936	381.453958
-96.278539	56.255965	381.286191
-96.482937	55.974787	381.107380
-96.699879	55.676383	380.917504
-96.929380	55.360732	380.716540
-97.171458	55.027813	380.504464
-97.426128	54.677606	380.281251
-97.543016	54.516884	380.178754
-97.672523	54.338838	380.065079
-97.814661	54.143459	379.940214
-97.969438	53.930732	379.804143
-98.136867	53.700643	379.656849
-98.316959	53.453179	379.498315
-98.509727	53.188322	379.328521
-98.715184	52.906056	379.147446
-98.933346	52.606362	378.955068
-99.164227	52.289221	378.751363
-99.407845	51.954612	378.536307
-99.664215	51.602515	378.309872
-99.780987	51.442153	378.206680
-99.910537	51.264270	378.092069
-100.052876	51.068855	377.966024
-100.208012	50.855893	377.828529
-100.375958	50.625374	377.679568
-100.556723	50.377281	377.519122
-100.750321	50.111599	377.347170
-100.956764	49.828312	377.163691
-101.176068	49.527401	376.968663
-101.408246	49.208848	376.762059
-101.653315	48.872633	376.543855
-101.911292	48.518736	376.314023
-102.027914	48.358762	376.210062
-102.157468	48.181075	376.094431
-102.299963	47.985661	375.967114
-102.455409	47.772511	375.828095
-102.623815	47.541611	375.677357
-102.805193	47.292946	375.514879
-102.999556	47.026501	375.340642
-103.206915	46.742261	375.154623
-103.427285	46.440208	374.956798
-103.660680	46.120324	374.747142
-103.907115	45.782590	374.525627
-104.166606	45.426985	374.292225
-104.283045	45.267427	374.187424
-104.412565	45.089968	374.070692
-104.555174	44.894598	373.942014
-104.710881	44.681304	373.801373
-104.879695	44.450074	373.648750
-105.061629	44.200895	373.484126
-105.256692	43.933752	373.307479
-105.464899	43.648629	373.118786
-105.686261	43.345510	372.918022
-105.920793	43.024377	372.705161
-106.168510	42.685211	372.480175
-106.284751	42.526068	372.374527
-106.414198	42.348863	372.256710
-106.556862	42.153587	372.126708
-106.712749	41.940228	371.984505
-106.881871	41.708774	371.830081
-107.064236	41.459212	371.663416
-107.259858	41.191528	371.484488
-107.468747	40.905706	371.293272
-107.690917	40.601730	371.089744
-107.926380	40.279584	370.873877
-108.175152	39.939249	370.645641
-108.291175	39.780531	370.539117
-108.420528	39.603596	370.420180
-108.563219	39.408435	370.288814
-108.719257	39.195036	370.145000
-108.888651	38.963389	369.988720
-109.071411	38.713479	369.819952
-109.267548	38.445294	369.638673
-109.477074	38.158818	369.444860
-109.700000	37.854036	369.238486
-109.936341	37.530932	369.019522
-110.186110	37.189487	368.787939
-110.301895	37.031212	368.680503
-110.431129	36.854569	368.560401
-110.573820	36.659550	368.427617
-110.729977	36.446144	368.282134
-110.899607	36.214340	368.123932
-111.082721	35.964125	367.952989
-111.279329	35.695486	367.769281
-111.489443	35.408409	367.572783
-111.713074	35.102879	367.363469
-111.950236	34.778879	367.141309
-112.200942	34.436393	366.906274
-112.316468	34.278581	366.797881
-112.445559	34.102256	366.676566
-112.588221	33.907410	366.542310
-112.744463	33.694033	366.395095
-112.914293	33.462114	366.234901
-113.097720	33.211640	366.061706
-113.294755	32.942599	365.875485
-113.505409	32.654977	365.676213
-113.729693	32.348760	365.463863
-113.967619	32.023931	365.238404
-114.219201	31.680476	364.999805
-114.334448	31.523149	364.890414
-114.463370	31.347170	364.767834
-114.605975	31.152531	364.632049
-114.762269	30.939220	364.483039
-114.932262	30.707228	364.320783
-115.115962	30.456544	364.145259
-115.313379	30.187155	363.956442
-115.524524	29.899047	363.754305
-115.749408	29.592208	363.538821
-115.988042	29.266621	363.309958
-116.240440	28.922271	363.067685
-116.355387	28.765453	362.957253
-116.484117	28.589849	362.833360
-116.626636	28.395449	362.695989
-116.782951	28.182245	362.545121
-116.953070	27.950226	362.380734
-117.137003	27.699381	362.202805
-117.334758	27.429699	362.011308
-117.546346	27.141167	361.806217
-117.771777	26.833771	361.587502
-118.011063	26.507497	361.355132
-118.264217	26.162331	361.109074
-118.378844	26.006046	360.997559
-118.507357	25.830845	360.872305
-118.649762	25.636720	360.733294
-118.806066	25.423663	360.580506
-118.976276	25.191663	360.413919
-119.160401	24.940709	360.233510
-119.358451	24.670792	360.039252
-119.570434	24.381897	359.831117
-119.796361	24.074014	359.609077
-120.036243	23.747127	359.373098
-120.290093	23.401222	359.123146
-120.404381	23.245495	359.010509
-120.532654	23.070728	358.883847
-120.674917	22.876914	358.743142
-120.831178	22.664045	358.588374
-121.001444	22.432110	358.419520
-121.185722	22.181101	358.236557
-121.384022	21.911006	358.039457
-121.596353	21.621814	357.828192
-121.822725	21.313512	357.602731
-122.063149	20.986087	357.363043
-122.317635	20.639526	357.109091
-122.431565	20.484381	356.995292
-122.559574	20.310080	356.867177
-122.701669	20.116613	356.724726
-122.857856	19.903975	356.567919
-123.028142	19.672154	356.396733
-123.212535	19.421143	356.211143
-123.411042	19.150930	356.011123
-123.623674	18.861505	355.796642
-123.850440	18.552856	355.567670
-124.091349	18.224971	355.324173
-124.204929	18.070392	355.209260
-124.332668	17.896557	355.079770
-124.474573	17.703459	354.935683
-124.630649	17.491092	354.776979
-124.800903	17.259446	354.603634
-124.985342	17.008512	354.415623
-125.183976	16.738280	354.212918
-125.396812	16.448740	353.995489
-125.623860	16.139881	353.763305
-125.865128	15.811691	353.516331
-125.978355	15.657680	353.400313
-126.105818	15.484318	353.269451
-126.247523	15.291601	353.123727
-126.403475	15.079521	352.963119
-126.573683	14.848069	352.787603
-126.758151	14.597237	352.597154
-126.956890	14.327016	352.391743
-127.169906	14.037395	352.171340
-127.397208	13.728365	351.935912
-127.638807	13.399913	351.685424
-127.751671	13.246481	351.568290
-127.878846	13.073610	351.436043
-128.020336	12.881295	351.288661
-128.176148	12.669528	351.126124
-128.346288	12.438301	350.948408
-128.530762	12.187607	350.755485
-128.729578	11.917436	350.547328
-128.942744	11.627779	350.323905
-129.170268	11.318627	350.085183
-129.412160	10.989967	349.831127
-129.524651	10.837132	349.712860
-129.651524	10.664774	349.579202
-129.792783	10.472887	349.430135
-129.948433	10.261464	349.265636
-130.118481	10.030499	349.085681
-130.302934	9.779983	348.890242
-130.501798	9.509909	348.679291
-130.715082	9.220266	348.452795
-130.942792	8.911047	348.210722
-131.184939	8.582240	347.953035
-131.297044	8.430021	347.833612
-131.423599	8.258200	347.698519
-131.564607	8.066770	347.547735
-131.720075	7.855726	347.381238
-131.890008	7.625061	347.199002
-132.074411	7.374768	347.001001
-132.273293	7.104838	346.787205
-132.486660	6.815264	346.557581
-132.714520	6.506036	346.312096
-132.956881	6.177146	346.050712
-133.068588	6.025564	345.930112
-133.194809	5.854305	345.793555
-133.335548	5.663363	345.641022
-133.490811	5.452734	345.472489
-133.660603	5.222409	345.287931
-133.844929	4.972384	345.087321
-134.043797	4.702650	344.870628
-134.257213	4.413200	344.637820
-134.485185	4.104025	344.388861
-134.727721	3.775116	344.123714
-134.839016	3.624193	344.001913
-134.964888	3.453523	343.863866
-135.105339	3.263102	343.709551
-135.260375	3.052923	343.538946
-135.430000	2.822982	343.352025
-135.614221	2.573271	343.148759
-135.813044	2.303785	342.929118
-136.026475	2.014516	342.693068
-136.254521	1.705456	342.440574
-136.497190	1.376597	342.171598
-136.608061	1.226355	342.048575
-136.733567	1.056301	341.909010
-136.873711	0.866432	341.752883
-137.028498	0.656743	341.580169
-137.197932	0.427227	341.390842
-137.382019	0.177880	341.184874
-137.580765	-0.091305	340.962234
-137.794176	-0.380334	340.722887
-138.022259	-0.689215	340.466799
-138.265020	-1.017955	340.193928
-138.375455	-1.167494	340.069661
-138.500580	-1.336903	339.928553
-138.640398	-1.526187	339.770581
-138.794913	-1.735349	339.595722
-138.964131	-1.964394	339.403950
-139.148056	-2.213329	339.195235
-139.346690	-2.482154	338.969549
-139.560028	-2.770857	338.726873
-139.788060	-3.079428	338.467186
-140.030779	-3.407851	338.190466
-140.140765	-3.556664	338.064936
-140.265426	-3.725309	337.922337
-140.404756	-3.913780	337.762658
-140.558751	-4.122069	337.585885
-140.727406	-4.350166	337.392003
-140.910714	-4.598062	337.180995
-141.108669	-4.865745	336.952843
-141.321263	-5.153205	336.707528
-141.548489	-5.460428	336.445028
-141.790339	-5.787401	336.165320
-141.899865	-5.935466	336.038510
-142.024001	-6.103260	335.894457
-142.162744	-6.290775	335.733149
-142.316087	-6.498003	335.554572
-142.484026	-6.724934	335.358712
-142.666554	-6.971560	335.145550
-142.863665	-7.237867	334.915070
-143.075351	-7.523845	334.667250
-143.301604	-7.829480	334.402069
-143.542415	-8.154759	334.119506
-143.651470	-8.302055	333.991400
-143.775070	-8.468973	333.845876
-143.913210	-8.655504	333.682920
-144.065887	-8.861641	333.502519
-144.233093	-9.087374	333.304657
-144.414823	-9.332692	333.089316
-144.611070	-9.597585	332.856480
-144.821826	-9.882039	332.606127
-145.047083	-10.186041	332.338235
-145.286832	-10.509577	332.052783
-145.395404	-10.656082	331.923368
-145.518456	-10.822098	331.776355
-145.655981	-11.007618	331.611733
-145.807976	-11.212633	331.429487
-145.974433	-11.437133	331.229601
-146.155347	-11.681108	331.012058
-146.350711	-11.944545	330.776840
-146.560516	-12.227431	330.523927
-146.784754	-12.529754	330.253295
-147.023418	-12.851498	329.964923
-147.131497	-12.997190	329.834184
-147.253988	-13.162280	329.685668
-147.390885	-13.346760	329.519362
-147.542182	-13.550622	329.335251
-147.707874	-13.773855	329.133321
-147.887955	-14.016448	328.913554
-148.082415	-14.278389	328.675930
-148.291249	-14.559665	328.420429
-148.514448	-14.860262	328.147031
-148.752002	-15.180165	327.855709
-148.859579	-15.325020	327.723633
-148.981497	-15.489158	327.573598
-149.117751	-15.672570	327.405592
-149.268337	-15.875247	327.219599
-149.433248	-16.097177	327.015605
-149.612477	-16.338351	326.793591
-149.806016	-16.598755	326.553539
-150.013859	-16.878376	326.295427
-150.235995	-17.177200	326.019234
-150.472417	-17.495211	325.724937
-150.579480	-17.639208	325.591511
-150.700814	-17.802368	325.439943
-150.836413	-17.984682	325.270221
-150.986273	-18.186141	325.082329
-151.150386	-18.406735	324.876252
-151.328746	-18.646451	324.651972
-151.521346	-18.905276	324.409469
-151.728177	-19.183198	324.148723
-151.949231	-19.480201	323.869712
-152.184498	-19.796269	323.572412
-152.291037	-19.939384	323.437625
-152.411774	-20.101539	323.284511
-152.546705	-20.282727	323.113058
-152.695824	-20.482936	322.923251
-152.859124	-20.702156	322.715074
-153.036599	-20.940375	322.488508
-153.228241	-21.197580	322.243535
-153.434040	-21.473757	321.980133
-153.653990	-21.768890	321.698280
-153.888079	-22.082964	321.397953
-153.994084	-22.225174	321.261793
-154.114214	-22.386298	321.107122
-154.248464	-22.566329	320.933924
-154.396828	-22.765255	320.742187
-154.559300	-22.983065	320.531893
-154.735872	-23.219748	320.303024
-154.926537	-23.475290	320.055561
-155.131286	-23.749676	319.789483
-155.350110	-24.042891	319.504767
-155.583000	-24.354918	319.201389
-155.688461	-24.496199	319.063847
-155.807972	-24.656266	318.907606
-155.941528	-24.835109	318.732651
-156.089123	-25.032719	318.538969
-156.250751	-25.249083	318.326543
-156.426404	-25.484190	318.095354
-156.616075	-25.738025	317.845384
-156.819754	-26.010574	317.576610
-157.037432	-26.301821	317.289011
-157.269100	-26.611748	316.982562
-157.374007	-26.752076	316.843627
-157.492888	-26.911058	316.685805
-157.625738	-27.088684	316.509082
-157.772550	-27.284943	316.313442
-157.933225	-27.499897	316.098872
-158.107644	-27.733620	315.865359
-158.295670	-27.986196	315.612888
-158.497149	-28.257720	315.341444
-158.711914	-28.548297	315.051014
-158.939774	-28.858044	314.741582
-159.042590	-28.998581	314.601304
-159.158485	-29.158263	314.441987
-159.287346	-29.337158	314.263625
-159.429045	-29.535346	314.066211
-159.583437	-29.752915	313.849739
-159.750360	-29.989965	313.614201
-159.929632	-30.246607	313.359593
-160.121051	-30.522962	313.085911
-160.324402	-30.819158	312.793150
-160.539447	-31.135334	312.481310
-160.636208	-31.279025	312.339924
-160.744986	-31.442437	312.179388
-160.865627	-31.625662	311.999703
-160.997966	-31.828800	311.800871
-161.141821	-32.051960	311.582893
-161.296989	-32.295260	311.345775
-161.463252	-32.558826	311.089520
-161.640329	-32.842718	310.814211
-161.827898	-33.146954	310.519975
-162.025611	-33.471552	310.206952
-162.114559	-33.619446	310.064769
-162.214475	-33.787586	309.903358
-162.325159	-33.976052	309.722755
-162.446352	-34.184860	309.523070
-162.577782	-34.414025	309.304416
-162.719157	-34.663562	309.066916
-162.870173	-34.933490	308.810697
-163.030506	-35.223827	308.535893
-163.199822	-35.534594	308.242642
-163.377763	-35.865812	307.931094
-163.458325	-36.017992	307.788436
-163.548680	-36.190552	307.626811
-163.648564	-36.383507	307.446333
-163.757698	-36.596876	307.247126
-163.875790	-36.830676	307.029317
-164.002532	-37.084926	306.793039
-164.137604	-37.359647	306.538430
-164.280668	-37.654860	306.265636
-164.431384	-37.970589	305.974801
-164.589390	-38.306857	305.666078
-164.661559	-38.463010	305.523222
-164.742415	-38.639610	305.361681
-164.831680	-38.836676	305.181581
-164.929061	-39.054226	304.983054
-165.034251	-39.292283	304.766237
-165.146932	-39.550867	304.531273
-165.266773	-39.830001	304.278307
-165.393433	-40.129711	304.007489
-165.526567	-40.450021	303.718970
-165.665814	-40.790957	303.412906
-165.729839	-40.950639	303.270069
-165.801542	-41.130836	303.108791
-165.880631	-41.331567	302.929208
-165.966809	-41.552856	302.731455
-166.059763	-41.794724	302.515677
-166.159170	-42.057197	302.282018
-166.264702	-42.340298	302.030627
-166.376018	-42.644055	301.761656
-166.492776	-42.968494	301.475255
-166.614621	-43.313644	301.171581
-166.670907	-43.476367	301.028917
-166.733960	-43.659671	300.868013
-166.803482	-43.863578	300.689009
-166.879167	-44.088113	300.492050
-166.960700	-44.333301	300.277280
-167.047759	-44.599167	300.044847
-167.140017	-44.885740	299.794901
-167.237134	-45.193046	299.527595
-167.338778	-45.521114	299.243077
-167.444601	-45.869973	298.941501
-167.493624	-46.035263	298.799107
-167.548591	-46.221197	298.638633
-167.609202	-46.427801	298.460224
-167.675150	-46.655101	298.264024
-167.746117	-46.903124	298.050183
-167.821783	-47.171898	297.818849
-167.901822	-47.461451	297.570172
-167.985905	-47.771814	297.304303
-168.073701	-48.103015	297.021389
-168.164874	-48.455086	296.721580
-168.259076	-48.828060	296.405033
-168.300351	-48.995860	296.263119
-168.346729	-49.184374	296.103262
-168.397914	-49.393631	295.925603
-168.453619	-49.623655	295.730280
-168.513557	-49.874473	295.517426
-168.577448	-50.146112	295.287170
-168.645016	-50.438598	295.039635
-168.715987	-50.751957	294.774941
-168.790093	-51.086216	294.493205
-168.867066	-51.441400	294.194540
-168.946645	-51.817536	293.879053
-168.981593	-51.986937	293.737342
-169.021237	-52.177084	293.577586
-169.065279	-52.388007	293.399930
-169.113427	-52.619735	293.204515
-169.165393	-52.872295	292.991476
-169.220896	-53.145716	292.760944
-169.279659	-53.440026	292.513043
-169.341408	-53.755252	292.247895
-169.405872	-54.091423	291.965618
-169.472785	-54.448566	291.666327
-169.541883	-54.826709	291.350130
-169.572153	-54.996833	291.208209
-169.606686	-55.187737	291.048156
-169.645182	-55.399452	290.870120
-169.687347	-55.632009	290.674241
-169.732893	-55.885439	290.460658
-169.781539	-56.159770	290.229501
-169.833007	-56.455032	289.980897
-169.887023	-56.771256	289.714969
-169.943318	-57.108471	289.431834
-170.001628	-57.466705	289.131605
-170.061692	-57.845988	288.814393
-170.087909	-58.016486	288.672115
-170.117953	-58.207797	288.511620
-170.151521	-58.419954	288.333059
-170.188322	-58.652989	288.136573
-170.228068	-58.906934	287.922300
-170.270476	-59.181822	287.690372
-170.315271	-59.477683	287.440916
-170.362180	-59.794549	287.174055
-170.410937	-60.132449	286.889906
-170.461281	-60.491415	286.588580
-170.512957	-60.871477	286.270184
-170.535403	-61.042170	286.127496
-170.561242	-61.233708	285.966504
-170.590177	-61.446123	285.787357
-170.621916	-61.679452	285.590195
-170.656175	-61.933727	285.375158
-170.692673	-62.208981	285.142376
-170.731139	-62.505248	284.891974
-170.771304	-62.822559	284.624075
-170.812906	-63.160946	284.338792
-170.855688	-63.520441	284.036237
-170.899400	-63.901074	283.716513
-170.918266	-64.071831	283.573384
-170.940108	-64.263460	283.411853
-170.964628	-64.475996	283.232069
-170.991537	-64.709477	283.034175
-171.020553	-64.963938	282.818307
-171.051399	-65.239413	282.584596
-171.083806	-65.535936	282.333165
-171.117511	-65.853540	282.064134
-171.152256	-66.192258	281.777614
-171.187792	-66.552122	281.473714
-171.223873	-66.933164	281.152534
-171.239315	-67.103874	281.008938
-171.257323	-67.295479	280.846836
-171.277607	-67.508020	280.666375
-171.299880	-67.741533	280.467697
-171.323861	-67.996055	280.250936
-171.349281	-68.271623	280.016222
-171.375874	-68.568270	279.763675
-171.403383	-68.886031	279.493411
-171.431557	-69.224940	279.205541
-171.460149	-69.585029	278.900170
-171.473005	-69.755415	278.755936
-171.488062	-69.946720	278.593111
-171.505031	-70.158983	278.411838
-171.523631	-70.392243	278.212256
-171.543589	-70.646538	277.994499
-171.564640	-70.921903	277.758690
-171.586523	-71.218375	277.504949
-171.608987	-71.535989	277.233390
-171.631785	-71.874779	276.944119
-171.654677	-72.234777	276.637238
-171.664830	-72.404901	276.492481
-171.676836	-72.595962	276.329031
-171.690410	-72.808001	276.147034
-171.705276	-73.041057	275.946625
-171.721165	-73.295170	275.727935
-171.737815	-73.570376	275.491087
-171.754973	-73.866712	275.236196
-171.772394	-74.184213	274.963372
-171.789838	-74.522914	274.672719
-171.807072	-74.882848	274.364333
-171.814555	-75.052686	274.219077
-171.823559	-75.243475	274.055020
-171.833805	-75.455257	273.872303
-171.845019	-75.688074	273.671060
-171.856937	-75.941965	273.451419
-171.869304	-76.216968	273.213501
-171.881872	-76.513119	272.957417
-171.894400	-76.830455	272.683274
-171.906656	-77.169010	272.391172
-171.918412	-77.528818	272.081205
-171.923321	-77.698312	271.935438
-171.929425	-77.888769	271.770755
-171.936451	-78.100232	271.587293
-171.944132	-78.332744	271.385183
-171.952211	-78.586343	271.164551
-171.960436	-78.861069	270.925511
-171.968566	-79.156959	270.668175
-171.976368	-79.474048	270.392645
-171.983612	-79.812372	270.099017
-171.990080	-80.171965	269.787382
-171.992510	-80.341053	269.641083
-171.995820	-80.531113	269.475745
-171.999742	-80.742189	269.291502
-172.004014	-80.974323	269.088482
-172.008385	-81.227555	268.866806
-172.012614	-81.501925	268.626586
-172.016465	-81.797469	268.367928
-172.019711	-82.114224	268.090929
-172.022129	-82.452224	267.795684
-172.023507	-82.811504	267.482279
-172.023564	-82.980120	267.335417
-172.024196	-83.169714	267.169385
-172.025140	-83.380330	266.984313
-172.026142	-83.612009	266.780326
-172.026955	-83.864793	266.557542
-172.027344	-84.138721	266.316069
-172.027081	-84.433831	266.056009
-172.025946	-84.750158	265.777455
-172.023725	-85.087737	265.480495
-172.020211	-85.446575	265.165220
-172.017997	-85.614645	265.017749
-172.016058	-85.803561	264.851012
-172.014141	-86.013291	264.665161
-172.011996	-86.243799	264.460345
-172.009385	-86.495045	264.236702
-172.006076	-86.766987	263.994365
-172.001850	-87.059582	263.733459
-171.996491	-87.372785	263.454102
-171.989794	-87.706545	263.156406
-171.981559	-88.060814	262.840478
-171.977121	-88.227693	262.691711
-171.972656	-88.414850	262.523735
-171.967916	-88.622231	262.336709
-171.962661	-88.849774	262.130783
-171.956660	-89.097417	261.906104
-171.949689	-89.365092	261.662810
-171.941536	-89.652734	261.401029
-171.931993	-89.960271	261.120888
-171.920862	-90.287629	260.822505
-171.907950	-90.634737	260.505993
-171.893070	-91.001525	260.171456
-171.885795	-91.166639	260.020842
-171.878167	-91.351406	259.851081
-171.869946	-91.555748	259.662338
-171.860900	-91.779578	259.454768
-171.850807	-92.022812	259.228522
-171.839456	-92.285358	258.983744
-171.826639	-92.567126	258.720569
-171.812160	-92.868021	258.439128
-171.795828	-93.187948	258.139546
-171.777458	-93.526813	257.821941
-171.744611	-93.887141	257.493644
-171.724105	-94.053572	257.345724
-171.691034	-94.241581	257.185738
-171.645682	-94.450962	257.013549
-171.588316	-94.681512	256.829030
-171.519190	-94.933031	256.632059
-171.438520	-95.205326	256.422533
-171.346482	-95.498213	256.200374
-171.243217	-95.811517	255.965518
-171.128832	-96.145073	255.717920
-171.003411	-96.498726	255.457546
-170.867015	-96.872326	255.184371
-170.802192	-97.045424	255.058534
-170.725530	-97.239371	254.920069
-170.637241	-97.453957	254.768893
-170.537532	-97.688972	254.604922
-170.426553	-97.944217	254.428105
-170.304421	-98.219501	254.238408
-170.171235	-98.514636	254.035806
-170.027069	-98.829445	253.820283
-169.871963	-99.163760	253.591844
-169.705942	-99.517419	253.350496
-169.529033	-99.890263	253.096246
-169.446711	-100.062046	252.979141
-169.351827	-100.254283	252.849691
-169.244613	-100.466737	252.707812
-169.125248	-100.699180	252.553448
-168.993878	-100.951394	252.386562
-168.850625	-101.223166	252.207129
-168.695589	-101.514288	252.015130
-168.528848	-101.824565	251.810562
-168.350458	-102.153806	251.593428
-168.160467	-102.501825	251.363734
-167.958906	-102.868442	251.121491
-167.865196	-103.037756	251.009459
-167.757958	-103.227179	250.885507
-167.637408	-103.436460	250.749572
-167.503727	-103.665349	250.601611
-167.357078	-103.913605	250.441587
-167.197603	-104.180992	250.269473
-167.025426	-104.467278	250.085251
-166.840620	-104.772248	249.888929
-166.643264	-105.095685	249.680509
-166.433416	-105.437381	249.460003
-166.211127	-105.797132	249.227424
-166.107722	-105.963521	249.119619
-165.989753	-106.149686	249.000364
-165.857437	-106.355351	248.869608
-165.710972	-106.580247	248.727308
-165.550547	-106.824107	248.573426
-165.376328	-107.086669	248.407934
-165.188465	-107.367678	248.230808
-164.987080	-107.666887	248.042043
-164.772277	-107.984051	247.841638
-164.544146	-108.318936	247.629599
-164.302762	-108.671310	247.405938
-164.190427	-108.834416	247.302125
-164.062562	-109.016932	247.187296
-163.919395	-109.218561	247.061408
-163.761154	-109.439006	246.924414
-163.588052	-109.677977	246.776272
-163.400280	-109.935188	246.616955
-163.198023	-110.210355	246.446433
-162.981438	-110.503201	246.264693
-162.750650	-110.813459	246.071736
-162.505790	-111.140865	245.867557
-162.246959	-111.485164	245.652165
-162.126425	-111.644680	245.552033
-161.989554	-111.823191	245.441235
-161.836609	-112.020374	245.319720
-161.667834	-112.235913	245.187445
-161.483447	-112.469498	245.044381
-161.283668	-112.720816	244.890495
-161.068716	-112.989560	244.725754
-160.838794	-113.275424	244.550129
-160.594085	-113.578113	244.363603
-160.334725	-113.897345	244.166178
-160.060831	-114.232844	243.957870
-159.933093	-114.388576	243.860758
-159.788479	-114.562817	243.753186
-159.627268	-114.755224	243.635109
-159.449722	-114.965456	243.506489
-159.256094	-115.193177	243.367291
-159.046629	-115.438051	243.217483
-158.821584	-115.699745	243.057023
-158.581208	-115.977931	242.885872
-158.325728	-116.272283	242.704001
-158.055323	-116.582496	242.511403
-157.770159	-116.908267	242.308077
-157.636635	-117.060182	242.212718
-157.486019	-117.230027	242.106945
-157.318615	-117.417430	241.990716
-157.134720	-117.622023	241.863990
-156.934610	-117.843440	241.726738
-156.718551	-118.081330	241.578930
-156.486813	-118.335339	241.420531
-156.239650	-118.605119	241.251514
-155.977294	-118.890330	241.071862
-155.699987	-119.190634	240.881548
-155.407968	-119.505696	240.680547
-155.101470	-119.835188	240.468833
-154.963543	-119.982931	240.373188
-154.808508	-120.147895	240.267073
-154.636706	-120.329684	240.150445
-154.459034	-120.536116	240.039651
-154.274741	-120.765959	239.932942
-154.083272	-121.018147	239.828900
-153.884206	-121.291754	239.726385
-153.677253	-121.585960	239.624467
-153.462227	-121.900033	239.522384
-153.239032	-122.233311	239.419507
-153.007642	-122.585187	239.315313
-152.768074	-122.955105	239.209370
