-2.253515	217.367686	619.330037
-2.292933	217.245938	619.292577
-2.332316	217.120879	619.245682
-2.371663	216.992512	619.189349
-2.410975	216.860838	619.123580
-2.450249	216.725858	619.048372
-2.489486	216.587573	618.963727
-2.528685	216.445986	618.869642
-2.567846	216.301098	618.766119
-2.606967	216.152909	618.653155
-2.646049	216.001423	618.530752
-2.685090	215.846639	618.398907
-2.724090	215.688560	618.257621
-2.763049	215.527187	618.106894
-2.801965	215.362522	617.946724
-2.840839	215.194565	617.777111
-2.879669	215.023319	617.598054
-2.918455	214.848786	617.409554
-2.957197	214.670965	617.211610
-2.995893	214.489860	617.004220
-3.034543	214.305471	616.787385
-3.073147	214.117800	616.561105
-3.111704	213.926848	616.325377
-3.150213	213.732618	616.080203
-3.188674	213.535110	615.825581
-3.227086	213.334326	615.561511
-3.265448	213.130267	615.287993
-3.303761	212.922935	615.005025
-3.342022	212.712332	614.712608
-3.380232	212.498458	614.410741
-3.418390	212.281316	614.099424
-3.456496	212.060907	613.778655
-3.494548	211.837233	613.448434
-3.532546	211.610294	613.108762
-3.570490	211.380093	612.759637
-3.608379	211.146631	612.401058
-3.646212	210.909909	612.033026
-3.683989	210.669930	611.655540
-3.721709	210.426694	611.268598
-3.759371	210.180203	610.872202
-3.796976	209.930458	610.466350
-3.834521	209.677462	610.051041
-3.872007	209.421215	609.626276
-3.888505	209.306821	609.434856
-3.904944	209.189178	609.233978
-3.921321	209.068288	609.023642
-3.937638	208.944151	608.803849
-3.953893	208.816768	608.574597
-3.970087	208.686139	608.335886
-3.986220	208.552266	608.087717
-4.002290	208.415149	607.830089
-4.018298	208.274788	607.563002
-4.034244	208.131185	607.286455
-4.050126	207.984339	607.000449
-4.065946	207.834252	606.704982
-4.081702	207.680925	606.400056
-4.097395	207.524357	606.085669
-4.113023	207.364550	605.761822
-4.128587	207.201505	605.428514
-4.144087	207.035221	605.085744
-4.159522	206.865701	604.733514
-4.174892	206.692943	604.371822
-4.190196	206.516950	604.000668
-4.205435	206.337722	603.620052
-4.220608	206.155259	603.229974
-4.235715	205.969562	602.830433
-4.250755	205.780632	602.421430
-4.265729	205.588470	602.002964
-4.280635	205.393076	601.575035
-4.295474	205.194451	601.137642
-4.310246	204.992596	600.690786
-4.316815	204.900971	600.486919
-4.323316	204.806117	600.273588
-4.329748	204.708035	600.050793
-4.336113	204.606723	599.818533
-4.342409	204.502183	599.576810
-4.348637	204.394415	599.325622
-4.354796	204.283419	599.064969
-4.360886	204.169196	598.794852
-4.366907	204.051745	598.515270
-4.372859	203.931068	598.226223
-4.378742	203.807164	597.927712
-4.384555	203.680034	597.619735
-4.390300	203.549678	597.302294
-4.395974	203.416097	596.975387
-4.401579	203.279290	596.639014
-4.407114	203.139258	596.293176
-4.412579	202.996002	595.937873
-4.417974	202.849521	595.573104
-4.423299	202.699817	595.198869
-4.428553	202.546888	594.815169
-4.433737	202.390737	594.422002
-4.438851	202.231362	594.019369
-4.443893	202.068764	593.607270
-4.448865	201.902944	593.185705
-4.453766	201.733902	592.754673
-4.458596	201.561639	592.314175
-4.463354	201.386153	591.864210
-4.468041	201.207447	591.404779
-4.470093	201.126568	591.196322
-4.472073	201.042469	590.978397
-4.473982	200.955148	590.751006
-4.475819	200.864608	590.514148
-4.477584	200.770847	590.267823
-4.479277	200.673866	590.012031
-4.480899	200.573665	589.746772
-4.482448	200.470245	589.472046
-4.483926	200.363605	589.187852
-4.485332	200.253745	588.894191
-4.486665	200.140666	588.591063
-4.487926	200.024367	588.278467
-4.489115	199.904850	587.956404
-4.490232	199.782113	587.624873
-4.491277	199.656158	587.283875
-4.492249	199.526984	586.933409
-4.493148	199.394592	586.573476
-4.493975	199.258981	586.204075
-4.494730	199.120153	585.825206
-4.495411	198.978106	585.436869
-4.496021	198.832841	585.039065
-4.496557	198.684358	584.631793
-4.497020	198.532658	584.215053
-4.497411	198.377740	583.788844
-4.497729	198.219605	583.353168
-4.497973	198.058252	582.908024
-4.498145	197.893683	582.453412
-4.498244	197.725897	581.989331
-4.498255	197.649950	581.779017
-4.498193	197.570787	581.559234
-4.498058	197.488407	581.329983
-4.497849	197.402811	581.091264
-4.497568	197.313998	580.843077
-4.497213	197.221969	580.585421
-4.496784	197.126723	580.318297
-4.496282	197.028261	580.041704
-4.495707	196.926583	579.755644
-4.495059	196.821689	579.460114
-4.494337	196.713578	579.155116
-4.493541	196.602252	578.840650
-4.492672	196.487710	578.516716
-4.491730	196.369951	578.183312
-4.490713	196.248977	577.840441
-4.489624	196.124788	577.488100
-4.488460	195.997382	577.126291
-4.487224	195.866761	576.755014
-4.485913	195.732924	576.374268
-4.484529	195.595872	575.984053
-4.483071	195.455604	575.584370
-4.481539	195.312121	575.175218
-4.479933	195.165423	574.756597
-4.478254	195.015510	574.328507
-4.476501	194.862381	573.890949
-4.474674	194.706037	573.443922
-4.472773	194.546479	572.987426
-4.470798	194.383705	572.521461
-4.469888	194.310001	572.310353
-4.468905	194.233081	572.089775
-4.467847	194.152947	571.859729
-4.466715	194.069598	571.620214
-4.465510	193.983034	571.371230
-4.464230	193.893256	571.112777
-4.462876	193.800263	570.844855
-4.461449	193.704055	570.567464
-4.459947	193.604632	570.280605
-4.458371	193.501995	569.984276
-4.456721	193.396143	569.678479
-4.454998	193.287077	569.363212
-4.453200	193.174796	569.038476
-4.451328	193.059301	568.704272
-4.449381	192.940591	568.360599
-4.447361	192.818667	568.007456
-4.445266	192.693529	567.644845
-4.443098	192.565176	567.272764
-4.440855	192.433609	566.891215
-4.438538	192.298827	566.500196
-4.436147	192.160831	566.099708
-4.433682	192.019621	565.689752
-4.431142	191.875197	565.270326
-4.428528	191.727558	564.841431
-4.425840	191.576706	564.403067
-4.423078	191.422639	563.955234
-4.420241	191.265358	563.497932
-4.417330	191.104863	563.031161
-4.416005	191.032174	562.819703
-4.414605	190.956271	562.598776
-4.413131	190.877154	562.368379
-4.411583	190.794822	562.128514
-4.409960	190.709277	561.879179
-4.408263	190.620518	561.620375
-4.406492	190.528545	561.352102
-4.404646	190.433358	561.074360
-4.402726	190.334957	560.787149
-4.400732	190.233342	560.490468
-4.398663	190.128513	560.184319
-4.396520	190.020470	559.868700
-4.394303	189.909214	559.543612
-4.392011	189.794743	559.209055
-4.389645	189.677059	558.865028
-4.387204	189.556161	558.511532
-4.384690	189.432049	558.148568
-4.382100	189.304724	557.776134
-4.379437	189.174184	557.394230
-4.376699	189.040431	557.002858
-4.373886	188.903464	556.602016
-4.370999	188.763284	556.191705
-4.368038	188.619889	555.771925
-4.365002	188.473281	555.342675
-4.361892	188.323459	554.903957
-4.358707	188.170424	554.455769
-4.355448	188.014175	553.998112
-4.352115	187.854712	553.530985
-4.350602	187.782482	553.319371
-4.349014	187.707038	553.098288
-4.347352	187.628381	552.867735
-4.345616	187.546510	552.627713
-4.343805	187.461425	552.378222
-4.341919	187.373127	552.119262
-4.339959	187.281615	551.850832
-4.337925	187.186889	551.572933
-4.335816	187.088950	551.285565
-4.333633	186.987798	550.988727
-4.331375	186.883431	550.682420
-4.329043	186.775852	550.366644
-4.326636	186.665058	550.041399
-4.324155	186.551051	549.706684
-4.321599	186.433831	549.362500
-4.318969	186.313397	549.008847
-4.316264	186.189750	548.645724
-4.313485	186.062889	548.273132
-4.310631	185.932814	547.891071
-4.307703	185.799526	547.499541
-4.304700	185.663024	547.098541
-4.301623	185.523309	546.688072
-4.298471	185.380381	546.268133
-4.295245	185.234239	545.838725
-4.291944	185.084883	545.399848
-4.288569	184.932314	544.951502
-4.285119	184.776532	544.493686
-4.281594	184.617536	544.026401
-4.279996	184.545513	543.814717
-4.278324	184.470277	543.593563
-4.276577	184.391827	543.362941
-4.274755	184.310164	543.122848
-4.272859	184.225288	542.873287
-4.270889	184.137198	542.614256
-4.268844	184.045894	542.345756
-4.266724	183.951378	542.067787
-4.264530	183.853647	541.780348
-4.262261	183.752704	541.483440
-4.259918	183.648547	541.177062
-4.257500	183.541176	540.861215
-4.255008	183.430592	540.535899
-4.252441	183.316795	540.201114
-4.249799	183.199784	539.856859
-4.247084	183.079560	539.503135
-4.244293	182.956122	539.139941
-4.241428	182.829471	538.767278
-4.238488	182.699607	538.385146
-4.235474	182.566529	537.993545
-4.232386	182.430238	537.592474
-4.229222	182.290733	537.181934
-4.225984	182.148015	536.761924
-4.222672	182.002084	536.332445
-4.219285	181.852939	535.893497
-4.215824	181.700581	535.445079
-4.212288	181.545010	534.987192
-4.208677	181.386225	534.519836
-4.207041	181.314296	534.308120
-4.205330	181.239153	534.086935
-4.203545	181.160798	533.856281
-4.201685	181.079229	533.616157
-4.199750	180.994446	533.366564
-4.197741	180.906450	533.107501
-4.195658	180.815241	532.838969
-4.193500	180.720819	532.560968
-4.191267	180.623183	532.273497
-4.188959	180.522334	531.976558
-4.186578	180.418271	531.670148
-4.184121	180.310995	531.354270
-4.181590	180.200506	531.028922
-4.178985	180.086803	530.694104
-4.176305	179.969887	530.349817
-4.173550	179.849758	529.996061
-4.170721	179.726415	529.632836
-4.167817	179.599859	529.260141
-4.164838	179.470090	528.877977
-4.161785	179.337107	528.486343
-4.158658	179.200911	528.085240
-4.155456	179.061501	527.674668
-4.152179	178.918878	527.254626
-4.148828	178.773042	526.825115
-4.145402	178.623993	526.386135
-4.141901	178.471730	525.937685
-4.138327	178.316254	525.479766
-4.134677	178.157565	525.012378
-4.133023	178.085678	524.800648
-4.131295	178.010578	524.579448
-4.129493	177.932265	524.348780
-4.127615	177.850738	524.108641
-4.125663	177.765998	523.859034
-4.123637	177.678045	523.599957
-4.121536	177.586879	523.331411
-4.119360	177.492499	523.053395
-4.117110	177.394905	522.765911
-4.114786	177.294099	522.468956
-4.112386	177.190079	522.162533
-4.109912	177.082846	521.846639
-4.107364	176.972399	521.521277
-4.104741	176.858739	521.186445
-4.102043	176.741866	520.842144
-4.099271	176.621780	520.488374
-4.096424	176.498480	520.125134
-4.093503	176.371967	519.752424
-4.090507	176.242240	519.370246
-4.087436	176.109301	518.978598
-4.084291	175.973148	518.577480
-4.081072	175.833781	518.166894
-4.077777	175.691201	517.746837
-4.074408	175.545408	517.317312
-4.070965	175.396402	516.878317
-4.067447	175.244182	516.429853
-4.063854	175.088749	515.971919
-4.060187	174.930103	515.504516
-4.058526	174.858236	515.292780
-4.056790	174.783155	515.071574
-4.054979	174.704861	514.840899
-4.053094	174.623353	514.600754
-4.051135	174.538633	514.351140
-4.049100	174.450699	514.092057
-4.046991	174.359551	513.823504
-4.044808	174.265191	513.545482
-4.042550	174.167617	513.257991
-4.040217	174.066830	512.961030
-4.037810	173.962829	512.654600
-4.035328	173.855615	512.338700
-4.032772	173.745188	512.013331
-4.030141	173.631548	511.678493
-4.027435	173.514694	511.334185
-4.024655	173.394627	510.980408
-4.021801	173.271346	510.617162
-4.018871	173.144853	510.244446
-4.015867	173.015146	509.862261
-4.012789	172.882225	509.470606
-4.009636	172.746092	509.069483
-4.006408	172.606745	508.658889
-4.003106	172.464184	508.238827
-3.999729	172.318411	507.809294
-3.996278	172.169424	507.370293
-3.992752	172.017224	506.921822
-3.989151	171.861810	506.463882
-3.985476	171.703183	505.996473
-3.983811	171.631325	505.784733
-3.982072	171.556253	505.563524
-3.980258	171.477967	505.332846
-3.978369	171.396469	505.092699
-3.976406	171.311757	504.843082
-3.974368	171.223831	504.583996
-3.972255	171.132693	504.315440
-3.970068	171.038341	504.037415
-3.967807	170.940776	503.749921
-3.965471	170.839997	503.452957
-3.963060	170.736005	503.146524
-3.960574	170.628800	502.830622
-3.958015	170.518382	502.505250
-3.955380	170.404750	502.170408
-3.952671	170.287905	501.826098
-3.949887	170.167847	501.472318
-3.947029	170.044575	501.109068
-3.944096	169.918090	500.736350
-3.941089	169.788392	500.354162
-3.938006	169.655480	499.962504
-3.934850	169.519355	499.561377
-3.931619	169.380017	499.150781
-3.928313	169.237466	498.730715
-3.924932	169.091701	498.301180
-3.921477	168.942723	497.862176
-3.917948	168.790532	497.413702
-3.914344	168.635127	496.955759
-3.910665	168.476509	496.488346
-3.908998	168.404654	496.276606
-3.907257	168.329586	496.055396
-3.905442	168.251305	495.824716
-3.903551	168.169810	495.584567
-3.901586	168.085102	495.334949
-3.899547	167.997180	495.075862
-3.897433	167.906046	494.807305
-3.895244	167.811698	494.529279
-3.892981	167.714137	494.241783
-3.890643	167.613362	493.944818
-3.888231	167.509374	493.638383
-3.885744	167.402173	493.322480
-3.883182	167.291759	492.997106
-3.880546	167.178131	492.662264
-3.877835	167.061290	492.317952
-3.875050	166.941235	491.964170
-3.872190	166.817968	491.600920
-3.869256	166.691487	491.228200
-3.866247	166.561792	490.846010
-3.863163	166.428885	490.454351
-3.860005	166.292764	490.053223
-3.856772	166.153430	489.642626
-3.853464	166.010882	489.222559
-3.850082	165.865122	488.793022
-3.846626	165.716147	488.354016
-3.843095	165.563960	487.905541
-3.839489	165.408559	487.447597
-3.835808	165.249945	486.980183
-3.834141	165.178092	486.768442
-3.832399	165.103026	486.547231
-3.830583	165.024746	486.316551
-3.828692	164.943253	486.076402
-3.826726	164.858547	485.826783
-3.824686	164.770628	485.567695
-3.822571	164.679495	485.299137
-3.820382	164.585149	485.021110
-3.818118	164.487589	484.733614
-3.815779	164.386816	484.436648
-3.813366	164.282830	484.130213
-3.810879	164.175631	483.814309
-3.808316	164.065218	483.488935
-3.805679	163.951592	483.154092
-3.802968	163.834753	482.809779
-3.800182	163.714700	482.455997
-3.797321	163.591435	482.092746
-3.794386	163.464955	481.720025
-3.791376	163.335263	481.337835
-3.788292	163.202357	480.946176
-3.785133	163.066238	480.545047
-3.781899	162.926906	480.134449
-3.778591	162.784360	479.714381
-3.775208	162.638601	479.284844
-3.771751	162.489629	478.845838
-3.768219	162.337443	478.397362
-3.764612	162.182044	477.939417
-3.760931	162.023432	477.472003
-3.759264	161.951580	477.260261
-3.757522	161.876514	477.039050
-3.755705	161.798235	476.808370
-3.753814	161.716743	476.568220
-3.751848	161.632038	476.318601
-3.749807	161.544119	476.059513
-3.747692	161.452987	475.790955
-3.745502	161.358642	475.512928
-3.743238	161.261083	475.225431
-3.740899	161.160311	474.928465
-3.738486	161.056326	474.622030
-3.735998	160.949127	474.306125
-3.733435	160.838715	473.980751
-3.730798	160.725090	473.645908
-3.728086	160.608252	473.301595
-3.725287	160.488175	472.947821
-3.722375	160.364807	472.584605
-3.719324	160.238093	472.211965
-3.716110	160.107977	471.829920
-3.712706	159.974403	471.438490
-3.709088	159.837310	471.037695
-3.705257	159.696640	470.627556
-3.701190	159.552331	470.208092
-3.696867	159.404320	469.779327
-3.692281	159.252542	469.341282
-3.687412	159.096932	468.893979
-3.682230	158.937422	468.437441
-3.676717	158.773945	467.971692
-3.674115	158.699572	467.760832
-3.671118	158.621130	467.540795
-3.667775	158.538584	467.311594
-3.664047	158.451902	467.073238
-3.660007	158.361046	466.825741
-3.655664	158.265980	466.569115
-3.651015	158.166664	466.303372
-3.646060	158.063059	466.028527
-3.640834	157.955122	465.744594
-3.635339	157.842812	465.451586
-3.629572	157.726083	465.149519
-3.623531	157.604890	464.838408
-3.617186	157.479186	464.518270
-3.610572	157.348922	464.189120
-3.603686	157.214049	463.850976
-3.596524	157.074514	463.503854
-3.589085	156.930267	463.147774
-3.581472	156.781251	462.782751
-3.573686	156.627412	462.408805
-3.565723	156.468692	462.025955
-3.557533	156.305034	461.634222
-3.549112	156.136378	461.233624
-3.540459	155.962663	460.824183
-3.531572	155.783827	460.405920
-3.522449	155.599805	459.978855
-3.513089	155.410533	459.543012
-3.503490	155.215944	459.098412
-3.493783	155.015969	458.645078
-3.489444	154.925143	458.440794
-3.484823	154.828831	458.227810
-3.479799	154.727002	458.006139
-3.474368	154.619621	457.775790
-3.468439	154.506652	457.536777
-3.462022	154.388060	457.289112
-3.455132	154.263806	457.032807
-3.447782	154.133850	456.767875
-3.439985	153.998151	456.494331
-3.431756	153.856668	456.212187
-3.423111	153.709356	455.921459
-3.414070	153.556171	455.622160
-3.404850	153.397065	455.314305
-3.395459	153.231990	454.997910
-3.385904	153.060898	454.672990
-3.376162	152.883739	454.339562
-3.366106	152.700460	453.997645
-3.355743	152.511008	453.647256
-3.344987	152.315328	453.288413
-3.333848	152.113366	452.921134
-3.322342	151.905063	452.545438
-3.310489	151.690361	452.161344
-3.298301	151.469199	451.768872
-3.285789	151.241517	451.368041
-3.273239	151.007250	450.958870
-3.260647	150.766335	450.541379
-3.248013	150.518705	450.115591
-3.242378	150.405673	449.922739
-3.236669	150.285829	449.721620
-3.230896	150.159142	449.512244
-3.225076	150.025580	449.294623
-3.219229	149.885107	449.068766
-3.213366	149.737688	448.834685
-3.207497	149.583286	448.592391
-3.201629	149.421862	448.341898
-3.195690	149.253377	448.083217
-3.189689	149.077789	447.816363
-3.183539	148.895057	447.541348
-3.177193	148.705136	447.258187
-3.170667	148.507981	446.966893
-3.163988	148.303545	446.667482
-3.157177	148.091781	446.359969
-3.150255	147.872640	446.044367
-3.143523	147.646069	445.720692
-3.136984	147.412018	445.388959
-3.130635	147.170432	445.049184
-3.124477	146.921257	444.701385
-3.118287	146.664438	444.345579
-3.112079	146.399917	443.981785
-3.105863	146.127636	443.610020
-3.099656	145.847534	443.230303
-3.093705	145.559550	442.842649
-3.088009	145.263621	442.447079
-3.085669	145.129085	442.268488
-3.083775	144.986512	442.082006
-3.082341	144.835869	441.887644
-3.081361	144.677126	441.685410
-3.080827	144.510250	441.475313
-3.080739	144.335206	441.257365
-3.081212	144.151958	441.031575
-3.082252	143.960470	440.797953
-3.084026	143.760703	440.556510
-3.086526	143.552618	440.307257
-3.089882	143.336172	440.050205
-3.094085	143.111324	439.785367
-3.099122	142.878030	439.512755
-3.104977	142.636246	439.232383
-3.111638	142.385924	438.944262
-3.119105	142.127018	438.648407
-3.127378	141.859478	438.344832
-3.136459	141.583255	438.033551
-3.146096	141.298296	437.714579
-3.156301	141.004549	437.387932
-3.167259	140.701960	437.053623
-3.179300	140.390472	436.711665
-3.192417	140.070028	436.362074
-3.206414	139.740571	436.004867
-3.221294	139.402041	435.640060
-3.228216	139.249519	435.476692
-3.236889	139.087835	435.305741
-3.247142	138.916959	435.127217
-3.258528	138.736863	434.941131
-3.271033	138.547515	434.747491
-3.284574	138.348883	434.546305
-3.299138	138.140934	434.337584
-3.314709	137.923631	434.121336
-3.332248	137.696937	433.897564
-3.351722	137.460813	433.666278
-3.372965	137.215222	433.427488
-3.396021	136.960121	433.181206
-3.420900	136.695469	432.927440
-3.447418	136.421225	432.666204
-3.475591	136.137342	432.397508
-3.505881	135.843775	432.121359
-3.538296	135.540476	431.837770
-3.572829	135.227397	431.546752
-3.609474	134.904488	431.248317
-3.648225	134.571699	430.942477
-3.689359	134.228975	430.629242
-3.732883	133.876264	430.308625
-3.778820	133.513511	429.980639
-3.800291	133.348024	429.831799
-3.825006	133.172411	429.675602
-3.852952	132.986645	429.512054
-3.884278	132.790697	429.341159
-3.918959	132.584538	429.162923
-3.956964	132.368138	428.977355
-3.998275	132.141463	428.784461
-4.042587	131.904482	428.584251
-4.089682	131.657160	428.376733
-4.140132	131.399460	428.161911
-4.193591	131.131345	427.939796
-4.250347	130.852777	427.710392
-4.310220	130.563714	427.473710
-4.373243	130.264117	427.229756
-4.439438	129.953942	426.978541
-4.508822	129.633146	426.720072
-4.581418	129.301683	426.454357
-4.657740	128.959505	426.181401
-4.737845	128.606564	425.901212
-4.821796	128.242812	425.613799
-4.910498	127.868194	425.319161
-5.004041	127.482659	425.017306
-5.047031	127.309589	424.882403
-5.094914	127.125525	424.740297
-5.147687	126.930442	424.590991
-5.205338	126.724313	424.434490
-5.268124	126.507110	424.270796
-5.336063	126.278805	424.099912
-5.409185	126.039366	423.921844
-5.487889	125.788760	423.736590
-5.572222	125.526955	423.544157
-5.663650	125.253911	423.344530
-5.762285	124.969593	423.137713
-5.867869	124.673963	422.923714
-5.980809	124.366983	422.702533
-6.101253	124.048612	422.474173
-6.228915	123.718810	422.238641
-6.364124	123.377535	421.995938
-6.507579	123.024739	421.746060
-6.659369	122.660377	421.489009
-6.820153	122.284401	421.224779
-6.895685	122.111994	421.104069
-6.980283	121.927904	420.976186
-7.073971	121.732105	420.841130
-7.176773	121.524575	420.698904
-7.288716	121.305287	420.549507
-7.409829	121.074214	420.392942
-7.540139	120.831327	420.229210
-7.679677	120.576597	420.058310
-7.828475	120.309992	419.880244
-7.986565	120.031480	419.695013
-8.153981	119.741026	419.502617
-8.330759	119.438596	419.303056
-8.516934	119.124153	419.096331
-8.712545	118.797659	418.882441
-8.917631	118.459075	418.661387
-9.132231	118.108360	418.433167
-9.356388	117.745473	418.197782
-9.460064	117.579105	418.090204
-9.573359	117.400502	417.975459
-9.696292	117.209643	417.853546
-9.828886	117.006504	417.724465
-9.971164	116.791063	417.588215
-10.123150	116.563294	417.444794
-10.284870	116.323170	417.294201
-10.456351	116.070665	417.136435
-10.637622	115.805749	416.971494
-10.828711	115.528391	416.799377
-11.029649	115.238560	416.620081
-11.240467	114.936222	416.433603
-11.461200	114.621344	416.239942
-11.691881	114.293889	416.039094
-11.932546	113.953821	415.831057
-12.183231	113.601101	415.615826
-12.299609	113.438005	415.516549
-12.426063	113.262200	415.410074
-12.562612	113.073665	415.296398
-12.709274	112.872380	415.175519
-12.866072	112.658322	415.047435
-13.033027	112.431468	414.912142
-13.210163	112.191792	414.769639
-13.397506	111.939269	414.619922
-13.595080	111.673871	414.462987
-13.802914	111.395568	414.298831
-14.021035	111.104331	414.127449
-14.249474	110.800128	413.948838
-14.488260	110.482925	413.762992
-14.737427	110.152690	413.569906
-14.997007	109.809386	413.369575
-15.267034	109.452977	413.161993
-15.389714	109.291355	413.068035
-15.522892	109.116572	412.966817
-15.666588	108.928610	412.858336
-15.820818	108.727449	412.742588
-15.985602	108.513067	412.619571
-16.160963	108.285441	412.489279
-16.346921	108.044549	412.351709
-16.543499	107.790364	412.206855
-16.750724	107.522860	412.054713
-16.968619	107.242009	411.895276
-17.197213	106.947783	411.728541
-17.436532	106.640149	411.554499
-17.686607	106.319078	411.373145
-17.947467	105.984535	411.184471
-18.219145	105.636487	410.988470
-18.345014	105.475394	410.897882
-18.481748	105.300744	410.799955
-18.629364	105.112518	410.694685
-18.787878	104.910697	410.582068
-18.957310	104.695260	410.462099
-19.137679	104.466186	410.334773
-19.329006	104.223452	410.200084
-19.531314	103.967033	410.058026
-19.744627	103.696903	409.908593
-19.968968	103.413036	409.751778
-20.204363	103.115402	409.587573
-20.450839	102.803973	409.415971
-20.708425	102.478717	409.236963
-20.977150	102.139602	409.050541
-21.257043	101.786595	408.856695
-21.384723	101.625649	408.768410
-21.523618	101.450760	408.672687
-21.673743	101.261911	408.569521
-21.835115	101.059082	408.458906
-22.007752	100.842255	408.340838
-22.191672	100.611408	408.215310
-22.386896	100.366518	408.082314
-22.593446	100.107562	407.941844
-22.811344	99.834515	407.793892
-23.040613	99.547350	407.638449
-23.281278	99.246039	407.475507
-23.533366	98.930555	407.305057
-23.796903	98.600865	407.127089
-24.071917	98.256939	406.941592
-24.358439	97.898744	406.748555
-24.487221	97.737798	406.661886
-24.627555	97.562534	406.567661
-24.779455	97.372934	406.465874
-24.942936	97.168981	406.356518
-25.118016	96.950656	406.239587
-25.304713	96.717938	406.115072
-25.503047	96.470805	405.982968
-25.713038	96.209234	405.843264
-25.934708	95.933200	405.695952
-26.168080	95.642679	405.541022
-26.413177	95.337641	405.378464
-26.670026	95.018060	405.208268
-26.938651	94.683906	405.030421
-27.219081	94.335147	404.844913
-27.348549	94.174168	404.759335
-27.489864	93.998537	404.666076
-27.643038	93.808239	404.565130
-27.808088	93.603256	404.456490
-27.985030	93.383570	404.340148
-28.173881	93.149159	404.216095
-28.374661	92.900003	404.084323
-28.587390	92.636080	403.944822
-28.812088	92.357365	403.797583
-29.048777	92.063833	403.642593
-29.297481	91.755457	403.479843
-29.558225	91.432210	403.309319
-29.831033	91.094062	403.131009
-30.115932	90.740984	402.944900
-30.245864	90.579983	402.860068
-30.387927	90.404006	402.767415
-30.542135	90.213036	402.666934
-30.708503	90.007057	402.558618
-30.887047	89.786050	402.442457
-31.077784	89.549995	402.318444
-31.280733	89.298872	402.186567
-31.495911	89.032659	402.046817
-31.723341	88.751333	401.899181
-31.963043	88.454867	401.743649
-32.215040	88.143237	401.580207
-32.479356	87.816415	401.408842
-32.756015	87.474373	401.229540
-33.045044	87.117080	401.042285
-33.175293	86.956087	400.957926
-33.317950	86.779798	400.865593
-33.473029	86.588199	400.765276
-33.640543	86.381273	400.656967
-33.820509	86.159003	400.540656
-34.012942	85.921368	400.416335
-34.217861	85.668349	400.283991
-34.435284	85.399924	400.143613
-34.665230	85.116070	399.995189
-34.907721	84.816763	399.838706
-35.162779	84.501977	399.674149
-35.430427	84.171686	399.501504
-35.710688	83.825861	399.320756
-35.841140	83.664907	399.236637
-35.984242	83.488376	399.144391
-36.140008	83.296254	399.044007
-36.308450	83.088525	398.935478
-36.489585	82.865171	398.818793
-36.683428	82.626174	398.693941
-36.889997	82.371513	398.560911
-37.109309	82.101168	398.419689
-37.341383	81.815116	398.270263
-37.586241	81.513333	398.112618
-37.843903	81.195794	397.946739
-38.114392	80.862473	397.772610
-38.397731	80.513342	397.590215
-38.528309	80.352456	397.506159
-38.671772	80.175719	397.413810
-38.828134	79.983116	397.313160
-38.997407	79.774630	397.204197
-39.179607	79.550247	397.086911
-39.374750	79.309945	396.961291
-39.582850	79.053708	396.827324
-39.803927	78.781513	396.684997
-40.037999	78.493338	396.534294
-40.285086	78.189160	396.375201
-40.545209	77.868955	396.207701
-40.818389	77.532697	396.031778
-41.104650	77.180359	395.847413
-41.235290	77.019572	395.763265
-41.379045	76.842664	395.670648
-41.535927	76.649621	395.569551
-41.705950	76.440427	395.459964
-41.889126	76.215066	395.341875
-42.085472	75.973520	395.215271
-42.295004	75.715769	395.080140
-42.517738	75.441794	394.936467
-42.753693	75.151572	394.784236
-43.002889	74.845082	394.623432
-43.265344	74.522298	394.454036
-43.541082	74.183195	394.276031
-43.830124	73.827748	394.089396
-43.960773	73.667090	394.005017
-44.104760	73.490048	393.911978
-44.262097	73.296606	393.810271
-44.432795	73.086751	393.699883
-44.616869	72.860465	393.580802
-44.814334	72.617732	393.453015
-45.025204	72.358533	393.316508
-45.249498	72.082848	393.171265
-45.487232	71.790655	393.017270
-45.738425	71.481933	392.854506
-46.003097	71.156658	392.682953
-46.281269	70.814804	392.502593
-46.572962	70.456347	392.313405
-46.703573	70.295848	392.228665
-46.847737	70.118705	392.135065
-47.005467	69.924906	392.032594
-47.176775	69.714436	391.921240
-47.361674	69.487279	391.800990
-47.560178	69.243418	391.671831
-47.772302	68.982835	391.533746
-47.998063	68.705510	391.386720
-48.237478	68.411422	391.230736
-48.490565	68.100550	391.065775
-48.757343	67.772871	390.891816
-49.037833	67.428360	390.708840
-49.168367	67.268037	390.623651
-49.312644	67.090844	390.529412
-49.470674	66.896770	390.426112
-49.642469	66.685799	390.313739
-49.828043	66.457917	390.192277
-50.027408	66.213107	390.061714
-50.240580	65.951351	389.922033
-50.467575	65.672629	389.773217
-50.708409	65.376922	389.615247
-50.963100	65.064208	389.448105
-51.231668	64.734464	389.271769
-51.514131	64.387667	389.086218
-51.644557	64.227538	389.000498
-51.788909	64.050320	388.905529
-51.947197	63.855999	388.801299
-52.119433	63.644562	388.687795
-52.305630	63.415994	388.565002
-52.505800	63.170278	388.432906
-52.719959	62.907396	388.291489
-52.948122	62.627331	388.140734
-53.190305	62.330062	387.980622
-53.446525	62.015569	387.811131
-53.716801	61.683828	387.632241
-54.001152	61.334817	387.443929
-54.131440	61.174905	387.357597
-54.275832	60.997688	387.261806
-54.434339	60.803152	387.156546
-54.606972	60.591285	387.041801
-54.793742	60.362071	386.917558
-54.994664	60.115496	386.783800
-55.209750	59.851540	386.640509
-55.439017	59.570188	386.487667
-55.682480	59.271418	386.325255
-55.940155	58.955210	386.153250
-56.212062	58.621544	385.971630
-56.498218	58.270395	385.780370
-56.628339	58.110723	385.693346
-56.772738	57.933534	385.596645
-56.931425	57.738816	385.490256
-57.104411	57.526556	385.374163
-57.291707	57.296740	385.248352
-57.493327	57.049352	385.112805
-57.709284	56.784376	384.967504
-57.939592	56.501793	384.812431
-58.184268	56.201585	384.647563
-58.443328	55.883732	384.472879
-58.716788	55.548212	384.288355
-59.004668	55.195004	384.093966
-59.134595	55.035594	384.006173
-59.278968	54.858462	383.908476
-59.437799	54.663596	383.800862
-59.611096	54.450982	383.683316
-59.798872	54.220607	383.555823
-60.001139	53.972457	383.418364
-60.217910	53.706513	383.270921
-60.449200	53.422760	383.113473
-60.695024	53.121178	382.945998
-60.955397	52.801749	382.768474
-61.230336	52.464451	382.580876
-61.519860	52.109263	382.383177
-61.649567	51.950140	382.294542
-61.793884	51.773094	382.195766
-61.952822	51.578113	382.086835
-62.126391	51.365185	381.967735
-62.314601	51.134297	381.838449
-62.517466	50.885433	381.698957
-62.734997	50.618578	381.549241
-62.967209	50.333715	381.389280
-63.214116	50.030826	381.219051
-63.475734	49.709891	381.038529
-63.752080	49.370892	380.847690
-63.881557	49.212059	380.758203
-64.025786	49.035130	380.658357
-64.184778	48.840094	380.548140
-64.358541	48.626938	380.427534
-64.547087	48.395650	380.296523
-64.750427	48.146214	380.155088
-64.968573	47.878615	380.003209
-65.201540	47.592837	379.840863
-65.449341	47.288863	379.668027
-65.711992	46.966673	379.484677
-65.989509	46.626248	379.290785
-66.118744	46.467718	379.200417
-66.262870	46.290922	379.099466
-66.421895	46.095851	378.987918
-66.595829	45.882491	378.865756
-66.784682	45.650831	378.732963
-66.988466	45.400855	378.589519
-67.207193	45.132551	378.435403
-67.440877	44.845900	378.270592
-67.689530	44.540886	378.095063
-67.953169	44.217491	377.908790
-68.231808	43.875695	377.711745
-68.360785	43.717483	377.620456
-68.504788	43.540841	377.518352
-68.663824	43.345759	377.405419
-68.837902	43.132225	377.281639
-69.027032	42.900226	377.146995
-69.231227	42.649750	377.001466
-69.450497	42.380781	376.845031
-69.684856	42.093304	376.677666
-69.934317	41.787302	376.499346
-70.198894	41.462757	376.310045
-70.478603	41.119651	376.109734
-70.607307	40.961776	376.017481
-70.751166	40.785311	375.914173
-70.910189	40.590246	375.799797
-71.084384	40.376569	375.674334
-71.273761	40.144269	375.537766
-71.478331	39.893333	375.390073
-71.698106	39.623746	375.231231
-71.933098	39.335492	375.061217
-72.183321	39.028557	374.880006
-72.448787	38.702922	374.687569
-72.729514	38.358569	374.483877
-72.857927	38.201051	374.390614
-73.001622	38.024787	374.286051
-73.160607	37.829768	374.170173
-73.334891	37.615982	374.042961
-73.524483	37.383419	373.904396
-73.729394	37.132066	373.754458
-73.949635	36.861908	373.593122
-74.185218	36.572930	373.420365
-74.436156	36.265118	373.236159
-74.702463	35.938454	373.040477
-74.984153	35.592921	372.833289
-75.112259	35.435780	372.738972
-75.255770	35.259743	372.633103
-75.414694	35.064800	372.515664
-75.589039	34.850941	372.386637
-75.778815	34.618154	372.246003
-75.984032	34.366428	372.093739
-76.204700	34.095748	371.929823
-76.440832	33.806101	371.754228
-76.692440	33.497470	371.566928
-76.959537	33.169840	371.367893
-77.242137	32.823195	371.157092
-77.369919	32.666453	371.061679
-77.513227	32.490669	370.954453
-77.672066	32.295833	370.835396
-77.846445	32.081936	370.704490
-78.036374	31.848967	370.561715
-78.241861	31.596913	370.407048
-78.462919	31.325762	370.240465
-78.699557	31.035500	370.061940
-78.951789	30.726111	369.871445
-79.219626	30.397581	369.668950
-79.503084	30.049893	369.454423
-79.630527	29.893572	369.357872
-79.773610	29.718068	369.249239
-79.932341	29.523372	369.128509
-80.106727	29.309473	368.995661
-80.296777	29.076363	368.850675
-80.502501	28.824029	368.693528
-80.723910	28.552458	368.524194
-80.961013	28.261637	368.342648
-81.213823	27.951552	368.148860
-81.482352	27.622188	367.942800
-81.609465	27.466279	367.845154
-81.752316	27.291067	367.735187
-81.910913	27.096545	367.612882
-82.085264	26.882701	367.478219
-82.275376	26.649527	367.331177
-82.481259	26.397011	367.171732
-82.702923	26.125141	366.999860
-82.940379	25.833905	366.815531
-83.193639	25.523287	366.618718
-83.462714	25.193274	366.409389
-83.589495	25.037781	366.310653
-83.732110	24.862871	366.199352
-83.890566	24.668534	366.075467
-84.064870	24.454762	365.938978
-84.255031	24.221545	365.789864
-84.461058	23.968872	365.628101
-84.682961	23.696731	365.453662
-84.920749	23.405110	365.266520
-85.174434	23.093996	365.066645
-85.444028	22.763374	364.854004
-85.570470	22.608310	364.754165
-85.712839	22.433717	364.641511
-85.871141	22.239587	364.516023
-86.045385	22.025910	364.377680
-86.235577	21.792678	364.226460
-86.441726	21.539880	364.062338
-86.663843	21.267505	363.885289
-86.901937	20.975540	363.695284
-87.156018	20.663973	363.492291
-87.426098	20.332791	363.276278
-87.552192	20.178171	363.175316
-87.694303	20.003915	363.061284
-87.852437	19.810015	362.934160
-88.026602	19.596462	362.793927
-88.216804	19.363247	362.640559
-88.423053	19.110360	362.474033
-88.645357	18.837790	362.294321
-88.883727	18.545527	362.101394
-89.138172	18.233556	361.895221
-89.408705	17.901866	361.675768
-89.534440	17.747709	361.573660
-89.676280	17.573811	361.458219
-89.834229	17.380166	361.329427
-90.008295	17.166767	361.187263
-90.198486	16.933603	361.031703
-90.404810	16.680666	360.862722
-90.627274	16.407945	360.680293
-90.865890	16.115430	360.484384
-91.120666	15.803107	360.274965
-91.391615	15.470965	360.052001
-91.516980	15.317288	359.948722
-91.658535	15.143772	359.831844
-91.816283	14.950410	359.701348
-91.990232	14.737195	359.557213
-92.180389	14.504119	359.399416
-92.386761	14.251172	359.227929
-92.609358	13.978344	359.042726
-92.848189	13.685625	358.843775
-93.103263	13.373004	358.631044
-93.374590	13.040468	358.404498
-93.499575	12.887290	358.300022
-93.640830	12.714178	358.181677
-93.798361	12.521128	358.049442
-93.972172	12.308130	357.903296
-94.162273	12.075178	357.743215
-94.368670	11.822262	357.569173
-94.591371	11.549373	357.381140
-94.830385	11.256501	357.179086
-95.085722	10.943635	356.962977
-95.357392	10.610764	356.732777
-95.481985	10.458105	356.627081
-95.622927	10.285423	356.507239
-95.780223	10.092712	356.373231
-95.953878	9.879965	356.225035
-96.143899	9.647175	356.062626
-96.350294	9.394333	355.885977
-96.573071	9.121429	355.695059
-96.812238	8.828456	355.489841
-97.067804	8.515401	355.270289
-97.339779	8.182255	355.036365
-97.463970	8.030136	354.929425
-97.604585	7.857908	354.808058
-97.761629	7.665566	354.672242
-97.935108	7.453104	354.521957
-98.125028	7.220513	354.357175
-98.331396	6.967788	354.177872
-98.554220	6.694918	353.984015
-98.793508	6.401895	353.775574
-99.049269	6.088710	353.552513
-99.321512	5.755351	353.314796
-99.445290	5.603791	353.206589
-99.585564	5.432043	353.083668
-99.742339	5.240100	352.946013
-99.915622	5.027957	352.793599
-100.105417	4.795607	352.626402
-100.311725	4.543052	352.444402
-100.534538	4.270301	352.247580
-100.773850	3.977364	352.035917
-101.029654	3.664249	351.809391
-101.301942	3.330969	351.567979
-101.425296	3.179989	351.458484
-101.565122	3.008860	351.334068
-101.721416	2.817586	351.194719
-101.894174	2.606175	351.040422
-102.083390	2.374634	350.871162
-102.289059	2.122970	350.686922
-102.511175	1.851193	350.487683
-102.749730	1.559312	350.273426
-103.004718	1.247337	350.044128
-103.276131	0.915279	349.799767
-103.399051	0.764900	349.688967
-103.538383	0.594454	349.563068
-103.694124	0.403948	349.422058
-103.866269	0.193390	349.265921
-104.054811	-0.037215	349.094642
-104.259746	-0.287856	348.908205
-104.481068	-0.558526	348.706589
-104.718768	-0.849215	348.489776
-104.972840	-1.159912	348.257743
-105.243276	-1.490605	348.010467
-105.365753	-1.640365	347.898346
-105.504581	-1.810105	347.770945
-105.659757	-1.999817	347.628251
-105.831275	-2.209496	347.470251
-106.019129	-2.439132	347.296929
-106.223314	-2.688719	347.108267
-106.443824	-2.958245	346.904246
-106.680651	-3.247703	346.684845
-106.933788	-3.557079	346.450044
-107.203227	-3.886364	346.199817
-107.325252	-4.035485	346.086357
-107.463565	-4.204495	345.957436
-107.618163	-4.393388	345.813040
-107.789041	-4.602158	345.653155
-107.976193	-4.830796	345.477765
-108.179613	-5.079293	345.286851
-108.399295	-5.347640	345.080397
-108.635231	-5.635826	344.858379
-108.887413	-5.943841	344.620776
-109.155834	-6.271672	344.367565
-109.277396	-6.420132	344.252752
-109.415185	-6.588390	344.122293
-109.569194	-6.776439	343.976175
-109.739419	-6.984271	343.814384
-109.925854	-7.211878	343.636903
-110.128493	-7.459252	343.443714
-110.347330	-7.726382	343.234798
-110.582356	-8.013257	343.010135
-110.833565	-8.319867	342.769701
-111.100948	-8.646198	342.513473
-111.222039	-8.793978	342.397292
-111.359291	-8.961460	342.265279
-111.512700	-9.148637	342.117421
-111.682259	-9.355503	341.953703
-111.867963	-9.582048	341.774109
-112.069806	-9.828263	341.578621
-112.287781	-10.094138	341.367219
-112.521881	-10.379662	341.139882
-112.772097	-10.684823	340.896588
-113.038421	-11.009608	340.637312
-113.159032	-11.156686	340.519749
-113.295738	-11.323368	340.386167
-113.448534	-11.509648	340.236552
-113.617415	-11.715517	340.070888
-113.802374	-11.940967	339.889161
-114.003406	-12.185989	339.691351
-114.220503	-12.450571	339.477438
-114.453658	-12.734702	339.247403
-114.702862	-13.038371	339.001220
-114.968107	-13.361564	338.738867
-115.088230	-13.507919	338.619909
-115.224379	-13.673777	338.484743
-115.376551	-13.859132	338.333353
-115.544741	-14.063975	338.165727
-115.728941	-14.288297	337.981846
-115.929146	-14.532089	337.781692
-116.145349	-14.795340	337.565247
-116.377541	-15.078037	337.332487
-116.625715	-15.380169	337.083391
-116.889862	-15.701722	336.817933
-117.009486	-15.847332	336.697568
-117.145069	-16.012342	336.560803
-117.296606	-16.196744	336.407624
-117.464091	-16.400531	336.238017
-117.647519	-16.623692	336.051964
-117.846882	-16.866219	335.849447
-118.062175	-17.128098	335.630446
-118.293387	-17.409320	335.394940
-118.540513	-17.709869	335.142905
-118.803541	-18.029734	334.874316
-118.922658	-18.174578	334.752532
-119.057664	-18.338715	334.614155
-119.208554	-18.522138	334.459172
-119.375323	-18.724837	334.287568
-119.557964	-18.946804	334.099325
-119.756471	-19.188028	333.894426
-119.970837	-19.448497	333.672850
-120.201053	-19.728199	333.434575
-120.447110	-20.027122	333.179578
-120.709001	-20.345250	332.907833
-120.827601	-20.489305	332.784618
-120.962020	-20.652544	332.644617
-121.112203	-20.834996	332.487813
-121.278054	-21.036723	332.314185
-121.459461	-21.257793	332.123711
-121.656297	-21.498289	331.916366
-121.868420	-21.758297	331.692123
-122.095680	-22.037911	331.450954
-122.337907	-22.337236	331.192830
-122.594908	-22.656390	330.917720
-122.710896	-22.801231	330.792947
-122.841687	-22.965846	330.651152
-122.987151	-23.150320	330.492316
-123.147147	-23.354738	330.316421
-123.321518	-23.579199	330.123447
-123.510089	-23.823808	329.913373
-123.712672	-24.088678	329.686178
-123.929065	-24.373929	329.441839
-124.159048	-24.679689	329.180334
-124.402376	-25.006100	328.901640
-124.511934	-25.154460	328.775203
-124.635209	-25.323192	328.631537
-124.772026	-25.512401	328.470629
-124.922201	-25.722196	328.292465
-125.085534	-25.952695	328.097031
-125.261801	-26.204027	327.884314
-125.450725	-26.476255	327.654358
-125.651982	-26.769393	327.407251
-125.865229	-27.083454	327.143089
-126.090099	-27.418453	326.861976
-126.191474	-27.571284	326.734047
-126.305440	-27.745026	326.588736
-126.431713	-27.939691	326.426133
-126.570000	-28.155290	326.246327
-126.719991	-28.391835	326.049412
-126.881357	-28.649339	325.835486
-127.053758	-28.927817	325.604653
-127.236841	-29.227284	325.357015
-127.430239	-29.547755	325.092681
-127.633562	-29.889248	324.811767
-127.725986	-30.046674	324.682636
-127.829632	-30.225080	324.536363
-127.944184	-30.424480	324.373052
-128.069324	-30.644887	324.192803
-128.204718	-30.886316	323.995722
-128.350020	-31.148782	323.781919
-128.504873	-31.432302	323.551505
-128.668915	-31.736892	323.304590
-128.841768	-32.062570	323.041291
-129.023034	-32.409357	322.761730
-129.106255	-32.571127	322.631713
-129.199420	-32.753951	322.484772
-129.302194	-32.957842	322.321022
-129.414236	-33.182816	322.140575
-129.535194	-33.428891	321.943547
-129.664705	-33.696083	321.730056
-129.802404	-33.984412	321.500218
-129.947922	-34.293895	321.254152
-130.100875	-34.624553	320.991978
-130.260860	-34.976407	320.713824
-130.334872	-35.142133	320.583220
-130.417630	-35.328985	320.435894
-130.508783	-35.536982	320.271967
-130.607985	-35.766141	320.091558
-130.714877	-36.016480	319.894785
-130.829092	-36.288019	319.681773
-130.950257	-36.580777	319.452643
-131.078004	-36.894777	319.207514
-131.211954	-37.230037	318.946509
-131.351712	-37.586583	318.669754
-131.496880	-37.964437	318.377376
-131.560719	-38.134130	318.246499
-131.632060	-38.325036	318.099092
-131.710548	-38.537175	317.935280
-131.795829	-38.770566	317.755187
-131.887536	-39.025229	317.558937
-131.985307	-39.301186	317.346655
-132.088778	-39.598458	317.118462
-132.197585	-39.917067	316.874477
-132.311349	-40.257037	316.614825
-132.429687	-40.618393	316.339630
-132.527955	-41.001514	316.059593
-132.562906	-41.182125	315.932479
-132.579511	-41.385366	315.799190
-132.578056	-41.611230	315.659595
-132.558798	-41.859714	315.513568
-132.521953	-42.130818	315.361003
-132.467697	-42.424543	315.201802
-132.396158	-42.740896	315.035889
-132.307413	-43.079886	314.863204
-132.201502	-43.441525	314.683701
-132.078416	-43.825828	314.497350
-131.938082	-44.232817	314.304146
-131.780382	-44.662513	314.104100
-131.706094	-44.854321	314.016401
-131.613386	-45.068910	313.922244
-131.502356	-45.306298	313.821557
-131.373082	-45.566489	313.714284
-131.225578	-45.849494	313.600394
-131.059807	-46.155325	313.479872
-130.875725	-46.483975	313.352719
-130.673249	-46.835391	313.218979
-130.452252	-47.209493	313.078734
-130.212576	-47.606181	312.932089
-130.100473	-47.787938	312.865776
-129.968784	-47.991702	312.793800
-129.817522	-48.217478	312.716134
-129.646686	-48.465261	312.632761
-129.456242	-48.735023	312.543694
-129.246122	-49.026714	312.448972
-129.016227	-49.340262	312.348660
-128.766446	-49.675584	312.242835
-128.496634	-50.032574	312.131597
-128.206609	-50.411096	312.015087
-128.073290	-50.582843	311.962848
-127.919130	-50.775645	311.905879
-127.744107	-50.989479	311.844185
-127.548176	-51.224309	311.777790
-127.331280	-51.480084	311.706731
-127.093333	-51.756731	311.631068
-126.834226	-52.054157	311.550883
-126.553824	-52.372249	311.466280
-126.251968	-52.710868	311.377392
-125.928479	-53.069855	311.284366
-125.780549	-53.232303	311.242806
-125.610707	-53.414868	311.197344
-125.418909	-53.617505	311.148012
-125.205093	-53.840157	311.094852
-124.969240	-54.082801	311.037864
-124.711349	-54.345434	310.977023
-124.431424	-54.628051	310.912303
-124.129464	-54.930649	310.843674
-123.805471	-55.253222	310.771105
-123.459447	-55.595766	310.694561
-123.302040	-55.750802	310.660111
-123.122603	-55.925801	310.621634
-122.921139	-56.120759	310.579112
-122.697647	-56.335674	310.532524
-122.452128	-56.570541	310.481848
-122.184584	-56.825358	310.427058
-121.895017	-57.100119	310.368126
-121.583426	-57.394820	310.305023
-121.249814	-57.709456	310.237717
-120.894181	-58.044021	310.166174
-120.732866	-58.195442	310.133788
-120.549533	-58.366784	310.097112
-120.344183	-58.558043	310.056127
-120.116817	-58.769215	310.010811
-119.867436	-59.000297	309.961142
-119.596041	-59.251284	309.907094
-119.302634	-59.522172	309.848640
-118.987216	-59.812955	309.785749
-118.649788	-60.123628	309.718390
-118.290351	-60.454184	309.646527
-118.127449	-60.603844	309.613897
-117.942540	-60.773377	309.576711
-117.735626	-60.962782	309.534950
-117.506709	-61.172053	309.488592
-117.255788	-61.401187	309.437614
-116.982865	-61.650179	309.381990
-116.687942	-61.919023	309.321693
-116.371020	-62.207715	309.256693
-116.032100	-62.516248	309.186956
-115.671184	-62.844616	309.112449
-115.507657	-62.993317	309.078577
-115.322138	-63.161842	309.039881
-115.114625	-63.350188	308.996342
-114.885121	-63.558350	308.947939
-114.633625	-63.786325	308.894648
-114.360141	-64.034106	308.836443
-114.064668	-64.301690	308.773298
-113.747209	-64.589069	308.705181
-113.407764	-64.896237	308.632059
-113.046336	-65.223187	308.553900
-112.882596	-65.371260	308.518353
-112.696875	-65.539105	308.477714
-112.489174	-65.726717	308.431963
-112.259494	-65.934091	308.381080
-112.007836	-66.161224	308.325040
-111.734201	-66.408110	308.263818
-111.438591	-66.674743	308.197387
-111.121008	-66.961116	308.125715
-110.781452	-67.267223	308.048770
-110.419925	-67.593057	307.966518
-110.256148	-67.740629	307.929109
-110.070404	-67.907916	307.886338
-109.862692	-68.094914	307.838186
-109.633015	-68.301618	307.784633
-109.381372	-68.528022	307.725654
-109.107767	-68.774122	307.661224
-108.812200	-69.039910	307.591314
-108.494672	-69.325381	307.515895
-108.155186	-69.630526	307.434934
-107.793742	-69.955338	307.348396
-107.630007	-70.102450	307.309040
-107.444316	-70.269215	307.264054
-107.236673	-70.455632	307.213418
-107.007078	-70.661693	307.157109
-106.755532	-70.887395	307.095106
-106.482036	-71.132730	307.027381
-106.186593	-71.397693	306.953908
-105.869203	-71.682275	306.874654
-105.529868	-71.986471	306.789589
-105.168590	-72.310270	306.698676
-105.004931	-72.456922	306.657338
-104.819332	-72.623165	306.610098
-104.611794	-72.808994	306.556937
-104.382318	-73.014405	306.497835
-104.130906	-73.239392	306.432767
-103.857558	-73.483948	306.361708
-103.562277	-73.748066	306.284629
-103.245064	-74.031739	306.201501
-102.905921	-74.334958	306.112289
-102.544850	-74.657715	306.016960
-102.381285	-74.803894	305.973620
-102.195795	-74.969597	305.924107
-101.988381	-75.154819	305.868404
-101.759044	-75.359554	305.806488
-101.507786	-75.583798	305.738336
-101.234607	-75.827543	305.663922
-100.939510	-76.090782	305.583218
-100.622496	-76.373506	305.496193
-100.283567	-76.675708	305.402814
-99.922725	-76.997379	305.303046
-99.759264	-77.143063	305.257695
-99.573894	-77.308201	305.205900
-99.366615	-77.492788	305.147644
-99.137429	-77.696817	305.082904
-98.886336	-77.920283	305.011656
-98.613339	-78.163179	304.933876
-98.318439	-78.425497	304.849534
-98.001638	-78.707228	304.758600
-97.662938	-79.008364	304.661041
-97.302341	-79.328895	304.556822
-97.139001	-79.474069	304.509444
-96.953870	-79.638704	304.455256
-96.747047	-79.822872	304.394142
-96.518659	-80.026663	304.325967
-96.268848	-80.250177	304.250576
-95.997769	-80.493520	304.167803
-95.705596	-80.756808	304.077465
-95.392517	-81.040165	303.979368
-95.058741	-81.343722	303.873300
-94.704496	-81.667620	303.759030
-94.544501	-81.814768	303.706597
-94.363974	-81.982195	303.645968
-94.163084	-82.170006	303.576982
-93.941933	-82.378228	303.499459
-93.700582	-82.606842	303.413211
-93.439100	-82.855827	303.318032
-93.157572	-83.125166	303.213693
-92.856074	-83.414821	303.099949
-92.534679	-83.724738	302.976533
-92.193454	-84.054836	302.843142
-92.039138	-84.204544	302.781710
-91.864542	-84.374160	302.710664
-91.669771	-84.563677	302.629775
-91.454916	-84.773060	302.538787
-91.220147	-85.002167	302.437476
-90.966009	-85.250486	302.325791
-90.693084	-85.517490	302.203673
-90.401987	-85.802597	302.071069
-90.093341	-86.105196	301.927930
-89.767822	-86.424613	301.774212
-89.616914	-86.572799	301.701633
-89.447563	-86.738868	301.618582
-89.260317	-86.922386	301.525000
-89.055748	-87.122846	301.420841
-88.834456	-87.339704	301.306064
-88.597028	-87.572427	301.180624
-88.344060	-87.820469	301.044480
-88.076162	-88.083301	300.897580
-87.793913	-88.360600	300.739823
-87.497928	-88.652046	300.571096
-87.188839	-88.957320	300.391280
-86.867314	-89.276101	300.200247
-86.721786	-89.421057	300.111878
-86.561276	-89.581821	300.012300
-86.386364	-89.758040	299.901435
-86.197637	-89.949364	299.779200
-85.995666	-90.155445	299.645516
-85.781025	-90.375938	299.500302
-85.554256	-90.610506	299.343484
-85.315918	-90.858813	299.174981
-85.066566	-91.120528	298.994715
-84.806766	-91.395319	298.802601
-84.537093	-91.682857	298.598556
-84.258160	-91.982816	298.382480
-83.970564	-92.294874	298.154283
-83.838361	-92.439674	298.046787
-83.694436	-92.599162	297.927191
-83.539325	-92.772975	297.795444
-83.373550	-92.960753	297.651493
-83.197621	-93.162143	297.495292
-83.012019	-93.376795	297.326797
-82.817221	-93.604365	297.145966
-82.613684	-93.844510	296.952760
-82.401869	-94.096895	296.747140
-82.182254	-94.361186	296.529057
-81.955319	-94.637054	296.298466
-81.721534	-94.924172	296.055320
-81.481349	-95.222221	295.799577
-81.235198	-95.530888	295.531199
-80.983526	-95.849860	295.250146
-80.871028	-95.993999	295.121428
-80.749622	-96.151617	294.979900
-80.619749	-96.322341	294.825550
-80.481836	-96.505806	294.658366
-80.336290	-96.701653	294.478340
-80.183505	-96.909527	294.285466
-80.023879	-97.129074	294.079737
-79.857813	-97.359947	293.861143
-79.685688	-97.601807	293.629676
-79.507881	-97.854317	293.385328
-79.324742	-98.117150	293.128099
-79.136610	-98.389982	292.857986
-78.943800	-98.672497	292.574995
-78.746617	-98.964381	292.279131
-78.545375	-99.265325	291.970397
-78.340370	-99.575024	291.648799
-78.248330	-99.715480	291.501148
-78.149472	-99.868230	291.340218
-78.044132	-100.032899	291.166035
-77.932640	-100.209114	290.978625
-77.815308	-100.396515	290.778017
-77.692443	-100.594741	290.564240
