18.016671	263.778851	501.697656
17.991212	263.636730	501.671952
17.965434	263.489959	501.637400
17.939340	263.338541	501.594000
17.912930	263.182477	501.541750
17.886203	263.021768	501.480650
17.859160	262.856417	501.410698
17.831803	262.686426	501.331894
17.804130	262.511795	501.244237
17.776143	262.332527	501.147725
17.747842	262.148624	501.042358
17.719227	261.960087	500.928135
17.690298	261.766919	500.805055
17.661057	261.569120	500.673117
17.631504	261.366693	500.532320
17.601638	261.159640	500.382663
17.571460	260.947962	500.224145
17.540972	260.731661	500.056765
17.510172	260.510739	499.880523
17.479062	260.285198	499.695416
17.447642	260.055039	499.501445
17.415912	259.820264	499.298609
17.383873	259.580876	499.086906
17.351525	259.336876	498.866335
17.318868	259.088265	498.636896
17.285904	258.835046	498.398587
17.252632	258.577220	498.151408
17.219052	258.314789	497.895358
17.185166	258.047755	497.630435
17.150973	257.776120	497.356639
17.116475	257.499885	497.073969
17.081670	257.219053	496.782424
17.046561	256.933625	496.482003
17.011147	256.643603	496.172704
16.975428	256.348989	495.854528
16.939405	256.049784	495.527472
16.903079	255.745991	495.191537
16.866450	255.437612	494.846720
16.829518	255.124648	494.493022
16.792283	254.807100	494.130441
16.754747	254.484972	493.758976
16.737921	254.339686	493.589835
16.720793	254.189821	493.411808
16.703364	254.035378	493.224896
16.685634	253.876359	493.029098
16.667604	253.712764	492.824414
16.649273	253.544593	492.610842
16.630641	253.371849	492.388383
16.611709	253.194530	492.157036
16.592478	253.012640	491.916801
16.572946	252.826177	491.667678
16.553115	252.635144	491.409665
16.532985	252.439540	491.142763
16.512555	252.239367	490.866970
16.491826	252.034625	490.582288
16.470798	251.825316	490.288714
16.449472	251.611440	489.986249
16.427847	251.392998	489.674893
16.405924	251.169991	489.354644
16.383702	250.942420	489.025502
16.361183	250.710285	488.687468
16.338366	250.473588	488.340540
16.315251	250.232329	487.984718
16.291839	249.986509	487.620002
16.268130	249.736129	487.246391
16.244124	249.481189	486.863885
16.219821	249.221692	486.472483
16.195221	248.957637	486.072185
16.170325	248.689025	485.662990
16.159060	248.566874	485.476035
16.147499	248.440168	485.280182
16.135641	248.308907	485.075432
16.123488	248.173091	484.861785
16.111039	248.032721	484.639239
16.098294	247.887797	484.407796
16.085253	247.738319	484.167454
16.071917	247.584289	483.918214
16.058285	247.425705	483.660076
16.044358	247.262570	483.393038
16.030135	247.094882	483.117102
16.015617	246.922643	482.832266
16.000804	246.745852	482.538531
15.985696	246.564511	482.235896
15.970293	246.378619	481.924362
15.954595	246.188178	481.603927
15.938602	245.993186	481.274593
15.922314	245.793645	480.936357
15.905731	245.589556	480.589222
15.888854	245.380918	480.233185
15.871683	245.167732	479.868248
15.854217	244.949998	479.494409
15.836457	244.727717	479.111668
15.818402	244.500889	478.720027
15.800054	244.269515	478.319483
15.781411	244.033594	477.910037
15.762474	243.793128	477.491689
15.743244	243.548116	477.064439
15.734562	243.437150	476.870503
15.725587	243.321640	476.667664
15.716318	243.201585	476.455922
15.706755	243.076985	476.235277
15.696899	242.947842	476.005729
15.686749	242.814154	475.767279
15.676306	242.675922	475.519925
15.665569	242.533147	475.263667
15.654538	242.385828	474.998507
15.643214	242.233966	474.724442
15.631597	242.077561	474.441475
15.619687	241.916612	474.149603
15.607483	241.751121	473.848828
15.594986	241.581088	473.539149
15.582195	241.406511	473.220566
15.569112	241.227393	472.893079
15.555735	241.043733	472.556688
15.542065	240.855530	472.211392
15.528102	240.662786	471.857193
15.513846	240.465500	471.494089
15.499297	240.263673	471.122080
15.484455	240.057305	470.741167
15.469320	239.846396	470.351349
15.453893	239.630946	469.952626
15.438172	239.410955	469.544999
15.422159	239.186424	469.128466
15.405853	238.957353	468.703028
15.389254	238.723741	468.268686
15.381752	238.617968	468.071821
15.373957	238.507655	467.866050
15.365870	238.392803	467.651375
15.357490	238.273411	467.427794
15.348817	238.149479	467.195308
15.339852	238.021008	466.953916
15.330594	237.887997	466.703618
15.321044	237.750447	466.444415
15.311201	237.608358	466.176307
15.301065	237.461729	465.899293
15.290638	237.310562	465.613373
15.279917	237.154855	465.318548
15.268905	236.994610	465.014816
15.257599	236.829825	464.702179
15.246002	236.660502	464.380636
15.234112	236.486641	464.050187
15.221930	236.308240	463.710833
15.209455	236.125301	463.362572
15.196688	235.937824	463.005405
15.183629	235.745808	462.639332
15.170277	235.549255	462.264353
15.156633	235.348163	461.880468
15.142697	235.142532	461.487677
15.128469	234.932364	461.085979
15.113948	234.717658	460.675375
15.099135	234.498414	460.255865
15.084030	234.274633	459.827449
15.068633	234.046313	459.390126
15.061667	233.942916	459.191983
15.054408	233.834981	458.984934
15.046857	233.722509	458.768979
15.039014	233.605499	458.544117
15.030879	233.483952	458.310348
15.022452	233.357867	458.067673
15.013732	233.227246	457.816091
15.004721	233.092086	457.555603
14.995417	232.952390	457.286208
14.985822	232.808156	457.007906
14.975934	232.659385	456.720698
14.965755	232.506077	456.424583
14.955283	232.348231	456.119562
14.944519	232.185849	455.805633
14.933463	232.018929	455.482798
14.922116	231.847473	455.151057
14.910476	231.671479	454.810408
14.898544	231.490949	454.460853
14.886320	231.305882	454.102391
14.873805	231.116278	453.735022
14.860997	230.922137	453.358746
14.847897	230.723459	452.973563
14.834506	230.520244	452.579474
14.820822	230.312493	452.176477
14.806846	230.100205	451.764574
14.792579	229.883380	451.343763
14.778020	229.662019	450.914046
14.763168	229.436121	450.475422
14.756444	229.333805	450.276711
14.749429	229.226952	450.069093
14.742121	229.115562	449.852567
14.734522	228.999636	449.627135
14.726630	228.879174	449.392796
14.718447	228.754175	449.149550
14.709972	228.624640	448.897396
14.701205	228.490568	448.636336
14.692146	228.351960	448.366368
14.682795	228.208816	448.087494
14.673152	228.061135	447.799712
14.663218	227.908918	447.503023
14.652991	227.752165	447.197427
14.642473	227.590875	446.882924
14.631663	227.425049	446.559514
14.620561	227.254687	446.227196
14.609167	227.079788	445.885972
14.597482	226.900354	445.535840
14.585504	226.716383	445.176801
14.573266	226.527848	444.808869
14.560828	226.334693	444.432068
14.548255	226.136861	444.046427
14.535611	225.934292	443.651974
14.522963	225.726927	443.248737
14.510379	225.514704	442.836744
14.497928	225.297561	442.416027
14.485681	225.075432	441.986614
14.473712	224.848253	441.548538
14.468553	224.745116	441.350204
14.463779	224.636831	441.143253
14.459424	224.523367	440.927699
14.455525	224.404691	440.703557
14.452119	224.280768	440.470844
14.449247	224.151563	440.229577
14.446943	224.017038	439.979773
14.445230	223.877156	439.721451
14.444129	223.731877	439.454630
14.443660	223.581160	439.179331
14.443839	223.424965	438.895573
14.444682	223.263246	438.603380
14.446203	223.095960	438.302772
14.448414	222.923061	437.993773
14.451322	222.744501	437.676406
14.454936	222.560232	437.350696
14.459390	222.370203	437.016664
14.464696	222.174363	436.674337
14.470865	221.972658	436.323739
14.477745	221.765038	435.964903
14.485337	221.551448	435.597855
14.493963	221.331826	435.222617
14.503632	221.106116	434.839217
14.514309	220.874259	434.447685
14.525994	220.636194	434.048052
14.538691	220.391860	433.640350
14.552402	220.141195	433.224609
14.567517	219.884128	432.800851
14.574820	219.767690	432.610092
14.583631	219.644754	432.411363
14.594176	219.515287	432.204671
14.606492	219.379256	431.990032
14.620559	219.236628	431.767463
14.636354	219.087368	431.536983
14.653853	218.931441	431.298610
14.673034	218.768810	431.052363
14.693883	218.599436	430.798262
14.716382	218.423279	430.536327
14.740508	218.240300	430.266580
14.766487	218.050451	429.989035
14.794295	217.853691	429.703716
14.824085	217.649970	429.410639
14.856317	217.439237	429.109816
14.891047	217.221443	428.801269
14.928329	216.996537	428.485020
14.968220	216.764470	428.161093
15.010776	216.525188	427.829511
15.056058	216.278638	427.490298
15.104125	216.024764	427.143481
15.155041	215.763510	426.789083
15.208867	215.494818	426.427131
15.265670	215.218629	426.057652
15.325515	214.934883	425.680672
15.388471	214.643517	425.296219
15.454606	214.344469	424.904321
15.485128	214.209512	424.728665
15.518931	214.066779	424.545605
15.556049	213.916240	424.355156
15.596516	213.757863	424.157329
15.640369	213.591616	423.952140
15.687598	213.417464	423.739606
15.738289	213.235372	423.519740
15.792427	213.045304	423.292559
15.849990	212.847222	423.058083
15.910721	212.641091	422.816336
15.974600	212.426872	422.567340
16.041615	212.204523	422.311112
16.111745	211.974002	422.047675
16.185648	211.735255	421.777029
16.263353	211.488236	421.499193
16.344932	211.232897	421.214188
16.430388	210.969190	420.922035
16.519716	210.697067	420.622756
16.612907	210.416476	420.316376
16.709658	210.127370	420.002928
16.810560	209.829688	419.682416
16.915675	209.523374	419.354865
17.025062	209.208370	419.020297
17.138785	208.884619	418.678735
17.256907	208.560597	418.325945
17.311438	208.416369	418.164005
17.370463	208.271960	417.990788
17.434014	208.127399	417.806278
17.502123	207.982718	417.610458
17.574825	207.837948	417.403310
17.652153	207.693123	417.184816
17.734146	207.548276	416.954957
17.820840	207.403443	416.713712
17.912276	207.258661	416.461061
18.008494	207.113967	416.196982
18.109536	206.969400	415.921453
18.215446	206.825001	415.634450
18.326269	206.680810	415.335950
18.442051	206.536871	415.025928
18.562839	206.393225	414.704359
18.688683	206.249919	414.371215
18.819633	206.106998	414.026470
18.955740	205.964508	413.670096
19.097059	205.822498	413.302064
19.243643	205.681016	412.922345
19.395547	205.540114	412.530907
19.552831	205.399842	412.127720
19.715551	205.260253	411.712752
19.883767	205.121400	411.285969
20.057542	204.983338	410.847338
20.137140	204.922456	410.647444
20.222386	204.862445	410.435652
20.313311	204.803332	410.211944
20.409946	204.745145	409.976303
20.512322	204.687911	409.728712
20.620475	204.631661	409.469150
20.734438	204.576426	409.197598
20.854248	204.522236	408.914035
20.979944	204.469125	408.618440
21.111564	204.417127	408.310790
21.249148	204.366277	407.991062
21.392739	204.316611	407.659232
21.542380	204.268166	407.315274
21.698115	204.220980	406.959162
21.859991	204.175093	406.590871
22.028053	204.130544	406.210371
22.202351	204.087375	405.817636
22.382934	204.045629	405.412634
22.569855	204.005349	404.995336
22.763164	203.966579	404.565710
22.962915	203.929364	404.123724
23.055104	203.913446	403.920628
23.153815	203.899152	403.705124
23.259075	203.886502	403.477195
23.370913	203.875521	403.236826
23.489357	203.866233	402.983996
23.614438	203.858663	402.718689
23.746188	203.852837	402.440884
23.884639	203.848784	402.150561
24.029827	203.846531	401.847698
24.181787	203.846108	401.532273
24.340555	203.847544	401.204262
24.506171	203.850873	400.863642
24.678674	203.856125	400.510387
24.858105	203.863335	400.144471
25.044506	203.872536	399.765867
25.237920	203.883765	399.374548
25.438394	203.897056	398.970483
25.645972	203.912448	398.553644
25.860701	203.929979	398.123999
26.082632	203.949688	397.681516
26.183067	203.959296	397.481966
26.290774	203.971141	397.269530
26.405779	203.985239	397.044193
26.528105	204.001613	396.805938
26.657780	204.020281	396.554748
26.794830	204.041267	396.290604
26.939285	204.064593	396.013487
27.091174	204.090282	395.723376
27.250530	204.118360	395.420250
27.417385	204.148852	395.104085
27.591774	204.181784	394.774860
27.773730	204.217185	394.432549
27.963292	204.255082	394.077127
28.160497	204.295506	393.708567
28.365384	204.338486	393.326843
28.577994	204.384053	392.931926
28.798367	204.432239	392.523786
29.026548	204.483078	392.102393
29.262580	204.536603	391.667716
29.368864	204.561111	391.472516
29.483065	204.588354	391.263985
29.605205	204.618350	391.042106
29.735306	204.651116	390.806864
29.873392	204.686670	390.558240
30.019489	204.725031	390.296216
30.173623	204.766219	390.020773
30.335823	204.810256	389.731890
30.506118	204.857162	389.429544
30.684538	204.906961	389.113715
30.871114	204.959676	388.784377
31.065880	205.015332	388.441506
31.268870	205.073954	388.085077
31.480119	205.135567	387.715062
31.699665	205.200200	387.331433
31.927544	205.267880	386.934163
32.163796	205.338635	386.523219
32.408462	205.412494	386.098573
32.519001	205.446118	385.907129
32.638013	205.482891	385.701935
32.765519	205.522826	385.482976
32.901540	205.565939	385.250234
33.046097	205.612247	385.003691
33.199216	205.661765	384.743330
33.360920	205.714513	384.469130
33.531236	205.770509	384.181070
33.710192	205.829771	383.879129
33.897815	205.892322	383.563283
34.094136	205.958180	383.233509
34.299186	206.027369	382.889781
34.512997	206.099912	382.532072
34.735603	206.175831	382.160356
34.967038	206.255151	381.774604
35.207339	206.337896	381.374786
35.456542	206.424094	380.960872
35.570206	206.463579	380.772400
35.692827	206.506554	380.569786
35.824425	206.553032	380.353013
35.965020	206.603027	380.122064
36.114633	206.656552	379.876922
36.273286	206.713624	379.617568
36.441002	206.774257	379.343982
36.617806	206.838470	379.056143
36.803725	206.906279	378.754027
36.998786	206.977703	378.437613
37.203016	207.052760	378.106875
37.416446	207.131472	377.761787
37.639106	207.213857	377.402324
37.871028	207.299937	377.028455
38.112245	207.389735	376.640154
38.362793	207.483273	376.237388
38.478767	207.526689	376.051203
38.604124	207.573880	375.850508
38.738879	207.624856	375.635287
38.883052	207.679629	375.405524
39.036664	207.738213	375.161200
39.199734	207.800621	374.902295
39.372286	207.866869	374.628791
39.554343	207.936970	374.340665
39.745930	208.010941	374.037894
39.947072	208.088798	373.720455
40.157798	208.170560	373.388323
40.378136	208.256243	373.041471
40.608114	208.345866	372.679872
40.847764	208.439449	372.303497
41.097117	208.537012	371.912316
41.356207	208.638574	371.506299
41.473979	208.684825	371.321933
41.601537	208.735106	371.122684
41.738898	208.789428	370.908535
41.886080	208.847803	370.679469
42.043101	208.910241	370.435468
42.209982	208.976756	370.176513
42.386744	209.047360	369.902583
42.573410	209.122067	369.613656
42.770004	209.200891	369.309708
42.976550	209.283847	368.990716
43.193075	209.370951	368.656654
43.419606	209.462220	368.307494
43.656171	209.557669	367.943210
43.902800	209.657317	367.563771
44.159524	209.761181	367.169147
44.278657	209.809442	366.986177
44.407931	209.861946	366.787975
44.547362	209.918703	366.574525
44.696967	209.979722	366.345810
44.856764	210.045015	366.101812
45.026773	210.114593	365.842511
45.207014	210.188466	365.567885
45.397509	210.266649	365.277913
45.598280	210.349153	364.972571
45.809353	210.435992	364.651834
46.030751	210.527180	364.315675
46.262501	210.622733	363.964069
46.504631	210.722665	363.596986
46.757169	210.826991	363.214395
47.020145	210.935730	362.816267
47.140353	210.985479	362.634401
47.271044	211.039664	362.436950
47.412232	211.098293	362.223897
47.563935	211.161375	361.995224
47.726169	211.228919	361.750914
47.898954	211.300936	361.490945
48.082308	211.377436	361.215296
48.276253	211.458431	360.923946
48.480811	211.543930	360.616869
48.696006	211.633948	360.294040
48.921860	211.728497	359.955433
49.158401	211.827590	359.601020
49.405654	211.931240	359.230772
49.663646	212.039462	358.844658
49.932408	212.152271	358.442646
50.053472	212.203116	358.261654
50.185349	212.258569	358.064715
50.328051	212.318638	357.851814
50.481596	212.383330	357.622932
50.645999	212.452655	357.378051
50.821279	212.526620	357.117150
51.007454	212.605235	356.840208
51.204546	212.688511	356.547201
51.412574	212.776456	356.238105
51.631562	212.869083	355.912895
51.861533	212.966403	355.571542
52.102512	213.068427	355.214019
52.354523	213.175167	354.840296
52.617595	213.286636	354.450341
52.739309	213.338229	354.269997
52.872124	213.394570	354.073375
53.016054	213.455665	353.860456
53.171113	213.521522	353.631223
53.337317	213.592148	353.385657
53.514685	213.667550	353.123737
53.703234	213.747738	352.845442
53.902983	213.832719	352.550747
54.113954	213.922504	352.239629
54.336169	214.017101	351.912060
54.569648	214.116521	351.568013
54.814418	214.220774	351.207459
55.070502	214.329871	350.830367
55.337927	214.443823	350.436707
55.460148	214.495913	350.256849
55.593749	214.552874	350.060374
55.738743	214.614713	349.847264
55.895144	214.681435	349.617501
56.062969	214.753048	349.371066
56.242234	214.829557	349.107938
56.432956	214.910970	348.828095
56.635155	214.997296	348.531512
56.848850	215.088541	348.218165
57.074063	215.184715	347.888027
57.310816	215.285826	347.541069
57.559131	215.391883	347.177262
57.819032	215.502896	346.796576
58.090546	215.618874	346.398977
58.213158	215.671249	346.219469
58.347419	215.728605	346.022999
58.493344	215.790945	345.809550
58.650945	215.858275	345.579105
58.820238	215.930601	345.331643
59.001239	216.007928	345.067143
59.193965	216.090263	344.785582
59.398434	216.177611	344.486937
59.614666	216.269982	344.171181
59.842681	216.367380	343.838288
60.082501	216.469814	343.488229
60.334147	216.577292	343.120974
60.597644	216.689822	342.736491
60.720534	216.742299	342.557203
60.855311	216.799840	342.360640
61.001986	216.862449	342.146782
61.160573	216.930130	341.915613
61.331087	217.002888	341.667112
61.513543	217.080729	341.401258
61.707957	217.163657	341.118028
61.914348	217.251678	340.817397
62.132735	217.344798	340.499339
62.363136	217.443024	340.163827
62.605573	217.546361	339.810832
62.860067	217.654816	339.440323
63.126642	217.768396	339.052268
63.249731	217.820830	338.873104
63.384935	217.878398	338.676345
63.532267	217.941105	338.461973
63.691738	218.008955	338.229970
63.863364	218.081950	337.980317
64.047159	218.160096	337.712990
64.243139	218.243396	337.427968
64.451322	218.331856	337.125224
64.671726	218.425480	336.804733
64.904370	218.524274	336.466467
65.149274	218.628242	336.110397
65.406460	218.737390	335.736490
65.675949	218.851724	335.344715
65.799169	218.903984	335.165590
65.934726	218.961438	334.968547
66.082631	219.024088	334.753568
66.242899	219.091937	334.520635
66.415541	219.164989	334.269727
66.600573	219.243247	334.000823
66.798010	219.326715	333.713898
67.007870	219.415395	333.408928
67.230169	219.509292	333.085886
67.464927	219.608410	332.744744
67.712162	219.712753	332.385472
67.971897	219.822324	332.008037
68.244151	219.937130	331.612408
68.367441	219.989097	331.433246
68.503284	220.046304	331.235839
68.651691	220.108752	331.020169
68.812674	220.176444	330.786217
68.986246	220.249383	330.533963
69.172422	220.327570	330.263384
69.371217	220.411008	329.974457
69.582646	220.499700	329.667156
69.806728	220.593650	329.341454
70.043479	220.692859	328.997323
70.292920	220.797330	328.634732
70.555070	220.907067	328.253648
70.829950	221.022073	327.854039
70.953256	221.073635	327.674772
71.089324	221.130470	327.476928
71.238165	221.192579	327.260489
71.399790	221.259964	327.025438
71.574212	221.332626	326.771752
71.761445	221.410567	326.499409
71.961503	221.493789	326.208387
72.174402	221.582293	325.898657
72.400160	221.676081	325.570194
72.638792	221.775155	325.222968
72.890318	221.879516	324.856948
73.154758	221.989167	324.472102
73.278034	222.040252	324.292678
73.414254	222.096629	324.094377
73.563427	222.158299	323.877183
73.725565	222.225262	323.641075
73.900680	222.297519	323.386034
74.088786	222.375071	323.112036
74.289896	222.457920	322.819057
74.504027	222.546065	322.507071
74.731193	222.639508	322.176050
74.971413	222.738249	321.825966
75.224705	222.842290	321.456786
75.491086	222.951631	321.068477
75.614295	223.002168	320.888851
75.750623	223.058006	320.690047
75.900081	223.119145	320.472045
76.062678	223.185585	320.234829
76.238428	223.257326	319.978375
76.427343	223.334368	319.702661
76.629437	223.416712	319.407664
76.844725	223.504356	319.093355
77.073223	223.597302	318.759709
77.314947	223.695549	318.406693
77.569914	223.799097	318.034278
77.838144	223.907945	317.642430
77.961250	223.957862	317.462560
78.097646	224.013078	317.263206
78.247342	224.073593	317.044350
78.410349	224.139407	316.805972
78.586678	224.210518	316.548052
78.776341	224.286927	316.270566
78.979354	224.368631	315.973490
79.195728	224.455632	315.656796
79.425481	224.547927	315.320457
79.668628	224.645514	314.964442
79.925186	224.748394	314.588720
80.195173	224.856564	314.193257
80.318143	224.905789	314.013103
80.454569	224.960301	313.813157
80.604460	225.020100	313.593401
80.767828	225.085184	313.353814
80.944683	225.155553	313.094376
81.135038	225.231204	312.815063
81.338904	225.312136	312.515851
81.556298	225.398348	312.196712
81.787233	225.489837	311.857618
82.031724	225.586602	311.498539
82.289789	225.688639	311.119441
82.561445	225.795946	310.720293
82.684247	225.844407	310.539818
82.820667	225.898134	310.339240
82.970713	225.957125	310.118540
83.134395	226.021379	309.877699
83.311725	226.090892	309.616695
83.502713	226.165664	309.335504
83.707374	226.245691	309.034102
83.925719	226.330972	308.712461
84.157764	226.421502	308.370553
84.403524	226.517279	308.008347
84.663015	226.618300	307.625810
84.936254	226.724559	307.222908
85.058859	226.772189	307.042078
85.195237	226.825051	306.840830
85.345397	226.883145	306.619147
85.509349	226.946467	306.377009
85.687104	227.015015	306.114394
85.878672	227.088787	305.831278
86.084066	227.167778	305.527635
86.303299	227.251985	305.203440
86.536385	227.341404	304.858662
86.783339	227.436032	304.493270
87.044177	227.535862	304.107232
87.166571	227.582652	303.926040
87.302872	227.634638	303.724152
87.453090	227.691817	303.501547
87.617232	227.754187	303.258208
87.795311	227.821743	302.994111
87.987335	227.894483	302.709233
88.193318	227.972402	302.403548
88.413273	228.055495	302.077030
88.647212	228.143759	301.729648
88.895150	228.237188	301.361371
89.157102	228.335776	300.972166
89.279270	228.381699	300.790600
89.415475	228.432772	300.588055
89.565725	228.488992	300.364513
89.730031	228.550356	300.119953
89.908401	228.616860	299.854354
90.100847	228.688499	299.567691
90.307380	228.765269	299.259940
90.528013	228.847164	298.931072
90.762758	228.934179	298.581057
91.011630	229.026307	298.209865
91.274643	229.123543	297.817462
91.396565	229.168559	297.635505
91.532651	229.218672	297.432285
91.682909	229.273877	297.207783
91.847348	229.334172	296.961981
92.025977	229.399550	296.694856
92.218807	229.470008	296.406383
92.425849	229.545540	296.096537
92.647114	229.626139	295.765290
92.882617	229.711800	295.412612
93.132369	229.802514	295.038472
93.396386	229.898276	294.642836
93.518044	229.942341	294.460469
93.653989	229.991440	294.256555
93.804228	230.045571	294.031074
93.968769	230.104726	293.784007
94.147623	230.168903	293.515330
94.340798	230.238094	293.225021
94.548307	230.312293	292.913053
94.770159	230.391495	292.579398
95.006369	230.475690	292.224025
95.256949	230.564872	291.846904
95.521912	230.659031	291.448000
95.643288	230.702100	291.265207
95.779068	230.750133	291.060580
95.929261	230.803125	290.834099
96.093875	230.861071	290.585744
96.272918	230.923966	290.315493
96.466401	230.991803	290.023322
96.674334	231.064574	289.709205
96.896728	231.142273	289.373113
97.133595	231.224890	289.015016
97.384949	231.312418	288.634882
97.650801	231.404846	288.232678
97.771875	231.446872	288.049443
97.907468	231.493783	287.844084
98.057589	231.545575	287.616584
98.222244	231.602241	287.366921
98.401443	231.663774	287.095074
98.595196	231.730168	286.801018
98.803511	231.801415	286.484726
99.026401	231.877506	286.146171
99.263877	231.958432	285.785321
99.515950	232.044183	285.402145
99.782635	232.134749	284.996609
99.903388	232.175686	284.812917
100.038772	232.221422	284.606811
100.188794	232.271950	284.378274
100.353462	232.327264	284.127284
100.532783	232.387356	283.853820
100.726767	232.452219	283.557856
100.935424	232.521844	283.239367
101.158764	232.596222	282.898324
101.396799	232.675343	282.534696
101.649328	232.759233	282.148496
101.916045	232.847937	281.739758
102.036023	232.887947	281.555354
102.169972	232.932797	281.348411
102.317709	232.982513	281.118952
102.479054	233.037122	280.866995
102.653765	233.096662	280.592574
102.841585	233.161174	280.295722
103.042261	233.230696	279.976470
103.255538	233.305267	279.634848
103.481163	233.384927	279.270885
103.718854	233.469623	278.884694
103.968308	233.559110	278.476555
104.082351	233.600244	278.288667
104.208684	233.645920	278.078788
104.347110	233.696037	277.847057
104.497648	233.750913	277.593179
104.660076	233.810423	277.317319
104.834154	233.874444	277.019645
105.019785	233.943141	276.700028
105.216794	234.016493	276.358523
105.424908	234.094408	275.995281
105.643806	234.176676	275.610568
105.873173	234.263074	275.204665
106.112838	234.353740	274.777481
106.219851	234.394348	274.585389
106.338262	234.439286	274.371487
106.467866	234.488486	274.135893
106.608561	234.542069	273.878521
106.760122	234.599932	273.599526
106.922307	234.661954	273.299080
107.094851	234.727995	272.977382
107.277496	234.797902	272.634636
107.469984	234.871581	272.270998
107.672176	234.949130	271.886407
107.883776	235.030341	271.481129
108.104473	235.114982	271.055456
108.205287	235.153564	270.859630
108.316498	235.195709	270.642724
108.437887	235.241344	270.404873
108.569239	235.290417	270.146187
108.710348	235.342860	269.866788
108.860986	235.398577	269.566829
109.020918	235.457471	269.246465
109.189899	235.519442	268.905859
109.367670	235.584352	268.545210
109.553972	235.652059	268.164721
109.748546	235.722411	267.764603
109.951138	235.795246	267.345073
110.161460	235.870379	266.906384
110.256455	235.904071	266.706783
110.360876	235.940471	266.486912
110.474509	235.979476	266.246937
110.597132	236.020990	265.987016
110.728579	236.064991	265.707219
110.868629	236.111383	265.407701
111.017062	236.160055	265.088631
111.173660	236.210902	264.750173
111.338195	236.263799	264.392509
111.510448	236.318628	264.015811
111.690199	236.375269	263.620255
111.877209	236.433578	263.206044
112.071241	236.493405	262.773387
112.272103	236.554664	262.322414
112.361876	236.581726	262.119415
112.460519	236.610968	261.896510
112.567810	236.642307	261.653852
112.683521	236.675669	261.391589
112.807428	236.710976	261.109871
112.939301	236.748143	260.808852
113.078922	236.787086	260.488683
113.226103	236.827775	260.149451
113.380637	236.870108	259.791315
113.542324	236.913976	259.414440
113.710951	236.959262	259.018999
113.886302	237.005848	258.605171
114.068151	237.053623	258.173129
114.256288	237.102480	257.723041
114.341583	237.124363	257.517503
114.435290	237.148097	257.292226
114.537201	237.173597	257.047363
114.647108	237.200787	256.783060
114.764795	237.229590	256.499468
114.890042	237.259931	256.196733
115.022631	237.291735	255.875002
115.162348	237.324931	255.534416
115.308974	237.359432	255.175132
115.462308	237.395158	254.797292
115.622160	237.432052	254.401011
115.788318	237.470032	253.986436
115.960603	237.509058	253.553660
116.138794	237.549038	253.102846
116.220197	237.567114	252.895369
116.309735	237.586923	252.668057
116.407204	237.608406	252.421042
116.512394	237.631492	252.154471
116.625116	237.656141	251.868449
116.745161	237.682283	251.563120
116.872326	237.709862	251.238610
117.006395	237.738805	250.895066
117.147160	237.769068	250.532605
117.294409	237.800561	250.151386
117.447957	237.833222	249.751531
117.607636	237.867005	249.333137
117.773269	237.901839	248.896328
117.944676	237.937640	248.441242
118.022808	237.953832	248.232357
118.109025	237.971754	248.003324
118.203134	237.991367	247.754254
118.304943	238.012630	247.485263
118.414241	238.035472	247.196498
118.530807	238.059843	246.888093
118.654414	238.085700	246.560178
118.784830	238.112984	246.212897
118.921819	238.141630	245.846403
119.065172	238.171585	245.460824
119.214681	238.202775	245.056307
119.370159	238.235126	244.632988
119.531438	238.268548	244.191008
119.698366	238.303008	243.730447
119.773915	238.318520	243.520562
119.857520	238.335811	243.290143
119.948984	238.354822	243.039326
120.048099	238.375491	242.768257
120.154655	238.397758	242.477077
120.268431	238.421562	242.165936
120.389197	238.446839	241.834986
120.516731	238.473531	241.484372
120.650828	238.501584	241.114226
120.791280	238.530937	240.724684
120.937877	238.561515	240.315899
121.090444	238.593252	239.887997
121.248818	238.626089	239.441089
121.412828	238.659948	238.975310
121.486483	238.675078	238.764725
121.568168	238.691927	238.533308
121.657671	238.710447	238.281197
121.754780	238.730593	238.008528
121.859271	238.752317	237.715439
121.970917	238.775569	237.402077
122.089501	238.800296	237.068581
122.214817	238.826442	236.715089
122.346667	238.853979	236.341706
122.484849	238.882844	235.948574
122.629178	238.912959	235.535836
122.779485	238.944248	235.103630
122.935589	238.976618	234.652114
123.097283	239.009976	234.181457
123.169338	239.024750	233.970294
123.249391	239.041149	233.738027
123.337220	239.059133	233.484793
123.432615	239.078659	233.210728
123.535360	239.099694	232.915959
123.645241	239.122202	232.600610
123.762046	239.146129	232.264828
123.885567	239.171425	231.908747
124.015600	239.198022	231.532519
124.151941	239.225853	231.136295
124.294398	239.254860	230.720205
124.442764	239.284974	230.284406
124.596816	239.316106	229.829075
124.667894	239.330392	229.617547
124.746903	239.346275	229.384618
124.833597	239.363704	229.130455
124.927742	239.382652	228.855191
125.029114	239.403085	228.558964
125.137483	239.424954	228.241923
125.252642	239.448211	227.904210
125.374381	239.472782	227.545988
125.502496	239.498594	227.167420
125.636790	239.525569	226.768665
125.777059	239.553616	226.349902
125.923084	239.582625	225.911340
126.074655	239.612486	225.453176
126.144325	239.626077	225.241135
126.221876	239.641084	225.007537
126.307070	239.657469	224.752533
126.399661	239.675192	224.476285
126.499407	239.694201	224.178959
126.606074	239.714440	223.860723
126.719434	239.735844	223.521750
126.839273	239.758350	223.162200
126.965370	239.781900	222.782231
127.097508	239.806421	222.382017
127.235464	239.831819	221.961753
127.379006	239.858001	221.521641
127.527903	239.884874	221.061881
127.596219	239.897059	220.849315
127.672214	239.910487	220.615105
127.755625	239.925105	220.359444
127.846201	239.940855	220.082518
127.943692	239.957672	219.784517
128.047852	239.975497	219.465624
128.158462	239.994260	219.126017
128.275306	240.013894	218.765870
128.398177	240.034330	218.385345
128.526862	240.055473	217.984647
128.661134	240.077227	217.563980
128.800772	240.099503	217.123539
128.945531	240.122207	216.663542
129.012091	240.132455	216.450317
129.086137	240.143692	216.215452
129.167396	240.155875	215.959137
129.255595	240.168948	215.681573
129.350459	240.182846	215.382976
129.451731	240.197495	215.063554
129.559162	240.212818	214.723518
129.672512	240.228743	214.363065
129.791541	240.245182	213.982408
129.916019	240.262049	213.581753
130.045703	240.279264	213.161306
130.180331	240.296719	212.721314
130.319645	240.314315	212.262016
130.463368	240.331943	211.783669
130.527079	240.339500	211.569464
130.597817	240.347704	211.333844
130.675290	240.356494	211.077040
130.759226	240.365809	210.799267
130.849362	240.375571	210.500752
130.945440	240.385701	210.181722
131.047202	240.396114	209.842405
131.154402	240.406736	209.483015
131.266794	240.417491	209.103761
131.384117	240.428278	208.704896
131.506112	240.439000	208.286662
131.632512	240.449543	207.849326
131.763046	240.459798	207.393155
131.897438	240.469642	206.918431
131.957698	240.473700	206.703136
132.024495	240.477991	206.466780
132.097544	240.482457	206.209594
132.176562	240.487036	205.931806
132.261269	240.491658	205.633657
132.351386	240.496238	205.315398
132.446636	240.500693	204.977281
132.546735	240.504919	204.619585
132.651400	240.508812	204.242586
132.760340	240.512262	203.846574
132.873287	240.515161	203.431819
132.989974	240.517403	202.998593
133.110129	240.518862	202.547191
133.233498	240.519424	202.077884
133.289652	240.519216	201.861444
133.351751	240.518817	201.624405
133.419512	240.518154	201.367026
133.492649	240.517141	201.089575
133.570873	240.515688	200.792326
133.653903	240.513696	200.475565
133.741466	240.511073	200.139556
133.833286	240.507717	199.784582
133.929096	240.503517	199.410926
134.028620	240.498370	199.018873
134.131570	240.492160	198.608728
134.237673	240.484779	198.180776
134.346668	240.476102	197.735318
134.458291	240.465989	197.272671
134.572287	240.454290	196.793163
134.623233	240.448393	196.575517
134.679461	240.441730	196.337972
134.740673	240.434220	196.080808
134.806579	240.425776	195.804316
134.876898	240.416307	195.508775
134.951359	240.405724	195.194461
135.029694	240.393929	194.861655
135.111638	240.380829	194.510633
135.196918	240.366322	194.141683
135.285266	240.350286	193.755118
135.376412	240.332591	193.351260
135.470093	240.313090	192.930450
135.566037	240.291631	192.493043
135.663978	240.268059	192.039389
135.763662	240.242226	191.569828
135.864841	240.213983	191.084694
135.909604	240.200517	190.866028
135.958943	240.185609	190.628336
136.012574	240.169177	190.371910
136.070220	240.151139	190.097026
136.131603	240.131406	189.803979
136.196453	240.109880	189.493065
136.264501	240.086460	189.164582
136.335478	240.061036	188.818843
136.409110	240.033488	188.456172
136.485131	240.003701	188.076887
136.563292	239.971544	187.681310
136.643342	239.936870	187.269789
136.725024	239.899529	186.842678
136.808091	239.859383	186.400312
136.892299	239.816288	185.943029
136.977404	239.770087	185.471190
137.063163	239.720615	184.985159
137.100947	239.697426	184.765991
137.142575	239.672084	184.528780
137.187763	239.644506	184.273833
137.236235	239.614602	184.001447
137.287723	239.582272	183.711939
137.341959	239.547402	183.405637
137.398684	239.509873	183.082869
137.457648	239.469566	182.743959
137.518599	239.426372	182.389218
137.581288	239.380185	182.018955
137.645470	239.330891	181.633479
137.710902	239.278368	181.233116
137.777348	239.222489	180.818192
137.844574	239.163131	180.389024
137.912349	239.100166	179.945939
137.980448	239.033441	179.489292
138.048644	238.962789	179.019456
138.116724	238.888043	178.536800
138.146668	238.853126	178.317976
138.179749	238.815302	178.082191
138.215693	238.774495	177.829744
138.254238	238.730634	177.560919
138.295130	238.683645	177.275995
138.338121	238.633449	176.975255
138.382969	238.579953	176.658994
138.429442	238.523057	176.327512
138.477304	238.462653	175.981121
138.526323	238.398614	175.620157
138.576271	238.330804	175.244964
138.626931	238.259096	174.855869
138.678093	238.183366	174.453187
138.729543	238.103491	174.037238
138.781065	238.019356	173.608332
138.832450	237.930846	173.166778
138.883492	237.837835	172.712890
138.933987	237.740202	172.246985
138.983741	237.637826	171.769368
139.005447	237.590143	171.551986
139.029713	237.538937	171.318502
139.056272	237.484109	171.069255
139.084865	237.425563	170.804575
139.115254	237.363213	170.524757
139.147206	237.296974	170.230097
139.180492	237.226757	169.920889
139.214883	237.152476	169.597421
139.250159	237.074039	169.259990
139.286100	236.991352	168.908889
139.322490	236.904318	168.544415
139.359123	236.812832	168.166869
139.395796	236.716773	167.776574
139.432314	236.616017	167.373848
139.468489	236.510442	166.959005
139.504129	236.399931	166.532355
139.539055	236.284379	166.094178
139.573082	236.163673	165.644777
139.606024	236.037694	165.184461
139.637695	235.906333	164.713531
139.651178	235.845275	164.498845
139.666701	235.780087	164.268913
139.684008	235.710689	164.024061
139.702842	235.636991	163.764617
139.722956	235.558904	163.490908
139.744114	235.476334	163.203255
139.766104	235.389202	162.901941
139.788717	235.297431	162.587240
139.811755	235.200929	162.259442
139.835028	235.099612	161.918814
139.858335	234.993384	161.565657
139.881477	234.882154	161.200258
139.904262	234.765833	160.822899
139.926510	234.644323	160.433865
139.948036	234.517515	160.033462
139.968660	234.385300	159.621992
139.988210	234.247572	159.199746
140.006519	234.104230	158.767007
140.023430	233.955170	158.324053
140.038786	233.800294	157.871156
140.052436	233.639490	157.408600
140.057705	233.564984	157.197836
140.064621	233.485783	156.972580
140.072927	233.401823	156.733138
140.082377	233.313040	156.479817
140.092733	233.219353	156.212935
140.103761	233.120676	155.932817
140.115233	233.016923	155.639784
140.126932	232.908003	155.334153
140.138658	232.793830	155.016218
140.150222	232.674318	154.686268
140.161436	232.549387	154.344580
140.172120	232.418952	153.991429
140.182108	232.282932	153.627077
140.191227	232.141245	153.251792
140.199301	231.993806	152.865849
140.206148	231.840529	152.469534
140.211598	231.681313	152.063144
140.215485	231.516056	151.646974
140.217650	231.344666	151.221302
140.234721	231.196219	150.807933
140.266813	231.070738	150.406689
140.314058	230.968247	150.017352
140.376620	230.888779	149.639649
140.454706	230.832374	149.273222
140.547729	230.797825	148.916993
140.653056	230.780927	148.568494
140.768534	230.778279	148.225802
140.892411	230.787121	147.887422
141.023249	230.805208	147.552218
141.159863	230.830714	147.219333
141.301288	230.862159	146.888101
141.446734	230.898345	146.558014
141.595555	230.938299	146.228683
141.747217	230.981229	145.899825
141.901270	231.026489	145.571241
142.057342	231.073551	145.242799
142.215119	231.121967	144.914436
142.374333	231.171368	144.586133
142.534746	231.221450	144.257908
142.696156	231.271949	143.929814
142.858399	231.322643	143.601911
143.021313	231.373350	143.274285
143.184762	231.423911	142.947028
143.348626	231.474192	142.620241
143.512797	231.524075	142.294026
143.677183	231.573465	141.968478
143.841702	231.622287	141.643677
144.006284	231.670457	141.319729
144.170870	231.717910	140.996726
144.335400	231.764587	140.674762
144.499814	231.810446	140.353919
144.664058	231.855449	140.034278
144.828090	231.899558	139.715915
144.991868	231.942745	139.398900
145.155344	231.984982	139.083313
145.318479	232.026248	138.769222
145.481236	232.066518	138.456698
145.643583	232.105773	138.145806
145.805488	232.143993	137.836613
145.966929	232.181147	137.529198
146.127888	232.217210	137.223628
146.288341	232.252169	136.919954
146.448261	232.286024	136.618215
146.607628	232.318785	136.318425
146.766430	232.350455	136.020602
146.924648	232.381040	135.724766
147.082263	232.410545	135.430941
147.239262	232.438973	135.139149
147.395634	232.466332	134.849399
147.551371	232.492619	134.561720
147.706465	232.517836	134.276130
147.860914	232.541980	133.992650
148.014721	232.565048	133.711294
148.167872	232.587059	133.432061
148.320356	232.608025	133.154954
148.472167	232.627964	132.879964
148.623307	232.646884	132.607090
148.773772	232.664797	132.336326
148.923556	232.681719	132.067666
149.072658	232.697668	131.801096
149.221072	232.712647	131.536628
149.368803	232.726661	131.274263
149.515861	232.739724	131.013979
149.662256	232.751845	130.755761
149.808002	232.763034	130.499590
149.953094	232.773316	130.245438
150.097531	232.782711	129.993288
150.241320	232.791233	129.743116
150.384473	232.798901	129.494888
150.526993	232.805740	129.248568
150.668881	232.811776	129.004122
150.810139	232.817017	128.761541
150.950771	232.821478	128.520809
151.090782	232.825173	128.281906
151.230175	232.828117	128.044809
151.368960	232.830323	127.809497
151.507149	232.831800	127.575948
151.644751	232.832560	127.344142
151.781772	232.832615	127.114063
151.918219	232.831977	126.885685
152.054096	232.830666	126.658980
152.189409	232.828703	126.433913
152.324159	232.826097	126.210473
152.458351	232.822865	125.988633
152.591995	232.819018	125.768370
152.725095	232.814573	125.549657
152.857661	232.809546	125.332461
152.989703	232.803952	125.116751
153.121224	232.797806	124.902502
153.252233	232.791122	124.689686
153.382743	232.783911	124.478276
153.512757	232.776187	124.268247
153.642289	232.767960	124.059570
153.771336	232.759253	123.852218
153.899903	232.750071	123.646176
154.027993	232.740425	123.441430
154.155615	232.730324	123.237960
154.282772	232.719778	123.035747
154.409471	232.708799	122.834766
154.535715	232.697396	122.635003
154.661513	232.685579	122.436436
154.786877	232.673356	122.239037
154.911809	232.660742	122.042785
155.036311	232.647747	121.847659
155.160387	232.634376	121.653656
155.284037	232.620641	121.460752
155.407264	232.606554	121.268928
155.530078	232.592122	121.078165
155.652487	232.577351	120.888445
155.774502	232.562245	120.699748
155.896137	232.546804	120.512064
156.017403	232.531029	120.325378
156.138306	232.514933	120.139668
156.258852	232.498527	119.954904
156.379039	232.481823	119.771071
156.498865	232.464827	119.588163
156.618329	232.447548	119.406170
156.737433	232.429994	119.225078
156.856176	232.412176	119.044867
156.974559	232.394104	118.865522
157.092585	232.375784	118.687032
157.210254	232.357219	118.509394
157.327571	232.338410	118.332600
157.444546	232.319357	118.156645
157.561186	232.300059	117.981523
157.677493	232.280521	117.807225
157.793467	232.260743	117.633754
157.909112	232.240724	117.461109
158.024426	232.220469	117.289285
158.139412	232.199988	117.118266
158.254069	232.179292	116.948031
158.368395	232.158395	116.778557
158.482392	232.137311	116.609819
158.596065	232.116044	116.441804
158.709420	232.094596	116.274502
158.822470	232.072959	116.107915
158.935221	232.051133	115.942037
159.047676	232.029118	115.776867
159.159839	232.006912	115.612405
159.271718	231.984514	115.448645
159.383317	231.961923	115.285584
159.494637	231.939146	115.123215
159.605669	231.916193	114.961524
159.716408	231.893080	114.800496
159.826835	231.869824	114.640120
159.936936	231.846444	114.480382
160.046698	231.822953	114.321275
160.156113	231.799362	114.162791
160.265178	231.775673	114.004930
160.373892	231.751890	113.847693
160.482260	231.728007	113.691082
160.590295	231.704014	113.535101
160.698003	231.679908	113.379753
160.805390	231.655686	113.225037
160.912463	231.631343	113.070955
161.019230	231.606875	112.917505
161.125696	231.582282	112.764683
161.231864	231.557566	112.612485
161.337738	231.532727	112.460902
161.443327	231.507764	112.309928
161.548637	231.482677	112.159559
161.653676	231.457459	112.009796
161.758452	231.432104	111.860642
161.862956	231.406621	111.712095
161.967177	231.381019	111.564153
162.071103	231.355307	111.416818
162.174722	231.329495	111.270088
162.278025	231.303592	111.123958
162.381002	231.277609	110.978423
162.483645	231.251553	110.833481
162.585947	231.225431	110.689130
162.687903	231.199251	110.545364
162.789509	231.173019	110.402175
162.890769	231.146743	110.259547
162.991685	231.120425	110.117471
163.092264	231.094064	109.975943
163.192511	231.067651	109.834973
163.292433	231.041181	109.694566
163.392037	231.014649	109.554723
163.491331	230.988051	109.415441
163.590322	230.961384	109.276720
163.689012	230.934648	109.138559
163.787403	230.907841	109.000957
163.885501	230.880965	108.863909
163.983309	230.854020	108.727404
164.080834	230.827008	108.591435
164.178082	230.799929	108.455995
164.275057	230.772781	108.321079
164.371759	230.745567	108.186687
164.468180	230.718293	108.052815
164.564325	230.690959	107.919461
164.660187	230.663572	107.786622
164.755756	230.636140	107.654294
164.851024	230.608672	107.522477
164.945986	230.581170	107.391170
165.040642	230.553638	107.260369
165.134990	230.526082	107.130067
165.229029	230.498506	107.000255
165.322758	230.470917	106.870924
165.416181	230.443316	106.742067
165.509298	230.415707	106.613675
165.602111	230.388090	106.485747
165.694622	230.360466	106.358279
165.786835	230.332836	106.231264
165.878752	230.305201	106.104699
165.970373	230.277564	105.978579
166.061696	230.249929	105.852898
166.152728	230.222292	105.727655
166.243474	230.194651	105.602850
166.333942	230.167004	105.478472
166.424143	230.139352	105.354509
166.514085	230.111691	105.230953
166.603777	230.084020	105.107796
166.693228	230.056333	104.985035
166.782448	230.028627	104.862661
166.871444	230.000902	104.740671
166.960220	229.973151	104.619068
167.048777	229.945373	104.497855
167.137118	229.917568	104.377030
167.225239	229.889740	104.256591
167.313139	229.861891	104.136533
167.400818	229.834028	104.016846
167.488271	229.806159	103.897520
167.575492	229.778291	103.778546
167.662476	229.750435	103.659915
167.749218	229.722593	103.541625
167.835716	229.694770	103.423674
167.921969	229.666966	103.306061
168.007976	229.639182	103.188787
168.093738	229.611420	103.071850
168.179260	229.583678	102.955242
168.264551	229.555956	102.838954
168.349618	229.528251	102.722977
168.434470	229.500561	102.607306
168.519115	229.472881	102.491936
168.603559	229.445210	102.376861
168.687809	229.417547	102.262075
168.771869	229.389890	102.147572
168.855748	229.362234	102.033354
168.939450	229.334574	101.919422
169.022983	229.306904	101.805778
169.106353	229.279219	101.692423
169.189570	229.251514	101.579354
169.272641	229.223785	101.466570
169.355574	229.196026	101.354065
169.438374	229.168239	101.241835
169.521044	229.140422	101.129873
169.603589	229.112576	101.018172
169.686013	229.084702	100.906723
169.768320	229.056801	100.795517
169.850515	229.028871	100.684550
169.932598	229.000913	100.573821
170.014570	228.972925	100.463332
170.096434	228.944903	100.353088
170.178192	228.916845	100.243088
170.259849	228.888749	100.133332
170.341407	228.860614	100.023817
170.422871	228.832436	99.914541
170.504250	228.804213	99.805498
170.585547	228.775943	99.696686
170.666770	228.747622	99.588101
170.747926	228.719244	99.479742
170.829023	228.690807	99.371603
170.910073	228.662304	99.263679
170.991089	228.633727	99.155963
171.072083	228.605071	99.048450
171.153062	228.576333	98.941135
171.234031	228.547510	98.834011
171.314999	228.518601	98.727070
171.395967	228.489606	98.620305
171.476938	228.460526	98.513711
171.557912	228.431362	98.407285
171.638893	228.402115	98.301019
171.719876	228.372787	98.194915
171.800857	228.343379	98.088976
171.881833	228.313890	97.983213
171.962800	228.284318	97.877631
172.043759	228.254664	97.772235
172.124706	228.224926	97.667027
172.205643	228.195104	97.562008
172.286568	228.165199	97.457179
172.367483	228.135210	97.352537
172.448390	228.105136	97.248081
172.529291	228.074977	97.143808
172.610188	228.044732	97.039714
172.691082	228.014403	96.935796
172.771974	227.983991	96.832048
172.852865	227.953497	96.728464
172.933758	227.922921	96.625037
173.014654	227.892268	96.521759
173.095551	227.861537	96.418630
173.176449	227.830730	96.315649
173.257347	227.799847	96.212813
173.338246	227.768889	96.110121
173.419143	227.737860	96.007568
173.500033	227.706763	95.905153
173.580911	227.675604	95.802874
173.661775	227.644385	95.700726
173.742622	227.613112	95.598705
173.823446	227.581786	95.496812
173.904247	227.550408	95.395048
173.985018	227.518981	95.293421
174.065755	227.487504	95.191935
174.146455	227.455981	95.090592
174.227113	227.424410	94.989396
174.307731	227.392794	94.888347
174.388307	227.361132	94.787443
174.468842	227.329423	94.686685
174.549340	227.297667	94.586072
174.629800	227.265862	94.485599
174.710228	227.234009	94.385265
174.790621	227.202109	94.285066
174.870981	227.170161	94.184998
174.951306	227.138166	94.085066
175.031594	227.106124	93.985272
175.111844	227.074036	93.885617
175.192054	227.041903	93.786103
175.272221	227.009725	93.686730
175.352346	226.977502	93.587499
175.432429	226.945236	93.488408
175.512468	226.912927	93.389457
175.592465	226.880575	93.290642
175.672419	226.848181	93.191962
175.752331	226.815747	93.093413
175.832199	226.783274	92.994992
175.912021	226.750763	92.896702
175.991797	226.718214	92.798544
176.071526	226.685626	92.700522
176.151207	226.652997	92.602640
176.230842	226.620326	92.504903
176.310430	226.587610	92.407310
176.389975	226.554848	92.309863
176.469477	226.522039	92.212561
176.548939	226.489181	92.115404
176.628366	226.456272	92.018391
176.707759	226.423308	91.921521
176.787123	226.390290	91.824789
176.866462	226.357216	91.728194
176.945777	226.324083	91.631734
177.025070	226.290889	91.535413
177.104341	226.257633	91.439231
177.183591	226.224315	91.343190
177.262820	226.190934	91.247292
177.342027	226.157490	91.151539
177.421211	226.123982	91.055929
177.500373	226.090411	90.960464
177.579512	226.056777	90.865144
177.658629	226.023079	90.769967
177.737724	225.989319	90.674933
177.816796	225.955496	90.580038
177.895847	225.921613	90.485281
177.974875	225.887669	90.390660
178.053878	225.853664	90.296181
178.132856	225.819598	90.201846
178.211806	225.785471	90.107658
178.290729	225.751282	90.013617
178.369625	225.717032	89.919724
178.448490	225.682722	89.825978
178.527326	225.648354	89.732378
178.606131	225.613927	89.638923
178.684906	225.579443	89.545611
178.763651	225.544901	89.452441
178.842368	225.510301	89.359411
178.921058	225.475643	89.266518
178.999721	225.440926	89.173764
179.078359	225.406149	89.081149
179.156969	225.371313	88.988673
179.235553	225.336417	88.896339
179.314109	225.301462	88.804144
179.392636	225.266448	88.712091
179.471134	225.231376	88.620180
179.549600	225.196247	88.528410
179.628033	225.161062	88.436783
179.706432	225.125822	88.345299
179.784795	225.090528	88.253957
179.863123	225.055181	88.162757
179.941415	225.019781	88.071696
180.019670	224.984329	87.980775
180.097889	224.948825	87.889994
180.176072	224.913269	87.799350
180.254219	224.877661	87.708843
180.332330	224.842002	87.618469
180.410407	224.806293	87.528227
180.488450	224.770534	87.438113
180.566460	224.734725	87.348123
180.644437	224.698868	87.258254
180.722382	224.662964	87.168503
180.800296	224.627013	87.078865
180.878180	224.591015	86.989337
180.956035	224.554972	86.899915
181.033861	224.518884	86.810595
