-17.006914	236.980147	8.413703
-17.015887	236.929816	8.377927
-17.045574	236.888445	8.322385
-17.095974	236.856029	8.247076
-17.167091	236.832559	8.151999
-17.258926	236.818023	8.037148
-17.371482	236.812403	7.902521
-17.504764	236.815679	7.748112
-17.658775	236.827826	7.573915
-17.833522	236.848813	7.379921
-18.029010	236.878610	7.166124
-18.245247	236.917177	6.932513
-18.482240	236.964474	6.679079
-18.739999	237.020456	6.405812
-19.018531	237.085073	6.112698
-19.317849	237.158271	5.799726
-19.637961	237.239994	5.466881
-19.978881	237.330178	5.114150
-20.131900	237.371879	4.956523
-20.305743	237.421946	4.778988
-20.500418	237.480347	4.581537
-20.715930	237.547043	4.364162
-20.952287	237.621993	4.126854
-21.209499	237.705151	3.869602
-21.487573	237.796466	3.592396
-21.786521	237.895886	3.295223
-22.106352	238.003352	2.978072
-22.447077	238.118801	2.640929
-22.601685	238.171544	2.488238
-22.777205	238.232175	2.315536
-22.973643	238.300659	2.122814
-23.191006	238.376959	1.910066
-23.429302	238.461032	1.677282
-23.688537	238.552833	1.424454
-23.968723	238.652310	1.151571
-24.269867	238.759409	0.858623
-24.591980	238.874072	0.545597
-24.935073	238.996237	0.212483
-25.090570	239.051588	0.061628
-25.267063	239.114344	-0.109334
-25.464558	239.184470	-0.300410
-25.683063	239.261929	-0.511607
-25.922583	239.346678	-0.742934
-26.183128	239.438671	-0.994397
-26.464704	239.537858	-1.266008
-26.767323	239.644184	-1.557775
-27.090992	239.757590	-1.869709
-27.435723	239.878015	-2.201822
-27.591943	239.932412	-2.352276
-27.769240	239.993731	-2.522924
-27.967620	240.061938	-2.713774
-28.187089	240.136993	-2.924830
-28.427654	240.218856	-3.156102
-28.689323	240.307480	-3.407595
-28.972103	240.402814	-3.679319
-29.276003	240.504804	-3.971282
-29.601033	240.613392	-4.283494
-29.947202	240.728516	-4.615965
-30.104074	240.780445	-4.766612
-30.282101	240.838813	-4.937533
-30.481287	240.903586	-5.128732
-30.701639	240.974726	-5.340218
-30.943163	241.052191	-5.571994
-31.205865	241.135934	-5.824069
-31.489755	241.225905	-6.096451
-31.794839	241.322050	-6.389146
-32.121127	241.424311	-6.702164
-32.468627	241.532626	-7.035513
-32.626104	241.581443	-7.186569
-32.804808	241.636218	-7.357970
-33.004744	241.696915	-7.549721
-33.225918	241.763499	-7.761826
-33.468336	241.835925	-7.994293
-33.732004	241.914149	-8.247126
-34.016930	241.998120	-8.520332
-34.323122	242.087785	-8.813919
-34.650587	242.183084	-9.127893
-34.999335	242.283957	-9.462264
-35.157377	242.329391	-9.613785
-35.336714	242.380302	-9.785714
-35.537352	242.436656	-9.978056
-35.759296	242.498416	-10.190813
-36.002553	242.565539	-10.423992
-36.267127	242.637979	-10.677598
-36.553027	242.715687	-10.951636
-36.860258	242.798609	-11.246114
-37.188831	242.886687	-11.561036
-37.538751	242.979859	-11.896411
-37.697322	243.021799	-12.048386
-37.877254	243.068738	-12.220823
-38.078551	243.120642	-12.413727
-38.301219	243.177472	-12.627100
-38.545264	243.239187	-12.860948
-38.810690	243.305741	-13.115275
-39.097505	243.377085	-13.390086
-39.405715	243.453165	-13.685386
-39.735328	243.533922	-14.001181
-40.086352	243.619296	-14.337476
-40.245420	243.657703	-14.489865
-40.425911	243.700630	-14.662763
-40.627828	243.748045	-14.856173
-40.851177	243.799909	-15.070099
-41.095962	243.856182	-15.304544
-41.362190	243.916817	-15.559513
-41.649865	243.981765	-15.835009
-41.958996	244.050972	-16.131037
-42.289588	244.124381	-16.447602
-42.641648	244.201930	-16.784707
-42.801184	244.236792	-16.937459
-42.982200	244.275698	-17.110759
-43.184700	244.318617	-17.304609
-43.408689	244.365510	-17.519014
-43.654170	244.416336	-17.753975
-43.921151	244.471049	-18.009496
-44.209635	244.529600	-18.285580
-44.519629	244.591936	-18.582230
-44.851141	244.657999	-18.899451
-45.204175	244.727728	-19.237246
-45.364150	244.759047	-19.390305
-45.545659	244.793938	-19.563944
-45.748706	244.832366	-19.758165
-45.973295	244.874295	-19.972970
-46.219430	244.919684	-20.208361
-46.487116	244.968486	-20.464340
-46.776358	245.020654	-20.740910
-47.087163	245.076133	-21.038075
-47.419536	245.134866	-21.355836
-47.773484	245.196794	-21.694196
-47.933871	245.224579	-21.847507
-48.115841	245.255463	-22.021421
-48.319400	245.289414	-22.215940
-48.544550	245.326393	-22.431066
-48.791297	245.366360	-22.666800
-49.059643	245.409270	-22.923143
-49.349595	245.455073	-23.200098
-49.661158	245.503717	-23.497667
-49.994337	245.555144	-23.815850
-50.349138	245.609295	-24.154651
-50.509909	245.633557	-24.308157
-50.692311	245.660449	-24.482282
-50.896348	245.689937	-24.677029
-51.122023	245.721984	-24.892396
-51.369340	245.756548	-25.128386
-51.638303	245.793586	-25.385000
-51.928916	245.833047	-25.662238
-52.241186	245.874880	-25.960102
-52.575116	245.919028	-26.278591
-52.930712	245.965431	-26.617709
-53.091841	245.986184	-26.771353
-53.274645	246.009098	-26.945627
-53.479127	246.034140	-27.140529
-53.705289	246.061273	-27.356060
-53.953137	246.090456	-27.592221
-54.222673	246.121645	-27.849011
-54.513901	246.154790	-28.126432
-54.826827	246.189839	-28.424482
-55.161455	246.226736	-28.743163
-55.517790	246.265421	-29.082473
-55.679251	246.282679	-29.236202
-55.862428	246.301632	-29.410560
-56.067322	246.322246	-29.605547
-56.293937	246.344486	-29.821164
-56.542275	246.368309	-30.057410
-56.812342	246.393672	-30.314285
-57.104139	246.420527	-30.591788
-57.417672	246.448821	-30.889919
-57.752946	246.478498	-31.208676
-58.109964	246.509498	-31.548059
-58.271732	246.523275	-31.701815
-58.455253	246.538283	-31.876196
-58.660528	246.554489	-32.071199
-58.887559	246.571856	-32.286825
-59.136351	246.590343	-32.523073
-59.406906	246.609907	-32.779941
-59.699228	246.630498	-33.057428
-60.013321	246.652066	-33.355533
-60.349188	246.674554	-33.674253
-60.706834	246.697903	-34.013588
-60.868886	246.708215	-34.167318
-61.052722	246.719296	-34.341659
-61.258347	246.731113	-34.536610
-61.485761	246.743629	-34.752169
-61.734968	246.756804	-34.988335
-62.005971	246.770594	-35.245106
-62.298774	246.784951	-35.522480
-62.613378	246.799824	-35.820454
-62.949789	246.815156	-36.139026
-63.308010	246.830888	-36.478194
-63.470320	246.837752	-36.631844
-63.654445	246.844923	-36.806086
-63.860389	246.852371	-37.000916
-64.088152	246.860059	-37.216333
-64.337738	246.867947	-37.452335
-64.609149	246.875990	-37.708919
-64.902389	246.884142	-37.986083
-65.217459	246.892351	-38.283823
-65.554364	246.900561	-38.602137
-65.913107	246.908714	-38.941020
-66.075652	246.912144	-39.094538
-66.260039	246.915426	-39.268618
-66.466272	246.918526	-39.463260
-66.694351	246.921409	-39.678461
-66.944280	246.924035	-39.914218
-67.216060	246.926360	-40.170527
-67.509694	246.928337	-40.447386
-67.825185	246.929914	-40.744791
-68.162536	246.931037	-41.062737
-68.521750	246.931647	-41.401219
-68.684505	246.931661	-41.554551
-68.869129	246.931072	-41.728411
-69.075621	246.929846	-41.922799
-69.303984	246.927948	-42.137710
-69.554219	246.925339	-42.373141
-69.826330	246.921974	-42.629089
-70.120317	246.917807	-42.905548
-70.436185	246.912787	-43.202516
-70.773934	246.906858	-43.519986
-71.133568	246.899964	-43.857952
-71.296512	246.896580	-44.011046
-71.481345	246.892139	-44.184628
-71.688068	246.886609	-44.378696
-71.916682	246.879955	-44.593244
-72.167190	246.872137	-44.828270
-72.439593	246.863112	-45.083770
-72.733893	246.852833	-45.359737
-73.050093	246.841250	-45.656167
-73.388194	246.828307	-45.973054
-73.748198	246.813947	-46.310391
-73.911308	246.807183	-46.463196
-74.096325	246.798911	-46.636442
-74.303205	246.789125	-46.830175
-74.531896	246.777815	-47.044449
-74.782341	246.764975	-47.279324
-75.054471	246.750596	-47.534873
-75.348211	246.734672	-47.811173
-75.663479	246.717197	-48.108310
-76.000193	246.698158	-48.426366
-76.358295	246.677529	-48.765398
-76.520359	246.668020	-48.919167
-76.703878	246.656799	-49.093835
-76.908790	246.643865	-49.289464
-77.135026	246.629220	-49.506126
-77.382511	246.612862	-49.743896
-77.651159	246.594794	-50.002860
-77.940874	246.575018	-50.283114
-78.251554	246.553535	-50.584758
-78.583095	246.530344	-50.907895
-78.935418	246.505428	-51.252598
-79.094759	246.494034	-51.409062
-79.275092	246.480721	-51.586870
-79.476336	246.465500	-51.786106
-79.698399	246.448381	-52.006857
-79.941186	246.429373	-52.249218
-80.204588	246.408487	-52.513293
-80.488486	246.385736	-52.799195
-80.792754	246.361133	-53.107044
-81.117312	246.334703	-53.436914
-81.462104	246.306452	-53.788859
-81.617996	246.293597	-53.948647
-81.794516	246.278661	-54.130120
-81.991617	246.261686	-54.333323
-82.209254	246.242712	-54.558304
-82.447388	246.221784	-54.805105
-82.705957	246.198944	-55.073785
-82.984905	246.174243	-55.364402
-83.284173	246.147731	-55.677016
-83.603726	246.119465	-56.011662
-83.943522	246.089473	-56.368381
-84.097266	246.075926	-56.530181
-84.271669	246.060262	-56.713631
-84.466704	246.042542	-56.918764
-84.682338	246.022830	-57.145614
-84.918539	246.001193	-57.394220
-85.175271	245.977702	-57.664622
-85.452492	245.952433	-57.956864
-85.750159	245.925461	-58.270994
-86.068251	245.896870	-58.607038
-86.406749	245.866719	-58.965017
-86.560004	245.853184	-59.127281
-86.734060	245.837530	-59.311059
-86.928900	245.819838	-59.516375
-87.144508	245.800190	-59.743250
-87.380862	245.778675	-59.991716
-87.637939	245.755384	-60.261802
-87.915498	245.730438	-60.553284
-88.213259	245.703959	-60.865907
-88.530949	245.676067	-61.199387
-88.868341	245.646850	-61.553511
-89.022320	245.633698	-61.715120
-89.197345	245.618427	-61.898003
-89.393309	245.601152	-62.102053
-89.609948	245.582005	-62.326999
-89.846993	245.561122	-62.572569
-90.104160	245.538643	-62.838475
-90.381165	245.514720	-63.124387
-90.677715	245.489498	-63.429997
-90.993529	245.463133	-63.754947
-91.328366	245.435744	-64.098952
-91.484200	245.423262	-64.258827
-91.660666	245.408809	-64.438822
-91.857490	245.392548	-64.638612
-92.074397	245.374636	-64.857878
-92.311106	245.355234	-65.096301
-92.567325	245.334505	-65.353553
-92.842756	245.312624	-65.629265
-93.137102	245.289762	-65.923087
-93.450071	245.266097	-66.234620
-93.781418	245.241772	-66.563535
-94.130937	245.216898	-66.909569
-94.289851	245.205946	-67.066497
-94.468844	245.193232	-67.242070
-94.667606	245.178959	-67.435892
-94.885831	245.163323	-67.647579
-95.123209	245.146520	-67.876757
-95.379421	245.128758	-68.123018
-95.654150	245.110238	-68.385960
-95.947088	245.091169	-68.665156
-96.257966	245.071722	-68.960250
-96.586557	245.052032	-69.270950
-96.932644	245.032227	-69.596980
-97.296009	245.012434	-69.938063
-97.459197	245.004008	-70.090702
-97.641829	244.994119	-70.260345
-97.843557	244.983007	-70.446559
-98.064029	244.970924	-70.648874
-98.302896	244.958118	-70.866832
-98.559823	244.944829	-71.099970
-98.834518	244.931261	-71.347894
-99.126722	244.917580	-71.610303
-99.436181	244.903949	-71.886879
-99.762639	244.890535	-72.177308
-100.105842	244.877505	-72.481264
-100.465527	244.865031	-72.798426
-100.633513	244.859780	-72.945916
-100.820195	244.853483	-73.108770
-101.025197	244.846408	-73.286541
-101.248149	244.838829	-73.478751
-101.488721	244.830984	-73.684988
-101.746623	244.823072	-73.904911
-102.021570	244.815285	-74.138192
-102.313287	244.807819	-74.384487
-102.621495	244.800861	-74.643466
-102.945910	244.794608	-74.914797
-103.286245	244.789255	-75.198138
-103.642211	244.785001	-75.493155
-104.013521	244.782035	-75.799530
-104.186304	244.781372	-75.941465
-104.376996	244.780090	-76.097255
-104.585269	244.778422	-76.266540
-104.810807	244.776591	-76.448983
-105.053297	244.774817	-76.644238
-105.312425	244.773323	-76.851957
-105.587872	244.772333	-77.071796
-105.879321	244.772061	-77.303434
-106.186459	244.772732	-77.546518
-106.508973	244.774565	-77.800712
-106.846560	244.777771	-78.065688
-107.198957	244.782527	-78.341178
-107.565940	244.788974	-78.626971
-107.947294	244.797243	-78.922878
-108.124145	244.801808	-79.059637
-108.318289	244.805940	-79.209383
-108.529364	244.809896	-79.371763
-108.724848	244.826832	-79.550619
-108.905084	244.856742	-79.745512
-109.070373	244.899642	-79.955992
-109.220976	244.955571	-80.181589
-109.357157	245.024548	-80.421881
-109.479177	245.106579	-80.676487
-109.587281	245.201674	-80.945032
-109.681679	245.309864	-81.227120
-109.762539	245.431194	-81.522365
-109.830011	245.565711	-81.830397
-109.884225	245.713466	-82.150859
-109.925261	245.874537	-82.483375
-109.953157	246.049020	-82.827574
-109.967920	246.237037	-83.183041
-109.969540	246.438712	-83.549381
-109.958045	246.654131	-83.926254
-109.933438	246.883396	-84.313311
-109.895711	247.126615	-84.710191
-109.844788	247.383929	-85.116528
-109.816099	247.505262	-85.302149
-109.772640	247.639822	-85.501691
-109.714424	247.787742	-85.714702
-109.641431	247.949169	-85.940742
-109.553604	248.124272	-86.179346
-109.450868	248.313222	-86.430056
-109.333166	248.516170	-86.692453
-109.200479	248.733241	-86.966137
-109.052771	248.964574	-87.250691
-108.889971	249.210323	-87.545690
-108.712011	249.470639	-87.850716
-108.518814	249.745672	-88.165352
-108.310280	250.035588	-88.489173
-108.210859	250.170951	-88.636795
-108.094336	250.320661	-88.797139
-107.960727	250.484850	-88.969759
-107.810062	250.663633	-89.154237
-107.642391	250.857110	-89.350161
-107.457771	251.065383	-89.557114
-107.256235	251.288558	-89.774674
-107.037834	251.526737	-90.002424
-106.802637	251.780008	-90.239949
-106.550740	252.048445	-90.486835
-106.282266	252.332106	-90.742688
-105.997346	252.631050	-91.007093
-105.866203	252.767869	-91.125761
-105.717148	252.919479	-91.255903
-105.550362	253.085928	-91.397118
-105.366051	253.267256	-91.548996
-105.164420	253.463497	-91.711138
-104.945722	253.674661	-91.883158
-104.710239	253.900740	-92.064677
-104.458283	254.141718	-92.255306
-104.190207	254.397554	-92.454675
-103.896999	254.637342	-92.650749
-103.577535	254.862859	-92.844181
-103.232615	255.077111	-93.035891
-102.864083	255.283169	-93.226720
-102.473569	255.483456	-93.417252
-102.062570	255.679849	-93.607898
-101.873630	255.765045	-93.691820
-101.666717	255.857216	-93.782550
-101.442193	255.955835	-93.879578
-101.200476	256.060440	-93.982429
-100.942041	256.170620	-94.090654
-100.667380	256.286005	-94.203836
-100.377016	256.406255	-94.321597
-100.071535	256.531038	-94.443582
-99.751601	256.660008	-94.569475
-99.417908	256.792843	-94.698949
-99.071214	256.929214	-94.831689
-98.712314	257.068792	-94.967391
-98.342055	257.211241	-95.105760
-97.961331	257.356216	-95.246522
-97.571056	257.503373	-95.389410
-97.172090	257.652394	-95.534171
-96.765304	257.802963	-95.680571
-96.351607	257.954751	-95.828386
-95.931940	258.107428	-95.977401
-95.507269	258.260656	-96.127414
-95.078572	258.414096	-96.278235
-94.646853	258.567405	-96.429686
-94.213128	258.720241	-96.581596
-93.778415	258.872266	-96.733807
-93.343719	259.023149	-96.886170
-92.909946	259.172603	-97.038544
-92.477953	259.320350	-97.190823
-92.048596	259.466117	-97.342919
-91.622691	259.609650	-97.494742
-91.201033	259.750701	-97.646223
-90.784404	259.889034	-97.797291
-90.373562	260.024429	-97.947878
-89.969238	260.156672	-98.097931
-89.590495	260.280007	-98.245303
-89.236319	260.394791	-98.390160
-88.905725	260.501385	-98.532647
-88.597762	260.600136	-98.672920
-88.311509	260.691376	-98.811142
-88.046076	260.775429	-98.947468
-87.800600	260.852601	-99.082055
-87.574246	260.923185	-99.215067
-87.366209	260.987463	-99.346652
-87.175709	261.045708	-99.476950
-87.001992	261.098182	-99.606085
-86.844332	261.145140	-99.734167
-86.702030	261.186824	-99.861299
-86.574415	261.223463	-99.987578
-86.460839	261.255275	-100.113105
-86.360679	261.282458	-100.237990
-86.273336	261.305202	-100.362340
-86.198231	261.323691	-100.486243
-86.134805	261.338100	-100.609790
-86.082523	261.348591	-100.733072
-86.040867	261.355322	-100.856170
-86.009341	261.358440	-100.979164
-85.987473	261.358089	-101.102122
-85.974811	261.354402	-101.225109
-85.970921	261.347505	-101.348194
-85.975389	261.337522	-101.471425
-85.987816	261.324569	-101.594857
-86.007819	261.308754	-101.718545
-86.035028	261.290183	-101.842537
-86.069089	261.268955	-101.966882
-86.109663	261.245163	-102.091634
-86.156422	261.218898	-102.216831
-86.209059	261.190245	-102.342513
-86.267279	261.159282	-102.468724
-86.330803	261.126083	-102.595507
-86.399362	261.090718	-102.722902
-86.472701	261.053250	-102.850953
-86.550572	261.013741	-102.979706
-86.632737	260.972254	-103.109188
-86.718966	260.928850	-103.239427
-86.809041	260.883586	-103.370453
-86.902751	260.836525	-103.502273
-86.999898	260.787724	-103.634894
-87.100298	260.737230	-103.768341
-87.203772	260.685087	-103.902646
-87.310152	260.631332	-104.037840
-87.419276	260.576001	-104.173956
-87.530988	260.519129	-104.311030
-87.645140	260.460746	-104.449095
-87.761586	260.400884	-104.588179
-87.880187	260.339577	-104.728309
-88.000809	260.276852	-104.869513
-88.123324	260.212746	-105.011794
-88.247616	260.147289	-105.155163
-88.373569	260.080512	-105.299633
-88.501079	260.012438	-105.445222
-88.630041	259.943093	-105.591938
-88.760356	259.872501	-105.739797
-88.891928	259.800684	-105.888816
-89.024665	259.727660	-106.039016
-89.158478	259.653448	-106.190412
-89.293284	259.578071	-106.343014
-89.429003	259.501546	-106.496831
-89.565563	259.423892	-106.651870
-89.702896	259.345125	-106.808139
-89.840935	259.265265	-106.965636
-89.979615	259.184328	-107.124368
-90.118875	259.102330	-107.284340
-90.258652	259.019284	-107.445561
-90.398886	258.935208	-107.608029
-90.539521	258.850119	-107.771747
-90.680500	258.764031	-107.936716
-90.821774	258.676955	-108.102944
-90.963297	258.588903	-108.270434
-91.105026	258.499887	-108.439185
-91.246919	258.409921	-108.609189
-91.388940	258.319018	-108.780439
-91.531050	258.227191	-108.952931
-91.673211	258.134456	-109.126651
-91.815387	258.040823	-109.301598
-91.957543	257.946304	-109.477767
-92.099643	257.850910	-109.655152
-92.241658	257.754652	-109.833751
-92.383557	257.657537	-110.013560
-92.525314	257.559577	-110.194573
-92.666905	257.460783	-110.376773
-92.808305	257.361166	-110.560153
-92.949490	257.260738	-110.744694
-93.090436	257.159513	-110.930384
-93.231120	257.057502	-111.117207
-93.371518	256.954720	-111.305145
-93.511609	256.851180	-111.494178
-93.651372	256.746896	-111.684288
-93.790792	256.641878	-111.875456
-93.929851	256.536144	-112.067654
-94.068536	256.429708	-112.260857
-94.206834	256.322580	-112.455045
-94.344728	256.214774	-112.650199
-94.482205	256.106302	-112.846295
-94.619247	255.997179	-113.043311
-94.755839	255.887425	-113.241212
-94.891966	255.777056	-113.439969
-95.027616	255.666087	-113.639553
-95.162781	255.554535	-113.839933
-95.297449	255.442414	-114.041080
-95.431614	255.329738	-114.242968
-95.565267	255.216522	-114.445567
-95.698397	255.102780	-114.648853
-95.830994	254.988530	-114.852790
-95.963046	254.873792	-115.057343
-96.094546	254.758588	-115.262468
-96.225482	254.642940	-115.468122
-96.355847	254.526867	-115.674267
-96.485636	254.410388	-115.880867
-96.614845	254.293520	-116.087888
-96.743471	254.176277	-116.295297
-96.871509	254.058676	-116.503062
-96.998953	253.940733	-116.711156
-97.125796	253.822466	-116.919540
-97.252030	253.703893	-117.128185
-97.377650	253.585029	-117.337062
-97.502648	253.465893	-117.546141
-97.627021	253.346497	-117.755393
-97.750767	253.226861	-117.964782
-97.873881	253.107006	-118.174269
-97.996360	252.986946	-118.383823
-98.118202	252.866699	-118.593415
-98.239405	252.746275	-118.803025
-98.359965	252.625687	-119.012627
-98.479878	252.504953	-119.222193
-98.599142	252.384089	-119.431694
-98.717752	252.263109	-119.641104
-98.835707	252.142027	-119.850398
-98.953008	252.020853	-120.059556
-99.069656	251.899602	-120.268554
-99.185652	251.778284	-120.477369
-99.300996	251.656909	-120.685982
-99.415689	251.535488	-120.894377
-99.529730	251.414033	-121.102533
-99.643116	251.292556	-121.310428
-99.755844	251.171073	-121.518039
-99.867910	251.049594	-121.725351
-99.979316	250.928131	-121.932344
-100.090060	250.806693	-122.139002
-100.200145	250.685286	-122.345317
-100.309568	250.563920	-122.551276
-100.418333	250.442602	-122.756863
-100.526439	250.321341	-122.962069
-100.633887	250.200141	-123.166888
-100.740674	250.079015	-123.371302
-100.846800	249.957971	-123.575296
-100.952262	249.837021	-123.778859
-101.057063	249.716171	-123.981976
-101.161204	249.595431	-124.184634
-101.264689	249.474809	-124.386819
-101.367519	249.354315	-124.588516
-101.469695	249.233956	-124.789711
-101.571219	249.113741	-124.990395
-101.672090	248.993675	-125.190565
-101.772306	248.873760	-125.390218
-101.871864	248.753999	-125.589359
-101.970764	248.634393	-125.787995
-102.069007	248.514938	-125.986134
-102.166597	248.395631	-126.183786
-102.263535	248.276474	-126.380950
-102.359825	248.157473	-126.577620
-102.455469	248.038633	-126.773786
-102.550466	247.919961	-126.969441
-102.644820	247.801462	-127.164581
-102.738529	247.683139	-127.359203
-102.831632	247.564984	-127.553298
-102.924225	247.446969	-127.746848
-103.016398	247.329067	-127.939839
-103.108238	247.211250	-128.132258
-103.199828	247.093492	-128.324096
-103.291248	246.975770	-128.515336
-103.382572	246.858066	-128.705958
-103.473872	246.740360	-128.895946
-103.565217	246.622634	-129.085284
-103.656675	246.504869	-129.273957
-103.748314	246.387046	-129.461953
-103.840189	246.269149	-129.649261
-103.932356	246.151159	-129.835875
-104.024865	246.033060	-130.021788
-104.117768	245.914833	-130.207001
-104.211115	245.796458	-130.391512
-104.304959	245.677914	-130.575324
-104.399347	245.559182	-130.758433
-104.494325	245.440247	-130.940839
-104.589938	245.321088	-131.122543
-104.686231	245.201688	-131.303546
-104.783242	245.082030	-131.483852
-104.880996	244.962104	-131.663461
-104.979522	244.841898	-131.842371
-105.078847	244.721402	-132.020584
-105.179001	244.600605	-132.198099
-105.280008	244.479495	-132.374919
-105.381891	244.358061	-132.551045
-105.484676	244.236291	-132.726481
-105.588383	244.114176	-132.901230
-105.693035	243.991705	-133.075295
-105.798648	243.868870	-133.248676
-105.905236	243.745664	-133.421377
-106.012801	243.622086	-133.593398
-106.121342	243.498136	-133.764741
-106.230853	243.373815	-133.935410
-106.341329	243.249128	-134.105396
-106.452762	243.124083	-134.274695
-106.565143	242.998688	-134.443298
-106.678463	242.872951	-134.611200
-106.792708	242.746880	-134.778395
-106.907866	242.620484	-134.944877
-107.023921	242.493773	-135.110641
-107.140858	242.366757	-135.275681
-107.258655	242.239449	-135.439992
-107.377290	242.111863	-135.603569
-107.496739	241.984009	-135.766408
-107.616977	241.855902	-135.928506
-107.737973	241.727556	-136.089863
-107.859702	241.598983	-136.250476
-107.982129	241.470200	-136.410344
-108.105222	241.341225	-136.569464
-108.228944	241.212074	-136.727833
-108.353254	241.082766	-136.885452
-108.478110	240.953324	-137.042320
-108.603468	240.823766	-137.198434
-108.729285	240.694115	-137.353792
-108.855520	240.564392	-137.508393
-108.982129	240.434617	-137.662234
-109.109070	240.304813	-137.815314
-109.236296	240.175001	-137.967634
-109.363758	240.045202	-138.119197
-109.491408	239.915439	-138.270004
-109.619199	239.785733	-138.420058
-109.747084	239.656106	-138.569361
-109.875027	239.526577	-138.717911
-110.002991	239.397165	-138.865708
-110.130940	239.267887	-139.012751
-110.258835	239.138764	-139.159043
-110.386637	239.009815	-139.304582
-110.514307	238.881060	-139.449368
-110.641801	238.752522	-139.593402
-110.769077	238.624219	-139.736689
-110.896081	238.496176	-139.879232
-111.022759	238.368417	-140.021037
-111.149058	238.240966	-140.162112
-111.274924	238.113845	-140.302463
-111.400322	237.987071	-140.442095
-111.525224	237.860661	-140.581007
-111.649603	237.734628	-140.719203
-111.773433	237.608986	-140.856683
-111.896683	237.483749	-140.993455
-112.019324	237.358929	-141.129524
-112.141325	237.234541	-141.264897
-112.262656	237.110597	-141.399585
-112.383285	236.987107	-141.533596
-112.503182	236.864083	-141.666943
-112.622319	236.741533	-141.799639
-112.740665	236.619467	-141.931699
-112.858189	236.497893	-142.063138
-112.974884	236.376814	-142.193962
-113.090739	236.256236	-142.324178
-113.205743	236.136160	-142.453793
-113.319882	236.016593	-142.582820
-113.433139	235.897538	-142.711266
-113.545494	235.779003	-142.839142
-113.656929	235.660994	-142.966460
-113.767415	235.543518	-143.093234
-113.876929	235.426582	-143.219476
-113.985444	235.310194	-143.345203
-114.092936	235.194359	-143.470430
-114.199379	235.079082	-143.595174
-114.304747	234.964370	-143.719450
-114.409023	234.850229	-143.843270
-114.512192	234.736662	-143.966642
-114.614249	234.623672	-144.089573
-114.715186	234.511264	-144.212067
-114.814993	234.399442	-144.334130
-114.913663	234.288208	-144.455772
-115.011186	234.177565	-144.576998
-115.107554	234.067515	-144.697819
-115.202757	233.958060	-144.818244
-115.296786	233.849201	-144.938284
-115.389631	233.740940	-145.057949
-115.481298	233.633273	-145.177248
-115.571789	233.526193	-145.296192
-115.661108	233.419697	-145.414789
-115.749255	233.313781	-145.533051
-115.836230	233.208443	-145.650988
-115.922028	233.103681	-145.768609
-116.006646	232.999492	-145.885926
-116.090080	232.895876	-146.002949
-116.172322	232.792831	-146.119691
-116.253372	232.690358	-146.236156
-116.333233	232.588456	-146.352346
-116.411907	232.487124	-146.468266
-116.489400	232.386361	-146.583919
-116.565718	232.286165	-146.699307
-116.640865	232.186533	-146.814433
-116.714850	232.087463	-146.929299
-116.787678	231.988954	-147.043909
-116.859356	231.891003	-147.158264
-116.929889	231.793609	-147.272368
-116.999283	231.696767	-147.386224
-117.067546	231.600476	-147.499834
-117.134685	231.504733	-147.613202
-117.200708	231.409532	-147.726331
-117.265625	231.314871	-147.839224
-117.329446	231.220744	-147.951882
-117.392181	231.127150	-148.064308
-117.453836	231.034083	-148.176503
-117.514423	230.941542	-148.288469
-117.573949	230.849521	-148.400209
-117.632426	230.758017	-148.511725
-117.689862	230.667024	-148.623018
-117.746268	230.576541	-148.734090
-117.801653	230.486562	-148.844943
-117.856028	230.397084	-148.955578
-117.909402	230.308102	-149.065996
-117.961785	230.219612	-149.176199
-118.013187	230.131612	-149.286188
-118.063617	230.044098	-149.395963
-118.113086	229.957065	-149.505524
-118.161606	229.870511	-149.614870
-118.209188	229.784433	-149.723999
-118.255846	229.698828	-149.832909
-118.301592	229.613691	-149.941596
-118.346439	229.529021	-150.050059
-118.390400	229.444815	-150.158292
-118.433490	229.361069	-150.266294
-118.475721	229.277781	-150.374059
-118.517105	229.194949	-150.481584
-118.557656	229.112570	-150.588864
-118.597385	229.030643	-150.695896
-118.636304	228.949166	-150.802676
-118.674424	228.868136	-150.909199
-118.711757	228.787553	-151.015463
-118.748313	228.707413	-151.121465
-118.784101	228.627716	-151.227202
-118.819133	228.548458	-151.332670
-118.853417	228.469638	-151.437869
-118.886961	228.391256	-151.542796
-118.919774	228.313308	-151.647448
-118.951862	228.235796	-151.751824
-118.983232	228.158716	-151.855922
-119.013892	228.082069	-151.959742
-119.043847	228.005851	-152.063283
-119.073104	227.930062	-152.166544
-119.101667	227.854700	-152.269526
-119.129539	227.779765	-152.372229
-119.156727	227.705254	-152.474654
-119.183239	227.631166	-152.576801
-119.209078	227.557496	-152.678670
-119.234252	227.484244	-152.780264
-119.258764	227.411406	-152.881584
-119.282619	227.338980	-152.982633
-119.305821	227.266964	-153.083413
-119.328375	227.195354	-153.183927
-119.350281	227.124149	-153.284176
-119.371543	227.053347	-153.384166
-119.392163	226.982945	-153.483898
-119.412140	226.912943	-153.583377
-119.431478	226.843337	-153.682606
-119.450177	226.774126	-153.781587
-119.468237	226.705309	-153.880326
-119.485661	226.636884	-153.978825
-119.502447	226.568848	-154.077088
-119.518597	226.501202	-154.175118
-119.534109	226.433943	-154.272920
-119.548982	226.367070	-154.370496
-119.563215	226.300583	-154.467852
-119.576813	226.234479	-154.564989
-119.589776	226.168756	-154.661908
-119.602109	226.103413	-154.758614
-119.613812	226.038447	-154.855108
-119.624889	225.973856	-154.951392
-119.635342	225.909638	-155.047470
-119.645172	225.845791	-155.143345
-119.654381	225.782312	-155.239020
-119.662970	225.719201	-155.334498
-119.670939	225.656454	-155.429783
-119.678287	225.594071	-155.524879
-119.685014	225.532050	-155.619791
-119.691119	225.470389	-155.714522
-119.696599	225.409086	-155.809078
-119.701454	225.348141	-155.903462
-119.705681	225.287551	-155.997679
-119.709277	225.227317	-156.091735
-119.712241	225.167435	-156.185634
-119.714569	225.107906	-156.279380
-119.716258	225.048728	-156.372979
-119.717306	224.989900	-156.466436
-119.717709	224.931421	-156.559755
-119.717466	224.873291	-156.652940
-119.716573	224.815507	-156.745996
-119.715030	224.758069	-156.838926
-119.712832	224.700976	-156.931736
-119.709979	224.644226	-157.024429
-119.706467	224.587819	-157.117011
-119.702294	224.531753	-157.209484
-119.697459	224.476027	-157.301853
-119.691960	224.420640	-157.394122
-119.685794	224.365590	-157.486294
-119.678961	224.310877	-157.578375
-119.671460	224.256498	-157.670366
-119.663288	224.202453	-157.762272
-119.654446	224.148739	-157.854096
-119.644934	224.095356	-157.945842
-119.634752	224.042301	-158.037512
-119.623900	223.989572	-158.129109
-119.612378	223.937167	-158.220637
-119.600189	223.885083	-158.312098
-119.587334	223.833320	-158.403495
-119.573814	223.781874	-158.494830
-119.559631	223.730743	-158.586107
-119.544788	223.679924	-158.677326
-119.529289	223.629414	-158.768491
-119.513137	223.579211	-158.859602
-119.496335	223.529311	-158.950663
-119.478888	223.479712	-159.041673
-119.460802	223.430410	-159.132636
-119.442081	223.381401	-159.223551
-119.422730	223.332682	-159.314420
-119.402757	223.284250	-159.405244
-119.382168	223.236101	-159.496024
-119.360969	223.188230	-159.586760
-119.339169	223.140634	-159.677453
-119.316776	223.093308	-159.768101
-119.293798	223.046249	-159.858707
-119.270245	222.999451	-159.949268
-119.246125	222.952911	-160.039784
-119.221450	222.906623	-160.130256
-119.196228	222.860583	-160.220681
-119.170471	222.814786	-160.311059
-119.144190	222.769228	-160.401390
-119.117395	222.723902	-160.491670
-119.090099	222.678806	-160.581901
-119.062312	222.633932	-160.672079
-119.034046	222.589278	-160.762204
-119.005314	222.544836	-160.852274
-118.976127	222.500602	-160.942287
-118.946498	222.456571	-161.032241
-118.916439	222.412738	-161.122136
-118.885961	222.369098	-161.211970
-118.855078	222.325645	-161.301740
-118.823799	222.282374	-161.391447
-118.792139	222.239280	-161.481088
-118.760107	222.196358	-161.570661
-118.727717	222.153602	-161.660167
-118.694979	222.111008	-161.749604
-118.661905	222.068570	-161.838969
-118.628508	222.026283	-161.928263
-118.594797	221.984142	-162.017484
-118.560785	221.942142	-162.106630
-118.526483	221.900278	-162.195702
-118.491902	221.858545	-162.284697
-118.457053	221.816938	-162.373615
-118.421947	221.775451	-162.462455
-118.386597	221.734079	-162.551215
-118.351014	221.692818	-162.639894
-118.315209	221.651662	-162.728491
-118.279194	221.610606	-162.817005
-118.242981	221.569645	-162.905435
-118.206581	221.528773	-162.993779
-118.170005	221.487987	-163.082036
-118.133263	221.447281	-163.170206
-118.096368	221.406650	-163.258287
-118.059328	221.366089	-163.346278
-118.022156	221.325595	-163.434178
-117.984861	221.285161	-163.521987
-117.947453	221.244784	-163.609703
-117.909943	221.204459	-163.697327
-117.872339	221.164181	-163.784856
-117.834652	221.123947	-163.872291
-117.796890	221.083751	-163.959631
-117.759062	221.043590	-164.046876
-117.721176	221.003459	-164.134027
-117.683241	220.963355	-164.221082
-117.645263	220.923272	-164.308042
-117.607252	220.883209	-164.394908
-117.569213	220.843159	-164.481679
-117.531153	220.803121	-164.568356
-117.493080	220.763089	-164.654940
-117.455000	220.723060	-164.741432
-117.416918	220.683031	-164.827831
-117.378840	220.642999	-164.914140
-117.340773	220.602959	-165.000358
-117.302721	220.562908	-165.086488
-117.264689	220.522844	-165.172529
-117.226683	220.482762	-165.258484
-117.188706	220.442660	-165.344353
-117.150764	220.402535	-165.430138
-117.112859	220.362383	-165.515839
-117.074998	220.322202	-165.601460
-117.037182	220.281989	-165.687000
-116.999416	220.241741	-165.772461
-116.961703	220.201455	-165.857846
-116.924045	220.161129	-165.943155
-116.886447	220.120759	-166.028391
-116.848910	220.080344	-166.113554
-116.811438	220.039881	-166.198647
-116.774032	219.999368	-166.283672
-116.736695	219.958802	-166.368630
-116.699429	219.918180	-166.453524
-116.662236	219.877501	-166.538355
-116.625116	219.836762	-166.623125
-116.588074	219.795961	-166.707836
-116.551108	219.755097	-166.792491
-116.514221	219.714166	-166.877091
-116.477414	219.673167	-166.961638
-116.440688	219.632098	-167.046135
-116.404045	219.590957	-167.130583
-116.367483	219.549743	-167.214985
-116.331005	219.508452	-167.299343
-116.294612	219.467084	-167.383659
-116.258303	219.425637	-167.467935
-116.222078	219.384109	-167.552173
-116.185940	219.342498	-167.636376
-116.149887	219.300803	-167.720545
-116.113920	219.259022	-167.804682
-116.078039	219.217153	-167.888790
-116.042244	219.175196	-167.972871
-116.006535	219.133148	-168.056927
-115.970913	219.091008	-168.140959
-115.935376	219.048775	-168.224970
-115.899926	219.006448	-168.308962
-115.864562	218.964024	-168.392937
-115.829283	218.921503	-168.476897
-115.794091	218.878884	-168.560843
-115.758983	218.836165	-168.644777
-115.723961	218.793345	-168.728702
-115.689024	218.750423	-168.812619
-115.654172	218.707398	-168.896529
-115.619404	218.664268	-168.980435
-115.584721	218.621033	-169.064338
-115.550121	218.577692	-169.148239
-115.515605	218.534244	-169.232141
-115.481173	218.490687	-169.316044
-115.446824	218.447021	-169.399951
-115.412558	218.403245	-169.483861
-115.378374	218.359358	-169.567778
-115.344273	218.315360	-169.651702
-115.310255	218.271249	-169.735634
-115.276318	218.227024	-169.819575
-115.242463	218.182686	-169.903527
-115.208690	218.138234	-169.987490
-115.174998	218.093666	-170.071466
-115.141388	218.048982	-170.155456
-115.107859	218.004182	-170.239460
-115.074411	217.959264	-170.323479
-115.041044	217.914230	-170.407514
-115.007757	217.869077	-170.491566
-114.974552	217.823806	-170.575635
-114.941427	217.778416	-170.659723
-114.908383	217.732907	-170.743829
-114.875420	217.687278	-170.827954
-114.842537	217.641529	-170.912098
-114.809736	217.595660	-170.996263
-114.777014	217.549670	-171.080448
-114.744374	217.503559	-171.164653
-114.711814	217.457328	-171.248880
-114.679335	217.410975	-171.333128
-114.646937	217.364500	-171.417397
-114.614620	217.317904	-171.501688
-114.582384	217.271186	-171.586000
-114.550229	217.224347	-171.670335
-114.518155	217.177385	-171.754691
-114.486163	217.130301	-171.839070
-114.454251	217.083096	-171.923470
-114.422422	217.035768	-172.007892
-114.390674	216.988318	-172.092336
-114.359007	216.940745	-172.176802
-114.327423	216.893051	-172.261289
-114.295920	216.845235	-172.345798
-114.264500	216.797297	-172.430328
-114.233162	216.749237	-172.514879
-114.201906	216.701055	-172.599451
-114.170733	216.652752	-172.684044
-114.139642	216.604327	-172.768657
-114.108634	216.555781	-172.853290
-114.077709	216.507114	-172.937943
-114.046866	216.458326	-173.022615
-114.016106	216.409417	-173.107307
-113.985429	216.360389	-173.192017
-113.954835	216.311240	-173.276746
-113.924324	216.261971	-173.361492
-113.893895	216.212583	-173.446257
-113.863550	216.163075	-173.531039
-113.833287	216.113449	-173.615838
-113.803106	216.063704	-173.700653
-113.773009	216.013841	-173.785485
-113.742993	215.963861	-173.870332
-113.713060	215.913763	-173.955195
-113.683210	215.863548	-174.040073
-113.653441	215.813216	-174.124965
-113.623754	215.762769	-174.209871
-113.594148	215.712206	-174.294792
-113.564624	215.661527	-174.379725
-113.535182	215.610734	-174.464671
-113.505820	215.559827	-174.549630
-113.476538	215.508806	-174.634601
-113.447337	215.457671	-174.719584
-113.418215	215.406424	-174.804577
-113.389173	215.355065	-174.889582
-113.360211	215.303594	-174.974597
-113.331327	215.252011	-175.059622
-113.302521	215.200318	-175.144657
-113.273793	215.148516	-175.229700
-113.245143	215.096603	-175.314753
-113.216570	215.044582	-175.399814
-113.188073	214.992452	-175.484883
-113.159652	214.940214	-175.569960
-113.131307	214.887870	-175.655044
-113.103036	214.835418	-175.740136
-113.074840	214.782861	-175.825233
-113.046717	214.730198	-175.910337
-113.018668	214.677431	-175.995447
-112.990691	214.624559	-176.080562
-112.962786	214.571584	-176.165682
-112.934952	214.518506	-176.250807
-112.907189	214.465325	-176.335936
-112.879495	214.412043	-176.421069
-112.851871	214.358660	-176.506207
-112.824315	214.305177	-176.591347
-112.796827	214.251594	-176.676491
-112.769405	214.197912	-176.761637
-112.742049	214.144132	-176.846786
-112.714759	214.090255	-176.931937
-112.687533	214.036280	-177.017090
-112.660371	213.982209	-177.102244
-112.633272	213.928042	-177.187400
-112.606235	213.873781	-177.272557
-112.579258	213.819426	-177.357714
-112.552342	213.764977	-177.442871
-112.525485	213.710435	-177.528029
-112.498687	213.655801	-177.613187
-112.471946	213.601076	-177.698344
-112.445261	213.546261	-177.783500
-112.418632	213.491355	-177.868655
-112.392058	213.436361	-177.953809
-112.365537	213.381278	-178.038962
-112.339070	213.326107	-178.124112
-112.312653	213.270849	-178.209261
-112.286288	213.215506	-178.294407
-112.259973	213.160076	-178.379550
-112.233706	213.104562	-178.464691
-112.207487	213.048964	-178.549828
-112.181315	212.993283	-178.634963
-112.155189	212.937519	-178.720093
-112.129107	212.881674	-178.805219
-112.103070	212.825747	-178.890342
-112.077075	212.769741	-178.975459
-112.051122	212.713655	-179.060572
-112.025210	212.657490	-179.145680
-111.999339	212.601247	-179.230783
-111.973506	212.544927	-179.315880
-111.947711	212.488531	-179.400971
-111.921953	212.432059	-179.486056
-111.896231	212.375512	-179.571134
-111.870544	212.318891	-179.656206
-111.844891	212.262197	-179.741270
-111.819272	212.205430	-179.826327
-111.793684	212.148592	-179.911377
-111.768128	212.091682	-179.996418
-111.742603	212.034702	-180.081451
-111.717107	211.977653	-180.166475
-111.691639	211.920534	-180.251490
-111.666199	211.863348	-180.336495
-111.640786	211.806095	-180.421491
-111.615399	211.748776	-180.506476
-111.590037	211.691391	-180.591451
-111.564699	211.633941	-180.676415
-111.539385	211.576427	-180.761368
-111.514093	211.518850	-180.846309
-111.488823	211.461211	-180.931238
-111.463574	211.403510	-181.016154
-111.438345	211.345748	-181.101057
-111.413135	211.287926	-181.185947
-111.387944	211.230045	-181.270823
-111.362771	211.172106	-181.355685
-111.337614	211.114109	-181.440532
-111.312474	211.056055	-181.525364
-111.287350	210.997945	-181.610180
-111.262240	210.939779	-181.694981
-111.237145	210.881560	-181.779764
-111.212063	210.823286	-181.864531
-111.186994	210.764960	-181.949280
-111.161937	210.706582	-182.034011
-111.136891	210.648152	-182.118724
-111.111857	210.589672	-182.203417
-111.086832	210.531142	-182.288091
-111.061817	210.472564	-182.372745
-111.036811	210.413937	-182.457379
-111.011813	210.355263	-182.541992
-110.986823	210.296542	-182.626583
-110.961840	210.237776	-182.711152
-110.936863	210.178965	-182.795698
-110.911892	210.120109	-182.880222
-110.886927	210.061210	-182.964721
-110.861966	210.002269	-183.049197
-110.837009	209.943286	-183.133648
-110.812056	209.884261	-183.218074
-110.787107	209.825197	-183.302475
-110.762159	209.766093	-183.386849
-110.737214	209.706950	-183.471197
-110.712270	209.647769	-183.555517
-110.687327	209.588551	-183.639810
-110.662385	209.529297	-183.724074
-110.637443	209.470007	-183.808310
-110.612499	209.410682	-183.892516
-110.587555	209.351323	-183.976693
-110.562609	209.291930	-184.060840
-110.537662	209.232505	-184.144955
-110.512711	209.173048	-184.229040
-110.487758	209.113559	-184.313093
-110.462800	209.054040	-184.397113
-110.437839	208.994491	-184.481101
-110.412874	208.934914	-184.565056
-110.387903	208.875308	-184.648977
-110.362927	208.815674	-184.732863
-110.337945	208.756013	-184.816716
-110.312957	208.696327	-184.900533
-110.287962	208.636615	-184.984314
-110.262960	208.576878	-185.068059
-110.237950	208.517117	-185.151768
-110.212932	208.457332	-185.235440
-110.187905	208.397525	-185.319075
-110.162869	208.337696	-185.402671
-110.137824	208.277845	-185.486230
-110.112770	208.217974	-185.569749
-110.087705	208.158083	-185.653229
-110.062629	208.098173	-185.736670
-110.037543	208.038243	-185.820070
-110.012445	207.978296	-185.903430
-109.987335	207.918332	-185.986750
-109.962213	207.858350	-186.070027
-109.937078	207.798353	-186.153263
-109.911931	207.738340	-186.236457
-109.886771	207.678312	-186.319608
-109.861596	207.618270	-186.402716
-109.836408	207.558214	-186.485780
-109.811206	207.498145	-186.568801
-109.785989	207.438064	-186.651778
-109.760756	207.377971	-186.734710
-109.735509	207.317867	-186.817596
-109.710246	207.257752	-186.900438
-109.684967	207.197627	-186.983234
-109.659672	207.137492	-187.065983
-109.634360	207.077349	-187.148686
-109.609032	207.017197	-187.231342
-109.583687	206.957037	-187.313951
-109.558324	206.896870	-187.396512
-109.532943	206.836697	-187.479025
-109.507545	206.776517	-187.561490
-109.482128	206.716331	-187.643906
-109.456693	206.656140	-187.726273
-109.431240	206.595945	-187.808590
-109.405768	206.535745	-187.890858
-109.380276	206.475542	-187.973076
-109.354765	206.415336	-188.055243
-109.329235	206.355127	-188.137359
-109.303685	206.294916	-188.219425
-109.278115	206.234703	-188.301439
-109.252525	206.174489	-188.383401
-109.226915	206.114274	-188.465312
-109.201284	206.054059	-188.547170
-109.175633	205.993844	-188.628975
-109.149961	205.933629	-188.710728
-109.124268	205.873416	-188.792427
-109.098553	205.813204	-188.874073
-109.072818	205.752993	-188.955665
-109.047061	205.692785	-189.037203
-109.021283	205.632580	-189.118687
-108.995483	205.572378	-189.200116
-108.969661	205.512179	-189.281490
-108.943818	205.451985	-189.362809
-108.917952	205.391794	-189.444073
-108.892065	205.331608	-189.525281
-108.866155	205.271427	-189.606433
-108.840224	205.211252	-189.687529
-108.814269	205.151082	-189.768568
-108.788293	205.090918	-189.849551
-108.762294	205.030761	-189.930476
-108.736273	204.970610	-190.011345
-108.710229	204.910466	-190.092156
-108.684162	204.850330	-190.172910
-108.658073	204.790202	-190.253606
-108.631962	204.730081	-190.334244
-108.605827	204.669969	-190.414824
-108.579670	204.609865	-190.495345
-108.553490	204.549771	-190.575807
-108.527287	204.489685	-190.656211
-108.501062	204.429610	-190.736556
-108.474814	204.369544	-190.816841
-108.448543	204.309487	-190.897067
-108.422249	204.249442	-190.977234
-108.395932	204.189407	-191.057340
-108.369593	204.129382	-191.137387
-108.343231	204.069369	-191.217373
-108.316847	204.009367	-191.297299
-108.290439	203.949377	-191.377165
-108.264009	203.889398	-191.456970
-108.237557	203.829432	-191.536714
-108.211082	203.769477	-191.616397
-108.184584	203.709535	-191.696019
-108.158064	203.649606	-191.775580
-108.131522	203.589690	-191.855079
-108.104957	203.529787	-191.934517
-108.078370	203.469897	-192.013892
-108.051760	203.410020	-192.093206
-108.025129	203.350158	-192.172459
-107.998476	203.290309	-192.251648
-107.971800	203.230474	-192.330776
-107.945103	203.170653	-192.409841
-107.918384	203.110847	-192.488844
-107.891643	203.051055	-192.567784
-107.864880	202.991279	-192.646661
-107.838096	202.931517	-192.725475
-107.811291	202.871770	-192.804227
-107.784464	202.812038	-192.882915
-107.757616	202.752321	-192.961539
-107.730747	202.692621	-193.040101
-107.703858	202.632935	-193.118599
-107.676947	202.573266	-193.197033
-107.650015	202.513613	-193.275403
-107.623063	202.453975	-193.353710
-107.596091	202.394354	-193.431953
-107.569098	202.334749	-193.510131
-107.542085	202.275161	-193.588246
-107.515052	202.215589	-193.666296
-107.487999	202.156034	-193.744282
-107.460927	202.096496	-193.822204
-107.433834	202.036975	-193.900061
-107.406722	201.977471	-193.977853
-107.379591	201.917984	-194.055581
-107.352441	201.858515	-194.133243
-107.325271	201.799062	-194.210841
-107.298083	201.739628	-194.288374
-107.270875	201.680211	-194.365842
-107.243649	201.620812	-194.443245
-107.216405	201.561430	-194.520582
-107.189142	201.502067	-194.597854
-107.161861	201.442722	-194.675061
-107.134562	201.383395	-194.752203
-107.107245	201.324086	-194.829279
-107.079910	201.264795	-194.906289
-107.052557	201.205523	-194.983234
-107.025187	201.146269	-195.060113
-106.997799	201.087034	-195.136926
-106.970394	201.027818	-195.213674
-106.942971	200.968620	-195.290355
-106.915532	200.909441	-195.366971
-106.888076	200.850281	-195.443521
-106.860602	200.791141	-195.520005
-106.833112	200.732019	-195.596424
-106.805606	200.672916	-195.672776
-106.778082	200.613833	-195.749062
-106.750543	200.554769	-195.825282
-106.722986	200.495724	-195.901436
-106.695414	200.436699	-195.977524
-106.667825	200.377694	-196.053546
-106.640220	200.318708	-196.129502
-106.612599	200.259742	-196.205392
-106.584961	200.200795	-196.281216
-106.557308	200.141869	-196.356973
-106.529639	200.082962	-196.432665
-106.501953	200.024075	-196.508291
-106.474252	199.965208	-196.583851
-106.446534	199.906362	-196.659345
-106.418801	199.847535	-196.734773
-106.391052	199.788729	-196.810135
-106.363287	199.729943	-196.885431
-106.335505	199.671177	-196.960662
-106.307708	199.612432	-197.035827
-106.279895	199.553707	-197.110926
-106.252066	199.495003	-197.185959
-106.224221	199.436319	-197.260928
-106.196359	199.377656	-197.335830
-106.168482	199.319014	-197.410667
-106.140588	199.260392	-197.485439
-106.112678	199.201791	-197.560146
-106.084751	199.143211	-197.634788
-106.056808	199.084652	-197.709364
-106.028849	199.026114	-197.783876
-106.000873	198.967597	-197.858323
-105.972880	198.909101	-197.932705
-105.944871	198.850626	-198.007022
-105.916845	198.792172	-198.081275
-105.888801	198.733739	-198.155464
-105.860741	198.675328	-198.229588
-105.832664	198.616938	-198.303648
-105.804569	198.558569	-198.377644
-105.776457	198.500221	-198.451576
-105.748327	198.441894	-198.525445
-105.720180	198.383589	-198.599249
-105.692015	198.325306	-198.672990
-105.663832	198.267043	-198.746668
-105.635631	198.208802	-198.820283
-105.607412	198.150583	-198.893835
-105.579175	198.092385	-198.967323
-105.550919	198.034209	-199.040749
-105.522645	197.976054	-199.114112
-105.494352	197.917921	-199.187413
-105.466040	197.859809	-199.260652
-105.437709	197.801719	-199.333828
-105.409358	197.743650	-199.406942
-105.380989	197.685603	-199.479995
-105.352600	197.627577	-199.552986
-105.324191	197.569573	-199.625916
-105.295762	197.511591	-199.698784
-105.267313	197.453631	-199.771591
-105.238845	197.395692	-199.844337
-105.210355	197.337774	-199.917023
-105.181845	197.279878	-199.989648
-105.153315	197.222004	-200.062212
-105.124764	197.164152	-200.134717
-105.096191	197.106321	-200.207161
-105.067598	197.048511	-200.279546
-105.038983	196.990724	-200.351871
-105.010346	196.932958	-200.424136
-104.981688	196.875213	-200.496342
-104.953008	196.817490	-200.568489
-104.924306	196.759789	-200.640577
-104.895582	196.702109	-200.712607
-104.866835	196.644451	-200.784578
-104.838065	196.586814	-200.856490
-104.809273	196.529199	-200.928345
-104.780458	196.471605	-201.000141
-104.751620	196.414033	-201.071880
-104.722759	196.356482	-201.143561
-104.693875	196.298952	-201.215185
-104.664966	196.241444	-201.286751
-104.636034	196.183957	-201.358261
-104.607079	196.126492	-201.429714
-104.578099	196.069048	-201.501110
-104.549095	196.011625	-201.572450
-104.520066	195.954224	-201.643733
-104.491014	195.896844	-201.714961
-104.461936	195.839484	-201.786132
-104.432834	195.782147	-201.857248
-104.403707	195.724830	-201.928308
-104.374555	195.667534	-201.999313
-104.345378	195.610259	-202.070263
-104.316176	195.553006	-202.141158
-104.286948	195.495773	-202.211998
-104.257695	195.438561	-202.282784
-104.228416	195.381371	-202.353515
-104.199112	195.324201	-202.424191
-104.169782	195.267051	-202.494814
-104.140426	195.209923	-202.565382
-104.111044	195.152815	-202.635897
-104.081637	195.095728	-202.706358
-104.052203	195.038662	-202.776766
-104.022743	194.981616	-202.847120
-103.993257	194.924590	-202.917421
-103.963745	194.867585	-202.987669
-103.934206	194.810601	-203.057864
-103.904641	194.753637	-203.128007
-103.875050	194.696693	-203.198097
-103.845432	194.639770	-203.268134
-103.815787	194.582866	-203.338119
-103.786116	194.525983	-203.408052
-103.756419	194.469120	-203.477933
-103.726695	194.412277	-203.547763
-103.696944	194.355454	-203.617540
-103.667167	194.298651	-203.687266
-103.637363	194.241867	-203.756940
-103.607533	194.185104	-203.826563
-103.577676	194.128360	-203.896134
-103.547793	194.071637	-203.965654
-103.517883	194.014932	-204.035124
-103.487946	193.958248	-204.104542
-103.457983	193.901583	-204.173909
-103.427994	193.844937	-204.243226
-103.397979	193.788311	-204.312492
-103.367937	193.731704	-204.381708
-103.337869	193.675116	-204.450873
-103.307774	193.618548	-204.519987
-103.277654	193.561999	-204.589051
-103.247508	193.505469	-204.658066
-103.217336	193.448958	-204.727030
-103.187138	193.392466	-204.795943
-103.156914	193.335993	-204.864807
-103.126665	193.279539	-204.933621
-103.096390	193.223103	-205.002386
-103.066089	193.166687	-205.071100
-103.035764	193.110289	-205.139765
-103.005413	193.053909	-205.208380
-102.975037	192.997549	-205.276946
-102.944635	192.941207	-205.345462
-102.914209	192.884883	-205.413928
-102.883758	192.828578	-205.482346
-102.853283	192.772291	-205.550714
-102.822782	192.716022	-205.619032
-102.792257	192.659772	-205.687302
-102.761708	192.603540	-205.755522
-102.731134	192.547326	-205.823694
-102.700536	192.491130	-205.891816
-102.669913	192.434953	-205.959889
-102.639267	192.378793	-206.027914
-102.608596	192.322652	-206.095889
-102.577902	192.266528	-206.163816
-102.547183	192.210423	-206.231694
-102.516441	192.154335	-206.299524
-102.485675	192.098266	-206.367305
-102.454885	192.042214	-206.435037
-102.424071	191.986180	-206.502721
-102.393234	191.930164	-206.570356
-102.362373	191.874166	-206.637943
-102.331489	191.818186	-206.705481
-102.300581	191.762224	-206.772971
-102.269649	191.706279	-206.840413
-102.238695	191.650352	-206.907807
-102.207717	191.594443	-206.975153
-102.176715	191.538552	-207.042450
-102.145690	191.482678	-207.109700
-102.114642	191.426822	-207.176901
-102.083571	191.370984	-207.244054
-102.052476	191.315164	-207.311160
-102.021359	191.259361	-207.378218
-101.990218	191.203577	-207.445228
-101.959054	191.147810	-207.512190
-101.927866	191.092060	-207.579104
-101.896656	191.036329	-207.645971
-101.865422	190.980615	-207.712790
-101.834165	190.924920	-207.779561
-101.802886	190.869242	-207.846285
-101.771583	190.813582	-207.912961
-101.740257	190.757940	-207.979589
-101.708908	190.702315	-208.046170
-101.677536	190.646709	-208.112704
-101.646141	190.591121	-208.179190
-101.614723	190.535551	-208.245628
-101.583281	190.479999	-208.312019
-101.551817	190.424465	-208.378363
-101.520330	190.368949	-208.444659
-101.488820	190.313451	-208.510908
-101.457288	190.257972	-208.577110
-101.425732	190.202511	-208.643264
-101.394153	190.147068	-208.709370
-101.362552	190.091643	-208.775429
-101.330928	190.036237	-208.841441
-101.299280	189.980850	-208.907405
-101.267611	189.925481	-208.973322
-101.235918	189.870130	-209.039192
-101.204203	189.814798	-209.105014
-101.172465	189.759485	-209.170789
-101.140704	189.704191	-209.236516
-101.108920	189.648916	-209.302195
-101.077114	189.593659	-209.367828
-101.045285	189.538422	-209.433412
-101.013434	189.483203	-209.498949
-100.981560	189.428004	-209.564439
-100.949663	189.372824	-209.629881
-100.917744	189.317663	-209.695276
-100.885802	189.262521	-209.760623
-100.853837	189.207399	-209.825922
-100.821850	189.152297	-209.891173
-100.789840	189.097214	-209.956377
-100.757808	189.042151	-210.021534
-100.725753	188.987108	-210.086642
-100.693675	188.932085	-210.151703
-100.661575	188.877081	-210.216716
-100.629452	188.822098	-210.281682
-100.597306	188.767135	-210.346599
-100.565138	188.712193	-210.411469
-100.532946	188.657271	-210.476291
-100.500732	188.602369	-210.541064
-100.468496	188.547488	-210.605790
-100.436236	188.492628	-210.670468
-100.403953	188.437789	-210.735098
-100.371648	188.382970	-210.799680
-100.339319	188.328173	-210.864214
-100.306968	188.273397	-210.928700
-100.274593	188.218643	-210.993138
