51.049632	251.118838	207.620428
51.112381	251.051565	207.566784
51.194086	250.988782	207.490326
51.294745	250.930487	207.391051
51.414357	250.876675	207.268957
51.552916	250.827340	207.124040
51.710421	250.782472	206.956294
51.886866	250.742062	206.765714
52.082248	250.706097	206.552294
52.296560	250.674561	206.316027
52.529796	250.647438	206.056903
52.781950	250.624710	205.774915
53.053015	250.606354	205.470052
53.342984	250.592348	205.142303
53.651846	250.582666	204.791657
53.979595	250.577281	204.418101
54.126770	250.576806	204.249758
54.292816	250.580585	204.058485
54.477730	250.588602	203.844276
54.681505	250.600839	203.607123
54.904135	250.617277	203.347018
55.145614	250.637894	203.063949
55.405934	250.662664	202.757909
55.685088	250.691564	202.428884
55.983067	250.724563	202.076863
56.299862	250.761632	201.701834
56.443548	250.779231	201.531410
56.606036	250.800852	201.337957
56.787321	250.826478	201.121468
56.987397	250.856089	200.881935
57.206258	250.889665	200.619350
57.443897	250.927181	200.333704
57.700307	250.968613	200.024985
57.975479	251.013933	199.693182
58.269405	251.063110	199.338284
58.582076	251.116112	198.960277
58.723656	251.140375	198.788911
58.883967	251.168413	198.594416
59.063002	251.200210	198.376786
59.260757	251.235744	198.136013
59.477226	251.274994	197.872088
59.712401	251.317936	197.585002
59.966274	251.364543	197.274744
60.238838	251.414787	196.941304
60.530084	251.468637	196.584669
60.840003	251.526061	196.204827
60.980329	251.552095	196.032691
61.139314	251.581652	195.837329
61.316951	251.614712	195.618733
61.513235	251.651256	195.376896
61.728160	251.691261	195.111809
61.961718	251.734702	194.823463
62.213902	251.781553	194.511848
62.484703	251.831785	194.176953
62.774114	251.885365	193.818767
63.082123	251.942262	193.437276
63.221599	251.967960	193.264400
63.379678	251.996900	193.068212
63.556748	252.028555	192.848961
63.753196	252.062389	192.606912
63.969447	252.097791	192.342381
64.205993	252.134025	192.055773
64.463350	252.170288	191.747557
64.742059	252.205689	191.418286
65.042755	252.239115	191.068700
65.366026	252.269448	190.699600
65.514739	252.280757	190.532997
65.685655	252.289574	190.346374
65.879203	252.295075	190.140339
66.095720	252.296555	189.915431
66.335594	252.293155	189.672339
66.599167	252.284045	189.411759
66.886735	252.268344	189.134498
67.198301	252.245070	188.841810
67.533866	252.213198	188.535005
67.893434	252.171927	188.215095
68.061699	252.149245	188.069588
68.253969	252.118251	187.909424
68.470245	252.078278	187.735464
68.710528	252.028712	187.548496
68.974819	251.968947	187.349291
69.263119	251.898341	187.138667
69.575431	251.816224	186.917477
69.911755	251.721919	186.686586
70.272094	251.614742	186.446855
70.656449	251.494022	186.199137
71.064821	251.359112	185.944243
71.248304	251.295597	185.833337
71.455807	251.219395	185.713131
71.687330	251.130170	185.584040
71.942875	251.027592	185.446477
72.222442	250.911301	185.300886
72.526033	250.780936	185.147710
72.853648	250.636177	184.987333
73.205289	250.476738	184.820092
73.580957	250.302829	184.645641
73.980652	250.114156	184.464319
74.167789	250.024176	184.381354
74.378955	249.919725	184.291024
74.614151	249.800646	184.193506
74.873376	249.666788	184.088968
75.156632	249.517961	183.977624
75.463918	249.353948	183.859719
75.795236	249.174517	183.735517
76.150586	248.979427	183.605292
76.529968	248.768432	183.469315
76.933383	248.541286	183.327856
77.119569	248.435219	183.263946
77.329789	248.312346	183.195343
77.564042	248.172643	183.122043
77.822327	248.016088	183.044035
78.104646	247.842730	182.961207
78.410998	247.652473	182.873641
78.741384	247.445359	182.781227
79.095802	247.221368	182.683935
79.474253	246.980325	182.581938
79.876737	246.722050	182.475415
80.060209	246.603467	182.427707
80.267397	246.466769	182.376931
80.498312	246.311987	182.322993
80.752966	246.139156	182.265790
81.031354	245.948274	182.205285
81.333525	245.739459	182.141210
81.659459	245.512681	182.073575
82.009127	245.267896	182.002413
82.382495	245.005049	181.927776
82.779638	244.724322	181.849259
82.959717	244.596532	181.814028
83.163092	244.449971	181.776575
83.389817	244.284733	181.736673
83.639923	244.100883	181.694154
83.913430	243.898460	181.648896
84.210367	243.677531	181.600722
84.530731	243.438097	181.549578
84.874511	243.180154	181.495425
85.241692	242.903685	181.438236
85.632250	242.608662	181.378008
85.809168	242.474616	181.350963
86.008882	242.321106	181.322683
86.231445	242.148209	181.292963
86.476915	241.956012	181.261572
86.745331	241.744579	181.228331
87.036725	241.513963	181.193082
87.351123	241.264212	181.155669
87.688539	240.995357	181.115973
88.049016	240.707478	181.073773
88.432552	240.400584	181.028984
88.606309	240.261309	181.008706
88.802503	240.102136	180.987656
89.021198	239.923145	180.965614
89.262474	239.724445	180.942292
89.526382	239.506108	180.917487
89.812960	239.268193	180.891020
90.122252	239.010769	180.862690
90.454296	238.733899	180.832307
90.809115	238.437629	180.799711
91.186731	238.122000	180.764754
91.357800	237.978893	180.748763
91.551045	237.815589	180.732164
91.766543	237.632187	180.714692
92.004373	237.428783	180.696079
92.264594	237.205461	180.676095
92.547258	236.962295	180.654526
92.852410	236.699353	180.631168
93.180091	236.416702	180.605819
93.530339	236.114403	180.578286
93.903181	235.792510	180.548395
94.072105	235.646659	180.534549
94.262993	235.480380	180.520102
94.475921	235.293766	180.504798
94.711065	235.087042	180.488081
94.968488	234.860295	180.469708
95.248246	234.613608	180.449452
95.550393	234.347066	180.427074
95.874979	234.060753	180.402337
96.222049	233.754746	180.375022
96.591634	233.429106	180.344934
96.759131	233.281642	180.330825
96.948506	233.113674	180.315759
97.159841	232.925303	180.299464
97.393222	232.716644	180.281634
97.648720	232.487796	180.262006
97.932245	232.253166	180.251384
98.243813	232.011394	180.248669
98.583387	231.761342	180.252820
98.950947	231.502161	180.262753
99.346395	231.233075	180.277603
99.532828	231.109898	180.285975
99.743790	230.969536	180.296084
99.979706	230.812628	180.308067
100.240932	230.639728	180.321969
100.527768	230.451318	180.337766
100.840451	230.247793	180.355409
101.179173	230.029474	180.374823
101.544101	229.796644	180.395876
101.935368	229.549530	180.418414
102.353080	229.288313	180.442280
102.542950	229.170691	180.452985
102.756620	229.034816	180.464271
102.994654	228.881456	180.476415
103.257538	228.711319	180.489527
103.545693	228.525041	180.503596
103.859422	228.323112	180.518659
104.198975	228.105947	180.534690
104.564595	227.873951	180.551518
104.956440	227.627405	180.569049
105.374639	227.366536	180.587165
105.564684	227.248979	180.595114
105.778542	227.113176	180.603181
106.016770	226.959880	180.611644
106.279854	226.789795	180.620599
106.568169	226.603490	180.630134
106.882015	226.401443	180.640286
107.221639	226.184063	180.651023
107.587245	225.951694	180.662262
107.978989	225.704605	180.673914
108.396994	225.443014	180.685861
108.586905	225.325087	180.691041
108.800601	225.188876	180.696096
109.038624	225.035110	180.701296
109.301421	224.864429	180.706802
109.589352	224.677373	180.712710
109.902701	224.474389	180.719070
110.241701	224.255853	180.725874
110.606541	224.022080	180.733062
110.997376	223.773336	180.740531
111.414324	223.509825	180.748167
111.603698	223.390969	180.751453
111.816787	223.253741	180.754469
112.054128	223.098855	180.757448
112.316158	222.926926	180.760542
112.603227	222.738474	180.763839
112.915619	222.533937	180.767371
113.253546	222.313658	180.771155
113.617185	222.077922	180.775157
114.006669	221.826955	180.779320
114.422102	221.560934	180.783558
114.610742	221.440884	180.785360
114.822938	221.302259	180.786959
115.059214	221.145742	180.788571
115.320001	220.971926	180.790326
115.605633	220.781298	180.792322
115.916373	220.574254	180.794618
116.252433	220.351123	180.797225
116.613983	220.112173	180.800110
117.001145	219.857606	180.803235
117.414006	219.587561	180.806559
117.601422	219.465606	180.808036
117.812178	219.324803	180.809504
118.046777	219.165794	180.811172
118.305647	218.989154	180.813141
118.589118	218.795350	180.815487
118.897467	218.584784	180.818220
119.230894	218.357757	180.821364
119.589558	218.114516	180.824897
119.973582	217.855251	180.828781
120.383039	217.580079	180.832999
120.568877	217.455739	180.834931
120.777798	217.312238	180.837118
121.010278	217.150171	180.839780
121.266715	216.970056	180.843053
121.547427	216.772328	180.847013
121.852671	216.557347	180.851700
122.182643	216.325395	180.857132
122.537515	216.076726	180.863249
122.917399	215.811505	180.870031
123.322367	215.529840	180.877461
123.506137	215.402495	180.880899
123.712683	215.255633	180.884938
123.942461	215.089808	180.889796
124.195848	214.905498	180.895611
124.473144	214.703099	180.902480
124.774585	214.482929	180.910469
125.100362	214.245253	180.919592
125.450615	213.990267	180.929862
125.825446	213.718118	180.941269
126.224928	213.428906	180.953791
126.406170	213.298072	180.959598
126.609815	213.147313	180.966466
126.836300	212.977145	180.974598
127.085984	212.788007	180.984132
127.359152	212.580262	180.995170
127.656037	212.354212	181.007763
127.976845	212.110123	181.021883
128.321717	211.848186	181.037526
128.690751	211.568532	181.054691
129.084007	211.271242	181.073377
129.262402	211.136703	181.082000
129.462822	210.981849	181.092110
129.685678	210.807151	181.103916
129.931312	210.613017	181.117549
130.199995	210.399776	181.133118
130.491938	210.167696	181.150694
130.807328	209.917010	181.170278
131.146301	209.647890	181.191872
131.508955	209.360460	181.215463
131.895348	209.054798	181.241044
132.070602	208.916423	181.252817
132.267462	208.757328	181.266548
132.486324	208.577952	181.282423
132.727512	208.378668	181.300576
132.991284	208.159779	181.321109
133.277844	207.921533	181.344092
133.587356	207.664129	181.369554
133.919952	207.387726	181.397497
134.275725	207.092435	181.427910
134.654735	206.778329	181.460782
134.826618	206.636101	181.475863
135.019693	206.472772	181.493324
135.234332	206.288745	181.513350
135.470840	206.084360	181.536075
135.729461	205.859896	181.561600
136.010393	205.615582	181.589987
136.313792	205.351599	181.621269
136.639785	205.068093	181.655445
136.988463	204.765168	181.692501
137.359886	204.442892	181.732419
137.528311	204.296949	181.750681
137.717532	204.129556	181.771680
137.927896	203.941082	181.795599
138.159691	203.731839	181.822573
138.413146	203.502080	181.852706
138.688440	203.252009	181.886071
138.985718	202.981788	181.922713
139.305095	202.691547	181.962636
139.646663	202.381383	182.005822
140.010483	202.051360	182.052243
140.175443	201.901897	182.073438
140.360815	201.730661	182.097672
140.566935	201.537994	182.125114
140.794082	201.324191	182.155880
141.042477	201.089486	182.190067
141.312296	200.834072	182.227737
141.603676	200.558099	182.268931
141.916723	200.261679	182.313666
142.251519	199.944901	182.361929
142.608123	199.607820	182.413692
142.769799	199.455162	182.437279
142.951539	199.280440	182.464127
143.153668	199.083978	182.494386
143.376455	198.866047	182.528164
143.620113	198.626871	182.565545
143.884819	198.366631	182.606580
144.170711	198.085472	182.651293
144.477898	197.783505	182.699686
144.806465	197.460814	182.751735
145.156469	197.117450	182.807413
145.315156	196.961959	182.832724
145.493614	196.784156	182.861406
145.692142	196.584338	182.893619
145.910996	196.362757	182.929471
146.150388	196.119624	182.969030
146.410490	195.855113	183.012337
146.691442	195.569361	183.059403
146.993353	195.262476	183.110219
147.316318	194.934543	183.164744
147.660401	194.585619	183.222927
147.816420	194.427626	183.249310
147.991977	194.247116	183.279059
148.187366	194.044373	183.312318
148.402833	193.819634	183.349187
148.638580	193.573095	183.389738
148.894765	193.304916	183.434018
149.171520	193.015221	183.482045
149.468948	192.704111	183.533810
149.787140	192.371666	183.589269
150.126168	192.017943	183.648354
150.279903	191.857787	183.675102
150.452968	191.674928	183.705160
150.645660	191.469640	183.738644
150.858226	191.242155	183.775634
151.090872	190.992667	183.816178
151.343767	190.721334	183.860298
151.617050	190.428284	183.907988
151.910836	190.113622	183.959214
152.225226	189.777431	184.013909
152.560299	189.419776	184.071990
152.712280	189.257865	184.098196
152.883479	189.073127	184.127488
153.074187	188.865823	184.159975
153.284649	188.636177	184.195728
153.515072	188.384380	184.234778
153.765629	188.110590	184.277130
154.036462	187.814934	184.322765
154.327691	187.497517	184.371633
154.639426	187.158429	184.423645
154.971755	186.797739	184.478698
155.122530	186.634479	184.503453
155.292469	186.448302	184.530970
155.481861	186.239467	184.561342
155.690956	186.008197	184.594619
155.919965	185.754680	184.630820
156.169062	185.479073	184.669935
156.438395	185.181507	184.711925
156.728092	184.862090	184.756725
157.038269	184.520918	184.804224
157.369023	184.158068	184.854298
157.519125	183.993853	184.876719
157.688382	183.806669	184.901490
157.877085	183.596770	184.928691
158.085489	183.364381	184.958354
158.313812	183.109694	184.990471
158.562238	182.832871	185.025010
158.830924	182.534049	185.061909
159.120007	182.213345	185.101074
159.429608	181.870860	185.142384
159.759833	181.506679	185.185692
159.909735	181.341883	185.204972
160.078831	181.154106	185.226100
160.267420	180.943603	185.249133
160.475758	180.710600	185.274089
160.704064	180.455290	185.300949
160.952524	180.177835	185.329671
161.221302	179.878379	185.360171
161.510541	179.557047	185.392334
161.820371	179.213951	185.426016
162.150902	178.849183	185.461050
162.300978	178.684144	185.476513
162.470313	178.496138	185.493265
162.659205	178.285423	185.511352
162.867916	178.052226	185.530773
163.096672	177.796746	185.551490
163.345666	177.519154	185.573437
163.615064	177.219600	185.596514
163.905013	176.898213	185.620595
164.215654	176.555119	185.645502
164.547102	176.190424	185.671048
164.697627	176.025442	185.682143
164.867501	175.837543	185.693906
165.057026	175.626987	185.706368
165.266468	175.394007	185.719510
165.496058	175.138808	185.733277
165.745990	174.861566	185.747588
166.016431	174.562433	185.762334
166.307532	174.241550	185.777368
166.619427	173.899043	185.792515
166.952234	173.535026	185.807570
167.103391	173.370369	185.813866
167.273980	173.182855	185.820204
167.464309	172.972753	185.826593
167.674647	172.740297	185.833002
167.905227	172.485698	185.839359
168.156247	172.209142	185.845563
168.427880	171.910790	185.851485
168.720279	171.590792	185.856962
169.033581	171.249284	185.861799
169.367903	170.886390	185.865781
169.519763	170.722264	185.867011
169.691152	170.535374	185.867607
169.882386	170.325996	185.867559
170.093741	170.094377	185.866809
170.325454	169.840737	185.865265
170.577725	169.565266	185.862815
170.850726	169.268135	185.859317
171.144611	168.949503	185.854590
171.459518	168.609516	185.848424
171.795565	168.248307	185.840593
171.948216	168.084966	185.836427
172.120490	167.898972	185.830941
172.312706	167.690604	185.824108
172.525137	167.460116	185.815861
172.758021	167.207734	185.806093
173.011560	166.933657	185.794676
173.285926	166.638062	185.781457
173.581271	166.321117	185.766241
173.897731	165.982976	185.748812
174.235418	165.623776	185.728935
174.388810	165.461364	185.719282
174.561905	165.276418	185.707627
174.755020	165.069222	185.693932
174.968428	164.840033	185.678119
175.202362	164.589079	185.660077
175.457022	164.316565	185.639668
175.732577	164.022674	185.616729
176.029174	163.707573	185.591067
176.346940	163.371421	185.562462
176.685985	163.014361	185.530673
176.839975	162.852929	185.515619
177.013712	162.669067	185.497928
177.207511	162.463061	185.477554
177.421643	162.235173	185.454408
177.656341	161.985634	185.428370
177.911800	161.714655	185.399294
178.188187	161.422421	185.367008
178.485647	161.109110	185.331308
178.804304	160.774884	185.291968
179.144257	160.419886	185.248751
179.298639	160.259397	185.228518
179.472791	160.076579	185.205036
179.667027	159.871721	185.178249
179.881606	159.645076	185.148076
180.116712	159.396826	185.114462
180.372496	159.127126	185.077337
180.649080	158.836110	185.036606
180.946561	158.523893	184.992155
181.265012	158.190570	184.943858
181.604491	157.836229	184.891555
181.758502	157.675922	184.867431
181.931895	157.492945	184.840067
182.124949	157.287537	184.809505
182.337902	157.059907	184.775741
182.570953	156.810243	184.738735
182.824263	156.538700	184.698423
183.097630	156.245769	184.654767
183.390780	155.931949	184.607720
183.703426	155.597704	184.557218
184.035299	155.243449	184.503168
184.187343	155.081408	184.478165
184.358211	154.896465	184.450032
184.547832	154.689292	184.418897
184.756063	154.460522	184.384842
184.982712	154.210745	184.347912
185.227549	153.940502	184.308130
185.490308	153.650313	184.265494
185.770674	153.340686	184.219991
186.068295	153.012121	184.171602
186.382827	152.665076	184.120285
186.713902	152.300011	184.065986
186.863253	152.135433	184.041326
187.029436	151.949331	184.013898
187.212309	151.742427	183.983851
187.411675	151.515394	183.951290
187.627318	151.268822	183.916285
187.858983	151.003278	183.878878
188.106398	150.719288	183.839083
188.369252	150.417366	183.796898
188.647241	150.097985	183.752299
188.940039	149.761611	183.705247
189.247315	149.408673	183.655705
189.568735	149.039576	183.603633
189.714767	148.871923	183.579825
189.875799	148.684167	183.553506
190.051681	148.477012	183.524836
190.242194	148.251138	183.493927
190.447075	148.007192	183.460860
190.666010	147.745794	183.425696
190.898697	147.467505	183.388464
191.144838	147.172839	183.349168
191.404135	146.862271	183.307795
191.676265	146.536267	183.264327
191.960912	146.195263	183.218734
192.257801	145.839635	183.170964
192.566670	145.469717	183.120965
192.709221	145.299017	183.097715
192.865106	145.109697	183.072076
193.034116	144.902506	183.044217
193.216007	144.678132	183.014262
193.410515	144.437220	182.982292
193.617345	144.180386	182.948364
193.836198	143.908194	182.912511
194.066760	143.621190	182.874742
194.308691	143.319905	182.835064
194.561695	143.004793	182.793464
194.825483	142.676279	182.749915
195.099760	142.334779	182.704380
195.384207	141.980709	182.656831
195.678525	141.614453	182.607230
195.982413	141.236390	182.555531
196.121719	141.063128	182.531577
196.272528	140.873123	182.505213
196.434654	140.667096	182.476601
196.607864	140.445730	182.445861
196.791930	140.209626	182.413080
196.986578	139.959368	182.378326
197.191542	139.695491	182.341639
197.406555	139.418481	182.303045
197.631349	139.128799	182.262552
197.865639	138.826906	182.220154
198.109137	138.513243	182.175835
198.361548	138.188246	182.129575
198.622596	137.852321	182.081335
198.892030	137.505841	182.031064
199.169620	137.149138	181.978709
199.455132	136.782540	181.924216
199.748324	136.406381	181.867526
200.048946	136.020989	181.808593
200.185521	135.846034	181.781428
200.332028	135.656243	181.751569
200.488258	135.452347	181.719192
200.653986	135.235017	181.684423
200.828956	135.004895	181.647360
201.012928	134.762547	181.608063
201.205657	134.508495	181.566577
201.406924	134.243199	181.522917
201.616502	133.967100	181.477083
201.834150	133.680624	181.429073
202.059620	133.384182	181.378878
202.292667	133.078176	181.326479
202.533035	132.762995	181.271859
202.780480	132.439005	181.214993
203.034765	132.106562	181.155852
203.295648	131.766016	181.094402
203.562910	131.417684	181.030608
203.836324	131.061887	180.964437
204.115693	130.698912	180.895844
204.400808	130.329042	180.824795
204.691491	129.952535	180.751245
204.987587	129.569618	180.675136
205.288949	129.180508	180.596416
205.424224	129.006122	180.560494
205.567949	128.819140	180.521267
205.719958	128.620234	180.478909
205.880072	128.410003	180.433556
206.048097	128.189006	180.385309
206.223841	127.957751	180.334237
206.407084	127.716723	180.280403
206.597597	127.466386	180.223854
206.795145	127.207185	180.164623
206.999493	126.939537	180.102734
207.210401	126.663848	180.038207
207.427618	126.380520	179.971056
207.650935	126.089911	179.901269
207.880152	125.792347	179.828832
208.115064	125.488153	179.753730
208.355479	125.177633	179.675945
208.601182	124.861091	179.595476
208.851989	124.538796	179.512312
209.107717	124.211012	179.426437
209.368220	123.877955	179.337828
209.633356	123.539838	179.246457
209.902985	123.196869	179.152295
210.176959	122.849265	179.055318
210.455139	122.497236	178.955496
210.737382	122.140989	178.852803
211.023556	121.780724	178.747213
211.313513	121.416642	178.638711
211.607111	121.048938	178.527285
211.904228	120.677787	178.412914
212.204746	120.303351	178.295581
212.508551	119.925788	178.175268
212.644686	119.757037	178.120583
212.787866	119.578260	178.061729
212.937951	119.390047	177.998905
213.094765	119.192961	177.932277
213.258106	118.987540	177.861988
213.427763	118.774270	177.788161
213.603534	118.553590	177.710895
213.785206	118.325921	177.630277
213.972583	118.091631	177.546378
214.165455	117.851083	177.459260
214.363615	117.604620	177.368982
214.566855	117.352576	177.275591
214.774976	117.095262	177.179130
214.987767	116.832990	177.079641
215.205044	116.566046	176.977150
215.426630	116.294683	176.871687
215.652344	116.019159	176.763282
215.882006	115.739725	176.651963
216.115448	115.456606	176.537757
216.352513	115.170018	176.420690
216.593042	114.880172	176.300785
216.836870	114.587283	176.178072
217.083847	114.291548	176.052577
217.333841	113.993141	175.924315
217.586739	113.692223	175.793291
217.842414	113.388954	175.659525
218.100743	113.083493	175.523037
218.361608	112.775989	175.383847
218.624896	112.466577	175.241976
218.890493	112.155403	175.097444
219.158290	111.842606	174.950268
219.428178	111.528329	174.800468
219.700088	111.212664	174.648041
219.973937	110.895720	174.492997
220.249668	110.577574	174.335334
220.527198	110.258324	174.175068
220.806445	109.938067	174.012219
221.087324	109.616902	173.846805
221.369756	109.294921	173.678849
221.653682	108.972191	173.508360
221.939045	108.648780	173.335347
222.225786	108.324759	173.159820
222.513855	108.000195	172.981782
222.803195	107.675163	172.801239
223.093780	107.349701	172.618182
223.385558	107.023788	172.432672
223.678496	106.697393	172.244752
223.972573	106.370440	172.054480
224.267770	106.042855	171.861907
224.564065	105.714570	171.667088
224.861433	105.385522	171.470074
225.159866	105.055641	171.270901
225.459368	104.724900	171.069562
225.759940	104.393226	170.866082
226.061572	104.060557	170.660493
226.364257	103.726831	170.452823
226.667981	103.391996	170.243105
226.804109	103.241923	170.148515
226.945581	103.084054	170.049279
227.092280	102.918808	169.945677
227.244056	102.746553	169.837982
227.400741	102.567628	169.726443
227.562196	102.382326	169.611246
227.728275	102.191003	169.492510
227.898836	101.993943	169.370348
228.073730	101.791373	169.244901
228.252793	101.583514	169.116304
228.435864	101.370569	168.984687
228.622765	101.152744	168.850185
228.813318	100.930231	168.712933
229.007363	100.703243	168.573017
229.204736	100.471986	168.430528
229.405293	100.236657	168.285536
229.608899	99.997425	168.138102
229.815418	99.754456	167.988293
230.024712	99.507921	167.836176
230.236641	99.257983	167.681818
230.451066	99.004757	167.525318
230.667844	98.748392	167.366757
230.886828	98.489038	167.206223
231.107871	98.226841	167.043806
231.330846	97.961925	166.879579
231.555629	97.694377	166.713640
231.782094	97.424282	166.546085
232.010165	97.151694	166.376963
232.239761	96.876669	166.206332
232.470789	96.599268	166.034258
232.703176	96.319614	165.860749
232.936887	96.037728	165.685816
233.171878	95.753636	165.509487
233.408091	95.467371	165.331798
233.645464	95.178969	165.152793
233.883934	94.888466	164.972521
234.123438	94.595946	164.791000
234.363907	94.301443	164.608285
234.605287	94.004985	164.424418
234.847539	93.706589	164.239426
235.090621	93.406272	164.053338
235.334487	93.104052	163.866189
235.579094	92.799979	163.677995
235.824391	92.494073	163.488798
236.070326	92.186356	163.298643
236.316854	91.876920	163.107524
236.563939	91.565774	162.915472
236.811533	91.252972	162.722507
237.059591	90.938529	162.528672
237.308060	90.622486	162.334003
237.556901	90.304852	162.138536
237.806086	89.985647	161.942286
238.055589	89.664869	161.745277
238.305381	89.342516	161.547540
238.555443	89.018620	161.349067
238.805755	88.693171	161.149879
239.056296	88.366164	160.949998
239.307030	88.037678	160.749418
239.557934	87.707705	160.548166
239.808975	87.376244	160.346274
240.060135	87.043288	160.143764
240.311390	86.708859	159.940645
240.562755	86.372925	159.736898
240.814238	86.035458	159.532514
241.065850	85.696431	159.327478
241.317594	85.355818	159.121785
241.569487	85.013586	158.915416
241.821533	84.669707	158.708362
242.073730	84.324162	158.500626
242.326083	83.976959	158.292179
242.578583	83.628082	158.083030
242.831214	83.277517	157.873198
243.083952	82.925256	157.662707
243.336786	82.571284	157.451570
243.589712	82.215621	157.239765
243.842724	81.858247	157.027299
244.095821	81.499137	156.814171
244.348997	81.138313	156.600364
244.602263	80.775739	156.385861
244.855639	80.411379	156.170639
245.109133	80.045249	155.954660
245.362761	79.677308	155.737901
245.616531	79.307558	155.520337
245.730033	79.141464	155.422714
245.847697	78.966363	155.321060
245.969453	78.782668	155.215597
246.095218	78.590729	155.106536
246.224884	78.390878	154.994075
246.358327	78.183446	154.878386
246.495411	77.968748	154.759638
246.635985	77.747090	154.637994
246.779893	77.518744	154.513623
246.927000	77.284024	154.386617
247.077205	77.043129	154.257055
247.230402	76.796252	154.125019
247.386481	76.543576	153.990591
247.545330	76.285276	153.853853
247.706859	76.021547	153.714837
247.870972	75.752550	153.573592
248.037569	75.478429	153.430185
248.206545	75.199322	153.284689
248.377803	74.915358	153.137167
248.551257	74.626681	152.987651
248.726809	74.333407	152.836212
248.904355	74.035683	152.682913
249.083790	73.733620	152.527833
249.265021	73.427318	152.371041
249.447972	73.116891	152.212569
249.632610	72.802410	152.052399
249.818892	72.483930	151.890541
250.006771	72.161503	151.727010
250.196193	71.835182	151.561832
250.387105	71.505038	151.395025
250.579445	71.171124	151.226629
250.773155	70.833506	151.056673
250.968189	70.492223	150.885179
251.164497	70.147312	150.712175
251.362026	69.798814	150.537696
251.560747	69.446758	150.361740
251.760621	69.091170	150.184324
251.961620	68.732063	150.005454
252.163709	68.369455	149.825144
252.366876	68.003346	149.643378
252.571132	67.633720	149.460110
252.776477	67.260593	149.275295
252.982905	66.883955	149.088913
253.190402	66.503802	148.900951
253.398943	66.120140	148.711411
253.608511	65.732963	148.520289
253.819077	65.342294	148.327585
254.030622	64.948120	148.133300
254.243118	64.550439	147.937444
254.456548	64.149234	147.740014
254.670911	63.744482	147.540986
254.766557	63.563084	147.451842
254.866514	63.370768	147.358034
254.970748	63.167902	147.259756
255.079197	62.954834	147.157188
255.191776	62.731893	147.050504
255.308378	62.499396	146.939877
255.428889	62.257660	146.825453
255.553197	62.006959	146.707367
255.681182	61.747554	146.585753
255.812719	61.479695	146.460734
255.947700	61.203606	146.332402
256.086013	60.919500	146.200852
256.227549	60.627579	146.066162
256.372207	60.328028	145.928402
256.519894	60.021016	145.787627
256.670519	59.706701	145.643887
256.823986	59.385236	145.497240
256.980203	59.056765	145.347738
257.139087	58.721447	145.195405
257.300557	58.379403	145.040283
257.464522	58.030766	144.882419
257.630904	57.675639	144.721851
257.799621	57.314124	144.558622
257.970585	56.946319	144.392787
258.143736	56.572325	144.224353
258.319003	56.192218	144.053353
258.496325	55.806072	143.879802
258.675647	55.413945	143.703712
258.856949	55.015881	143.525038
259.040209	54.611907	143.343741
259.225397	54.202077	143.159789
259.412479	53.786416	142.973171
259.601428	53.364938	142.783856
259.685772	53.176050	142.698961
259.774804	52.974332	142.608473
259.868460	52.760175	142.512630
259.966659	52.533953	142.411640
260.069312	52.296011	142.305689
260.176338	52.046656	142.194907
260.287651	51.786195	142.079409
260.403146	51.514909	141.959318
260.522708	51.233065	141.834760
260.646227	50.940923	141.705836
260.773583	50.638722	141.572659
260.904662	50.326681	141.435321
261.039355	50.005003	141.293906
261.177546	49.673887	141.148505
261.319124	49.333516	140.999194
261.464012	48.984043	140.845998
261.612141	48.625606	140.688920
261.763440	48.258357	140.527965
261.917829	47.882430	140.363156
262.075240	47.497935	140.194498
262.235599	47.104979	140.022007
262.398827	46.703662	139.845708
262.564852	46.294073	139.665617
262.733595	45.876298	139.481761
262.904985	45.450422	139.294153
262.982005	45.258356	139.209427
263.064119	45.051731	139.118031
263.151282	44.830933	139.020177
263.243419	44.596326	138.916066
263.340449	44.348251	138.805867
263.442274	44.087046	138.689742
263.548779	43.813026	138.567852
263.659846	43.526482	138.440348
263.775347	43.227692	138.307377
263.895154	42.916917	138.169072
264.019166	42.594389	138.025512
264.147290	42.260321	137.876749
264.279427	41.914915	137.722843
264.415486	41.558358	137.563834
264.555383	41.190822	137.399741
264.699033	40.812472	137.230589
264.846347	40.423454	137.056403
264.997243	40.023897	136.877201
265.151632	39.613938	136.693005
265.309435	39.193689	136.503826
265.470600	38.763234	136.309619
265.542610	38.570356	136.222370
265.620127	38.361321	136.127210
265.703089	38.136522	136.024383
265.791423	37.896325	135.914098
265.885043	37.641064	135.796536
265.983851	37.371063	135.671868
266.087743	37.086629	135.540240
266.196604	36.788052	135.401798
266.310319	36.475606	135.256666
266.428794	36.149518	135.104917
266.551944	35.810000	134.946597
266.679677	35.457263	134.781751
266.811896	35.091508	134.610425
266.948513	34.712903	134.432643
267.089437	34.321619	134.248427
267.234585	33.917809	134.057782
267.383880	33.501609	133.860696
267.537242	33.073147	133.657160
267.605850	32.881029	133.565598
267.680382	32.671303	133.464778
267.760797	32.444347	133.354914
267.847025	32.200516	133.236206
267.938981	31.940154	133.108846
268.036572	31.663578	132.972987
268.139695	31.371092	132.828776
268.248236	31.062987	132.676356
268.362092	30.739504	132.515831
268.481150	30.400895	132.347299
268.605300	30.047393	132.170839
268.734461	29.679202	131.986467
268.868557	29.296509	131.794175
269.007508	28.899488	131.593952
269.151232	28.488299	131.385790
269.299657	28.063084	131.169650
269.365952	27.872880	131.072554
269.438574	27.663860	130.964752
269.517467	27.436397	130.846489
269.602547	27.190836	130.718000
269.693723	26.927515	130.579492
269.790912	26.646744	130.431104
269.894033	26.348812	130.272940
270.002990	26.033997	130.105103
270.117682	25.702557	129.927684
270.238014	25.354716	129.740746
270.363885	24.990692	129.544342
270.495188	24.610689	129.338525
270.631834	24.214841	129.123311
270.773728	23.803307	128.898708
270.924095	23.409928	128.651776
271.083099	23.034161	128.382145
271.250906	22.675438	128.089449
271.427668	22.333205	127.773346
271.509728	22.189143	127.623305
271.603009	22.052126	127.446349
271.707634	21.921963	127.242478
271.823697	21.798451	127.011683
271.951271	21.681344	126.753935
272.090405	21.570420	126.469203
272.241125	21.465458	126.157448
272.403447	21.366196	125.818621
272.577367	21.272367	125.452666
272.762865	21.183727	125.059525
272.959903	21.100053	124.639141
273.053132	21.064763	124.438984
273.158006	21.031166	124.211343
273.274584	20.999317	123.956248
273.402900	20.969226	123.673714
273.542962	20.940906	123.363746
273.694759	20.914362	123.026339
273.858262	20.889553	122.661479
274.033426	20.866420	122.269144
274.220192	20.844914	121.849307
274.418484	20.824999	121.401933
274.508753	20.817089	121.197510
274.610430	20.809662	120.965462
274.723569	20.802829	120.705817
274.848201	20.796656	120.418592
274.984331	20.791209	120.103792
275.131941	20.786541	119.761409
275.291000	20.782661	119.391432
275.461457	20.779556	118.993839
275.643249	20.777221	118.568602
275.836295	20.775659	118.115689
275.923736	20.775315	117.909888
276.022271	20.775288	117.676328
276.131956	20.775689	117.415037
276.252821	20.776583	117.126031
276.384870	20.778037	116.809312
276.528084	20.780103	116.464875
276.682431	20.782789	116.092708
276.847861	20.786085	115.692789
277.024309	20.789985	115.265091
277.211693	20.794493	114.809582
277.296535	20.796675	114.602707
277.392143	20.799218	114.367945
277.498575	20.802221	114.105321
277.615858	20.805740	113.814850
277.743996	20.809833	113.496535
277.882972	20.814543	113.150371
278.032752	20.819876	112.776344
278.193285	20.825815	112.374434
278.364506	20.832354	111.944614
278.546334	20.839490	111.486854
278.628649	20.842792	111.278976
278.721399	20.846546	111.043085
278.824639	20.850845	110.779206
278.938397	20.855736	110.487353
279.062676	20.861269	110.167528
279.197460	20.867480	109.819726
279.342712	20.874368	109.443933
279.498383	20.881910	109.040129
279.664407	20.890092	108.608290
279.840703	20.898906	108.148383
279.920504	20.902938	107.939540
280.010406	20.907515	107.702563
280.110463	20.912719	107.437475
280.220704	20.918588	107.144289
280.341132	20.925157	106.823007
280.471728	20.932453	106.473624
280.612459	20.940463	106.096127
280.763274	20.949157	105.690496
280.924106	20.958512	105.256705
281.094874	20.968510	104.794726
281.172165	20.973050	104.584951
281.259223	20.978187	104.346924
281.356103	20.983993	104.080668
281.462834	20.990493	103.786194
281.579417	20.997716	103.463504
281.705836	21.005675	103.112593
281.842055	21.014351	102.733447
281.988024	21.023706	102.326048
282.143677	21.033709	101.890371
282.308932	21.044336	101.426387
282.383716	21.049133	101.215711
282.467939	21.054529	100.976670
282.561652	21.060589	100.709285
282.664883	21.067329	100.413566
282.777636	21.074768	100.089515
282.899892	21.082910	99.737126
283.031616	21.091728	99.356386
283.172758	21.101174	98.947278
283.323252	21.111209	98.509777
283.483016	21.121795	98.043856
283.555306	21.126546	97.832310
283.636705	21.131838	97.592289
283.727267	21.137727	97.323812
283.827018	21.144233	97.026890
283.935960	21.151374	96.701524
284.054074	21.159157	96.347707
284.181324	21.167554	95.965429
284.317659	21.176520	95.554669
284.463012	21.186006	95.115406
284.617303	21.195965	94.647613
284.687106	21.200411	94.435227
284.765693	21.205295	94.194260
284.853116	21.210665	93.924729
284.949399	21.216550	93.626646
285.054543	21.222978	93.300010
285.168530	21.229950	92.944815
285.291320	21.237450	92.561050
285.422863	21.245445	92.148697
285.563090	21.253886	91.707734
285.711919	21.262729	91.238134
285.779240	21.266666	91.024938
285.855016	21.270944	90.783059
285.939299	21.275611	90.512513
286.032112	21.280702	90.213310
286.133455	21.286244	89.885450
286.243307	21.292248	89.528927
286.361630	21.298702	89.143730
286.488369	21.305580	88.729841
286.623458	21.312838	88.287240
286.766812	21.320439	87.815900
286.831642	21.323821	87.601924
286.904598	21.327467	87.359166
286.985727	21.331432	87.087643
287.075053	21.335756	86.787362
287.172573	21.340477	86.458324
287.278266	21.345609	86.100523
287.392092	21.351149	85.713948
287.513995	21.357088	85.298582
287.643906	21.363397	84.854404
287.781740	21.370039	84.381390
287.844061	21.373007	84.166664
287.914170	21.376212	83.923061
287.992116	21.379708	83.650597
288.077920	21.383535	83.349280
288.171580	21.387732	83.019109
288.273073	21.392315	82.660079
288.382359	21.397283	82.272179
288.499381	21.402627	81.855392
288.624069	21.408319	81.409700
288.756338	21.414327	80.935077
288.816129	21.417018	80.719629
288.883370	21.419928	80.475214
288.958109	21.423119	80.201846
289.040365	21.426629	79.899533
289.130136	21.430495	79.568274
289.227398	21.434743	79.208064
289.332108	21.439385	78.818891
289.444211	21.444408	78.400742
289.563634	21.449783	77.953595
289.690294	21.455474	77.477430
289.747535	21.458028	77.261289
289.811887	21.460798	77.016094
289.883394	21.463842	76.741860
289.962077	21.467211	76.438591
290.047931	21.470938	76.106289
290.140932	21.475041	75.744948
290.241038	21.479533	75.354556
290.348190	21.484414	74.935101
290.462316	21.489658	74.486562
290.583332	21.495224	74.008918
290.638010	21.497727	73.792114
290.699454	21.500461	73.546173
290.767710	21.503492	73.271109
290.842796	21.506864	72.966927
290.924706	21.510621	72.633628
291.013417	21.514787	72.271205
291.108884	21.519369	71.879648
291.211049	21.524368	71.458944
291.319841	21.529750	71.009075
291.435174	21.535474	70.530020
291.487270	21.538050	70.312582
291.545787	21.540886	70.065929
291.610770	21.544042	69.790073
291.682237	21.547564	69.485019
291.760181	21.551490	69.150767
291.844578	21.555843	68.787312
291.935383	21.560638	68.394645
292.032536	21.565878	67.972750
292.135967	21.571520	67.521613
292.245590	21.577518	67.041213
292.295093	21.580215	66.823171
292.350670	21.583206	66.575840
292.412366	21.586545	66.299230
292.480197	21.590281	65.993347
292.554157	21.594450	65.658190
292.634220	21.599077	65.293754
292.720342	21.604166	64.900030
292.812463	21.609718	64.477005
292.910511	21.615699	64.024663
293.014400	21.622057	63.542984
293.061299	21.624918	63.324370
293.113924	21.628108	63.076395
293.172320	21.631672	62.799071
293.236502	21.635646	62.492401
293.306466	21.640063	62.156386
293.382184	21.644945	61.791020
293.463611	21.650306	61.396295
293.550687	21.656149	60.972198
293.643338	21.662433	60.518714
293.741480	21.669110	60.035826
293.785769	21.672110	59.816670
293.835435	21.675480	59.568087
293.890522	21.679256	59.290087
293.951046	21.683463	58.982675
294.017002	21.688125	58.645849
294.088364	21.693247	58.279604
294.165086	21.698826	57.883934
294.247110	21.704853	57.458825
294.334361	21.711299	57.004264
294.426753	21.718120	56.520234
294.468431	21.721179	56.300567
294.515138	21.724616	56.051411
294.566917	21.728467	55.772775
294.623785	21.732756	55.464663
294.685734	21.737506	55.127074
294.752738	21.742725	54.760003
294.824753	21.748406	54.363443
294.901717	21.754535	53.937382
294.983558	21.761076	53.481808
295.070189	21.767983	52.996705
295.109252	21.771069	52.776558
295.152996	21.774532	52.526864
295.201463	21.778409	52.247631
295.254667	21.782736	51.938862
295.312599	21.787533	51.600579
295.375210	21.792796	51.232897
295.442433	21.798511	50.835943
295.514183	21.804659	50.409857
295.590359	21.811199	49.954787
295.670847	21.818083	49.470897
295.707288	21.821173	49.250301
295.747933	21.824635	49.000886
295.792804	21.828501	48.722780
295.841896	21.832798	48.416119
295.895178	21.837551	48.081051
295.952599	21.842766	47.717732
296.014093	21.848427	47.326326
296.079573	21.854516	46.907011
296.148940	21.860995	46.459971
296.222083	21.867811	45.985405
296.255900	21.870934	45.764392
296.293435	21.874424	45.515531
296.334708	21.878305	45.238987
296.379708	21.882593	44.934932
296.428405	21.887303	44.603548
296.480747	21.892433	44.245025
296.536665	21.897973	43.859562
296.596077	21.903896	43.447370
296.658885	21.910162	43.008664
296.724981	21.916724	42.543676
296.794243	21.923534	42.052645
296.825219	21.926537	41.831214
296.859380	21.929858	41.583004
296.896745	21.933532	41.308219
296.937304	21.937592	41.007068
296.981025	21.942058	40.679770
297.027862	21.946923	40.326549
297.077747	21.952179	39.947640
297.130603	21.957793	39.543280
297.186338	21.963726	39.113717
297.244850	21.969930	38.659207
297.306025	21.976358	38.180017
297.334090	21.979265	37.958197
297.364869	21.982461	37.710641
297.398376	21.985988	37.437585
297.434601	21.989861	37.139270
297.473515	21.994085	36.815944
297.515071	21.998662	36.467861
297.559205	22.003581	36.095280
297.605841	22.008817	35.698470
297.654893	22.014345	35.277707
297.706260	22.020140	34.833277
297.759837	22.026160	34.365474
297.815507	22.032357	33.874601
297.840442	22.035093	33.652405
297.867583	22.038074	33.405614
297.896946	22.041322	33.134492
297.928528	22.044850	32.839309
297.962302	22.048657	32.520339
297.998228	22.052732	32.177859
298.036248	22.057058	31.812157
298.076293	22.061617	31.423524
298.118283	22.066382	31.012259
298.162126	22.071334	30.578672
298.207724	22.076456	30.123079
298.254969	22.081715	29.645806
298.276739	22.084103	29.423274
298.300270	22.086701	29.177252
298.325581	22.089544	28.908031
298.352666	22.092636	28.615904
298.381502	22.095980	28.301169
298.412052	22.099576	27.964129
298.444262	22.103403	27.605091
298.478070	22.107444	27.224369
298.513400	22.111684	26.822284
298.550171	22.116091	26.399160
298.588293	22.120630	25.955330
298.627671	22.125252	25.491132
298.668205	22.129901	25.006908
298.686594	22.131946	24.784068
298.706287	22.134077	24.538908
298.727305	22.136329	24.271742
298.749646	22.138735	23.982890
298.773292	22.141322	23.672671
298.798209	22.144117	23.341414
298.824350	22.147132	22.989448
298.851656	22.150371	22.617108
298.880064	22.153810	22.224729
298.909502	22.157405	21.812653
298.939893	22.161104	21.381222
298.971154	22.164855	20.930782
299.003195	22.168619	20.461684
299.035923	22.172361	19.974282
299.050632	22.173993	19.751166
299.066186	22.175683	19.506975
299.082612	22.177476	19.242047
299.099913	22.179411	18.956721
299.118080	22.181505	18.651338
299.137088	22.183746	18.326238
299.156901	22.186124	17.981767
299.177473	22.188614	17.618268
299.198750	22.191191	17.236087
299.220671	22.193827	16.835575
299.243169	22.196492	16.417084
299.266168	22.199174	15.980970
299.289592	22.201863	15.527594
299.313357	22.204541	15.057319
299.337379	22.207186	14.570508
299.348123	22.208331	14.347163
299.359273	22.209489	14.104044
299.370864	22.210683	13.841502
299.382910	22.211921	13.559892
299.395410	22.213213	13.259565
299.408347	22.214565	12.940873
299.421693	22.215984	12.604173
299.435409	22.217483	12.249822
299.449450	22.219068	11.878178
299.463763	22.220756	11.489600
299.478288	22.222562	11.084451
299.492964	22.224476	10.663090
299.507729	22.226468	10.225879
299.522515	22.228498	9.773180
299.537255	22.230529	9.305356
299.551880	22.232499	8.822768
299.566319	22.234351	8.325781
299.572522	22.235085	8.102262
299.578679	22.235717	7.860407
299.584833	22.236284	7.600582
299.591009	22.236819	7.323153
299.597214	22.237352	7.028483
299.603441	22.237912	6.716939
299.609675	22.238504	6.388883
299.615892	22.239122	6.044677
299.622060	22.239760	5.684683
299.628141	22.240399	5.309263
299.634096	22.241010	4.918777
299.639878	22.241562	4.513583
299.645440	22.242025	4.094040
299.650730	22.242366	3.660505
299.655694	22.242567	3.213334
299.660276	22.242622	2.752884
299.664418	22.242527	2.279511
299.668062	22.242275	1.793570
299.671149	22.241851	1.295416
299.672234	22.241579	1.071812
299.672837	22.241151	0.831438
299.673014	22.240607	0.574665
299.672799	22.239983	0.301866
299.672214	22.239299	0.013407
299.671264	22.238573	-0.290343
299.669948	22.237811	-0.609020
299.668253	22.237021	-0.942263
299.666162	22.236195	-1.289711
299.663652	22.235337	-1.651005
299.660693	22.234441	-2.025790
299.657254	22.233504	-2.413711
299.653301	22.232507	-2.814418
299.648799	22.231427	-3.227563
299.643710	22.230242	-3.652801
299.637995	22.228929	-4.089787
299.631614	22.227474	-4.538178
299.624527	22.225845	-4.997634
299.616695	22.224003	-5.467818
299.608079	22.221901	-5.948395
299.598640	22.219502	-6.439034
299.594038	22.218281	-6.662591
299.588578	22.216702	-6.901270
299.582326	22.214800	-7.154703
299.575328	22.212622	-7.422525
299.567613	22.210205	-7.704369
299.559202	22.207587	-7.999878
299.550101	22.204788	-8.308691
299.540314	22.201826	-8.630455
299.529834	22.198721	-8.964816
299.518651	22.195488	-9.311424
299.506751	22.192132	-9.669934
299.494116	22.188658	-10.040002
299.480727	22.185061	-10.421289
299.466563	22.181324	-10.813459
299.451604	22.177424	-11.216181
299.435825	22.173338	-11.629128
299.419203	22.169046	-12.051975
299.401714	22.164526	-12.484401
299.383334	22.159752	-12.926088
299.364039	22.154700	-13.376722
299.343805	22.149335	-13.835995
299.322609	22.143625	-14.303604
299.300429	22.137539	-14.779246
299.277241	22.131058	-15.262626
299.253022	22.124173	-15.753452
299.227750	22.116874	-16.251434
299.216098	22.113459	-16.474710
299.203198	22.109492	-16.711147
299.189129	22.105048	-16.960383
299.173954	22.100192	-17.222061
299.157718	22.094985	-17.495828
299.140455	22.089483	-17.781336
299.122189	22.083714	-18.078241
299.102940	22.077706	-18.386201
299.082718	22.071485	-18.704882
299.061530	22.065071	-19.033950
299.039378	22.058474	-19.373080
299.016263	22.051697	-19.721950
298.992183	22.044728	-20.080247
298.967133	22.037560	-20.447660
298.941109	22.030182	-20.823882
298.914104	22.022590	-21.208613
298.886109	22.014777	-21.601555
298.857117	22.006740	-22.002417
298.827118	21.998485	-22.410911
298.796102	21.990026	-22.826752
298.764060	21.981361	-23.249665
298.730982	21.972492	-23.679374
298.696861	21.963418	-24.115610
298.661688	21.954132	-24.558109
298.625456	21.944627	-25.006613
298.588157	21.934896	-25.460866
298.549786	21.924933	-25.920619
298.510338	21.914708	-26.385626
298.469811	21.904188	-26.855646
298.428203	21.893318	-27.330444
298.385513	21.882048	-27.809788
298.341742	21.870320	-28.293454
298.296891	21.858092	-28.781221
298.250960	21.845314	-29.272874
298.203951	21.831954	-29.768206
298.182502	21.825728	-29.990694
298.159469	21.818578	-30.223840
298.134952	21.810578	-30.467315
298.109030	21.801794	-30.720794
298.081768	21.792285	-30.983956
298.053219	21.782109	-31.256484
298.023427	21.771303	-31.538069
297.992427	21.759902	-31.828404
297.960250	21.747941	-32.127190
297.926919	21.735462	-32.434134
297.892452	21.722504	-32.748948
297.856867	21.709103	-33.071350
297.820176	21.695292	-33.401063
297.782391	21.681100	-33.737813
297.743524	21.666548	-34.081333
297.703584	21.651652	-34.431364
297.662579	21.636414	-34.787651
297.620518	21.620836	-35.149947
297.577410	21.604918	-35.518007
297.533263	21.588650	-35.891594
297.488084	21.572022	-36.270473
297.441882	21.555012	-36.654419
297.394664	21.537613	-37.043207
297.346441	21.519802	-37.436619
297.297218	21.501566	-37.834445
297.247004	21.482889	-38.236476
297.195808	21.463752	-38.642511
297.143639	21.444136	-39.052350
297.090503	21.424037	-39.465802
297.036410	21.403447	-39.882679
296.981368	21.382348	-40.302801
296.925386	21.360725	-40.725992
296.868473	21.338561	-41.152078
296.810639	21.315843	-41.580888
296.751894	21.292558	-42.012256
296.692248	21.268695	-42.446019
296.631712	21.244244	-42.882019
296.570296	21.219201	-43.320100
296.508010	21.193546	-43.760116
296.444867	21.167266	-44.201919
296.380878	21.140337	-44.645370
296.316055	21.112737	-45.090336
296.250411	21.084445	-45.536684
296.183957	21.055444	-45.984286
296.116706	21.025720	-46.433017
296.048670	20.995270	-46.882756
295.979859	20.964105	-47.333383
295.910285	20.932226	-47.784785
295.839961	20.899631	-48.236849
295.768898	20.866322	-48.689469
295.697110	20.832299	-49.142540
295.624606	20.797571	-49.595964
295.551400	20.762146	-50.049644
295.477502	20.726034	-50.503485
295.402927	20.689231	-50.957399
295.327686	20.651727	-51.411298
295.251794	20.613510	-51.865099
295.175263	20.574569	-52.318722
295.098107	20.534894	-52.772089
295.020340	20.494479	-53.225123
294.941974	20.453315	-53.677751
294.863025	20.411386	-54.129905
294.783504	20.368674	-54.581516
294.703427	20.325166	-55.032522
294.622807	20.280847	-55.482859
294.541656	20.235709	-55.932470
294.459988	20.189747	-56.381296
294.377816	20.142955	-56.829283
294.295152	20.095329	-57.276376
294.212011	20.046850	-57.722525
294.128405	19.997501	-58.167683
294.044348	19.947269	-58.611803
293.959852	19.896140	-59.054841
293.874932	19.844092	-59.496756
293.789599	19.791104	-59.937507
293.703868	19.737159	-60.377055
293.617750	19.682242	-60.815365
293.531259	19.626339	-61.252399
293.444407	19.569437	-61.688123
293.357206	19.511524	-62.122505
293.269668	19.452591	-62.555514
293.181804	19.392629	-62.987121
293.093626	19.331640	-63.417299
293.005143	19.269628	-63.846023
292.916366	19.206598	-64.273269
292.827304	19.142554	-64.699014
292.737969	19.077501	-65.123237
292.648368	19.011446	-65.545917
292.558512	18.944394	-65.967034
292.468410	18.876352	-66.386571
292.378072	18.807329	-66.804509
292.287506	18.737330	-67.220834
292.196722	18.666365	-67.635529
292.105727	18.594441	-68.048579
292.014532	18.521569	-68.459971
291.923144	18.447756	-68.869692
291.831572	18.373014	-69.277731
291.739823	18.297355	-69.684078
291.647904	18.220792	-70.088726
291.555823	18.143338	-70.491667
291.463586	18.065008	-70.892895
291.371200	17.985815	-71.292404
291.278672	17.905771	-71.690189
291.186009	17.824891	-72.086245
291.093218	17.743187	-72.480568
291.000303	17.660671	-72.873154
290.907273	17.577355	-73.264001
290.814134	17.493250	-73.653104
290.720892	17.408367	-74.040460
290.627553	17.322717	-74.426068
290.534122	17.236322	-74.809926
290.440604	17.149205	-75.192037
290.347004	17.061388	-75.572402
290.253326	16.972892	-75.951024
290.159574	16.883739	-76.327905
290.065752	16.793947	-76.703049
289.971865	16.703535	-77.076458
289.877918	16.612523	-77.448136
289.783913	16.520927	-77.818085
289.689856	16.428778	-78.186311
289.595749	16.336104	-78.552816
289.501596	16.242931	-78.917604
289.407401	16.149287	-79.280680
289.313166	16.055195	-79.642050
289.218895	15.960681	-80.001718
289.124592	15.865767	-80.359689
289.030259	15.770475	-80.715971
288.935899	15.674823	-81.070569
288.841516	15.578831	-81.423491
288.747112	15.482517	-81.774743
288.652692	15.385896	-82.124332
