37.494411	273.688464	24.438513
37.517449	273.635356	24.352836
37.561842	273.588910	24.247171
37.627592	273.549119	24.121514
37.714699	273.515969	23.975864
37.823164	273.489444	23.810216
37.952991	273.469524	23.624566
38.104181	273.456187	23.418909
38.276736	273.449407	23.193239
38.470661	273.449153	22.947549
38.685957	273.455393	22.681833
38.922630	273.468090	22.396083
39.180683	273.487204	22.090290
39.460120	273.512692	21.764445
39.760946	273.544508	21.418539
40.083167	273.582600	21.052561
40.231290	273.601703	20.886144
40.400816	273.627004	20.699639
40.591746	273.658476	20.493041
40.804085	273.696088	20.266343
41.037836	273.739804	20.019540
41.293003	273.789587	19.752622
41.569589	273.845394	19.465583
41.867600	273.907182	19.158413
42.187041	273.974900	18.831104
42.527916	274.048498	18.483645
42.683051	274.082505	18.326239
42.859628	274.122311	18.148669
43.057651	274.167888	17.950929
43.277122	274.219203	17.733014
43.518044	274.276222	17.494918
43.780422	274.338906	17.236633
44.064259	274.407212	16.958152
44.369560	274.481095	16.659466
44.696329	274.560507	16.340569
45.044572	274.645394	16.001450
45.202514	274.683973	15.847938
45.381937	274.727947	15.674190
45.582844	274.777287	15.480203
45.805237	274.831961	15.265970
46.049119	274.891934	15.031486
46.314495	274.957167	14.776744
46.601368	275.027617	14.501737
46.909742	275.103240	14.206459
47.239622	275.183986	13.890900
47.591011	275.269802	13.555054
47.750266	275.308593	13.402958
47.931037	275.352373	13.230561
48.133329	275.401114	13.037859
48.357143	275.454784	12.824847
48.602482	275.513347	12.591520
48.869350	275.576765	12.337872
49.157751	275.644995	12.063897
49.467687	275.717991	11.769587
49.799164	275.795705	11.454936
50.152186	275.878084	11.119937
50.312151	275.915234	10.968178
50.493668	275.956967	10.796058
50.696738	276.003256	10.603575
50.921365	276.054068	10.390723
51.167550	276.109368	10.157497
51.435297	276.169117	9.903893
51.724610	276.233273	9.629905
52.035491	276.301790	9.335527
52.367946	276.374619	9.020751
52.721977	276.451708	8.685573
52.882390	276.486426	8.533711
53.064386	276.525322	8.361435
53.267968	276.568369	8.168741
53.493136	276.615534	7.955627
53.739895	276.666782	7.722087
54.008247	276.722074	7.468116
54.298194	276.781367	7.193711
54.609741	276.844616	6.898864
54.942890	276.911773	6.583572
55.297646	276.982785	6.247826
55.458384	277.014735	6.095700
55.640734	277.050459	5.923111
55.844698	277.089928	5.730058
56.070278	277.133111	5.516537
56.317477	277.179972	5.282543
56.586297	277.230472	5.028074
56.876741	277.284569	4.753124
57.188812	277.342219	4.457688
57.522514	277.403370	4.141762
57.877850	277.467973	3.805340
58.038847	277.497013	3.652905
58.221484	277.529423	3.479967
58.425762	277.565175	3.286522
58.651682	277.604235	3.072568
58.899247	277.646570	2.838100
59.168460	277.692140	2.583117
59.459323	277.740903	2.307613
59.771838	277.792814	2.011585
60.106009	277.847823	1.695028
60.461839	277.905880	1.357938
60.623059	277.931953	1.205201
60.805942	277.960991	1.031925
61.010491	277.992968	0.838106
61.236706	278.027850	0.623742
61.484591	278.065603	0.388831
61.754147	278.106187	0.133368
62.045376	278.149562	-0.142649
62.358281	278.195681	-0.439223
62.692865	278.244496	-0.756359
63.049130	278.295955	-1.094060
63.210546	278.319037	-1.247070
63.393647	278.344683	-1.420652
63.598435	278.372864	-1.614806
63.824913	278.403548	-1.829535
64.073081	278.436700	-2.064841
64.342942	278.472280	-2.320727
64.634498	278.510249	-2.597195
64.947789	278.550564	-2.894208
65.282853	278.593182	-3.211729
65.639719	278.638055	-3.549735
65.801440	278.658158	-3.702843
65.984968	278.680435	-3.876439
66.190367	278.704865	-4.070456
66.417701	278.731426	-4.284828
66.667010	278.760085	-4.519515
66.938318	278.790808	-4.774494
67.231650	278.823556	-5.049741
67.547025	278.858286	-5.345242
67.884477	278.894953	-5.660963
68.244043	278.933510	-5.996869
68.407060	278.950761	-6.148948
68.592141	278.969815	-6.321273
68.799362	278.990653	-6.513764
69.028794	279.013251	-6.726343
69.280497	279.037583	-6.958947
69.554524	279.063616	-7.211521
69.850899	279.091311	-7.484038
70.169656	279.120627	-7.776466
70.510829	279.151521	-8.088771
70.874462	279.183944	-8.420904
71.039374	279.198424	-8.571218
71.226633	279.214339	-8.741497
71.436318	279.231671	-8.931651
71.668506	279.250398	-9.141595
71.923263	279.270493	-9.371258
72.200643	279.291924	-9.620577
72.500705	279.314658	-9.889489
72.823509	279.338655	-10.177924
73.169124	279.363878	-10.485806
73.537598	279.390279	-10.813080
73.704757	279.402037	-10.961133
73.894572	279.414868	-11.128821
74.107129	279.428754	-11.316046
74.342519	279.443674	-11.522703
74.600831	279.459606	-11.748688
74.882132	279.476519	-11.993922
75.186491	279.494380	-12.258324
75.513978	279.513154	-12.541811
75.864662	279.532800	-12.844303
76.238604	279.553275	-13.165726
76.407656	279.554339	-13.312082
76.598280	279.548114	-13.477971
76.810560	279.534549	-13.663281
77.044575	279.513585	-13.867899
77.300396	279.485153	-14.091720
77.578093	279.449174	-14.334632
77.877735	279.405560	-14.596521
78.199393	279.354210	-14.877264
78.543139	279.295014	-15.176729
78.909040	279.227852	-15.494788
79.076191	279.195441	-15.639736
79.266166	279.159606	-15.803851
79.478852	279.119682	-15.987136
79.714153	279.075070	-16.189566
79.972008	279.025228	-16.411076
80.252381	278.969667	-16.651564
80.555247	278.907949	-16.910925
80.880604	278.839678	-17.189027
81.228460	278.764492	-17.485728
81.598831	278.682055	-17.800883
81.766775	278.643586	-17.943415
81.957621	278.601639	-18.105008
82.171264	278.555485	-18.285643
82.407602	278.504472	-18.485288
82.666554	278.448015	-18.703878
82.948043	278.385594	-18.941351
83.252002	278.316749	-19.197633
83.578378	278.241063	-19.472643
83.927139	278.158158	-19.766274
84.298273	278.067685	-20.078404
84.466450	278.025646	-20.219645
84.657416	277.979797	-20.380023
84.871039	277.929382	-20.559525
85.107207	277.873730	-20.758114
85.365832	277.812242	-20.975721
85.646830	277.744389	-21.212271
85.950134	277.669701	-21.467683
86.275696	277.587756	-21.741855
86.623478	277.498178	-22.034682
86.993455	277.400617	-22.346046
87.161057	277.355373	-22.486980
87.351341	277.305977	-22.647107
87.564168	277.251648	-22.826401
87.799419	277.191690	-23.024814
88.056977	277.125495	-23.242291
88.336742	277.052524	-23.478768
88.638612	276.972305	-23.734188
88.962495	276.884422	-24.008493
89.308148	276.788557	-24.301497
89.675131	276.684511	-24.612840
89.841582	276.636282	-24.754148
90.030427	276.583644	-24.914927
90.241473	276.525777	-25.095192
90.474552	276.461956	-25.294929
90.729152	276.391661	-25.513754
91.004723	276.314498	-25.751224
91.300766	276.230147	-26.006935
91.616768	276.138371	-26.280492
91.952200	276.038999	-26.571496
92.306534	275.931910	-26.879543
92.470755	275.881286	-27.022611
92.656422	275.826137	-27.185001
92.862732	275.765773	-27.366232
93.089007	275.699640	-27.565852
93.334570	275.627326	-27.783398
93.598805	275.548513	-28.018430
93.881113	275.462970	-28.270500
94.180883	275.370541	-28.539157
94.497494	275.271130	-28.823991
94.830332	275.164679	-29.124636
95.178843	275.051144	-29.440766
95.339406	274.997881	-29.586993
95.518995	274.940363	-29.751354
95.716771	274.877984	-29.933359
95.931994	274.810272	-30.132550
96.163956	274.736877	-30.348501
96.411956	274.657554	-30.580779
96.675279	274.572155	-30.828950
96.953193	274.480604	-31.092591
97.244977	274.382876	-31.371308
97.549967	274.278965	-31.664763
97.867550	274.168891	-31.972544
98.197222	274.052671	-32.294198
98.538564	273.930308	-32.629326
98.692577	273.874187	-32.781413
98.862595	273.814314	-32.950250
99.047733	273.750176	-33.135359
99.247130	273.681411	-33.336253
99.459951	273.607778	-33.552476
99.685384	273.529128	-33.783583
99.922676	273.445370	-34.029174
100.171139	273.356462	-34.288810
100.430195	273.262377	-34.562042
100.699291	273.163122	-34.848420
100.977921	273.058721	-35.147518
101.265610	272.949211	-35.458934
101.561860	272.834659	-35.782283
101.866153	272.715160	-36.117160
102.177952	272.590836	-36.463148
102.496698	272.461825	-36.819864
102.639758	272.403061	-36.981358
102.794881	272.341396	-37.157676
102.961182	272.276426	-37.348258
103.137882	272.207852	-37.552608
103.324252	272.135471	-37.770242
103.519628	272.059151	-38.000709
103.723421	271.978798	-38.243619
103.935034	271.894388	-38.498567
104.153874	271.805946	-38.765140
104.379339	271.713542	-39.042920
104.610859	271.617260	-39.331544
104.847901	271.517204	-39.630609
105.089986	271.413481	-39.939690
105.336650	271.306213	-40.258359
105.587458	271.195525	-40.586174
105.842017	271.081536	-40.922739
106.099986	270.964352	-41.267661
106.360988	270.844103	-41.620552
106.624628	270.720934	-41.981017
106.890515	270.594990	-42.348708
107.158292	270.466402	-42.723312
107.427639	270.335295	-43.104493
107.698284	270.201784	-43.491900
107.969959	270.065986	-43.885183
108.091243	270.004568	-44.062717
108.219652	269.941580	-44.251663
108.354461	269.876694	-44.451525
108.495023	269.809675	-44.661831
108.640731	269.740373	-44.882147
108.791008	269.668710	-45.112059
108.945349	269.594632	-45.351230
109.103278	269.518137	-45.599278
109.264354	269.439257	-45.855818
109.428166	269.358042	-46.120481
109.594340	269.274558	-46.392906
109.762530	269.188882	-46.672738
109.932402	269.101106	-46.959618
110.103643	269.011332	-47.253188
110.275943	268.919668	-47.553103
110.449024	268.826220	-47.859037
110.622637	268.731080	-48.170723
110.796547	268.634352	-48.487837
110.970565	268.536127	-48.810063
111.144500	268.436499	-49.137104
111.318173	268.335559	-49.468675
111.491406	268.233398	-49.804515
111.664053	268.130101	-50.144345
111.835964	268.025760	-50.487870
112.006996	267.920462	-50.834833
112.177019	267.814284	-51.184999
112.345937	267.707285	-51.538186
112.513652	267.599536	-51.894151
112.680069	267.491116	-52.252617
112.845116	267.382093	-52.613329
113.008726	267.272529	-52.976051
113.170841	267.162482	-53.340571
113.331406	267.052006	-53.706688
113.490369	266.941163	-54.074166
113.647657	266.830024	-54.442782
113.803221	266.718648	-54.812321
113.957047	266.607069	-55.182633
114.109096	266.495343	-55.553510
114.259342	266.383531	-55.924707
114.407746	266.271699	-56.295986
114.554327	266.159879	-56.667157
114.699092	266.048103	-57.038065
114.842038	265.936405	-57.408568
114.983148	265.824826	-57.778518
115.122406	265.713415	-58.147752
115.259784	265.602219	-58.516121
115.395274	265.491265	-58.883545
115.528863	265.380596	-59.249888
115.660563	265.270244	-59.615007
115.790376	265.160246	-59.978771
115.918309	265.050632	-60.341061
116.044385	264.941420	-60.701800
116.168619	264.832624	-61.060928
116.291028	264.724263	-61.418384
116.411613	264.616353	-61.774123
116.530378	264.508917	-62.128087
116.647350	264.401955	-62.480271
116.762546	264.295484	-62.830615
116.875977	264.189533	-63.179021
116.987657	264.084127	-63.525400
117.097619	263.979281	-63.869674
117.205899	263.875003	-64.211796
117.312532	263.771297	-64.551727
117.417542	263.668170	-64.889445
117.520954	263.565617	-65.224969
117.622787	263.463637	-65.558321
117.723076	263.362211	-65.889561
117.821842	263.261338	-66.218694
117.919103	263.161031	-66.545685
118.014876	263.061303	-66.870497
118.109194	262.962158	-67.193106
118.202089	262.863591	-67.513507
118.293590	262.765603	-67.831701
118.383716	262.668193	-68.147696
118.472489	262.571357	-68.461509
118.559944	262.475079	-68.773187
118.646125	262.379326	-69.082819
118.731055	262.284094	-69.390425
118.814761	262.189383	-69.695988
118.897285	262.095181	-69.999528
118.978673	262.001472	-70.301063
119.058966	261.908237	-70.600625
119.138199	261.815459	-70.898255
119.216389	261.723132	-71.193988
119.293538	261.631250	-71.487867
119.369648	261.539811	-71.779936
119.444731	261.448794	-72.070280
119.518792	261.358192	-72.358944
119.591862	261.268002	-72.645921
119.663968	261.178223	-72.931200
119.735139	261.088852	-73.214771
119.805408	260.999878	-73.496645
119.874819	260.911283	-73.776846
119.943401	260.823052	-74.055404
120.011168	260.735176	-74.332353
120.078135	260.647645	-74.607730
120.144325	260.560434	-74.881610
120.209739	260.473543	-75.154018
120.274387	260.386977	-75.424938
120.338267	260.300753	-75.694341
120.401393	260.214874	-75.962217
120.463781	260.129337	-76.228573
120.525454	260.044129	-76.493435
120.586419	259.959247	-76.756829
120.646680	259.874684	-77.018793
120.706244	259.790430	-77.279365
120.765130	259.706460	-77.538618
120.823344	259.622773	-77.796577
120.880890	259.539374	-78.053226
120.937779	259.456270	-78.308548
120.994032	259.373465	-78.562517
121.049675	259.290956	-78.815115
121.104738	259.208739	-79.066333
121.159250	259.126796	-79.316197
121.213250	259.045100	-79.564759
121.266776	258.963620	-79.812076
121.319863	258.882321	-80.058223
121.372536	258.801184	-80.303239
121.424813	258.720208	-80.547121
121.476710	258.639387	-80.789871
121.528246	258.558715	-81.031497
121.579436	258.478188	-81.272003
121.630301	258.397796	-81.511402
121.680852	258.317536	-81.749704
121.731097	258.237399	-81.986933
121.781048	258.157377	-82.223113
121.830720	258.077451	-82.458295
121.880115	257.997617	-82.692493
121.929242	257.917879	-82.925700
121.978106	257.838240	-83.157908
122.026716	257.758700	-83.389118
122.075088	257.679248	-83.619344
122.123239	257.599881	-83.848589
122.171170	257.520600	-84.076858
122.218885	257.441398	-84.304174
122.266406	257.362262	-84.530555
122.313760	257.283171	-84.756038
122.360961	257.204123	-84.980622
122.408017	257.125123	-85.204282
122.454941	257.046178	-85.426993
122.501746	256.967291	-85.648732
122.548451	256.888462	-85.869490
122.595078	256.809679	-86.089270
122.641653	256.730927	-86.308101
122.688190	256.652191	-86.526004
122.734714	256.573455	-86.743009
122.781246	256.494697	-86.959157
122.827797	256.415906	-87.174471
122.874389	256.337078	-87.388947
122.921034	256.258206	-87.602589
122.967744	256.179284	-87.815407
123.014538	256.100304	-88.027407
123.061437	256.021255	-88.238599
123.108455	255.942129	-88.448991
123.155605	255.862915	-88.658610
123.202898	255.783599	-88.867480
123.250348	255.704172	-89.075619
123.297974	255.624621	-89.283044
123.345785	255.544940	-89.489766
123.393799	255.465119	-89.695790
123.442025	255.385158	-89.901115
123.490478	255.305045	-90.105759
123.539172	255.224772	-90.309731
123.588121	255.144326	-90.513050
123.637338	255.063701	-90.715728
123.686840	254.982878	-90.917790
123.736645	254.901846	-91.119256
123.786765	254.820595	-91.320140
123.837212	254.739109	-91.520471
123.888000	254.657381	-91.720256
123.939141	254.575404	-91.919505
123.990653	254.493165	-92.118229
124.042544	254.410656	-92.316445
124.094819	254.327873	-92.514161
124.147482	254.244812	-92.711387
124.200542	254.161462	-92.908141
124.254012	254.077809	-93.104449
124.307913	253.993835	-93.300332
124.362274	253.909526	-93.495798
124.417108	253.824871	-93.690858
124.472432	253.739857	-93.885527
124.528253	253.654479	-94.079809
124.584591	253.568729	-94.273708
124.641457	253.482611	-94.467194
124.698866	253.396124	-94.660254
124.756826	253.309266	-94.852884
124.815350	253.222031	-95.045086
124.874448	253.134419	-95.236846
124.934131	253.046425	-95.428166
124.994414	252.958040	-95.619054
125.055314	252.869248	-95.809528
125.116851	252.780029	-95.999616
125.179040	252.690366	-96.189346
125.241882	252.600248	-96.378748
125.305383	252.509664	-96.567841
125.369552	252.418600	-96.756649
125.434408	252.327044	-96.945182
125.499967	252.234986	-97.133449
125.566234	252.142431	-97.321423
125.633207	252.049388	-97.509085
125.700887	251.955864	-97.696420
125.769273	251.861859	-97.883426
125.838368	251.767369	-98.070108
125.908172	251.672396	-98.256466
125.978682	251.576937	-98.442507
126.049885	251.480997	-98.628235
126.121772	251.384577	-98.813660
126.194341	251.287673	-98.998793
126.267594	251.190279	-99.183648
126.341535	251.092383	-99.368248
126.416177	250.993974	-99.552607
126.491530	250.895036	-99.736746
126.567614	250.795558	-99.920673
126.644440	250.695528	-100.104400
126.722008	250.594945	-100.287928
126.800316	250.493812	-100.471252
126.879372	250.392127	-100.654364
126.959170	250.289900	-100.837248
127.039702	250.187138	-101.019893
127.120952	250.083851	-101.202294
127.202905	249.980044	-101.384456
127.285545	249.875725	-101.566379
127.368860	249.770897	-101.748067
127.452838	249.665561	-101.929533
127.537469	249.559716	-102.110792
127.622747	249.453355	-102.291865
127.708671	249.346473	-102.472764
127.795244	249.239065	-102.653496
127.882470	249.131123	-102.834075
127.970357	249.022635	-103.014518
128.058916	248.913588	-103.194842
128.148138	248.803982	-103.375055
128.238018	248.693815	-103.555165
128.328549	248.583084	-103.735186
128.419715	248.471796	-103.915122
128.511502	248.359959	-104.094968
128.603897	248.247578	-104.274721
128.696893	248.134656	-104.454385
128.790486	248.021193	-104.633963
128.884669	247.907188	-104.813463
128.979430	247.792646	-104.992884
129.074760	247.677572	-105.172223
129.170651	247.561974	-105.351472
129.267087	247.445859	-105.530630
129.364057	247.329233	-105.709691
129.461544	247.212107	-105.888652
129.559539	247.094487	-106.067510
129.658031	246.976374	-106.246266
129.757018	246.857768	-106.424927
129.856477	246.738679	-106.603496
129.956387	246.619119	-106.781967
130.056733	246.499095	-106.960339
130.157503	246.378611	-107.138616
130.258682	246.257670	-107.316808
130.360255	246.136274	-107.494928
130.462211	246.014421	-107.672989
130.564543	245.892110	-107.851006
130.667244	245.769333	-108.028997
130.770311	245.646084	-108.206979
130.873743	245.522361	-108.384961
130.977537	245.398158	-108.562952
131.081697	245.273469	-108.740960
131.186225	245.148287	-108.918999
131.291119	245.022613	-109.097065
131.396372	244.896453	-109.275150
131.501972	244.769814	-109.453251
131.607910	244.642702	-109.631366
131.714175	244.515125	-109.809485
131.820752	244.387097	-109.987592
131.927620	244.258635	-110.165674
132.034758	244.129761	-110.343707
132.142148	244.000489	-110.521676
132.249773	243.870835	-110.699567
132.357618	243.740810	-110.877371
132.465667	243.610425	-111.055084
132.573906	243.479688	-111.232702
132.682325	243.348602	-111.410227
132.790916	243.217172	-111.587659
132.899674	243.085397	-111.765006
133.008595	242.953277	-111.942271
133.117680	242.820808	-112.119457
133.226924	242.687993	-112.296570
133.336324	242.554828	-112.473615
133.445879	242.421310	-112.650600
133.555587	242.287436	-112.827534
133.665445	242.153203	-113.004425
133.775451	242.018608	-113.181281
133.885607	241.883644	-113.358115
133.995912	241.748308	-113.534930
134.106371	241.612595	-113.711735
134.216985	241.476505	-113.888524
134.327734	241.340048	-114.065298
134.438599	241.203237	-114.242050
134.549565	241.066084	-114.418775
134.660618	240.928596	-114.595470
134.771745	240.790781	-114.772134
134.882937	240.652643	-114.948770
134.994183	240.514186	-115.125379
135.105476	240.375411	-115.301965
135.216806	240.236328	-115.478522
135.328167	240.096940	-115.655047
135.439546	239.957256	-115.831536
135.550935	239.817281	-116.007987
135.662328	239.677020	-116.184400
135.773718	239.536474	-116.360775
135.885100	239.395647	-116.537115
135.996468	239.254538	-116.713421
136.107818	239.113149	-116.889700
136.219148	238.971483	-117.065945
136.330448	238.829552	-117.242143
136.441715	238.687362	-117.418284
136.552938	238.544921	-117.594363
136.664112	238.402237	-117.770373
136.775232	238.259313	-117.946310
136.886295	238.116154	-118.122170
136.997299	237.972760	-118.297953
137.108242	237.829133	-118.473658
137.219115	237.685278	-118.649287
137.329902	237.541202	-118.824843
137.440586	237.396912	-119.000331
137.551158	237.252416	-119.175746
137.661607	237.107721	-119.351086
137.771924	236.962833	-119.526353
137.882094	236.817761	-119.701545
137.992106	236.672510	-119.876664
138.101948	236.527085	-120.051712
138.211612	236.381493	-120.226691
138.321091	236.235735	-120.401603
138.430378	236.089815	-120.576449
138.539469	235.943735	-120.751232
138.648360	235.797496	-120.925954
138.757050	235.651096	-121.100619
138.865539	235.504535	-121.275232
138.973828	235.357810	-121.449795
139.081918	235.210917	-121.624315
139.189812	235.063853	-121.798796
139.297511	234.916613	-121.973244
139.405019	234.769194	-122.147666
139.512337	234.621590	-122.322068
139.619470	234.473796	-122.496456
139.726420	234.325807	-122.670838
139.833191	234.177618	-122.845220
139.939786	234.029222	-123.019608
140.046209	233.880615	-123.194011
140.152463	233.731791	-123.368434
140.258554	233.582743	-123.542882
140.364487	233.433468	-123.717359
140.470265	233.283960	-123.891870
140.575895	233.134213	-124.066419
140.681381	232.984223	-124.241008
140.786724	232.833988	-124.415640
140.891914	232.683513	-124.590317
140.996943	232.532802	-124.765040
141.101795	232.381863	-124.939812
141.206457	232.230704	-125.114634
141.310916	232.079330	-125.289507
141.415163	231.927747	-125.464433
141.519187	231.775961	-125.639413
141.622983	231.623975	-125.814447
141.726543	231.471793	-125.989536
141.829862	231.319418	-126.164678
141.932936	231.166854	-126.339874
142.035760	231.014102	-126.515124
142.138333	230.861165	-126.690426
142.240652	230.708045	-126.865779
142.342716	230.554745	-127.041181
142.444523	230.401265	-127.216627
142.546073	230.247610	-127.392116
142.647365	230.093781	-127.567644
142.748396	229.939781	-127.743209
142.849167	229.785612	-127.918806
142.949678	229.631277	-128.094431
143.049928	229.476777	-128.270081
143.149919	229.322115	-128.445751
143.249651	229.167293	-128.621437
143.349127	229.012312	-128.797133
143.448348	228.857175	-128.972835
143.547315	228.701884	-129.148536
143.646031	228.546441	-129.324231
143.744498	228.390848	-129.499914
143.842717	228.235108	-129.675579
143.940692	228.079223	-129.851219
144.038424	227.923195	-130.026827
144.135915	227.767027	-130.202398
144.233167	227.610724	-130.377923
144.330182	227.454286	-130.553397
144.426959	227.297721	-130.728810
144.523500	227.141031	-130.904155
144.619804	226.984222	-131.079424
144.715871	226.827299	-131.254609
144.811701	226.670268	-131.429700
144.907293	226.513135	-131.604689
145.002647	226.355905	-131.779567
145.097764	226.198585	-131.954323
145.192644	226.041180	-132.128950
145.287285	225.883695	-132.303437
145.381687	225.726140	-132.477776
145.475844	225.568522	-132.651956
145.569756	225.410849	-132.825968
145.663418	225.253128	-132.999803
145.756831	225.095368	-133.173451
145.849990	224.937575	-133.346903
145.942894	224.779758	-133.520151
146.035541	224.621923	-133.693186
146.127929	224.464078	-133.865999
146.220055	224.306230	-134.038581
146.311919	224.148386	-134.210925
146.403519	223.990552	-134.383021
146.494853	223.832736	-134.554862
146.585919	223.674945	-134.726441
146.676714	223.517186	-134.897748
146.767238	223.359465	-135.068778
146.857489	223.201789	-135.239522
146.947464	223.044165	-135.409973
147.037163	222.886600	-135.580124
147.126585	222.729099	-135.749967
147.215727	222.571669	-135.919496
147.304589	222.414317	-136.088703
147.393169	222.257048	-136.257583
147.481468	222.099869	-136.426127
147.569483	221.942786	-136.594330
147.657214	221.785804	-136.762185
147.744659	221.628930	-136.929685
147.831819	221.472170	-137.096826
147.918691	221.315529	-137.263600
148.005275	221.159014	-137.430000
148.091569	221.002632	-137.596022
148.177573	220.846387	-137.761657
148.263287	220.690286	-137.926900
148.348709	220.534335	-138.091745
148.433839	220.378539	-138.256186
148.518676	220.222905	-138.420217
148.603219	220.067437	-138.583834
148.687468	219.912142	-138.747030
148.771422	219.757025	-138.909800
148.855081	219.602090	-139.072140
148.938443	219.447343	-139.234045
149.021509	219.292790	-139.395510
149.104277	219.138435	-139.556531
149.186746	218.984284	-139.717105
149.268915	218.830341	-139.877226
149.350783	218.676612	-140.036891
149.432349	218.523102	-140.196096
149.513614	218.369814	-140.354839
149.594575	218.216754	-140.513115
149.675232	218.063926	-140.670921
149.755585	217.911335	-140.828254
149.835632	217.758985	-140.985111
149.915374	217.606880	-141.141490
149.994810	217.455024	-141.297387
150.073939	217.303421	-141.452801
150.152760	217.152076	-141.607728
150.231273	217.000992	-141.762166
150.309479	216.850172	-141.916114
150.387375	216.699621	-142.069569
150.464963	216.549342	-142.222529
150.542242	216.399338	-142.374992
150.619211	216.249613	-142.526957
150.695871	216.100170	-142.678422
150.772222	215.951011	-142.829385
150.848264	215.802141	-142.979846
150.923996	215.653561	-143.129803
150.999419	215.505275	-143.279254
151.074533	215.357285	-143.428199
151.149338	215.209595	-143.576636
151.223835	215.062205	-143.724566
151.298023	214.915120	-143.871987
151.371903	214.768341	-144.018898
151.445476	214.621870	-144.165299
151.518741	214.475709	-144.311189
151.591699	214.329862	-144.456569
151.664351	214.184329	-144.601437
151.736697	214.039112	-144.745794
151.808737	213.894214	-144.889640
151.880473	213.749636	-145.032974
151.951904	213.605380	-145.175797
152.023031	213.461446	-145.318109
152.093855	213.317838	-145.459910
152.164376	213.174556	-145.601201
152.234595	213.031602	-145.741982
152.304512	212.888977	-145.882254
152.374129	212.746681	-146.022017
152.443446	212.604717	-146.161272
152.512463	212.463084	-146.300019
152.581182	212.321785	-146.438261
152.649603	212.180820	-146.575997
152.717726	212.040190	-146.713229
152.785553	211.899895	-146.849959
152.853083	211.759937	-146.986186
152.920318	211.620316	-147.121913
152.987259	211.481032	-147.257140
153.053906	211.342086	-147.391870
153.120261	211.203479	-147.526104
153.186324	211.065210	-147.659843
153.252097	210.927279	-147.793089
153.317580	210.789687	-147.925843
153.382775	210.652434	-148.058107
153.447682	210.515520	-148.189884
153.512303	210.378944	-148.321174
153.576640	210.242706	-148.451981
153.640692	210.106806	-148.582305
153.704462	209.971244	-148.712148
153.767950	209.836019	-148.841514
153.831159	209.701131	-148.970403
153.894088	209.566579	-149.098819
153.956740	209.432362	-149.226763
154.019115	209.298480	-149.354238
154.081216	209.164932	-149.481246
154.143042	209.031718	-149.607789
154.204595	208.898836	-149.733871
154.265877	208.766285	-149.859494
154.326889	208.634066	-149.984660
154.387632	208.502175	-150.109371
154.448107	208.370614	-150.233632
154.508315	208.239380	-150.357444
154.568258	208.108472	-150.480810
154.627937	207.977889	-150.603733
154.687352	207.847631	-150.726216
154.746506	207.717694	-150.848263
154.805400	207.588080	-150.969875
154.864034	207.458785	-151.091057
154.922409	207.329808	-151.211811
154.980526	207.201149	-151.332140
155.038387	207.072806	-151.452049
155.095992	206.944777	-151.571539
155.153343	206.817061	-151.690614
155.210441	206.689656	-151.809278
155.267286	206.562561	-151.927534
155.323880	206.435774	-152.045386
155.380224	206.309292	-152.162835
155.436318	206.183115	-152.279887
155.492165	206.057241	-152.396545
155.547765	205.931668	-152.512811
155.603118	205.806394	-152.628690
155.658227	205.681417	-152.744184
155.713091	205.556735	-152.859299
155.767712	205.432348	-152.974036
155.822091	205.308251	-153.088400
155.876229	205.184445	-153.202394
155.930126	205.060927	-153.316022
155.983784	204.937694	-153.429287
156.037204	204.814746	-153.542193
156.090385	204.692079	-153.654744
156.143330	204.569693	-153.766944
156.196039	204.447584	-153.878795
156.248512	204.325752	-153.990301
156.300751	204.204194	-154.101467
156.352756	204.082909	-154.212296
156.404528	203.961893	-154.322791
156.456067	203.841146	-154.432956
156.507376	203.720665	-154.542794
156.558453	203.600448	-154.652310
156.609301	203.480493	-154.761507
156.659921	203.360798	-154.870388
156.710312	203.241360	-154.978956
156.760475	203.122179	-155.087216
156.810412	203.003252	-155.195171
156.860123	202.884576	-155.302825
156.909608	202.766151	-155.410180
156.958870	202.647973	-155.517241
157.007907	202.530041	-155.624010
157.056721	202.412352	-155.730492
157.105313	202.294906	-155.836689
157.153683	202.177699	-155.942605
157.201831	202.060730	-156.048244
157.249759	201.943997	-156.153608
157.297468	201.827498	-156.258701
157.344958	201.711230	-156.363527
157.392229	201.595193	-156.468087
157.439283	201.479383	-156.572387
157.486121	201.363799	-156.676428
157.532742	201.248439	-156.780213
157.579148	201.133301	-156.883747
157.625339	201.018383	-156.987032
157.671315	200.903683	-157.090071
157.717079	200.789200	-157.192868
157.762629	200.674931	-157.295424
157.807968	200.560875	-157.397743
157.853095	200.447030	-157.499829
157.898012	200.333393	-157.601683
157.942718	200.219963	-157.703308
157.987216	200.106739	-157.804708
158.031506	199.993718	-157.905885
158.075588	199.880898	-158.006842
158.119463	199.768278	-158.107581
158.163132	199.655856	-158.208105
158.206595	199.543630	-158.308417
158.249854	199.431599	-158.408520
158.292908	199.319761	-158.508415
158.335759	199.208114	-158.608105
158.378406	199.096657	-158.707594
158.420851	198.985387	-158.806883
158.463095	198.874304	-158.905975
158.505138	198.763406	-159.004871
158.546980	198.652690	-159.103575
158.588623	198.542156	-159.202089
158.630068	198.431802	-159.300414
158.671315	198.321627	-159.398554
158.712364	198.211628	-159.496510
158.753218	198.101804	-159.594283
158.793875	197.992154	-159.691878
158.834338	197.882676	-159.789295
158.874606	197.773368	-159.886536
158.914681	197.664230	-159.983603
158.954564	197.555260	-160.080499
158.994254	197.446456	-160.177225
159.033754	197.337818	-160.273783
159.073063	197.229342	-160.370175
159.112182	197.121029	-160.466403
159.151113	197.012877	-160.562468
159.189855	196.904885	-160.658373
159.228411	196.797050	-160.754118
159.266779	196.689372	-160.849706
159.304962	196.581850	-160.945138
159.342960	196.474483	-161.040416
159.380773	196.367268	-161.135541
159.418402	196.260206	-161.230516
159.455848	196.153295	-161.325341
159.493112	196.046533	-161.420018
159.530194	195.939919	-161.514548
159.567095	195.833453	-161.608933
159.603817	195.727133	-161.703175
159.640359	195.620958	-161.797274
159.676723	195.514927	-161.891232
159.712909	195.409038	-161.985049
159.748919	195.303290	-162.078729
159.784754	195.197683	-162.172270
159.820414	195.092215	-162.265675
159.855901	194.986885	-162.358944
159.891216	194.881692	-162.452079
159.926359	194.776634	-162.545081
159.961332	194.671710	-162.637950
159.996136	194.566921	-162.730688
160.030771	194.462264	-162.823296
160.065238	194.357738	-162.915775
160.099537	194.253343	-163.008125
160.133671	194.149078	-163.100348
160.167640	194.044941	-163.192445
160.201444	193.940932	-163.284416
160.235085	193.837049	-163.376262
160.268563	193.733293	-163.467985
160.301881	193.629660	-163.559584
160.335038	193.526152	-163.651061
160.368037	193.422766	-163.742416
160.400878	193.319501	-163.833650
160.433562	193.216357	-163.924764
160.466091	193.113333	-164.015757
160.498466	193.010426	-164.106632
160.530688	192.907638	-164.197388
160.562758	192.804966	-164.288026
160.594677	192.702409	-164.378546
160.626446	192.599968	-164.468950
160.658067	192.497639	-164.559237
160.689541	192.395424	-164.649409
160.720867	192.293321	-164.739466
160.752049	192.191328	-164.829408
160.783085	192.089446	-164.919236
160.813978	191.987673	-165.008951
160.844729	191.886009	-165.098554
160.875338	191.784452	-165.188043
160.905806	191.683002	-165.277422
160.936135	191.581658	-165.366689
160.966324	191.480419	-165.455845
160.996376	191.379285	-165.544892
161.026291	191.278254	-165.633828
161.056070	191.177326	-165.722656
161.085714	191.076500	-165.811375
161.115225	190.975775	-165.899985
161.144602	190.875150	-165.988488
161.173848	190.774625	-166.076883
161.202962	190.674198	-166.165172
161.231946	190.573870	-166.253354
161.260800	190.473640	-166.341431
161.289525	190.373506	-166.429402
161.318123	190.273468	-166.517268
161.346593	190.173525	-166.605030
161.374938	190.073677	-166.692687
161.403158	189.973922	-166.780241
161.431254	189.874260	-166.867691
161.459228	189.774690	-166.955038
161.487080	189.675211	-167.042282
161.514812	189.575822	-167.129423
161.542424	189.476523	-167.216462
161.569919	189.377313	-167.303399
161.597296	189.278190	-167.390235
161.624557	189.179155	-167.476969
161.651703	189.080206	-167.563602
161.678734	188.981343	-167.650134
161.705652	188.882564	-167.736566
161.732457	188.783870	-167.822898
161.759151	188.685259	-167.909130
161.785734	188.586731	-167.995264
161.812206	188.488285	-168.081298
161.838569	188.389921	-168.167235
161.864824	188.291638	-168.253073
161.890970	188.193434	-168.338813
161.917010	188.095311	-168.424457
161.942943	187.997266	-168.510004
161.968770	187.899299	-168.595454
161.994493	187.801409	-168.680808
162.020113	187.703596	-168.766066
162.045631	187.605859	-168.851229
162.071047	187.508196	-168.936296
162.096363	187.410608	-169.021268
162.121579	187.313093	-169.106145
162.146698	187.215650	-169.190927
162.171719	187.118279	-169.275615
162.196645	187.020978	-169.360209
162.221476	186.923748	-169.444709
162.246212	186.826586	-169.529115
162.270856	186.729493	-169.613428
162.295408	186.632467	-169.697649
162.319868	186.535508	-169.781776
162.344238	186.438614	-169.865811
162.368519	186.341786	-169.949755
162.392710	186.245023	-170.033607
162.416814	186.148323	-170.117368
162.440830	186.051686	-170.201038
162.464760	185.955112	-170.284618
162.488605	185.858598	-170.368108
162.512365	185.762145	-170.451508
162.536041	185.665752	-170.534819
162.559634	185.569418	-170.618042
162.583145	185.473143	-170.701175
162.606574	185.376925	-170.784221
162.629922	185.280763	-170.867180
162.653189	185.184658	-170.950051
162.676377	185.088609	-171.032836
162.699486	184.992614	-171.115535
162.722516	184.896673	-171.198148
162.745468	184.800785	-171.280676
162.768342	184.704950	-171.363120
162.791140	184.609167	-171.445479
162.813861	184.513435	-171.527755
162.836506	184.417753	-171.609947
162.859077	184.322122	-171.692057
162.881573	184.226539	-171.774084
162.903996	184.131004	-171.856030
162.926345	184.035517	-171.937894
162.948623	183.940077	-172.019676
162.970828	183.844683	-172.101379
162.992963	183.749333	-172.183001
163.015027	183.654029	-172.264543
163.037021	183.558768	-172.346006
163.058946	183.463550	-172.427391
163.080802	183.368375	-172.508697
163.102589	183.273241	-172.589926
163.124309	183.178149	-172.671077
163.145960	183.083097	-172.752152
163.167544	182.988085	-172.833150
163.189061	182.893113	-172.914073
163.210512	182.798179	-172.994921
163.231895	182.703283	-173.075695
163.253213	182.608425	-173.156395
163.274465	182.513604	-173.237021
163.295651	182.418820	-173.317575
163.316771	182.324071	-173.398057
163.337827	182.229358	-173.478467
163.358817	182.134680	-173.558806
163.379743	182.040036	-173.639074
163.400604	181.945426	-173.719272
163.421402	181.850849	-173.799400
163.442137	181.756304	-173.879459
163.462808	181.661792	-173.959449
163.483417	181.567311	-174.039371
163.503963	181.472860	-174.119226
163.524446	181.378441	-174.199012
163.544867	181.284051	-174.278733
163.565226	181.189691	-174.358387
163.585523	181.095360	-174.437975
163.605758	181.001058	-174.517498
163.625932	180.906784	-174.596956
163.646044	180.812538	-174.676349
163.666094	180.718319	-174.755679
163.686083	180.624128	-174.834946
163.706011	180.529963	-174.914149
163.725878	180.435825	-174.993290
163.745684	180.341713	-175.072369
163.765428	180.247627	-175.151387
163.785111	180.153567	-175.230343
163.804734	180.059532	-175.309239
163.824295	179.965522	-175.388074
163.843795	179.871537	-175.466849
163.863234	179.777577	-175.545565
163.882612	179.683641	-175.624221
163.901928	179.589729	-175.702819
163.921184	179.495842	-175.781358
163.940379	179.401978	-175.859839
163.959514	179.308137	-175.938262
163.978589	179.214319	-176.016627
163.997605	179.120524	-176.094933
164.016561	179.026751	-176.173183
164.035458	178.933000	-176.251375
164.054296	178.839272	-176.329510
164.073075	178.745565	-176.407588
164.091794	178.651880	-176.485609
164.110455	178.558217	-176.563575
164.129056	178.464575	-176.641484
164.147597	178.370954	-176.719338
164.166080	178.277356	-176.797137
164.184502	178.183778	-176.874880
164.202865	178.090222	-176.952569
164.221168	177.996687	-177.030203
164.239411	177.903173	-177.107784
164.257594	177.809681	-177.185310
164.275716	177.716210	-177.262783
164.293778	177.622760	-177.340203
164.311779	177.529332	-177.417569
164.329720	177.435925	-177.494883
164.347599	177.342540	-177.572144
164.365418	177.249175	-177.649353
164.383176	177.155833	-177.726510
164.400872	177.062511	-177.803614
164.418507	176.969211	-177.880667
164.436082	176.875933	-177.957669
164.453594	176.782676	-178.034618
164.471046	176.689441	-178.111517
164.488436	176.596227	-178.188364
164.505765	176.503035	-178.265160
164.523033	176.409864	-178.341904
164.540239	176.316715	-178.418598
164.557384	176.223587	-178.495241
164.574468	176.130482	-178.571834
164.591490	176.037398	-178.648376
164.608451	175.944336	-178.724867
164.625351	175.851295	-178.801307
164.642190	175.758277	-178.877697
164.658968	175.665280	-178.954037
164.675685	175.572305	-179.030326
164.692341	175.479352	-179.106564
164.708937	175.386421	-179.182752
164.725472	175.293512	-179.258889
164.741947	175.200625	-179.334976
164.758361	175.107760	-179.411012
164.774715	175.014917	-179.486998
164.791009	174.922096	-179.562933
164.807244	174.829297	-179.638817
164.823419	174.736520	-179.714650
164.839535	174.643765	-179.790433
164.855591	174.551032	-179.866165
164.871589	174.458321	-179.941846
164.887527	174.365633	-180.017476
164.903406	174.272967	-180.093055
164.919227	174.180323	-180.168583
164.934989	174.087701	-180.244061
164.950692	173.995103	-180.319487
164.966336	173.902526	-180.394862
164.981921	173.809973	-180.470187
164.997448	173.717442	-180.545461
165.012915	173.624935	-180.620684
165.028324	173.532451	-180.695856
165.043673	173.439990	-180.770978
165.058964	173.347552	-180.846049
165.074195	173.255138	-180.921069
165.089368	173.162748	-180.996038
165.104481	173.070382	-181.070957
165.119535	172.978040	-181.145825
165.134531	172.885722	-181.220642
165.149466	172.793429	-181.295408
165.164343	172.701160	-181.370124
165.179160	172.608916	-181.444789
165.193917	172.516698	-181.519404
165.208615	172.424504	-181.593968
165.223252	172.332337	-181.668482
165.237830	172.240195	-181.742945
165.252347	172.148078	-181.817358
165.266805	172.055988	-181.891720
165.281203	171.963924	-181.966031
165.295542	171.871886	-182.040291
165.309821	171.779875	-182.114501
165.324041	171.687889	-182.188659
165.338202	171.595931	-182.262766
165.352304	171.503999	-182.336823
165.366346	171.412094	-182.410828
165.380329	171.320216	-182.484782
165.394252	171.228365	-182.558685
165.408116	171.136543	-182.632537
165.421920	171.044747	-182.706338
165.435664	170.952980	-182.780088
165.449347	170.861242	-182.853788
165.462970	170.769532	-182.927436
165.476532	170.677851	-183.001034
165.490033	170.586199	-183.074582
165.503472	170.494577	-183.148080
165.516850	170.402984	-183.221527
165.530165	170.311422	-183.294925
165.543419	170.219890	-183.368272
165.556610	170.128388	-183.441569
165.569738	170.036918	-183.514816
165.582805	169.945477	-183.588014
165.595811	169.854068	-183.661160
165.608754	169.762689	-183.734257
165.621637	169.671341	-183.807303
165.634458	169.580024	-183.880298
165.647218	169.488738	-183.953243
165.659918	169.397483	-184.026137
165.672556	169.306260	-184.098980
165.685135	169.215067	-184.171773
165.697652	169.123905	-184.244514
165.710110	169.032775	-184.317205
165.722507	168.941676	-184.389845
165.734844	168.850608	-184.462434
165.747120	168.759572	-184.534972
165.759337	168.668567	-184.607460
165.771493	168.577594	-184.679896
165.783590	168.486653	-184.752282
165.795627	168.395743	-184.824617
165.807603	168.304865	-184.896902
165.819520	168.214019	-184.969136
165.831376	168.123205	-185.041320
165.843173	168.032422	-185.113453
165.854909	167.941672	-185.185536
165.866585	167.850953	-185.257569
165.878201	167.760267	-185.329553
165.889756	167.669613	-185.401486
165.901251	167.578992	-185.473370
165.912685	167.488402	-185.545204
165.924058	167.397846	-185.616990
165.935370	167.307322	-185.688726
165.946620	167.216830	-185.760414
165.957809	167.126372	-185.832053
165.968936	167.035946	-185.903644
165.980001	166.945553	-185.975187
165.991004	166.855193	-186.046682
166.001945	166.764867	-186.118130
166.012823	166.674573	-186.189530
166.023638	166.584313	-186.260883
166.034391	166.494086	-186.332189
166.045080	166.403893	-186.403448
166.055707	166.313732	-186.474660
166.066271	166.223605	-186.545826
166.076771	166.133511	-186.616946
166.087209	166.043450	-186.688020
166.097585	165.953422	-186.759048
166.107897	165.863427	-186.830030
166.118146	165.773464	-186.900966
166.128333	165.683535	-186.971857
166.138458	165.593637	-187.042703
166.148519	165.503773	-187.113503
166.158519	165.413940	-187.184259
166.168455	165.324140	-187.254970
166.178330	165.234372	-187.325636
166.188141	165.144635	-187.396258
166.197891	165.054931	-187.466836
166.207578	164.965258	-187.537370
166.217203	164.875617	-187.607860
166.226766	164.786007	-187.678306
166.236266	164.696428	-187.748709
166.245704	164.606881	-187.819069
166.255079	164.517365	-187.889387
166.264392	164.427879	-187.959661
166.273644	164.338424	-188.029893
166.282832	164.249000	-188.100083
166.291959	164.159606	-188.170231
166.301023	164.070243	-188.240337
166.310025	163.980910	-188.310402
166.318964	163.891607	-188.380426
166.327841	163.802334	-188.450408
166.336656	163.713091	-188.520350
166.345407	163.623878	-188.590252
166.354096	163.534694	-188.660113
166.362722	163.445540	-188.729935
166.371285	163.356415	-188.799717
166.379785	163.267320	-188.869460
166.388221	163.178255	-188.939164
166.396594	163.089218	-189.008829
166.404903	163.000211	-189.078457
166.413148	162.911233	-189.148046
166.421329	162.822283	-189.217598
166.429445	162.733363	-189.287113
166.437498	162.644472	-189.356590
166.445486	162.555609	-189.426031
166.453409	162.466775	-189.495436
166.461268	162.377969	-189.564804
166.469062	162.289192	-189.634137
166.476790	162.200444	-189.703434
166.484454	162.111723	-189.772696
166.492051	162.023031	-189.841923
166.499583	161.934367	-189.911116
166.507050	161.845732	-189.980274
166.514450	161.757124	-190.049399
166.521783	161.668545	-190.118490
166.529050	161.579994	-190.187547
166.536251	161.491471	-190.256572
166.543384	161.402975	-190.325564
166.550449	161.314509	-190.394524
166.557447	161.226070	-190.463452
166.564377	161.137659	-190.532349
166.571239	161.049276	-190.601214
166.578032	160.960922	-190.670048
166.584757	160.872596	-190.738851
166.591412	160.784298	-190.807624
166.597998	160.696028	-190.876367
166.604515	160.607786	-190.945080
166.610961	160.519573	-191.013763
166.617338	160.431388	-191.082417
166.623646	160.343231	-191.151041
166.629883	160.255102	-191.219637
166.636049	160.167002	-191.288203
166.642146	160.078930	-191.356742
166.648171	159.990886	-191.425251
166.654126	159.902871	-191.493733
166.660010	159.814884	-191.562186
166.665823	159.726926	-191.630612
166.671564	159.638996	-191.699010
166.677233	159.551095	-191.767381
166.682831	159.463223	-191.835724
166.688357	159.375380	-191.904040
166.693810	159.287566	-191.972330
166.699191	159.199781	-192.040593
166.704499	159.112025	-192.108829
166.709734	159.024299	-192.177039
166.714895	158.936602	-192.245223
166.719984	158.848935	-192.313380
166.724999	158.761298	-192.381512
166.729941	158.673690	-192.449618
166.734809	158.586113	-192.517697
166.739602	158.498566	-192.585752
166.744322	158.411049	-192.653780
166.748968	158.323563	-192.721783
166.753539	158.236107	-192.789760
166.758036	158.148682	-192.857712
166.762458	158.061289	-192.925638
166.766806	157.973926	-192.993539
166.771079	157.886595	-193.061415
166.775277	157.799295	-193.129266
166.779400	157.712026	-193.197091
166.783448	157.624790	-193.264890
166.787422	157.537585	-193.332664
166.791321	157.450413	-193.400413
166.795146	157.363272	-193.468135
166.798896	157.276164	-193.535832
166.802572	157.189088	-193.603502
166.806175	157.102044	-193.671147
166.809703	157.015033	-193.738764
166.813158	156.928055	-193.806356
166.816539	156.841109	-193.873921
166.819846	156.754197	-193.941459
166.823080	156.667318	-194.008970
166.826240	156.580472	-194.076454
166.829327	156.493660	-194.143911
166.832340	156.406882	-194.211341
166.835280	156.320138	-194.278743
166.838147	156.233429	-194.346117
166.840941	156.146754	-194.413464
166.843661	156.060114	-194.480783
166.846309	155.973508	-194.548074
166.848884	155.886938	-194.615336
166.851387	155.800403	-194.682569
166.853818	155.713904	-194.749774
166.856177	155.627441	-194.816949
166.858464	155.541013	-194.884094
166.860680	155.454622	-194.951210
166.862824	155.368266	-195.018295
166.864898	155.281948	-195.085350
166.866902	155.195666	-195.152374
166.868835	155.109421	-195.219367
166.870699	155.023212	-195.286328
166.872493	154.937042	-195.353257
166.874218	154.850908	-195.420154
166.875874	154.764813	-195.487018
166.877461	154.678755	-195.553850
166.878980	154.592736	-195.620648
166.880431	154.506755	-195.687412
166.881736	154.420845	-195.754184
166.882899	154.335005	-195.820960
166.883923	154.249234	-195.887740
166.884811	154.163530	-195.954521
166.885567	154.077893	-196.021301
166.886194	153.992322	-196.088078
166.886694	153.906816	-196.154852
166.887071	153.821375	-196.221620
166.887326	153.735996	-196.288380
166.887463	153.650681	-196.355132
166.887485	153.565427	-196.421873
166.887393	153.480234	-196.488602
166.887190	153.395102	-196.555318
166.886878	153.310029	-196.622020
166.886459	153.225017	-196.688705
166.885937	153.140063	-196.755373
166.885312	153.055167	-196.822023
166.884587	152.970329	-196.888653
166.883764	152.885548	-196.955262
166.882844	152.800824	-197.021849
166.881828	152.716156	-197.088414
166.880718	152.631545	-197.154955
166.879515	152.546991	-197.221472
166.878220	152.462493	-197.287965
166.876832	152.378051	-197.354432
166.875353	152.293666	-197.420874
166.873783	152.209337	-197.487291
166.872122	152.125065	-197.553682
166.870369	152.040850	-197.620047
166.868525	151.956693	-197.686386
166.866589	151.872593	-197.752700
166.864562	151.788551	-197.818988
166.862443	151.704567	-197.885250
166.860233	151.620642	-197.951486
166.857931	151.536775	-198.017696
166.855537	151.452968	-198.083880
166.853052	151.369219	-198.150037
166.850475	151.285530	-198.216168
166.847808	151.201900	-198.282273
166.845051	151.118329	-198.348349
166.842205	151.034817	-198.414398
166.839271	150.951364	-198.480418
166.836250	150.867970	-198.546410
166.833142	150.784634	-198.612372
166.829949	150.701357	-198.678303
166.826672	150.618138	-198.744204
166.823311	150.534978	-198.810073
166.819867	150.451876	-198.875911
166.816341	150.368832	-198.941716
166.812735	150.285845	-199.007488
166.809048	150.202917	-199.073227
166.805283	150.120046	-199.138931
166.801440	150.037233	-199.204601
166.797518	149.954478	-199.270235
166.793520	149.871781	-199.335834
166.789444	149.789141	-199.401398
166.785291	149.706560	-199.466925
166.781062	149.624038	-199.532417
166.776756	149.541574	-199.597873
166.772372	149.459169	-199.663292
166.767911	149.376824	-199.728676
166.763373	149.294539	-199.794024
166.758755	149.212314	-199.859336
166.754059	149.130150	-199.924613
166.749283	149.048048	-199.989855
166.744427	148.966008	-200.055062
166.739490	148.884030	-200.120234
166.734472	148.802115	-200.185371
166.729373	148.720263	-200.250474
166.724190	148.638476	-200.315543
166.718925	148.556753	-200.380578
166.713577	148.475095	-200.445579
166.708145	148.393502	-200.510547
166.702629	148.311974	-200.575481
166.697029	148.230513	-200.640381
166.691343	148.149118	-200.705248
166.685573	148.067790	-200.770083
166.679716	147.986529	-200.834884
166.673775	147.905335	-200.899652
166.667748	147.824209	-200.964386
166.661638	147.743150	-201.029086
166.655444	147.662159	-201.093752
166.649168	147.581234	-201.158382
166.642810	147.500377	-201.222977
166.636371	147.419587	-201.287536
166.629851	147.338864	-201.352060
166.623251	147.258208	-201.416546
166.616571	147.177619	-201.480996
166.609811	147.097098	-201.545409
166.602972	147.016644	-201.609786
166.596052	146.936259	-201.674125
166.589052	146.855942	-201.738428
166.581970	146.775693	-201.802695
166.574808	146.695513	-201.866926
166.567564	146.615403	-201.931121
166.560237	146.535363	-201.995280
166.552826	146.455393	-202.059404
166.545332	146.375494	-202.123494
166.537752	146.295667	-202.187549
166.530085	146.215912	-202.251571
166.522331	146.136230	-202.315560
166.514489	146.056621	-202.379516
166.506557	145.977085	-202.443441
166.498536	145.897624	-202.507333
166.490425	145.818238	-202.571194
166.482222	145.738926	-202.635024
166.473926	145.659690	-202.698824
166.465537	145.580530	-202.762594
166.457055	145.501447	-202.826334
166.448477	145.422442	-202.890045
166.439804	145.343513	-202.953728
166.431036	145.264662	-203.017381
166.422172	145.185889	-203.081006
166.413214	145.107193	-203.144601
166.404160	145.028576	-203.208168
166.395011	144.950036	-203.271706
166.385767	144.871575	-203.335215
166.376426	144.793193	-203.398696
166.366990	144.714890	-203.462148
166.357458	144.636665	-203.525572
166.347829	144.558520	-203.588968
166.338104	144.480454	-203.652335
166.328283	144.402468	-203.715674
166.318365	144.324561	-203.778985
166.308352	144.246733	-203.842268
166.298243	144.168986	-203.905522
166.288037	144.091318	-203.968748
166.277736	144.013730	-204.031946
166.267339	143.936222	-204.095115
166.256846	143.858794	-204.158256
166.246257	143.781447	-204.221370
166.235570	143.704180	-204.284455
166.224788	143.626994	-204.347513
166.213908	143.549888	-204.410543
166.202932	143.472864	-204.473546
166.191859	143.395920	-204.536521
166.180690	143.319058	-204.599469
166.169424	143.242276	-204.662389
166.158062	143.165575	-204.725281
166.146605	143.088955	-204.788145
166.135054	143.012416	-204.850981
166.123407	142.935957	-204.913788
166.111667	142.859578	-204.976566
166.099834	142.783280	-205.039316
166.087907	142.707062	-205.102037
166.075887	142.630924	-205.164729
166.063774	142.554866	-205.227391
166.051569	142.478888	-205.290025
166.039273	142.402991	-205.352629
166.026884	142.327173	-205.415203
166.014404	142.251435	-205.477748
166.001833	142.175777	-205.540263
165.989172	142.100199	-205.602748
165.976421	142.024700	-205.665203
165.963581	141.949280	-205.727627
165.950652	141.873940	-205.790021
165.937633	141.798679	-205.852384
165.924527	141.723497	-205.914716
165.911332	141.648395	-205.977017
165.898050	141.573372	-206.039288
165.884680	141.498427	-206.101527
165.871223	141.423562	-206.163734
165.857678	141.348776	-206.225911
165.844048	141.274069	-206.288056
165.830331	141.199440	-206.350169
165.816527	141.124891	-206.412251
165.802638	141.050420	-206.474301
165.788663	140.976028	-206.536320
165.774603	140.901715	-206.598306
165.760459	140.827480	-206.660261
165.746229	140.753324	-206.722183
165.731916	140.679246	-206.784073
165.717518	140.605246	-206.845931
165.703036	140.531325	-206.907757
165.688470	140.457483	-206.969551
165.673820	140.383718	-207.031313
165.659086	140.310033	-207.093042
165.644267	140.236426	-207.154741
165.629364	140.162897	-207.216407
165.614377	140.089448	-207.278042
165.599306	140.016077	-207.339645
165.584150	139.942784	-207.401217
165.568912	139.869570	-207.462756
165.553590	139.796435	-207.524264
165.538186	139.723377	-207.585740
165.522699	139.650398	-207.647183
