-30.064648	214.095988	220.613453
-30.154206	213.983585	220.617834
-30.265069	213.887119	220.608356
-30.397225	213.806309	220.584681
-30.550660	213.740904	220.546520
-30.725360	213.690685	220.493621
-30.921309	213.655456	220.425762
-31.138492	213.635040	220.342749
-31.376895	213.629281	220.244408
-31.636503	213.638033	220.130584
-31.917301	213.661165	220.001132
-32.219275	213.698551	219.855920
-32.542413	213.750074	219.694826
-32.886700	213.815622	219.517732
-33.252124	213.895085	219.324524
-33.638669	213.988355	219.115093
-34.046323	214.095325	218.889329
-34.235427	214.148501	218.782502
-34.445123	214.212827	218.656922
-34.675490	214.288628	218.512876
-34.926593	214.376170	218.350605
-35.198483	214.475669	218.170308
-35.491199	214.587300	217.972147
-35.804773	214.711196	217.756252
-36.139227	214.847460	217.522719
-36.494578	214.996164	217.271622
-36.870839	215.157352	217.003005
-37.041827	215.232130	216.879832
-37.233277	215.317512	216.737454
-37.445288	215.413862	216.576183
-37.677939	215.521481	216.396284
-37.931291	215.640614	216.197977
-38.205396	215.771460	215.981443
-38.500289	215.914174	215.746829
-38.816002	216.068876	215.494245
-39.152556	216.235651	215.223777
-39.509966	216.414558	214.935481
-39.671768	216.496285	214.804557
-39.853988	216.588380	214.654254
-40.056728	216.691201	214.484874
-40.280068	216.805044	214.296676
-40.524072	216.930151	214.089873
-40.788791	217.066717	213.864643
-41.074264	217.214894	213.621124
-41.380522	217.374799	213.359428
-41.707587	217.546516	213.079633
-42.055476	217.730101	212.781797
-42.213007	217.813618	212.646857
-42.390925	217.907298	212.492395
-42.589331	218.011488	212.318703
-42.808304	218.126476	212.126027
-43.047910	218.252496	211.914575
-43.308199	218.389737	211.684513
-43.589211	218.538346	211.435976
-43.890976	218.698434	211.169067
-44.213518	218.870081	210.883863
-44.556852	219.053340	210.580414
-44.712390	219.136589	210.443019
-44.888284	219.229794	210.285964
-45.084635	219.333294	210.109529
-45.301522	219.447366	209.913951
-45.539010	219.572237	209.699427
-45.797150	219.708090	209.466116
-46.075981	219.855064	209.214146
-46.375535	220.013268	208.943615
-46.695833	220.182777	208.654595
-47.036891	220.363639	208.347133
-47.191437	220.445748	208.207944
-47.366308	220.537603	208.048958
-47.561603	220.639533	207.870443
-47.777404	220.751805	207.672627
-48.013773	220.874640	207.455697
-48.270762	221.008213	207.219806
-48.548410	221.152660	206.965073
-48.846748	221.308082	206.691594
-49.165797	221.474550	206.399433
-49.505575	221.652110	206.088635
-49.659557	221.732695	205.947938
-49.833833	221.822811	205.787308
-50.028501	221.922776	205.607002
-50.243641	222.032851	205.407237
-50.479318	222.153248	205.188191
-50.735581	222.284135	204.950010
-51.012469	222.425643	204.692809
-51.310015	222.577870	204.416676
-51.628238	222.740882	204.121672
-51.967155	222.914720	203.807840
-52.120754	222.993600	203.665764
-52.294614	223.081792	203.503619
-52.488833	223.179603	203.321651
-52.703491	223.287286	203.120067
-52.938651	223.405047	202.899038
-53.194363	223.533047	202.658702
-53.470667	223.671413	202.399168
-53.767593	223.820236	202.120520
-54.085162	223.979580	201.822815
-54.423390	224.149482	201.506090
-54.576678	224.226564	201.362698
-54.750194	224.312734	201.199101
-54.944035	224.408289	201.015534
-55.158280	224.513475	200.812196
-55.392992	224.628490	200.589249
-55.648603	224.753145	200.347059
-55.925897	224.886869	200.086225
-56.225730	225.028951	199.807442
-56.549023	225.178521	199.511526
-56.896743	225.334538	199.199431
-57.056570	225.403710	199.059178
-57.240380	225.477523	198.901512
-57.448915	225.555578	198.727393
-57.682918	225.637316	198.537853
-57.942920	225.722352	198.333712
-58.229638	225.809834	198.116144
-58.543697	225.898860	197.886325
-58.885468	225.988868	197.645058
-59.255509	226.078635	197.393752
-59.653898	226.166874	197.133994
-59.840839	226.204315	197.017156
-60.055306	226.239796	196.888550
-60.297741	226.272918	196.749489
-60.568248	226.303157	196.601377
-60.866912	226.329910	196.445522
-61.193795	226.352846	196.282773
-61.548945	226.371212	196.114341
-61.932397	226.384234	195.941358
-62.344174	226.391147	195.764868
-62.784291	226.391773	195.585165
-62.992567	226.389274	195.503835
-63.228646	226.381014	195.414755
-63.492660	226.367113	195.318758
-63.784715	226.347297	195.216913
-64.104891	226.321242	195.110176
-64.453249	226.289106	194.998794
-64.829837	226.250423	194.883625
-65.234686	226.204712	194.765444
-65.667818	226.151481	194.644959
-66.129245	226.090330	194.522704
-66.344033	226.059885	194.468490
-66.586561	226.020143	194.410265
-66.856966	225.971320	194.348720
-67.155355	225.913483	194.284511
-67.481810	225.846628	194.218200
-67.836394	225.770663	194.150312
-68.219153	225.685689	194.081029
-68.630119	225.591510	194.010785
-69.069313	225.487980	193.939876
-69.536745	225.374844	193.868656
-69.751689	225.321496	193.837780
-69.994058	225.256029	193.805930
-70.264051	225.178876	193.773469
-70.561899	225.090602	193.740376
-70.887658	224.991329	193.707062
-71.241342	224.881094	193.673906
-71.622968	224.759948	193.641144
-72.032519	224.627857	193.609029
-72.469940	224.484704	193.577839
-72.935162	224.330338	193.547831
-73.146786	224.259170	193.535563
-73.384971	224.174102	193.524434
-73.649917	224.075551	193.514738
-73.941737	223.963783	193.506803
-74.260505	223.838988	193.500901
-74.606261	223.701291	193.497262
-74.979015	223.550748	193.496097
-75.378760	223.387380	193.497576
-75.805746	223.211626	193.501189
-76.259934	223.023427	193.507070
-76.466286	222.937368	193.510618
-76.698469	222.836251	193.516625
-76.956672	222.720456	193.525365
-77.241040	222.590282	193.537055
-77.551666	222.445946	193.551889
-77.888615	222.287601	193.570026
-78.251921	222.115346	193.591596
-78.641615	221.929257	193.616673
-79.057702	221.729361	193.645328
-79.500169	221.515649	193.677610
-79.700849	221.418230	193.693011
-79.926474	221.304598	193.712270
-80.177304	221.175184	193.735485
-80.453491	221.030279	193.762826
-80.755171	220.870133	193.794387
-81.082433	220.694922	193.830262
-81.435330	220.504761	193.870535
-81.813964	220.299806	193.915140
-82.218397	220.080154	193.964033
-82.648914	219.846169	194.016696
-82.844234	219.740006	194.040764
-83.064217	219.617241	194.068853
-83.309061	219.478223	194.101154
-83.578910	219.323220	194.137836
-83.873897	219.152465	194.178990
-84.194107	218.966121	194.224705
-84.539609	218.764316	194.275030
-84.910460	218.547148	194.329978
-85.306693	218.314670	194.389553
-85.728324	218.066908	194.453746
-85.919358	217.954478	194.483166
-86.134327	217.824642	194.517501
-86.373475	217.677766	194.556837
-86.637002	217.514154	194.601230
-86.925030	217.334014	194.650772
-87.237645	217.137499	194.705541
-87.574919	216.924728	194.765575
-87.936930	216.695814	194.830846
-88.323726	216.450820	194.901334
-88.735335	216.189782	194.977007
-88.921839	216.071366	195.011555
-89.131781	215.935007	195.051467
-89.365355	215.781007	195.096882
-89.622709	215.609603	195.147923
-89.903950	215.420978	195.204691
-90.209160	215.215268	195.267261
-90.538419	214.992595	195.335648
-90.891781	214.753036	195.409862
-91.269291	214.496651	195.489881
-91.670981	214.223470	195.575667
-91.852955	214.099554	195.614784
-92.057805	213.957135	195.659766
-92.285709	213.796485	195.710755
-92.536793	213.617808	195.767886
-92.811155	213.421266	195.831260
-93.108862	213.206975	195.900961
-93.429969	212.975028	195.977035
-93.774524	212.725489	196.059495
-94.142650	212.458477	196.148205
-94.534378	212.174018	196.243126
-94.711839	212.045017	196.286326
-94.911710	211.897056	196.335716
-95.134158	211.730380	196.391433
-95.379425	211.545270	196.453433
-95.647596	211.341870	196.521826
-95.938746	211.120296	196.596678
-96.252934	210.880638	196.678025
-96.590206	210.622957	196.765875
-96.950598	210.347294	196.860216
-97.334225	210.053741	196.960887
-97.508032	209.920689	197.006589
-97.703918	209.768331	197.058594
-97.922147	209.596968	197.116893
-98.162863	209.406800	197.181571
-98.426149	209.197960	197.252731
-98.712063	208.970549	197.330449
-99.020653	208.724640	197.414776
-99.351963	208.460290	197.505714
-99.706036	208.177543	197.603237
-100.082906	207.876422	197.707300
-100.253621	207.739946	197.754529
-100.446137	207.583860	197.808096
-100.660624	207.408388	197.868105
-100.897358	207.213814	197.934448
-101.156492	207.000315	198.007126
-101.438242	206.768105	198.085997
-101.742667	206.517262	198.171091
-102.069814	206.247845	198.262407
-102.419785	205.959944	198.359834
-102.792619	205.653586	198.463317
-102.961635	205.514852	198.510079
-103.152426	205.356381	198.562862
-103.365157	205.178388	198.621774
-103.599952	204.981044	198.686905
-103.857018	204.764560	198.758176
-104.136432	204.529041	198.835627
-104.438256	204.274564	198.919279
-104.762623	204.001249	199.009006
-105.109569	203.709132	199.104787
-105.479120	203.398229	199.206578
-105.646610	203.257413	199.252605
-105.835650	203.096600	199.304601
-106.046404	202.915996	199.362663
-106.278991	202.715759	199.426882
-106.533497	202.496009	199.497331
-106.809989	202.256838	199.574059
-107.108526	201.998317	199.657078
-107.429150	201.720493	199.746386
-107.771898	201.423397	199.841956
-108.136796	201.107047	199.943737
-108.302133	200.963725	199.989807
-108.488712	200.800091	200.041894
-108.696685	200.616336	200.100102
-108.926145	200.412594	200.164540
-109.177164	200.188970	200.235291
-109.449801	199.945542	200.312409
-109.744121	199.682384	200.395892
-110.060240	199.399588	200.485639
-110.398185	199.097181	200.581628
-110.757970	198.775166	200.683828
-110.920958	198.629247	200.730119
-111.104977	198.462774	200.782339
-111.310174	198.275924	200.840585
-111.536678	198.068850	200.904915
-111.784563	197.841653	200.975401
-112.053882	197.594406	201.052098
-112.344679	197.327163	201.135031
-112.656984	197.039959	201.224202
-112.990831	196.732819	201.319579
-113.346237	196.405749	201.421121
-113.507230	196.257538	201.467110
-113.688912	196.088450	201.519104
-113.891411	195.898643	201.577212
-114.114810	195.688231	201.641538
-114.359172	195.457303	201.712160
-114.624549	195.205927	201.789126
-114.910978	194.934150	201.872461
-115.218492	194.642003	201.962163
-115.547115	194.329504	202.058206
-115.896858	193.996654	202.160553
-116.055254	193.845793	202.206940
-116.234045	193.673767	202.259333
-116.433395	193.480749	202.317783
-116.653383	193.266848	202.382391
-116.894068	193.032143	202.453233
-117.155500	192.776699	202.530355
-117.437715	192.500557	202.613778
-117.740753	192.203754	202.703486
-118.064644	191.886309	202.799444
-118.409417	191.548234	202.901590
-118.565583	191.395024	202.947841
-118.741905	191.220401	203.000024
-118.938495	191.024500	203.058244
-119.155425	190.807419	203.122602
-119.392755	190.569235	203.193166
-119.650534	190.310007	203.269975
-119.928797	190.029775	203.353048
-120.227574	189.728566	203.442376
-120.546892	189.406396	203.537926
-120.886773	189.063270	203.639643
-121.040753	188.907791	203.685649
-121.214715	188.730692	203.737422
-121.408803	188.532122	203.795022
-121.623125	188.312196	203.858497
-121.857732	188.070984	203.927922
-122.112665	187.808537	204.003344
-122.387952	187.524889	204.084785
-122.683630	187.220070	204.172225
-122.999731	186.894099	204.265621
-123.336292	186.546989	204.364897
-123.488765	186.389710	204.409787
-123.661083	186.210628	204.460232
-123.853357	186.009870	204.516324
-124.065663	185.787528	204.578145
-124.298053	185.543667	204.645764
-124.550603	185.278359	204.719177
-124.823344	184.991637	204.798399
-125.116330	184.683540	204.883387
-125.429603	184.354092	204.974084
-125.763196	184.003304	205.070414
-125.914348	183.844372	205.113932
-126.085211	183.663462	205.162782
-126.275896	183.460695	205.217049
-126.486515	183.236181	205.276767
-126.717117	182.989982	205.342002
-126.967746	182.722147	205.412786
-127.238437	182.432710	205.489128
-127.529229	182.121700	205.570997
-127.840165	181.789141	205.658333
-128.171287	181.435051	205.751044
-128.321330	181.274629	205.792901
-128.490981	181.092074	205.839824
-128.680356	180.887508	205.891886
-128.889537	180.661017	205.949154
-129.118585	180.412670	206.011671
-129.367552	180.142517	206.079460
-129.636480	179.850597	206.152513
-129.925426	179.536949	206.230778
-130.234446	179.201604	206.314172
-130.563593	178.844588	206.402591
-130.712777	178.682862	206.442452
-130.881557	178.498909	206.486993
-131.070069	178.292857	206.536259
-131.278411	178.064803	206.590292
-131.506674	177.814832	206.649098
-131.754922	177.543003	206.712678
-132.023225	177.249370	206.780990
-132.311642	176.933975	206.853975
-132.620240	176.596859	206.931533
-132.949098	176.238065	207.013525
-133.098224	176.075575	207.050384
-133.267019	175.890823	207.091425
-133.455629	175.683942	207.136675
-133.664165	175.455039	207.186159
-133.892697	175.204180	207.239908
-134.141293	174.931430	207.297913
-134.410013	174.636834	207.360144
-134.698922	174.320441	207.426527
-135.008097	173.982299	207.496949
-135.337608	173.622450	207.571273
-135.487054	173.459497	207.604623
-135.656228	173.274247	207.641666
-135.845272	173.066830	207.682433
-136.054284	172.837343	207.726958
-136.283353	172.585866	207.775247
-136.532548	172.312460	207.827288
-136.801937	172.017180	207.883034
-137.091599	171.700083	207.942392
-137.401611	171.361223	208.005241
-137.732056	171.000651	208.071426
-137.881950	170.837390	208.101051
-138.051639	170.651813	208.133858
-138.241274	170.444056	208.169864
-138.450967	170.214223	208.209086
-138.680811	169.962398	208.251518
-138.930887	169.688652	208.297128
-139.201269	169.393045	208.345861
-139.492050	169.075646	208.397599
-139.803327	168.736528	208.452191
-140.135194	168.375755	208.509460
-140.285776	168.212435	208.534983
-140.456286	168.026838	208.563081
-140.646881	167.819106	208.593762
-140.857688	167.589355	208.627016
-141.088806	167.337675	208.662828
-141.340325	167.064143	208.701154
-141.612327	166.768828	208.741922
-141.904907	166.451807	208.785005
-142.218175	166.113165	208.830228
-142.552240	165.752989	208.877389
-142.703856	165.589967	208.898277
-142.875548	165.404736	208.921100
-143.067477	165.197444	208.945855
-143.279772	164.968207	208.972531
-143.512535	164.717120	209.001102
-143.765865	164.444269	209.031510
-144.039858	164.149738	209.063656
-144.334619	163.833617	209.097397
-144.650256	163.495997	209.132552
-144.986878	163.136973	209.168907
-145.139680	162.974500	209.184854
-145.312694	162.789897	209.202096
-145.506089	162.583316	209.220617
-145.720009	162.354892	209.240379
-145.954566	162.104725	209.261344
-146.209863	161.832912	209.283437
-146.486003	161.539547	209.306548
-146.783103	161.224735	209.330508
-147.101285	160.888589	209.355110
-147.440666	160.531219	209.380119
-147.594745	160.369528	209.390875
-147.769197	160.185824	209.402236
-147.964205	159.980276	209.414160
-148.179912	159.753020	209.426610
-148.416432	159.504163	209.439537
-148.673871	159.233807	209.452860
-148.952338	158.942055	209.466453
-149.251953	158.629024	209.480138
-149.572838	158.294839	209.493691
-149.915115	157.939624	209.506865
-150.070519	157.778935	209.512224
-150.246441	157.596360	209.517502
-150.443066	157.392074	209.522653
-150.660538	157.166216	209.527629
-150.898979	156.918904	209.532368
-151.158498	156.650247	209.536780
-151.439199	156.360350	209.540739
-151.741198	156.049335	209.544061
-152.064622	155.717340	209.546511
-152.409596	155.364504	209.547822
-152.566223	155.204917	209.547782
-152.743486	155.023568	209.547000
-152.941575	154.820640	209.545414
-153.160643	154.596285	209.542959
-153.400819	154.350633	209.539561
-153.662213	154.083798	209.535117
-153.944930	153.795894	209.529493
-154.249084	153.487046	209.522504
-154.574789	153.157391	209.513922
-154.922169	152.807077	209.503473
-155.079876	152.648649	209.498097
-155.258314	152.468581	209.491333
-155.457673	152.267059	209.483117
-155.678104	152.044238	209.473382
-155.919741	151.800259	209.462036
-156.182703	151.535250	209.448960
-156.467098	151.249333	209.434009
-156.773035	150.942640	209.416991
-157.100634	150.615320	209.397666
-157.450005	150.267523	209.375766
-157.608603	150.110249	209.365195
-157.787994	149.931443	209.352628
-157.988370	149.731297	209.337994
-158.209882	149.509970	209.321218
-158.452661	149.267601	209.302210
-158.716824	149.004324	209.280844
-159.002483	148.720272	209.256962
-159.309749	148.415586	209.230364
-159.638733	148.090416	209.200811
-159.989548	147.744924	209.168025
-160.148783	147.588707	209.152521
-160.328861	147.411069	209.134418
-160.529968	147.212204	209.113648
-160.752251	146.992264	209.090140
-160.995836	146.751391	209.063803
-161.260838	146.489719	209.034511
-161.547366	146.207386	209.002102
-161.855527	145.904534	208.966374
-162.185432	145.581323	208.927080
-162.537187	145.237918	208.883944
-162.696827	145.082652	208.863757
-162.877323	144.906053	208.840417
-163.078868	144.708325	208.813836
-163.301612	144.489632	208.783933
-163.545679	144.250113	208.750615
-163.811180	143.989905	208.713755
-164.098217	143.709143	208.673196
-164.406891	143.407969	208.628738
-164.737304	143.086538	208.580144
-165.089553	142.745013	208.527144
-165.249391	142.590596	208.502505
-165.430070	142.414914	208.474195
-165.631785	142.218178	208.442114
-165.854689	142.000559	208.406171
-166.098905	141.762202	208.366263
-166.364542	141.503243	208.322268
-166.651698	141.223817	208.274024
-166.960475	140.924076	208.221326
-167.290970	140.604180	208.163933
-167.643275	140.264291	208.101577
-167.803122	140.110617	208.072707
-167.983774	139.935736	208.039668
-168.185426	139.739860	208.002360
-168.408231	139.523165	207.960681
-168.652319	139.285809	207.914513
-168.917802	139.027938	207.863718
-169.204772	138.749685	207.808141
-169.513330	138.451208	207.747569
-169.843574	138.132676	207.681753
-170.195598	137.794266	207.610412
-170.355311	137.641276	207.577461
-170.535804	137.467163	207.539819
-170.737273	137.272147	207.497372
-170.959874	137.056412	207.450010
-171.203738	136.820123	207.397605
-171.468973	136.563427	207.340018
-171.755668	136.286460	207.277093
-172.063912	135.989367	207.208634
-172.393794	135.672313	207.134401
-172.745400	135.335474	207.054117
-172.904908	135.183196	207.017121
-173.085145	135.009860	206.974946
-173.286306	134.815687	206.927473
-173.508545	134.600865	206.874587
-173.751992	134.365561	206.816156
-174.016755	134.109931	206.752032
-174.302925	133.834114	206.682053
-174.610587	133.538261	206.606022
-174.939816	133.222520	206.523715
-175.290687	132.887060	206.434873
-175.449840	132.735398	206.394020
-175.629643	132.562714	206.347541
-175.830286	132.369228	206.295318
-176.051919	132.155125	206.237238
-176.294670	131.920572	206.173167
-176.558645	131.665727	206.102953
-176.843933	131.390733	206.026432
-177.150615	131.095739	205.943407
-177.478764	130.780898	205.853655
-177.828445	130.446365	205.756930
-177.987035	130.295111	205.712527
-178.166169	130.122844	205.662095
-178.366032	129.929780	205.605515
-178.586770	129.716099	205.542676
-178.828504	129.481962	205.473451
-179.091337	129.227526	205.397689
-179.375354	128.952933	205.315226
-179.680637	128.658335	205.225861
-180.007254	128.343887	205.129371
-180.355268	128.009743	205.025512
-180.513080	127.858653	204.977900
-180.691307	127.686531	204.923890
-180.890132	127.493595	204.863361
-181.109698	127.280026	204.796196
-181.350122	127.045978	204.722276
-181.611499	126.791600	204.641455
-181.893913	126.517034	204.553571
-182.197442	126.222433	204.458423
-182.522151	125.907948	204.355789
-182.868098	125.573736	204.245426
-183.024958	125.422605	204.194883
-183.202083	125.250405	204.137605
-183.399655	125.057351	204.073465
-183.617817	124.843626	204.002344
-183.856684	124.609387	203.924115
-184.116347	124.354777	203.838641
-184.396886	124.079934	203.745760
-184.698373	123.785008	203.645275
-185.020872	123.470150	203.536968
-185.364438	123.135513	203.420597
-185.520204	122.984181	203.367346
-185.696077	122.811735	203.307032
-185.892230	122.618380	203.239538
-186.108804	122.404296	203.164746
-186.345913	122.169642	203.082524
-186.603648	121.914562	202.992728
-186.882088	121.639199	202.895194
-187.181303	121.343698	202.789729
-187.501351	121.028208	202.676115
-187.842287	120.692886	202.554113
-187.996849	120.541236	202.498321
-188.171351	120.368420	202.435151
-188.365963	120.174642	202.364486
-188.580820	119.960075	202.286209
-188.816031	119.724872	202.200196
-189.071686	119.469176	202.106300
-189.347862	119.193133	202.004355
-189.644629	118.896888	201.894164
-189.962044	118.580593	201.775511
-190.300157	118.244402	201.648156
-190.453432	118.092354	201.589946
-190.626469	117.919084	201.524053
-190.819440	117.724795	201.450356
-191.032476	117.509659	201.368737
-191.265681	117.273821	201.279078
-191.519140	117.017420	201.181237
-191.792928	116.740597	201.075048
-192.087111	116.443500	200.960316
-192.401747	116.126281	200.836821
-192.736885	115.789096	200.704324
-192.888802	115.636595	200.643790
-193.060300	115.462811	200.575277
-193.251547	115.267950	200.498657
-193.462674	115.052181	200.413811
-193.693783	114.815651	200.320618
-193.944954	114.558491	200.218943
-194.216257	114.280837	200.108626
-194.507755	113.982834	199.989473
-194.819504	113.664634	199.861266
-195.151549	113.326390	199.723769
-195.302057	113.173405	199.660975
-195.471956	112.999076	199.589912
-195.661412	112.803604	199.510451
-195.870556	112.587162	199.422468
-196.099489	112.349896	199.325837
-196.348291	112.091940	199.220422
-196.617030	111.813432	199.106058
-196.905766	111.514511	198.982559
-197.214549	111.195325	198.849710
-197.543423	110.856025	198.707279
-197.692486	110.702558	198.642256
-197.860747	110.527684	198.568676
-198.048370	110.331606	198.486409
-198.255482	110.114493	198.395329
-198.482184	109.876490	198.295309
-198.728555	109.617735	198.186209
-198.994662	109.338363	198.067865
-199.280564	109.038519	197.940086
-199.586308	108.718346	197.802661
-199.911936	108.377997	197.655359
-200.059522	108.224053	197.588131
-200.226110	108.048644	197.512061
-200.411860	107.851969	197.427015
-200.616899	107.634196	197.332868
-200.841323	107.395470	197.229493
-201.085211	107.135927	197.116747
-201.348631	106.855706	196.994464
-201.631638	106.554950	196.862452
-201.934279	106.233807	196.720500
-202.256595	105.892428	196.568374
-202.402677	105.738021	196.498959
-202.567565	105.562099	196.420408
-202.751416	105.364859	196.332588
-202.954354	105.146466	196.235373
-203.176475	104.907065	196.128636
-203.417853	104.646789	196.012236
-203.678555	104.365777	195.886004
-203.958636	104.064175	195.749749
-204.258140	103.742128	195.603260
-204.577105	103.399790	195.446305
-204.721665	103.244950	195.374702
-204.884833	103.068551	195.293666
-205.066767	102.870791	195.203062
-205.267586	102.651834	195.102764
-205.487383	102.411819	194.992646
-205.726231	102.150880	194.872567
-205.984195	101.869155	194.742360
-206.261327	101.566790	194.601833
-206.557672	101.243930	194.450775
-206.873264	100.900731	194.288955
-207.016291	100.745503	194.215147
-207.177726	100.568677	194.131611
-207.357727	100.370452	194.038204
-207.556413	100.150993	193.934798
-207.773875	99.910442	193.821264
-208.010183	99.648927	193.697466
-208.265399	99.366589	193.563234
-208.539574	99.063569	193.418380
-208.832750	98.740017	193.262692
-209.144961	98.396087	193.095939
-209.286452	98.240530	193.019897
-209.446151	98.063343	192.933824
-209.624214	97.864726	192.837578
-209.820760	97.644845	192.731025
-210.035879	97.403843	192.614034
-210.269640	97.141851	192.486466
-210.522102	96.859006	192.348154
-210.793315	96.555452	192.198909
-211.083318	96.231335	192.038524
-211.392142	95.886809	191.866768
-211.532094	95.730985	191.788458
-211.690053	95.553507	191.699814
-211.866175	95.354575	191.600688
-212.060577	95.134357	191.490944
-212.273348	94.892996	191.370449
-212.504556	94.630626	191.239061
-212.754260	94.347386	191.096611
-213.022506	94.043417	190.942915
-213.309331	93.718867	190.777763
-213.614766	93.373891	190.600927
-213.753179	93.217867	190.520314
-213.909399	93.040174	190.429055
-214.083580	92.841012	190.327002
-214.275836	92.620549	190.214017
-214.486258	92.378930	190.089963
-214.714912	92.116292	189.954696
-214.961856	91.832777	189.808045
-215.227136	91.528527	189.649823
-215.510786	91.203690	189.479823
-215.812834	90.858424	189.297817
-215.949710	90.702274	189.214859
-216.104196	90.524451	189.120936
-216.276440	90.325156	189.015898
-216.466558	90.104556	188.899606
-216.674637	89.862800	188.771922
-216.900744	89.600024	188.632698
-217.144936	89.316373	188.481762
-217.407258	89.011993	188.318926
-217.687742	88.687032	188.143982
-217.986414	88.341649	187.956706
-218.121758	88.185452	187.871356
-218.274513	88.007591	187.774714
-218.444828	87.808266	187.666629
-218.632817	87.587647	187.546959
-218.838564	87.345881	187.415566
-219.062134	87.083105	187.272302
-219.303585	86.799467	187.116993
-219.562958	86.495114	186.949450
-219.840286	86.170198	186.769466
-220.135592	85.824878	186.576814
-220.269407	85.668715	186.489027
-220.420436	85.490905	186.389618
-220.588826	85.291648	186.278432
-220.774687	85.071117	186.155325
-220.978105	84.829459	186.020158
-221.199144	84.566815	185.872781
-221.437858	84.283332	185.713021
-221.694287	83.979159	185.540689
-221.968463	83.654449	185.355578
-222.260407	83.309364	185.157462
-222.392697	83.153315	185.067196
-222.542003	82.975645	184.964970
-222.708470	82.776559	184.850627
-222.892209	82.556230	184.724022
-223.093303	82.314806	184.585012
-223.311816	82.052431	184.433448
-223.547800	81.769254	184.269155
-223.801295	81.465426	184.091942
-224.072329	81.141101	183.901604
-224.360922	80.796442	183.697917
-224.491690	80.640592	183.605125
-224.639277	80.463160	183.500031
-224.803827	80.264351	183.382474
-224.985449	80.044341	183.252306
-225.184225	79.803282	183.109384
-225.400219	79.541318	182.953555
-225.633481	79.258604	182.784643
-225.884050	78.955291	182.602457
-226.151952	78.631537	182.406792
-226.437207	78.287505	182.197425
-226.566460	78.131946	182.102056
-226.712334	77.954854	181.994037
-226.874972	77.756436	181.873205
-227.054483	77.536869	181.739409
-227.250947	77.296309	181.592504
-227.464426	77.034901	181.432337
-227.694969	76.752800	181.258731
-227.942614	76.450162	181.071496
-228.207386	76.127146	180.870425
-228.489301	75.783921	180.655294
-228.617040	75.628737	180.557311
-228.761203	75.452081	180.446321
-228.921931	75.254161	180.322160
-229.099334	75.035158	180.184677
-229.293490	74.795231	180.033722
-229.504459	74.534529	179.869140
-229.732292	74.253210	179.690754
-229.977022	73.951428	179.498375
-230.238672	73.629346	179.291798
-230.517259	73.287135	179.070799
-230.643486	73.132419	178.970153
-230.785942	72.956304	178.856139
-230.944767	72.759002	178.728590
-231.120066	72.540694	178.587354
-231.311918	72.301542	178.432279
-231.520383	72.041698	178.263210
-231.745509	71.761324	178.079965
-231.987329	71.460579	177.882356
-232.245866	71.139627	177.670177
-232.521130	70.798641	177.443207
-232.645851	70.644489	177.339854
-232.786604	70.469024	177.222763
-232.943528	70.272460	177.091769
-233.116728	70.054981	176.946714
-233.306282	69.816751	176.787449
-233.512248	69.557927	176.613813
-233.734673	69.278673	176.425627
-233.973590	68.979153	176.222699
-234.229019	68.659535	176.004824
-234.500970	68.319995	175.771778
-234.624187	68.166508	175.665668
-234.763241	67.991805	175.545448
-234.918257	67.796077	175.410976
-235.089335	67.579501	175.262103
-235.276558	67.342258	175.098661
-235.479986	67.084515	174.920485
-235.699660	66.806427	174.727403
-235.935604	66.508145	174.519240
-236.187828	66.189812	174.295814
-236.456324	65.851563	174.056943
-236.577953	65.698629	173.948234
-236.715143	65.524405	173.825222
-236.868014	65.329072	173.687768
-237.036663	65.112807	173.535726
-237.221173	64.875788	173.368927
-237.421601	64.618182	173.187204
-237.637989	64.340143	172.990387
-237.870360	64.041820	172.778301
-238.118720	63.723355	172.550768
-238.383061	63.384881	172.307608
-238.502789	63.231818	172.196988
-238.637809	63.057415	172.071849
-238.788237	62.861850	171.932056
-238.954168	62.645295	171.777462
-239.135679	62.407917	171.607913
-239.332824	62.149875	171.423244
-239.545642	61.871323	171.223289
-239.774155	61.572409	171.007871
-240.018369	61.253275	170.776814
-240.278275	60.914052	170.529938
-240.395982	60.760632	170.417656
-240.528703	60.585814	170.290652
-240.676560	60.389787	170.148781
-240.839644	60.172718	169.991896
-241.018029	59.934774	169.819842
-241.211771	59.676114	169.632457
-241.420905	59.396891	169.429573
-241.645452	59.097249	169.211020
-241.885419	58.777336	168.976614
-242.140794	58.437281	168.726181
-242.256444	58.283483	168.612291
-242.386842	58.108258	168.483452
-242.532101	57.911785	168.339527
-242.692312	57.694227	168.180374
-242.867549	57.455753	168.005833
-243.057862	57.196519	167.815746
-243.263287	56.916675	167.609947
-243.483845	56.616370	167.388263
-243.719536	56.295737	167.150524
-243.970350	55.954908	166.896554
-244.083928	55.800756	166.781067
-244.211983	55.625152	166.650408
-244.354623	55.428259	166.504449
-244.511938	55.210243	166.343048
-244.683994	54.971261	166.166054
-244.870841	54.711465	165.973312
-245.072514	54.431005	165.764657
-245.289029	54.130025	165.539922
-245.520386	53.808657	165.298936
-245.766573	53.467031	165.041527
-245.878048	53.312513	164.924492
-246.003725	53.136509	164.792071
-246.143710	52.939187	164.644133
-246.298088	52.720703	164.480541
-246.466929	52.481223	164.301140
-246.650280	52.220893	164.105776
-246.848171	51.939860	163.894290
-247.060617	51.638262	163.666517
-247.287617	51.316232	163.422291
-247.529156	50.973897	163.161442
-247.638520	50.819054	163.042854
-247.761814	50.642710	162.908655
-247.899140	50.445027	162.758718
-248.050582	50.226161	162.592906
-248.216203	49.986262	162.411074
-248.396048	49.725479	162.213071
-248.590145	49.443950	161.998743
-248.798509	49.141819	161.767923
-249.021138	48.819219	161.520444
-249.258014	48.476271	161.256143
-249.365261	48.321147	161.135998
-249.486160	48.144505	161.000024
-249.620813	47.946502	160.848095
-249.769299	47.727291	160.680078
-249.931679	47.487018	160.495832
-250.107996	47.225827	160.295209
-250.298276	46.943858	160.078054
-250.502531	46.641248	159.844207
-250.720758	46.318126	159.593506
-250.952934	45.974607	159.325793
-251.058047	45.819224	159.204108
-251.176538	45.642316	159.066368
-251.308504	45.444037	158.912452
-251.454022	45.224535	158.742229
-251.613148	44.983945	158.555570
-251.785920	44.722406	158.352331
-251.972363	44.440053	158.132361
-252.172483	44.137011	157.895512
-252.386272	43.813404	157.641629
-252.613711	43.469350	157.370551
-252.716668	43.313712	157.247357
-252.832719	43.136530	157.107904
-252.961956	42.937945	156.952077
-253.104449	42.718096	156.779755
-253.260254	42.477120	156.590806
-253.429408	42.215155	156.385087
-253.611933	41.932327	156.162457
-253.807833	41.628762	155.922766
-254.017100	41.304582	155.665861
-254.239710	40.959900	155.391587
-254.340474	40.803972	155.266956
-254.454043	40.626479	155.125863
-254.580510	40.427564	154.968194
-254.719945	40.207368	154.793824
-254.872401	39.966025	154.602622
-255.037913	39.703668	154.394452
-255.216500	39.420425	154.169171
-255.408167	39.116419	153.926632
-255.612903	38.791768	153.666686
-255.830679	38.446576	153.389191
-255.929247	38.290411	153.263108
-256.040342	38.112689	153.120341
-256.164052	37.913548	152.960778
-256.300444	37.693123	152.784299
-256.449569	37.451546	152.590777
-256.611459	37.188945	152.380079
-256.786132	36.905445	152.152065
-256.973589	36.601165	151.906593
-257.173818	36.276222	151.643517
-257.386792	35.930726	151.362689
-257.483179	35.774421	151.235103
-257.591815	35.596574	151.090607
-257.712784	35.397320	150.929093
-257.846150	35.176790	150.750444
-257.991961	34.935110	150.554537
-258.150248	34.672406	150.341242
-258.321023	34.388794	150.110428
-258.504285	34.084390	149.861958
-258.700019	33.759303	149.595692
-258.908188	33.413621	149.311505
-259.002390	33.257219	149.182414
-259.108552	33.079275	149.036208
-259.226751	32.879910	148.872792
-259.357049	32.659249	148.692052
-259.499489	32.417413	148.493870
-259.654100	32.154523	148.278123
-259.820889	31.870683	148.044688
-259.999854	31.566008	147.793432
-260.190978	31.240604	147.524217
-260.394229	30.894574	147.236905
-260.486199	30.738015	147.106403
-260.589849	30.559943	146.958559
-260.705256	30.360481	146.793271
-260.832479	30.139752	146.610432
-260.971560	29.897873	146.409927
-261.122520	29.634950	146.191644
-261.285368	29.351095	145.955458
-261.460095	29.046407	145.701248
-261.646682	28.720991	145.428880
-261.845096	28.374945	145.138222
-261.934868	28.218369	145.006218
-262.036033	28.040300	144.856657
-262.148659	27.840842	144.689457
-262.272803	27.620110	144.504516
-262.408501	27.378216	144.301723
-262.555774	27.115265	144.080968
-262.714628	26.831364	143.842131
-262.885056	26.526616	143.585088
-263.067036	26.201121	143.309711
-263.260531	25.854974	143.015872
-263.348071	25.698351	142.882432
-263.446727	25.520288	142.731196
-263.556571	25.320896	142.562073
-263.677654	25.100288	142.374963
-263.810013	24.858573	142.169759
-263.953664	24.595849	141.946360
-264.108603	24.312199	141.704665
-264.274821	24.007725	141.444556
-264.452294	23.682521	141.165909
-264.640983	23.336679	140.868600
-264.726340	23.180192	140.733596
-264.822533	23.002313	140.580566
-264.929628	22.803145	140.409428
-265.047672	22.582792	140.220086
-265.176696	22.341353	140.012447
-265.316718	22.078930	139.786404
-265.467734	21.795611	139.541853
-265.629729	21.491483	139.278690
-265.802671	21.166626	138.996807
-265.986521	20.821125	138.696085
-266.069678	20.664782	138.559551
-266.163393	20.487107	138.404754
-266.267727	20.288204	138.231611
-266.382728	20.068173	138.040033
-266.508425	19.827113	137.829926
-266.644832	19.565120	137.601187
-266.791947	19.282289	137.353710
-266.949752	18.978703	137.087394
-267.118218	18.654448	136.802126
-267.297297	18.309588	136.497810
-267.378288	18.153534	136.359653
-267.469566	17.976235	136.202979
-267.571185	17.777783	136.027716
-267.683190	17.558271	135.833780
-267.805605	17.317794	135.621081
-267.938443	17.056443	135.389523
-268.081700	16.774309	135.139004
-268.235355	16.471469	134.869429
-268.399376	16.148008	134.580689
-268.573719	15.804004	134.272675
-268.652564	15.648342	134.132844
-268.741421	15.471526	133.974244
-268.840343	15.273638	133.796811
-268.949363	15.054756	133.600476
-269.068501	14.814955	133.385167
-269.197764	14.554321	133.150794
-269.337146	14.272938	132.897260
-269.486626	13.970888	132.624468
-269.646171	13.648249	132.332316
-269.815733	13.305098	132.020699
-269.892402	13.149803	131.879259
-269.978808	12.973449	131.718800
-270.075003	12.776122	131.539254
-270.181024	12.557908	131.340546
-270.296892	12.318890	131.122597
-270.422612	12.059151	130.885319
-270.558174	11.778772	130.628623
-270.703558	11.477831	130.352414
-270.858775	11.156440	130.056580
-271.023755	10.814621	129.741064
-271.098352	10.659918	129.597878
-271.182609	10.484723	129.435026
-271.276551	10.289064	129.252490
-271.380174	10.072939	129.050272
-271.493474	9.836376	128.828339
-271.616429	9.579389	128.586667
-271.749002	9.301993	128.325222
-271.891153	9.004218	128.043954
-272.042826	8.686093	127.742807
-272.203953	8.347630	127.421734
-272.276773	8.194401	127.276070
-272.358945	8.020734	127.110535
-272.450486	7.826637	126.925130
-272.551403	7.612131	126.719836
-272.661687	7.377231	126.494634
-272.781317	7.121957	126.249493
-272.910259	6.846322	125.984383
-273.048465	6.550346	125.699264
-273.195884	6.234060	125.394079
-273.352451	5.897498	125.068765
-273.423190	5.745104	124.921210
-273.502962	5.572291	124.753621
-273.591795	5.379093	124.565972
-273.689701	5.165547	124.358231
-273.796679	4.931692	124.130362
-273.912711	4.677551	123.882329
-274.037763	4.403148	123.614095
-274.171797	4.108524	123.325602
-274.314756	3.793701	123.016803
-274.466573	3.458706	122.687642
-274.535163	3.307037	122.538337
-274.612487	3.135026	122.368786
-274.698575	2.942715	122.178959
-274.793442	2.730147	121.968820
-274.897083	2.497348	121.738340
-275.009481	2.244348	121.487484
-275.130604	1.971176	121.216207
-275.260411	1.677868	120.924459
-275.398853	1.364468	120.612173
-275.545867	1.031020	120.279282
-275.612284	0.880068	120.128278
-275.687135	0.708854	119.956821
-275.770452	0.517427	119.764876
-275.862251	0.305832	119.552404
-275.962535	0.074120	119.319359
-276.071294	-0.177660	119.065687
-276.188498	-0.449468	118.791338
-276.314109	-0.741265	118.496258
-276.448076	-1.053001	118.180378
-276.590340	-1.384623	117.843625
-276.654613	-1.534724	117.690855
-276.727027	-1.704974	117.517403
-276.807619	-1.895318	117.323230
-276.896402	-2.105713	117.108301
-276.993383	-2.336105	116.872564
-277.098551	-2.586436	116.615961
-277.211884	-2.856648	116.338428
-277.333350	-3.146682	116.039895
-277.462900	-3.456476	115.720288
-277.600477	-3.785972	115.379529
-277.662633	-3.935085	115.224926
-277.732643	-4.104216	115.049404
-277.810545	-4.293305	114.852921
-277.896359	-4.502291	114.635426
-277.990093	-4.731114	114.396864
-278.091738	-4.979707	114.137173
-278.201276	-5.248008	113.856282
-278.318673	-5.535948	113.554119
-278.443885	-5.843459	113.230605
-278.576855	-6.170473	112.885656
-278.636929	-6.318439	112.729140
-278.704572	-6.486280	112.551466
-278.779823	-6.673931	112.352585
-278.862704	-6.881322	112.132443
-278.953226	-7.108387	111.890978
-279.051383	-7.355051	111.628124
-279.157157	-7.621244	111.343808
-279.270516	-7.906891	111.037951
-279.391419	-8.211916	110.710470
-279.519809	-8.536243	110.361278
-279.577813	-8.682972	110.202829
-279.643097	-8.849433	110.022987
-279.715703	-9.035551	109.821698
-279.795658	-9.241252	109.598902
-279.882973	-9.466458	109.354534
-279.977643	-9.711090	109.088522
-280.079654	-9.975070	108.800787
-280.188975	-10.258314	108.491249
-280.305565	-10.560740	108.159819
-280.429371	-10.882263	107.806407
-280.485299	-11.027712	107.646042
-280.548212	-11.192765	107.464071
-280.618153	-11.377342	107.260433
-280.695150	-11.581363	107.035066
-280.779213	-11.804757	106.787910
-280.870339	-12.047437	106.518887
-280.968515	-12.309316	106.227917
-281.073712	-12.590305	105.914912
-281.185891	-12.890314	105.579783
-281.304998	-13.209253	105.222436
-281.358800	-13.353517	105.060284
-281.419292	-13.517243	104.876304
-281.486518	-13.700357	104.670443
-281.560507	-13.902771	104.442633
-281.641274	-14.124397	104.192802
-281.728818	-14.365143	103.920867
-281.823128	-14.624912	103.626745
-281.924176	-14.903609	103.310343
-282.031925	-15.201136	102.971570
-282.146323	-15.517395	102.610326
-282.197995	-15.660427	102.446400
-282.256063	-15.822775	102.260429
-282.320577	-16.004347	102.052346
-282.391568	-16.205047	101.822079
-282.469052	-16.424780	101.569550
-282.553032	-16.663444	101.294674
-282.643497	-16.920939	100.997362
-282.740418	-17.197173	100.677530
-282.843758	-17.492040	100.335080
-282.953468	-17.805436	99.969910
-283.003018	-17.947155	99.804199
-283.058671	-18.108038	99.616227
-283.120477	-18.287985	99.405923
-283.188470	-18.486896	99.173212
-283.262668	-18.704666	98.918010
-283.343075	-18.941188	98.640230
-283.429683	-19.196352	98.339777
-283.522468	-19.470046	98.016554
-283.621394	-19.762157	97.670460
-283.726413	-20.072572	97.301390
-283.773844	-20.212919	97.133900
-283.827086	-20.372261	96.943928
-283.886192	-20.550490	96.731398
-283.951199	-20.747498	96.496228
-284.022126	-20.963174	96.238333
-284.098981	-21.197403	95.957619
-284.181754	-21.450066	95.653990
-284.270426	-21.721044	95.327343
-284.364961	-22.010216	94.977576
-284.465313	-22.317460	94.604579
-284.510633	-22.456352	94.435301
-284.561473	-22.614063	94.243322
-284.617888	-22.790479	94.028559
-284.679917	-22.985484	93.790929
-284.747583	-23.198958	93.530339
-284.820893	-23.430778	93.246694
-284.899841	-23.680818	92.939892
-284.984407	-23.948952	92.609829
-285.074559	-24.235049	92.256397
-285.170251	-24.538980	91.879487
-285.213463	-24.676353	91.708428
-285.261904	-24.832364	91.514449
-285.315631	-25.006892	91.297466
-285.374685	-25.199814	91.057390
-285.439089	-25.411001	90.794126
-285.508854	-25.640325	90.507573
-285.583976	-25.887650	90.197626
-285.664435	-26.152842	89.864179
-285.750201	-26.435764	89.507120
-285.841228	-26.736277	89.126337
-285.882331	-26.872085	88.953517
-285.928370	-27.026345	88.757564
-285.979406	-27.198929	88.538388
-286.035480	-27.389706	88.295897
-286.096618	-27.598545	88.029993
-286.162832	-27.825306	87.740573
-286.234118	-28.069849	87.427530
-286.310460	-28.332032	87.090753
-286.391827	-28.611711	86.730130
-286.478176	-28.908740	86.345545
-286.517158	-29.042965	86.171005
-286.560766	-29.195501	85.973157
-286.609053	-29.366246	85.751930
-286.662051	-29.555094	85.507250
-286.719778	-29.761941	85.239039
-286.782234	-29.986681	84.947217
-286.849404	-30.229207	84.631701
-286.921259	-30.489415	84.292405
-286.997754	-30.767198	83.929245
-287.078832	-31.062455	83.542133
-287.115387	-31.195976	83.366532
-287.156174	-31.347918	83.167633
-287.201244	-31.518180	82.945368
-287.250632	-31.706660	82.699661
-287.304356	-31.913254	82.430437
-287.362415	-32.137857	82.137614
-287.424794	-32.380364	81.821111
-287.491462	-32.640671	81.480843
-287.562376	-32.918674	81.116724
-287.637475	-33.214270	80.728670
-287.671307	-33.347989	80.552673
-287.708977	-33.500226	80.353389
-287.750539	-33.670885	80.130748
-287.796028	-33.859864	79.884679
-287.845461	-34.067064	79.615104
-287.898838	-34.292380	79.321945
-287.956142	-34.535708	79.005119
-288.017343	-34.796944	78.664542
-288.082395	-35.075986	78.300129
-288.151237	-35.372731	77.911794
-288.182226	-35.506987	77.735684
-288.216663	-35.659852	77.536296
-288.254603	-35.831229	77.313562
-288.296080	-36.021019	77.067409
-288.341113	-36.229122	76.797762
-288.389699	-36.455439	76.504543
-288.441822	-36.699865	76.187669
-288.497451	-36.962299	75.847059
-288.556538	-37.242636	75.482626
-288.619020	-37.540777	75.094287
-288.647124	-37.675672	74.918180
-288.678285	-37.829259	74.718809
-288.712560	-38.001443	74.496104
-288.749983	-38.192130	74.249995
-288.790571	-38.401221	73.980407
-288.834324	-38.628616	73.687262
-288.881223	-38.874216	73.370480
-288.931235	-39.137917	73.029978
-288.984311	-39.419619	72.665673
-289.040388	-39.719221	72.277481
-289.065587	-39.854784	72.101447
-289.093451	-40.009118	71.902165
-289.124039	-40.182134	71.679567
-289.157386	-40.373739	71.433585
-289.193507	-40.583837	71.164145
-289.232401	-40.812332	70.871170
-289.274049	-41.059126	70.554582
-289.318415	-41.324122	70.214303
-289.365449	-41.607218	69.850248
-289.415068	-41.908201	69.462492
-289.437349	-42.044450	69.286595
-289.461903	-42.199552	69.087473
-289.488788	-42.373421	68.865062
-289.518039	-42.565966	68.619293
-289.549671	-42.777095	68.350094
-289.583683	-43.006714	68.057391
-289.620054	-43.254727	67.741106
-289.658722	-43.520834	67.401423
-289.699603	-43.804695	67.038585
-289.742599	-44.105976	66.652832
-289.761957	-44.242931	66.477137
-289.783193	-44.398818	66.278247
-289.806366	-44.573553	66.056097
-289.831511	-44.767049	65.810620
-289.858644	-44.979216	65.541746
-289.887739	-45.209739	65.249685
-289.918744	-45.458264	64.934695
-289.951595	-45.724444	64.597034
-289.986210	-46.007939	64.236959
-290.022495	-46.308413	63.854727
-290.038925	-46.446078	63.679289
-290.056839	-46.602751	63.480690
-290.076295	-46.778353	63.258866
-290.097315	-46.972614	63.013979
-290.119890	-47.185177	62.746302
-290.143992	-47.415686	62.456106
-290.169572	-47.663788	62.143662
-290.196570	-47.929135	61.809244
-290.224908	-48.211383	61.453121
-290.254498	-48.510197	61.075566
-290.268001	-48.648573	60.900438
-290.282588	-48.805955	60.702284
-290.298303	-48.981979	60.481394
-290.315162	-49.176279	60.238060
-290.333158	-49.388497	59.972568
-290.352268	-49.618274	59.685201
-290.372448	-49.865255	59.376243
-290.393642	-50.129090	59.045978
-290.415778	-50.409437	58.694686
-290.438776	-50.705957	58.322651
-290.449358	-50.845043	58.147885
-290.460620	-51.002772	57.950659
-290.472607	-51.178778	57.731282
-290.485339	-51.372700	57.490055
-290.498811	-51.584176	57.227280
-290.513004	-51.812847	56.943257
-290.527879	-52.058360	56.638282
-290.543386	-52.320363	56.312648
-290.559459	-52.598514	55.966649
-290.576023	-52.892474	55.600576
-290.592993	-53.201912	55.214720
-290.600430	-53.341603	55.040275
-290.608087	-53.499561	54.843985
-290.616015	-53.675422	54.626171
-290.624241	-53.868821	54.387150
-290.632769	-54.079396	54.127238
-290.641586	-54.306788	53.846747
-290.650661	-54.550644	53.545984
-290.659951	-54.810613	53.225257
-290.669399	-55.086354	52.884869
-290.678938	-55.377529	52.525123
-290.688492	-55.683806	52.146322
-290.692641	-55.824268	51.972388
-290.696594	-55.982629	51.777217
-290.700407	-56.158520	51.561142
-290.704111	-56.351575	51.324491
-290.707717	-56.561432	51.067588
-290.711215	-56.787732	50.790752
-290.714583	-57.030123	50.494302
-290.717784	-57.288258	50.178550
-290.720768	-57.561796	49.843810
-290.723476	-57.850397	49.490394
-290.725840	-58.153728	49.118614
-290.726705	-58.294997	48.945288
-290.726985	-58.453797	48.751313
-290.726739	-58.629756	48.537035
-290.726004	-58.822508	48.302793
-290.724795	-59.031689	48.048922
-290.723111	-59.256940	47.775752
-290.720933	-59.497909	47.483608
-290.718231	-59.754248	47.172815
-290.714965	-60.025617	46.843693
-290.711082	-60.311678	46.496561
-290.706524	-60.612099	46.131733
-290.701224	-60.926555	45.749523
-290.698578	-61.068526	45.576788
-290.694914	-61.227632	45.384032
-290.690302	-61.403502	45.171609
-290.684786	-61.595769	44.939865
-290.678391	-61.804072	44.689143
-290.671123	-62.028053	44.419782
-290.662975	-62.267361	44.132119
-290.653924	-62.521647	43.826488
-290.643939	-62.790568	43.503220
-290.632979	-63.073786	43.162643
-290.620994	-63.370967	42.805080
-290.607928	-63.681784	42.430854
-290.601671	-63.824527	42.258850
-290.594011	-63.984005	42.067448
-290.585023	-64.159851	41.857006
-290.574757	-64.351700	41.627880
-290.563244	-64.559192	41.380420
-290.550498	-64.781971	41.114973
-290.536518	-65.019685	40.831882
-290.521291	-65.271985	40.531488
-290.504794	-65.538527	40.214128
-290.486996	-65.818973	39.880135
-290.467857	-66.112993	39.529838
-290.447329	-66.420260	39.163562
-290.425360	-66.740459	38.781628
-290.415244	-66.883909	38.610399
-290.403303	-67.043680	38.420429
-290.389622	-67.219404	38.212090
-290.374260	-67.410717	37.985750
-290.357257	-67.617258	37.741770
-290.338638	-67.838668	37.480508
-290.318412	-68.074593	37.202316
-290.296578	-68.324688	36.907541
-290.273122	-68.588612	36.596519
-290.248023	-68.866034	36.269586
-290.221251	-69.156629	35.927073
-290.192769	-69.460077	35.569310
-290.162535	-69.776064	35.196621
-290.148454	-69.920345	35.026373
-290.132174	-70.080535	34.838039
-290.113786	-70.256268	34.631999
-290.093357	-70.447178	34.408627
-290.070935	-70.652906	34.168287
-290.046554	-70.873095	33.911342
-290.020231	-71.107397	33.638143
-289.991972	-71.355469	33.349040
-289.961773	-71.616975	33.044379
-289.929623	-71.891584	32.724499
-289.895502	-72.178971	32.389738
-289.859382	-72.478818	32.040430
-289.821233	-72.790811	31.676904
-289.781019	-73.114645	31.299483
-289.762709	-73.259737	31.130329
-289.741802	-73.420295	30.943785
-289.718397	-73.595958	30.740237
-289.692572	-73.786365	30.520061
-289.664385	-73.991162	30.283633
-289.633877	-74.209996	30.031317
-289.601079	-74.442523	29.763475
-289.566006	-74.688402	29.480462
-289.528666	-74.947299	29.182629
-289.489059	-75.218884	28.870320
-289.447175	-75.502834	28.543874
-289.403000	-75.798835	28.203626
-289.356514	-76.106580	27.849901
-289.307691	-76.425770	27.483022
-289.285065	-76.571782	27.315188
-289.259489	-76.732837	27.130653
-289.231068	-76.908577	26.929806
-289.199889	-77.098649	26.713028
-289.166016	-77.302699	26.480697
-289.129501	-77.520382	26.233179
-289.090381	-77.751357	25.970836
-289.048683	-77.995289	25.694021
-289.004422	-78.251851	25.403080
-288.957608	-78.520720	25.098356
-288.908241	-78.801582	24.780187
-288.856317	-79.094127	24.448906
-288.801826	-79.398053	24.104840
-288.744752	-79.713064	23.748311
-288.685078	-80.038870	23.379639
-288.657853	-80.185854	23.213343
-288.627301	-80.347452	23.031054
-288.593541	-80.523309	22.833164
-288.556669	-80.713073	22.620055
-288.516762	-80.916400	22.392102
-288.473881	-81.132948	22.149674
-288.428074	-81.362382	21.893134
-288.379378	-81.604371	21.622840
-288.327820	-81.858591	21.339143
-288.273421	-82.124724	21.042391
-288.216193	-82.402456	20.732923
-288.156142	-82.691483	20.411072
-288.093270	-82.991509	20.077161
-288.027573	-83.302243	19.731509
-287.959044	-83.623401	19.374427
-287.927154	-83.771438	19.209903
-287.891610	-83.933672	19.030084
-287.852540	-84.109753	18.835360
-287.810046	-84.299334	18.626117
-287.764214	-84.502073	18.402730
-287.715116	-84.717629	18.165569
-287.662810	-84.945670	17.914997
-287.607342	-85.185870	17.651367
-287.548751	-85.437909	17.375024
-287.487066	-85.701471	17.086308
-287.422312	-85.976249	16.785554
-287.354505	-86.261938	16.473090
-287.283659	-86.558245	16.149240
-287.209781	-86.864882	15.814321
-287.132877	-87.181564	15.468648
-287.052947	-87.508013	15.112530
-287.016133	-87.657097	14.949992
-286.975335	-87.819918	14.772881
-286.930689	-87.996131	14.581583
-286.882309	-88.185396	14.376479
-286.830294	-88.387375	14.157942
-286.774725	-88.601734	13.926336
-286.715673	-88.828143	13.682024
-286.653195	-89.066279	13.425356
-286.587343	-89.315822	13.156682
-286.518159	-89.576457	12.876344
-286.445678	-89.847878	12.584676
-286.369930	-90.129788	12.282003
-286.290939	-90.421895	11.968642
-286.208724	-90.723918	11.644900
-286.123301	-91.035578	11.311081
-286.034683	-91.356605	10.967482
-285.942880	-91.686734	10.614393
-285.900837	-91.836781	10.454024
-285.854495	-92.000068	10.279812
-285.804001	-92.176255	10.092148
-285.749482	-92.365004	9.891410
-285.691047	-92.565985	9.677969
-285.628789	-92.778872	9.452185
-285.562788	-93.003344	9.214414
-285.493114	-93.239083	8.965002
-285.419830	-93.485777	8.704290
-285.342988	-93.743118	8.432610
-285.262638	-94.010806	8.150288
-285.178819	-94.288544	7.857646
-285.091570	-94.576046	7.554995
-285.000921	-94.873031	7.242640
-284.906900	-95.179226	6.920878
-284.809531	-95.494368	6.590000
-284.708835	-95.818198	6.250289
-284.604832	-96.150463	5.902024
-284.557278	-96.301352	5.744002
-284.505130	-96.464957	5.572883
-284.448545	-96.640944	5.389051
-284.387664	-96.828982	5.192882
-284.322607	-97.028742	4.984748
-284.253479	-97.239902	4.765005
-284.180374	-97.462146	4.534004
-284.103373	-97.695163	4.292085
-284.022548	-97.938648	4.039585
-283.937967	-98.192301	3.776828
-283.849688	-98.455825	3.504136
-283.757763	-98.728934	3.221819
-283.662242	-99.011346	2.930183
-283.563166	-99.302790	2.629525
-283.460575	-99.602996	2.320135
-283.354507	-99.911704	2.002297
-283.244992	-100.228662	1.676285
-283.132060	-100.553624	1.342368
-283.015740	-100.886349	1.000809
-282.962414	-101.037953	0.845334
-282.904226	-101.201711	0.677530
-282.841349	-101.377295	0.497775
-282.773931	-101.564380	0.306442
-282.702108	-101.762644	0.103894
-282.625996	-101.971768	-0.109513
-282.545701	-102.191442	-0.333435
-282.461318	-102.421358	-0.567534
-282.372931	-102.661219	-0.811486
-282.280617	-102.910731	-1.064972
-282.184448	-103.169608	-1.327682
-282.084487	-103.437567	-1.599312
