-58.824795	295.738850	617.796728
-58.800179	295.597705	617.802431
-58.774707	295.452260	617.799146
-58.748380	295.302517	617.786873
-58.721198	295.148477	617.765611
-58.693162	294.990142	617.735358
-58.664272	294.827513	617.696115
-58.634527	294.660592	617.647880
-58.603929	294.489382	617.590652
-58.572477	294.313883	617.524431
-58.540173	294.134097	617.449216
-58.507015	293.950026	617.365005
-58.473005	293.761672	617.271799
-58.438143	293.569037	617.169596
-58.402429	293.372121	617.058395
-58.365863	293.170928	616.938196
-58.328445	292.965457	616.808998
-58.290177	292.755712	616.670799
-58.251058	292.541695	616.523600
-58.211088	292.323405	616.367399
-58.170268	292.100846	616.202195
-58.128598	291.874019	616.027988
-58.086079	291.642926	615.844776
-58.042710	291.407568	615.652559
-57.998492	291.167948	615.451336
-57.953425	290.924066	615.241107
-57.907510	290.675925	615.021870
-57.860747	290.423527	614.793624
-57.813135	290.166872	614.556369
-57.764676	289.905963	614.310104
-57.715370	289.640802	614.054828
-57.665217	289.371390	613.790540
-57.614217	289.097729	613.517239
-57.562370	288.819821	613.234925
-57.509678	288.537667	612.943596
-57.456139	288.251269	612.643252
-57.401755	287.960629	612.333892
-57.346526	287.665749	612.015515
-57.290452	287.366630	611.688121
-57.233533	287.063274	611.351707
-57.175769	286.755683	611.006275
-57.117162	286.443859	610.651822
-57.057711	286.127803	610.288348
-56.997416	285.807517	609.915851
-56.970323	285.663709	609.746780
-56.942386	285.515672	609.568686
-56.913607	285.363410	609.381569
-56.883985	285.206921	609.185427
-56.853520	285.046207	608.980261
-56.822212	284.881269	608.766070
-56.790063	284.712108	608.542854
-56.757071	284.538724	608.310613
-56.723236	284.361118	608.069346
-56.688560	284.179292	607.819052
-56.653042	283.993244	607.559732
-56.616682	283.802978	607.291385
-56.579481	283.608492	607.014010
-56.541438	283.409789	606.727608
-56.502554	283.206868	606.432177
-56.462828	282.999731	606.127718
-56.422262	282.788379	605.814230
-56.380854	282.572811	605.491712
-56.338606	282.353030	605.160165
-56.295517	282.129035	604.819588
-56.251587	281.900828	604.469981
-56.206818	281.668410	604.111342
-56.161207	281.431780	603.743673
-56.114757	281.190941	603.366972
-56.067467	280.945892	602.981239
-56.019337	280.696635	602.586473
-55.970367	280.443170	602.182675
-55.920557	280.185499	601.769843
-55.869908	279.923621	601.347978
-55.847291	279.806739	601.158698
-55.823835	279.685652	600.960383
-55.799539	279.560361	600.753035
-55.774404	279.430866	600.536651
-55.748430	279.297166	600.311234
-55.721618	279.159264	600.076781
-55.693966	279.017158	599.833293
-55.665475	278.870849	599.580771
-55.636145	278.720338	599.319213
-55.605977	278.565625	599.048620
-55.574970	278.406710	598.768991
-55.543124	278.243594	598.480326
-55.510440	278.076277	598.182625
-55.476917	277.904760	597.875889
-55.442556	277.729042	597.560115
-55.407356	277.549124	597.235306
-55.371318	277.365007	596.901460
-55.334441	277.176690	596.558576
-55.296726	276.984175	596.206656
-55.258174	276.787461	595.845699
-55.218783	276.586549	595.475705
-55.178554	276.381440	595.096672
-55.137487	276.172133	594.708603
-55.095582	275.958629	594.311495
-55.052839	275.740928	593.905349
-55.009258	275.519031	593.490166
-54.964840	275.292938	593.065943
-54.919584	275.062649	592.632683
-54.899082	274.958354	592.435954
-54.877742	274.849864	592.230186
-54.855565	274.737179	592.015380
-54.832551	274.620299	591.791534
-54.808699	274.499225	591.558650
-54.784009	274.373956	591.316726
-54.758482	274.244493	591.065764
-54.732118	274.110836	590.805762
-54.704916	273.972985	590.536720
-54.676877	273.830941	590.258639
-54.648000	273.684702	589.971519
-54.618286	273.534271	589.675359
-54.587735	273.379646	589.370160
-54.556347	273.220828	589.055920
-54.524121	273.057817	588.732641
-54.491058	272.890613	588.400322
-54.457158	272.719217	588.058963
-54.422421	272.543628	587.708564
-54.386847	272.363847	587.349125
-54.350435	272.179874	586.980645
-54.313187	271.991709	586.603125
-54.275101	271.799352	586.216565
-54.236178	271.602803	585.820965
-54.196419	271.402064	585.416324
-54.155822	271.197132	585.002642
-54.114389	270.988010	584.579920
-54.072119	270.774697	584.148156
-54.029011	270.557193	583.707352
-54.009493	270.458723	583.507546
-53.989137	270.356063	583.298698
-53.967945	270.249212	583.080809
-53.945916	270.138171	582.853879
-53.923050	270.022940	582.617908
-53.899348	269.903518	582.372896
-53.874808	269.779907	582.118843
-53.849432	269.652105	581.855749
-53.823219	269.520113	581.583613
-53.796170	269.383931	581.302437
-53.768284	269.243559	581.012218
-53.739561	269.098998	580.712959
-53.710001	268.950247	580.404658
-53.679604	268.797306	580.087316
-53.648371	268.640176	579.760933
-53.616302	268.478856	579.425507
-53.583395	268.313346	579.081041
-53.549652	268.143648	578.727533
-53.515073	267.969760	578.364983
-53.479656	267.791683	577.993392
-53.443404	267.609417	577.612759
-53.406314	267.422962	577.223084
-53.368388	267.232317	576.824368
-53.329626	267.037484	576.416610
-53.290027	266.838462	575.999810
-53.249591	266.635252	575.573968
-53.208319	266.427853	575.139084
-53.166211	266.216265	574.695159
-53.147141	266.120451	574.494022
-53.127235	266.020448	574.283843
-53.106493	265.916258	574.064622
-53.084914	265.807878	573.836359
-53.062499	265.695311	573.599054
-53.039247	265.578555	573.352708
-53.015159	265.457611	573.097319
-52.990234	265.332478	572.832888
-52.964473	265.203158	572.559415
-52.937875	265.069649	572.276900
-52.910441	264.931952	571.985342
-52.882171	264.790066	571.684743
-52.853064	264.643993	571.375102
-52.823121	264.493732	571.056418
-52.792341	264.339282	570.728692
-52.760725	264.180645	570.391924
-52.728272	264.017820	570.046114
-52.694983	263.850807	569.691261
-52.660858	263.679605	569.327367
-52.625897	263.504217	568.954430
-52.590099	263.324640	568.572451
-52.553464	263.140875	568.181429
-52.515993	262.952923	567.781365
-52.477686	262.760783	567.372259
-52.438543	262.564455	566.954111
-52.398563	262.363940	566.526920
-52.357747	262.159237	566.090687
-52.316095	261.950346	565.645411
-52.297229	261.855736	565.443686
-52.277527	261.756938	565.232919
-52.256988	261.653953	565.013109
-52.235614	261.546780	564.784257
-52.213403	261.435420	564.546362
-52.190355	261.319872	564.299425
-52.166472	261.200137	564.043445
-52.141752	261.076214	563.778423
-52.116196	260.948104	563.504359
-52.089803	260.815807	563.221252
-52.062574	260.679322	562.929102
-52.034509	260.538650	562.627910
-52.005608	260.393790	562.317676
-51.975870	260.244743	561.998399
-51.945296	260.091509	561.670080
-51.913886	259.934087	561.332718
-51.881639	259.772479	560.986313
-51.848556	259.606683	560.630866
-51.814637	259.436699	560.266377
-51.779882	259.262529	559.892844
-51.744290	259.084171	559.510270
-51.707862	258.901626	559.118653
-51.670598	258.714894	558.717993
-51.632497	258.523975	558.308290
-51.593561	258.328868	557.889545
-51.553788	258.129574	557.461758
-51.513178	257.926094	557.024928
-51.471733	257.718426	556.579055
-51.452959	257.624360	556.377067
-51.433349	257.526106	556.166036
-51.412903	257.423666	555.945963
-51.391621	257.317039	555.716848
-51.369502	257.206224	555.478689
-51.346547	257.091223	555.231488
-51.322756	256.972034	554.975244
-51.298129	256.848658	554.709958
-51.272665	256.721096	554.435629
-51.246366	256.589346	554.152258
-51.219230	256.453409	553.859843
-51.191257	256.313286	553.558386
-51.162449	256.168975	553.247887
-51.132804	256.020477	552.928345
-51.102323	255.867793	552.599760
-51.071006	255.710921	552.262132
-51.038852	255.549862	551.915462
-51.005863	255.384616	551.559749
-50.972037	255.215184	551.194993
-50.937375	255.041564	550.821195
-50.901876	254.863758	550.438354
-50.865542	254.681764	550.046471
-50.828371	254.495584	549.645544
-50.790364	254.305217	549.235575
-50.751521	254.110662	548.816563
-50.711841	253.911921	548.388509
-50.671326	253.708993	547.951412
-50.629974	253.501878	547.505272
-50.611242	253.408058	547.303166
-50.591674	253.310050	547.092017
-50.571269	253.207856	546.871826
-50.550029	253.101475	546.642591
-50.527952	252.990907	546.404314
-50.505039	252.876153	546.156995
-50.481289	252.757211	545.900632
-50.456704	252.634083	545.635227
-50.431282	252.506767	545.360780
-50.405024	252.375265	545.077289
-50.377930	252.239576	544.784756
-50.350000	252.099700	544.483180
-50.321233	251.955637	544.172561
-50.291631	251.807388	543.852899
-50.261192	251.654951	543.524195
-50.229917	251.498328	543.186448
-50.197805	251.337518	542.839659
-50.164858	251.172521	542.483826
-50.131074	251.003337	542.118951
-50.096454	250.829966	541.745033
-50.060998	250.652409	541.362072
-50.024705	250.470664	540.970069
-49.987577	250.284733	540.569023
-49.949612	250.094615	540.158934
-49.910811	249.900311	539.739802
-49.871174	249.701819	539.311628
-49.830700	249.499141	538.874411
-49.789391	249.292276	538.428151
-49.770678	249.198566	538.225991
-49.751128	249.100670	538.014789
-49.730743	248.998587	537.794544
-49.709521	248.892317	537.565257
-49.687463	248.781861	537.326927
-49.664569	248.667218	537.079553
-49.640838	248.548388	536.823138
-49.616272	248.425371	536.557679
-49.590869	248.298167	536.283178
-49.564630	248.166777	535.999633
-49.537555	248.031199	535.707047
-49.509644	247.891435	535.405417
-49.480896	247.747485	535.094744
-49.451312	247.599347	534.775029
-49.420892	247.447023	534.446271
-49.389636	247.290511	534.108470
-49.357544	247.129814	533.761627
-49.324615	246.964929	533.405741
-49.290851	246.795857	533.040812
-49.256250	246.622599	532.666840
-49.220813	246.445154	532.283825
-49.184539	246.263523	531.891768
-49.147430	246.077704	531.490668
-49.109484	245.887699	531.080525
-49.070702	245.693507	530.661339
-49.031084	245.495128	530.233110
-48.990630	245.292562	529.795839
-48.949339	245.085810	529.349525
-48.930635	244.992151	529.147342
-48.911094	244.894305	528.936116
-48.890717	244.792272	528.715847
-48.869503	244.686053	528.486535
-48.847454	244.575646	528.248181
-48.824568	244.461054	528.000783
-48.800846	244.342274	527.744343
-48.776288	244.219307	527.478861
-48.750894	244.092154	527.204335
-48.724664	243.960814	526.920767
-48.697597	243.825287	526.628156
-48.669694	243.685574	526.326502
-48.640955	243.541674	526.015805
-48.611380	243.393587	525.696066
-48.580969	243.241313	525.367283
-48.549721	243.084853	525.029458
-48.517637	242.924205	524.682591
-48.484717	242.759372	524.326680
-48.450961	242.590351	523.961727
-48.416369	242.417143	523.587730
-48.380940	242.239749	523.204691
-48.344676	242.058168	522.812610
-48.307575	241.872401	522.411485
-48.269638	241.682446	522.001318
-48.230864	241.488305	521.582108
-48.191255	241.289977	521.153855
-48.150809	241.087463	520.716559
-48.109528	240.880761	520.270221
-48.090827	240.787125	520.068026
-48.071290	240.689302	519.856790
-48.050916	240.587292	519.636510
-48.029707	240.481095	519.407187
-48.007661	240.370711	519.168822
-47.984780	240.256141	518.921414
-47.961062	240.137384	518.664963
-47.936507	240.014440	518.399469
-47.911117	239.887310	518.124933
-47.884890	239.755993	517.841354
-47.857828	239.620489	517.548732
-47.829929	239.480798	517.247067
-47.801194	239.336921	516.936359
-47.771622	239.188857	516.616609
-47.741215	239.036606	516.287815
-47.709971	238.880168	515.949979
-47.677891	238.719544	515.603101
-47.644975	238.554733	515.247179
-47.611223	238.385735	514.882215
-47.576635	238.212551	514.508208
-47.541210	238.035180	514.125158
-47.504949	237.853622	513.733065
-47.467852	237.667877	513.331929
-47.429919	237.477946	512.921751
-47.391150	237.283828	512.502530
-47.351544	237.085523	512.074266
-47.311102	236.883031	511.636959
-47.269824	236.676353	511.190610
-47.251125	236.582727	510.988411
-47.231590	236.484914	510.777169
-47.211218	236.382914	510.556884
-47.190011	236.276727	510.327557
-47.167967	236.166354	510.089186
-47.145087	236.051794	509.841773
-47.121370	235.933047	509.585318
-47.096818	235.810114	509.319819
-47.071429	235.682994	509.045278
-47.045205	235.551687	508.761693
-47.018144	235.416193	508.469067
-46.990246	235.276513	508.167397
-46.961513	235.132646	507.856684
-46.931943	234.984592	507.536929
-46.901538	234.832352	507.208131
-46.870296	234.675925	506.870290
-46.838218	234.515311	506.523406
-46.805303	234.350510	506.167479
-46.771553	234.181523	505.802510
-46.736966	234.008349	505.428498
-46.701543	233.830988	505.045443
-46.665284	233.649440	504.653345
-46.628189	233.463706	504.252205
-46.590258	233.273785	503.842021
-46.551490	233.079677	503.422795
-46.511886	232.881383	502.994526
-46.471446	232.678902	502.557215
-46.430170	232.472234	502.110860
-46.411472	232.378612	501.908659
-46.391937	232.280804	501.697415
-46.371566	232.178809	501.477128
-46.350359	232.072627	501.247798
-46.328316	231.962258	501.009426
-46.305437	231.847703	500.762011
-46.281722	231.728961	500.505553
-46.257170	231.606032	500.240052
-46.231782	231.478917	499.965508
-46.205558	231.347614	499.681922
-46.178498	231.212125	499.389293
-46.150602	231.072450	499.087621
-46.121869	230.928587	498.776906
-46.092300	230.780538	498.457148
-46.061895	230.628303	498.128348
-46.030654	230.471880	497.790505
-45.998577	230.311271	497.443619
-45.965663	230.146475	497.087690
-45.931914	229.977492	496.722718
-45.897328	229.804323	496.348704
-45.861906	229.626967	495.965647
-45.825647	229.445424	495.573547
-45.788553	229.259694	495.172404
-45.750622	229.069778	494.762218
-45.711855	228.875675	494.342990
-45.672252	228.677385	493.914719
-45.631813	228.474909	493.477405
-45.590538	228.268245	493.031048
-45.571840	228.174626	492.828846
-45.552306	228.076819	492.617601
-45.531935	227.974826	492.397313
-45.510729	227.868647	492.167982
-45.488686	227.758280	491.929609
-45.465807	227.643727	491.682193
-45.442092	227.524987	491.425734
-45.417541	227.402060	491.160232
-45.392153	227.274947	490.885687
-45.365930	227.143647	490.602100
-45.338870	227.008160	490.309470
-45.310974	226.868487	490.007797
-45.282241	226.724626	489.697081
-45.252673	226.576579	489.377322
-45.222268	226.424346	489.048521
-45.191028	226.267925	488.710676
-45.158951	226.107318	488.363789
-45.126038	225.942524	488.007860
-45.092288	225.773544	487.642887
-45.057703	225.600376	487.268872
-45.022281	225.423022	486.885814
-44.986023	225.241482	486.493713
-44.948929	225.055754	486.092569
-44.910999	224.865840	485.682382
-44.872232	224.671739	485.263153
-44.832630	224.473452	484.834881
-44.792191	224.270977	484.397566
-44.750916	224.064316	483.951208
-44.732218	223.970697	483.749005
-44.712684	223.872892	483.537760
-44.692314	223.770900	483.317471
-44.671107	223.664721	483.088140
-44.649065	223.554356	482.849766
-44.626186	223.439803	482.602350
-44.602471	223.321064	482.345890
-44.577920	223.198139	482.080388
-44.552533	223.071026	481.805843
-44.526309	222.939727	481.522255
-44.499249	222.804241	481.229624
-44.471353	222.664569	480.927951
-44.442621	222.520709	480.617234
-44.413053	222.372663	480.297475
-44.382649	222.220431	479.968674
-44.351408	222.064011	479.630829
-44.319331	221.903405	479.283941
-44.286418	221.738612	478.928011
-44.252669	221.569633	478.563038
-44.218084	221.396466	478.189022
-44.182662	221.219113	477.805964
-44.146404	221.037573	477.413862
-44.109311	220.851847	477.012718
-44.071380	220.661934	476.602531
-44.032614	220.467834	476.183301
-43.993012	220.269547	475.755028
-43.952573	220.067074	475.317713
-43.911298	219.860414	474.871355
-43.892600	219.766795	474.669152
-43.873066	219.668990	474.457906
-43.852696	219.566999	474.237618
-43.831490	219.460820	474.008286
-43.809447	219.350455	473.769912
-43.786569	219.235903	473.522495
-43.762854	219.117165	473.266036
-43.738303	218.994240	473.000533
-43.712916	218.867128	472.725988
-43.686692	218.735829	472.442400
-43.659633	218.600343	472.149769
-43.631737	218.460671	471.848095
-43.603005	218.316812	471.537379
-43.573437	218.168767	471.217619
-43.543032	218.016535	470.888817
-43.511792	217.860116	470.550972
-43.479715	217.699510	470.204085
-43.446802	217.534717	469.848154
-43.413053	217.365738	469.483181
-43.378468	217.192572	469.109165
-43.343046	217.015220	468.726106
-43.306788	216.833680	468.334004
-43.269695	216.647954	467.932860
-43.231765	216.458041	467.522673
-43.192998	216.263942	467.103443
-43.153396	216.065656	466.675170
-43.112957	215.863183	466.237854
-43.071683	215.656523	465.791496
-43.052985	215.562905	465.589293
-43.033451	215.465100	465.378047
-43.013081	215.363109	465.157758
-42.991875	215.256931	464.928427
-42.969832	215.146566	464.690053
-42.946953	215.032014	464.442636
-42.923239	214.913276	464.186176
-42.898688	214.790351	463.920673
-42.873300	214.663239	463.646128
-42.847077	214.531940	463.362540
-42.820017	214.396455	463.069909
-42.792122	214.256783	462.768235
-42.763390	214.112925	462.457519
-42.733822	213.964879	462.137759
-42.703417	213.812647	461.808957
-42.672177	213.656228	461.471112
-42.640100	213.495623	461.124224
-42.607187	213.330830	460.768294
-42.573438	213.161851	460.403320
-42.538853	212.988686	460.029304
-42.503431	212.811333	459.646245
-42.467174	212.629794	459.254144
-42.430080	212.444068	458.852999
-42.392150	212.254156	458.442812
-42.353384	212.060056	458.023582
-42.313781	211.861770	457.595309
-42.273343	211.659298	457.157993
-42.232068	211.452638	456.711634
-42.213370	211.359020	456.509431
-42.193836	211.261216	456.298185
-42.173466	211.159224	456.077897
-42.152260	211.053046	455.848565
-42.130218	210.942681	455.610191
-42.107339	210.828130	455.362774
-42.083624	210.709391	455.106314
-42.059073	210.586466	454.840812
-42.033686	210.459355	454.566266
-42.007462	210.328056	454.282678
-41.980403	210.192571	453.990047
-41.952507	210.052899	453.688373
-41.923775	209.909041	453.377656
-41.894207	209.760995	453.057897
-41.863803	209.608763	452.729095
-41.832562	209.452345	452.391250
-41.800486	209.291739	452.044362
-41.767589	209.126961	451.688424
-41.733930	208.958061	451.323405
-41.699570	208.785093	450.949277
-41.664571	208.608110	450.566008
-41.628995	208.427168	450.173566
-41.592908	208.242324	449.771920
-41.556377	208.053635	449.361037
-41.519468	207.861162	448.940882
-41.482251	207.664964	448.511422
-41.444796	207.465104	448.072621
-41.407177	207.261644	447.624443
-41.390434	207.169744	447.421283
-41.373634	207.074338	447.208692
-41.356810	206.975457	446.986655
-41.340000	206.873133	446.755151
-41.323241	206.767399	446.514163
-41.306572	206.658289	446.263671
-41.290034	206.545839	446.003654
-41.273670	206.430086	445.734092
-41.257522	206.311069	445.454963
-41.241637	206.188826	445.166244
-41.226061	206.063398	444.867911
-41.210842	205.934829	444.559942
-41.196030	205.803160	444.242310
-41.181675	205.668437	443.914991
-41.167831	205.530706	443.577959
-41.154551	205.390014	443.231186
-41.141891	205.246409	442.874644
-41.129907	205.099941	442.508306
-41.118659	204.950662	442.132141
-41.108205	204.798623	441.746121
-41.098608	204.643878	441.350213
-41.089929	204.486482	440.944387
-41.082234	204.326491	440.528611
-41.075588	204.163962	440.102852
-41.070058	203.998955	439.667075
-41.065712	203.831528	439.221246
-41.062622	203.661743	438.765330
-41.060857	203.489663	438.299292
-41.060696	203.412799	438.089311
-41.061966	203.333733	437.869154
-41.064703	203.252492	437.638803
-41.068941	203.169109	437.398241
-41.074719	203.083616	437.147448
-41.082074	202.996047	436.886405
-41.091046	202.906436	436.615092
-41.101677	202.814820	436.333488
-41.114011	202.721235	436.041570
-41.128090	202.625721	435.739317
-41.143961	202.528317	435.426705
-41.161672	202.429064	435.103710
-41.181270	202.328005	434.770307
-41.202806	202.225182	434.426470
-41.226332	202.120642	434.072174
-41.251899	202.014429	433.707390
-41.279564	201.906591	433.332091
-41.309380	201.797177	432.946249
-41.341407	201.686236	432.549834
-41.375702	201.573818	432.142815
-41.412325	201.459976	431.725161
-41.451337	201.344763	431.296842
-41.492803	201.228234	430.857823
-41.536785	201.110443	430.408073
-41.583350	200.991449	429.947555
-41.632565	200.871308	429.476236
-41.684499	200.750081	428.994080
-41.708449	200.696574	428.778295
-41.735218	200.642067	428.551619
-41.764840	200.586589	428.314035
-41.797348	200.530169	428.065526
-41.832777	200.472837	427.806073
-41.871165	200.414626	427.535656
-41.912550	200.355567	427.254256
-41.956971	200.295696	426.961850
-42.004469	200.235047	426.658417
-42.055088	200.173657	426.343934
-42.108870	200.111563	426.018379
-42.165862	200.048805	425.681726
-42.226109	199.985422	425.333950
-42.289660	199.921456	424.975026
-42.356564	199.856948	424.604927
-42.426872	199.791943	424.223626
-42.500637	199.726485	423.831093
-42.577912	199.660619	423.427301
-42.658751	199.594393	423.012218
-42.743212	199.527854	422.585815
-42.831352	199.461052	422.148058
-42.923230	199.394037	421.698917
-43.018907	199.326860	421.238357
-43.118444	199.259575	420.766344
-43.221905	199.192234	420.282844
-43.268923	199.162767	420.066231
-43.319958	199.133323	419.838079
-43.375040	199.103929	419.598369
-43.434202	199.074611	419.347085
-43.497475	199.045397	419.084208
-43.564895	199.016316	418.809718
-43.636497	198.987398	418.523595
-43.712318	198.958674	418.225819
-43.792397	198.930177	417.916366
-43.876774	198.901939	417.595215
-43.965489	198.873997	417.262341
-44.058586	198.846385	416.917720
-44.156108	198.819139	416.561328
-44.258100	198.792299	416.193137
-44.364609	198.765903	415.813120
-44.475684	198.739991	415.421250
-44.591372	198.714604	415.017498
-44.711726	198.689784	414.601834
-44.836797	198.665574	414.174227
-44.966638	198.642020	413.734646
-45.101304	198.619166	413.283059
-45.240851	198.597058	412.819431
-45.385337	198.575744	412.343730
-45.450798	198.566780	412.130107
-45.521282	198.558679	411.904360
-45.596818	198.551465	411.666471
-45.677433	198.545162	411.416422
-45.763158	198.539795	411.154196
-45.854025	198.535390	410.879773
-45.950067	198.531973	410.593132
-46.051317	198.529572	410.294252
-46.157812	198.528218	409.983113
-46.269589	198.527940	409.659690
-46.386685	198.528769	409.323959
-46.509142	198.530738	408.975897
-46.636998	198.533879	408.615478
-46.770297	198.538228	408.242674
-46.909083	198.543819	407.857459
-47.053399	198.550690	407.459804
-47.203293	198.558876	407.049679
-47.358812	198.568417	406.627055
-47.520005	198.579353	406.191900
-47.686921	198.591722	405.744182
-47.859612	198.605567	405.283868
-47.938541	198.612359	405.074765
-48.023321	198.620688	404.853015
-48.113978	198.630574	404.618604
-48.210539	198.642038	404.371512
-48.313030	198.655102	404.111722
-48.421482	198.669790	403.839215
-48.535924	198.686125	403.553969
-48.656389	198.704133	403.255965
-48.782909	198.723839	402.945181
-48.915519	198.745272	402.621592
-49.054255	198.768459	402.285175
-49.199152	198.793429	401.935905
-49.350250	198.820212	401.573756
-49.507588	198.848839	401.198701
-49.671207	198.879343	400.810712
-49.841149	198.911755	400.409761
-50.017456	198.946110	399.995817
-50.200175	198.982443	399.568849
-50.389350	199.020789	399.128826
-50.585028	199.061184	398.675715
-50.673699	199.079811	398.471287
-50.768944	199.100542	398.253722
-50.870786	199.123395	398.023003
-50.979249	199.148388	397.779113
-51.094358	199.175541	397.522032
-51.216142	199.204875	397.251743
-51.344627	199.236411	396.968224
-51.479844	199.270172	396.671455
-51.621822	199.306181	396.361413
-51.770595	199.344463	396.038074
-51.926195	199.385043	395.701416
-52.088658	199.427946	395.351411
-52.258018	199.473201	394.988034
-52.434312	199.520834	394.611258
-52.617580	199.570876	394.221053
-52.807860	199.623354	393.817391
-53.005194	199.678301	393.400241
-53.209623	199.735748	392.969571
-53.421191	199.795725	392.525349
-53.516871	199.823081	392.325107
-53.619754	199.853017	392.111263
-53.729861	199.885547	391.883802
-53.847216	199.920690	391.642705
-53.971841	199.958462	391.387956
-54.103762	199.998882	391.119534
-54.243004	200.041969	390.837418
-54.389596	200.087743	390.541588
-54.543567	200.136226	390.232021
-54.704945	200.187439	389.908693
-54.873764	200.241404	389.571580
-55.050054	200.298147	389.220655
-55.233850	200.357690	388.855892
-55.425187	200.420060	388.477264
-55.624101	200.485282	388.084740
-55.830629	200.553383	387.678291
-56.044810	200.624390	387.257886
-56.266683	200.698333	386.823492
-56.367429	200.732078	386.626739
-56.475926	200.768800	386.415949
-56.592196	200.808514	386.191105
-56.716258	200.851233	385.952190
-56.848136	200.896975	385.699186
-56.987852	200.945755	385.432072
-57.135432	200.997591	385.150829
-57.290901	201.052500	384.855434
-57.454286	201.110503	384.545865
-57.625616	201.171618	384.222098
-57.804920	201.235866	383.884107
-57.992230	201.303268	383.531867
-58.187576	201.373847	383.165350
-58.390993	201.447625	382.784527
-58.602514	201.524626	382.389370
-58.822176	201.604873	381.979846
-59.050014	201.688393	381.555925
-59.154456	201.726806	381.361975
-59.267130	201.768528	381.153580
-59.388055	201.813572	380.930721
-59.517250	201.861952	380.693383
-59.654736	201.913681	380.441547
-59.800535	201.968774	380.175192
-59.954672	202.027247	379.894297
-60.117169	202.089116	379.598842
-60.288054	202.154399	379.288802
-60.467353	202.223112	378.964154
-60.655094	202.295276	378.624871
-60.851306	202.370908	378.270927
-61.056021	202.450030	377.902294
-61.269269	202.532661	377.518943
-61.491084	202.618823	377.120844
-61.721499	202.708538	376.707965
-61.960550	202.801829	376.280273
-62.067831	202.843789	376.088623
-62.183801	202.889359	375.882110
-62.308476	202.938550	375.660720
-62.441876	202.991373	375.424434
-62.584019	203.047841	375.173233
-62.734927	203.107968	374.907099
-62.894623	203.171767	374.626008
-63.063128	203.239253	374.329940
-63.240469	203.310442	374.018870
-63.426671	203.385349	373.692774
-63.621759	203.463991	373.351625
-63.825764	203.546386	372.995397
-64.038713	203.632552	372.624060
-64.260636	203.722507	372.237586
-64.491567	203.816270	371.835943
-64.731536	203.913862	371.419098
-64.840958	203.958433	371.229255
-64.959467	204.006861	371.024163
-65.087081	204.059157	370.803803
-65.223817	204.115333	370.568160
-65.369694	204.175398	370.317213
-65.524732	204.239365	370.050944
-65.688952	204.307246	369.769329
-65.862376	204.379056	369.472347
-66.045028	204.454806	369.159974
-66.236932	204.534513	368.832183
-66.438114	204.618191	368.488950
-66.648601	204.705856	368.130246
-66.868421	204.797524	367.756041
-67.097603	204.893211	367.366306
-67.336177	204.992936	366.961009
-67.584175	205.096716	366.540117
-67.695282	205.143261	366.351732
-67.815859	205.193888	366.147703
-67.945922	205.248605	365.928012
-68.085488	205.307422	365.692642
-68.234575	205.370350	365.441574
-68.393201	205.437398	365.174786
-68.561388	205.508578	364.892258
-68.739156	205.583901	364.593967
-68.926528	205.663381	364.279887
-69.123528	205.747029	363.949994
-69.330179	205.834860	363.604259
-69.546509	205.926887	363.242656
-69.772543	206.023125	362.865153
-70.008310	206.123590	362.471721
-70.253840	206.228295	362.062326
-70.366234	206.276262	361.875066
-70.488435	206.328493	361.671793
-70.620457	206.384997	361.452493
-70.762315	206.445781	361.217147
-70.914027	206.510856	360.965735
-71.075612	206.580230	360.698237
-71.247088	206.653913	360.414630
-71.428476	206.731916	360.114892
-71.619798	206.814250	359.798996
-71.821076	206.900926	359.466919
-72.032334	206.991957	359.118631
-72.253598	207.087355	358.754104
-72.484893	207.187133	358.373307
-72.726245	207.291304	357.976210
-72.977684	207.399882	357.562779
-73.091102	207.448882	357.376404
-73.214649	207.502310	357.173646
-73.348338	207.560172	356.954487
-73.492185	207.622476	356.718910
-73.646206	207.689230	356.466893
-73.810419	207.760443	356.198417
-73.984843	207.836122	355.913459
-74.169497	207.916278	355.611996
-74.364402	208.000920	355.294001
-74.569580	208.090057	354.959449
-74.785054	208.183702	354.608311
-75.010848	208.281865	354.240558
-75.246986	208.384557	353.856160
-75.493496	208.491789	353.455083
-75.607695	208.541480	353.269370
-75.732306	208.595729	353.066930
-75.867340	208.654543	352.847746
-76.012813	208.717929	352.611798
-76.168742	208.785892	352.359069
-76.335142	208.858441	352.089536
-76.512031	208.935584	351.803176
-76.699430	209.017328	351.499966
-76.897357	209.103681	351.179879
-77.105834	209.194654	350.842890
-77.324883	209.290255	350.488969
-77.554527	209.390495	350.118087
-77.794791	209.495382	349.730212
-78.045700	209.604927	349.325311
-78.160517	209.655060	349.140098
-78.286017	209.709866	348.937810
-78.422213	209.769351	348.718429
-78.569119	209.833521	348.481937
-78.726751	209.902382	348.228313
-78.895125	209.975939	347.957537
-79.074258	210.054200	347.669586
-79.264168	210.137172	347.364434
-79.464875	210.224862	347.042056
-79.676400	210.317277	346.702424
-79.898764	210.414427	346.345511
-80.131988	210.516319	345.971284
-80.376098	210.622961	345.579713
-80.631117	210.734364	345.170765
-80.746420	210.784729	344.985917
-80.872669	210.839868	344.783641
-81.009877	210.899783	344.563920
-81.158058	210.964481	344.326734
-81.317225	211.033966	344.072062
-81.487395	211.108243	343.799885
-81.668585	211.187319	343.510177
-81.860811	211.271199	343.202915
-82.064094	211.359889	342.878072
-82.278452	211.453396	342.535620
-82.503906	211.551727	342.175530
-82.740478	211.654888	341.797771
-82.988192	211.762888	341.402311
-83.103854	211.813305	341.217702
-83.230692	211.868571	341.015343
-83.368717	211.928689	340.795214
-83.517943	211.993664	340.557299
-83.678384	212.063500	340.301575
-83.850056	212.138200	340.028022
-84.032973	212.217771	339.736615
-84.227154	212.302217	339.427330
-84.432616	212.391543	339.100139
-84.649379	212.485754	338.755016
-84.877463	212.584857	338.391929
-85.116889	212.688857	338.010849
-85.367679	212.797760	337.611741
-85.483610	212.848085	337.427275
-85.610938	212.903323	337.224733
-85.749675	212.963475	337.004095
-85.899834	213.028546	336.765343
-86.061429	213.098538	336.508456
-86.234474	213.173455	336.233412
-86.418985	213.253301	335.940188
-86.614978	213.338080	335.628757
-86.822472	213.427797	335.299094
-87.041484	213.522455	334.951169
-87.272034	213.622058	334.584952
-87.514143	213.726613	334.200411
-87.767832	213.836123	333.797514
-87.883954	213.886228	333.613110
-88.011689	213.941295	333.410297
-88.151048	214.001327	333.189059
-88.302043	214.066326	332.949377
-88.464687	214.136294	332.691229
-88.638994	214.211235	332.414593
-88.824980	214.291151	332.119446
-89.022660	214.376045	331.805761
-89.232052	214.465921	331.473511
-89.453174	214.560782	331.122667
-89.686044	214.660630	330.753199
-89.930682	214.765470	330.365075
-90.187110	214.875305	329.958260
-90.303357	214.925071	329.773842
-90.431426	214.979836	329.570683
-90.571325	215.039602	329.348764
-90.723068	215.104372	329.108066
-90.886666	215.174147	328.848568
-91.062134	215.248928	328.570247
-91.249487	215.328718	328.273080
-91.448739	215.413520	327.957040
-91.659907	215.503334	327.622100
-91.883009	215.598163	327.268230
-92.118063	215.698010	326.895399
-92.365089	215.802876	326.503576
-92.624105	215.912763	326.092724
-92.740418	215.962078	325.908226
-92.868752	216.016416	325.704649
-93.009118	216.075780	325.481974
-93.161528	216.140171	325.240182
-93.325994	216.209589	324.979252
-93.502529	216.284036	324.699161
-93.691146	216.363512	324.399885
-93.891862	216.448019	324.081397
-94.104693	216.537557	323.743670
-94.329654	216.632129	323.386673
-94.566764	216.731734	323.010376
-94.816041	216.836374	322.614745
-94.932364	216.885167	322.430115
-95.060883	216.938997	322.226101
-95.201608	216.997862	322.002684
-95.354550	217.061764	321.759846
-95.519721	217.130703	321.497564
-95.697134	217.204679	321.215816
-95.886801	217.283693	320.914576
-96.088739	217.367744	320.593819
-96.302962	217.456832	320.253516
-96.529487	217.550958	319.893638
-96.768330	217.650122	319.514151
-97.019511	217.754324	319.115024
-97.135802	217.802527	318.930220
-97.264457	217.855768	318.725722
-97.405487	217.914045	318.501515
-97.558902	217.977358	318.257578
-97.724714	218.045707	317.993889
-97.902934	218.119092	317.710425
-98.093576	218.197512	317.407162
-98.296655	218.280965	317.084073
-98.512185	218.369453	316.741129
-98.740182	218.462972	316.378299
-98.980663	218.561523	315.995553
-99.233646	218.665103	315.592856
-99.349864	218.712645	315.407834
-99.478611	218.765214	315.202810
-99.619896	218.822810	314.977765
-99.773728	218.885431	314.732679
-99.940120	218.953078	314.467532
-100.119082	219.025748	314.182298
-100.310628	219.103440	313.876954
-100.514771	219.186152	313.551473
-100.731526	219.273883	313.205824
-100.960909	219.366631	312.839979
-101.202935	219.464393	312.453905
-101.457622	219.567167	312.047567
-101.573732	219.613975	311.862290
-101.702528	219.665790	311.656697
-101.844020	219.722612	311.430770
-101.998217	219.784439	311.184490
-102.165130	219.851270	310.917834
-102.344771	219.923101	310.630779
-102.537152	219.999931	310.323300
-102.742287	220.081757	309.995369
-102.960189	220.168577	309.646958
-103.190873	220.260388	309.278035
-103.434355	220.357186	308.888568
-103.690652	220.458968	308.478522
-103.806618	220.504971	308.292953
-103.935423	220.555952	308.086754
-104.077077	220.611909	307.859905
-104.231588	220.672839	307.612386
-104.398968	220.738741	307.344176
-104.579227	220.809611	307.055251
-104.772377	220.885446	306.745586
-104.978432	220.966243	306.415152
-105.197404	221.051998	306.063922
-105.429308	221.142707	305.691862
-105.674160	221.238366	305.298942
-105.931975	221.338970	304.885126
-106.047764	221.384099	304.699232
-106.176540	221.434166	304.492390
-106.318312	221.489167	304.264580
-106.473089	221.549100	304.015783
-106.640881	221.613962	303.745976
-106.821699	221.683749	303.455136
-107.015555	221.758458	303.143236
-107.222460	221.838082	302.810250
-107.442428	221.922620	302.456148
-107.675473	222.012064	302.080897
-107.921609	222.106409	301.684467
-108.037204	222.150660	301.498242
-108.165912	222.199804	301.290784
-108.307743	222.253837	301.062076
-108.462705	222.312757	300.812097
-108.630808	222.376558	300.540825
-108.812062	222.445238	300.248235
-109.006479	222.518791	299.934303
-109.214069	222.597212	299.599000
-109.434847	222.680496	299.242297
-109.668826	222.768637	298.864161
-109.916020	222.861627	298.464560
-110.031401	222.904973	298.277990
-110.160019	222.953158	298.069903
-110.301882	223.006180	297.840280
-110.456998	223.064034	297.589101
-110.625376	223.126715	297.316343
-110.807027	223.194219	297.021984
-111.001962	223.266541	296.705995
-111.210192	223.343673	296.368351
-111.431729	223.425610	296.009019
-111.666587	223.512346	295.627970
-111.914779	223.603872	295.225169
-112.029926	223.646273	295.038238
-112.158429	223.693453	294.829503
-112.300295	223.745407	294.598946
-112.455532	223.802131	294.346545
-112.624149	223.863620	294.072280
-112.806157	223.929868	293.776126
-113.001565	224.000868	293.458055
-113.210385	224.076615	293.118042
-113.432629	224.157100	292.756054
-113.668309	224.242316	292.372061
-113.917439	224.332254	291.966028
-114.032331	224.373667	291.778719
-114.160694	224.419789	291.569317
-114.302534	224.470615	291.337806
-114.457859	224.526140	291.084163
-114.626679	224.586359	290.808367
-114.809002	224.651264	290.510393
-115.004838	224.720849	290.190215
-115.214200	224.795107	289.847805
-115.437097	224.874028	289.483132
-115.673543	224.957605	289.096165
-115.923550	225.045828	288.686869
-116.038193	225.086153	288.499170
-116.166417	225.130986	288.289186
-116.308229	225.180353	288.056873
-116.463636	225.234260	287.802202
-116.632648	225.292643	287.525196
-116.815272	225.355459	287.225858
-117.011520	225.422627	286.904220
-117.221400	225.494019	286.560347
-117.444925	225.569506	286.194304
-117.682107	225.648943	285.806167
-117.932957	225.732150	285.396035
-118.048016	225.769969	285.208069
-118.176764	225.811809	284.997847
-118.319205	225.857640	284.765368
-118.475349	225.907416	284.510645
-118.645203	225.961057	284.233713
-118.828775	226.018459	283.934625
-119.026076	226.079513	283.613435
-119.237115	226.144113	283.270194
-119.461903	226.212132	282.904965
-119.700452	226.283421	282.517828
-119.952773	226.357837	282.108857
-120.068954	226.391615	281.920812
-120.198926	226.428760	281.710675
-120.342696	226.469233	281.478456
-120.500270	226.512949	281.224197
-120.671658	226.559822	280.947940
-120.856866	226.609733	280.649752
-121.055904	226.662567	280.329693
-121.268782	226.718207	279.987823
-121.495511	226.776531	279.624204
-121.736102	226.837394	279.238914
-121.990566	226.900648	278.832032
-122.108287	226.929374	278.644105
-122.239900	226.960912	278.434180
-122.385410	226.995185	278.202297
-122.544824	227.032102	277.948504
-122.718151	227.071551	277.672865
-122.905397	227.113412	277.375448
-123.106573	227.157557	277.056326
-123.321688	227.203855	276.715572
-123.550752	227.252175	276.353256
-123.793775	227.302381	275.969451
-124.050769	227.354320	275.564242
-124.170011	227.377866	275.376554
-124.303241	227.403685	275.166951
-124.450466	227.431675	274.935496
-124.611691	227.461721	274.682256
-124.786925	227.493709	274.407301
-124.976176	227.527518	274.110700
-125.179451	227.563026	273.792521
-125.396761	227.600115	273.452828
-125.628115	227.638635	273.091708
-125.873524	227.678429	272.709254
-126.132998	227.719341	272.305553
-126.253641	227.737794	272.118191
-126.388367	227.758012	271.908977
-126.537180	227.779875	271.677990
-126.700088	227.803245	271.425316
-126.877098	227.827983	271.151049
-127.068217	227.853931	270.855288
-127.273454	227.880953	270.538116
-127.492818	227.908925	270.199603
-127.726317	227.937709	269.839827
-127.973963	227.967155	269.458877
-128.235765	227.997082	269.056864
-128.357737	228.010433	268.869929
-128.493882	228.025033	268.661216
-128.644205	228.040752	268.430811
-128.808713	228.057446	268.178810
-128.987412	228.074961	267.905317
-129.180310	228.093156	267.610421
-129.387416	228.111868	267.294229
-129.608736	228.130928	266.956848
-129.844282	228.150173	266.598383
-130.094061	228.169419	266.218948
-130.358085	228.188469	265.818675
-130.481307	228.196724	265.632266
-130.618789	228.205645	265.424212
-130.770535	228.215092	265.194609
-130.936553	228.224899	264.943574
-131.116849	228.234902	264.671222
-131.311430	228.244940	264.377658
-131.520304	228.254846	264.062996
-131.743478	228.264445	263.727352
-131.980962	228.273537	263.370860
-132.232764	228.281906	262.993670
-132.498895	228.289316	262.595943
-132.623456	228.292069	262.410263
-132.762360	228.294816	262.203154
-132.915613	228.297392	261.974736
-133.083219	228.299619	261.725137
-133.265186	228.301322	261.454482
-133.461521	228.302324	261.162897
-133.672229	228.302460	260.850491
-133.897321	228.301516	260.517417
-134.136802	228.299272	260.163830
-134.390684	228.295480	259.789910
-134.658974	228.289879	259.395844
-134.785055	228.286450	259.211204
-134.925558	228.282259	259.005432
-135.080490	228.277121	258.778669
-135.249855	228.270849	258.531050
-135.433659	228.263251	258.262720
-135.631908	228.254139	257.973813
-135.844611	228.243301	257.664485
-136.071774	228.230510	257.334901
-136.313404	228.215516	256.985246
-136.569511	228.198049	256.615721
-136.840103	228.177830	256.226532
-137.125189	228.154561	255.817904
-137.253280	228.143184	255.634973
-137.395878	228.130107	255.431332
-137.552989	228.115125	255.207139
-137.724618	228.098042	254.962544
-137.910770	228.078651	254.697705
-138.111452	228.056742	254.412779
-138.326671	228.032070	254.107953
-138.556433	228.004364	253.783435
-138.800745	227.973348	253.439438
-139.059616	227.938717	253.076196
-139.333054	227.900180	252.693933
-139.621066	227.857455	252.292858
-139.751304	227.837140	252.112232
-139.896129	227.814147	251.911366
-140.055547	227.788251	251.690441
-140.229563	227.759234	251.449626
-140.418181	227.726861	251.189108
-140.621408	227.690889	250.909076
-140.839249	227.651065	250.609730
-141.071712	227.607108	250.291288
-141.318803	227.558707	249.953999
-141.580529	227.505576	249.598084
-141.856898	227.447428	249.223763
-142.147918	227.383966	248.831267
-142.280282	227.354049	248.653545
-142.427308	227.320403	248.456134
-142.589002	227.282801	248.239219
-142.765367	227.240995	248.003000
-142.956409	227.194720	247.747693
-143.162133	227.143703	247.473518
-143.382545	227.087673	247.180693
-143.617650	227.026369	246.869424
-143.867456	226.959513	246.539929
-144.131968	226.886836	246.192419
-144.411195	226.808035	245.827133
-144.705142	226.722790	245.444325
-144.839525	226.682732	245.270151
-144.988641	226.637864	245.076880
-145.152492	226.587931	244.864726
-145.331084	226.532662	244.633912
-145.524421	226.471794	244.384657
-145.732507	226.405065	244.117173
-145.955349	226.332206	243.831678
-146.192951	226.252960	243.528376
-146.445319	226.167049	243.207490
-146.712460	226.074177	242.869259
-146.994381	225.974036	242.513928
-147.291086	225.866297	242.141762
-147.427288	225.815723	241.971788
-147.578286	225.759178	241.783396
-147.744083	225.696391	241.576820
-147.924683	225.627104	241.352272
-148.120090	225.551063	241.109966
-148.330309	225.468024	240.850098
-148.555344	225.377714	240.572893
-148.795200	225.279862	240.278572
-149.049883	225.174183	239.967365
-149.319398	225.060385	239.639511
-149.603751	224.938147	239.295269
-149.902948	224.807147	238.934903
-150.040719	224.745693	238.769850
-150.193344	224.677093	238.587088
-150.360824	224.601102	238.386824
-150.543164	224.517484	238.169257
-150.740367	224.425986	237.934594
-150.952437	224.326352	237.683052
-151.179378	224.218324	237.414842
-151.421195	224.101620	237.130194
-151.677892	223.975956	236.829344
-151.949475	223.841033	236.512537
-152.235947	223.696567	236.180001
-152.537315	223.542275	235.831963
-152.676262	223.470049	235.672348
-152.830112	223.389563	235.495681
-152.998869	223.300588	235.302160
-153.182534	223.202884	235.091985
-153.381112	223.096193	234.865374
-153.594605	222.980267	234.622535
-153.823018	222.854855	234.363674
-154.066353	222.719701	234.089002
-154.324616	222.574536	233.798738
-154.597811	222.419080	233.493111
-154.885940	222.253074	233.172330
-155.189011	222.076273	232.836584
-155.328662	221.993788	232.682657
-155.483260	221.901937	232.512338
-155.652807	221.800504	232.325812
-155.837306	221.689248	232.123283
-156.036759	221.567937	231.904946
-156.251170	221.436332	231.671001
-156.480540	221.294197	231.421640
-156.724874	221.141294	231.157058
-156.984175	220.977383	230.877449
-157.258445	220.802240	230.582989
-157.547690	220.615640	230.273854
-157.851912	220.417368	229.950208
-157.991812	220.325256	229.802075
-158.146695	220.222668	229.638220
-158.316562	220.109412	229.458803
-158.501416	219.985298	229.263982
-158.701259	219.850123	229.053924
-158.916093	219.703676	228.828802
-159.145921	219.545738	228.588796
-159.390744	219.376105	228.334066
-159.650566	219.194582	228.064764
-159.925390	219.000978	227.781036
-160.215218	218.795113	227.483014
-160.520053	218.576800	227.170836
-160.659766	218.475910	227.028354
-160.814491	218.363495	226.870760
-160.984228	218.239401	226.698182
-161.168980	218.103474	226.510743
-161.368746	217.955533	226.308587
-161.583530	217.795405	226.091854
-161.813333	217.622912	225.860681
-162.058157	217.437888	225.615195
-162.318003	217.240173	225.355513
-162.592874	217.029616	225.081744
-162.882772	216.806070	224.793986
-163.187698	216.569380	224.492346
-163.326848	216.460657	224.355172
-163.481029	216.339439	224.203425
-163.650242	216.205603	224.037199
-163.834488	216.059044	223.856569
-164.033769	215.899637	223.661630
-164.248085	215.727245	223.452483
-164.477437	215.541738	223.229222
-164.721826	215.342977	222.991946
-164.981254	215.130848	222.740727
-165.255722	214.905230	222.475645
-165.545231	214.666011	222.196765
-165.849782	214.413079	221.904152
-165.988055	214.297661	221.771641
-166.141371	214.168867	221.625004
-166.309732	214.026623	221.464289
-166.493136	213.870861	221.289535
-166.691584	213.701505	221.100789
-166.905078	213.518478	220.898095
-167.133617	213.321690	220.681505
-167.377202	213.111049	220.451075
-167.635833	212.886464	220.206855
-167.909510	212.647845	219.948892
-168.198235	212.395110	219.677223
-168.502006	212.128181	219.391879
-168.639174	212.007195	219.263243
-168.791389	211.872054	219.120826
-168.958651	211.722724	218.964637
-169.140959	211.559170	218.794685
-169.338313	211.381357	218.610974
-169.550714	211.189243	218.413515
-169.778161	210.982796	218.202306
-170.020654	210.761959	217.977365
-170.278191	210.526669	217.738715
-170.550774	210.276865	217.486376
-170.838400	210.012493	217.220356
-171.141070	209.733496	216.940667
-171.276977	209.607865	216.815183
-171.427926	209.467377	216.676185
-171.593916	209.312033	216.523647
-171.774947	209.141826	216.357549
-171.971017	208.956749	216.177869
-172.182126	208.756794	215.984585
-172.408273	208.541941	215.777682
-172.649457	208.312164	215.557149
-172.905677	208.067429	215.322980
-173.176931	207.807702	215.075167
-173.463218	207.532950	214.813700
-173.597841	207.403465	214.690777
-173.747495	207.258556	214.554516
-173.912177	207.098250	214.404868
-174.091888	206.922581	214.241773
-174.286625	206.731580	214.065173
-174.496388	206.525258	213.875024
-174.721174	206.303635	213.671276
-174.960982	206.066718	213.453882
-175.215810	205.814499	213.222813
-175.485657	205.546961	212.978043
-175.770519	205.264072	212.719560
-175.903832	205.131476	212.598541
-176.052157	204.982979	212.464270
-176.215493	204.818625	212.316682
-176.393837	204.638452	212.155711
-176.587188	204.442500	211.981293
-176.795543	204.230822	211.793343
-177.018902	204.003452	211.591794
-177.257261	203.760416	211.376583
-177.510618	203.501736	211.147652
-177.778970	203.227408	210.904961
-178.062313	202.937418	210.648478
-178.194288	202.802203	210.528899
-178.341249	202.650686	210.396075
-178.503195	202.482941	210.249914
-178.680123	202.299038	210.090319
-178.872032	202.099051	209.917192
-179.078918	201.883035	209.730445
-179.300780	201.651043	209.529994
-179.537613	201.403121	209.315757
-179.789414	201.139310	209.087656
-180.056181	200.859636	208.845623
-180.337908	200.564111	208.589601
-180.468540	200.427018	208.470685
-180.614126	200.273375	208.338385
-180.774664	200.103258	208.192599
-180.950151	199.916743	208.033231
-181.140585	199.713886	207.860196
-181.345963	199.494742	207.673408
-181.566281	199.259364	207.472781
-181.801535	199.007809	207.258224
-182.051721	198.740132	207.029643
-182.316835	198.456377	206.786955
-182.596872	198.156594	206.530064
-182.726157	198.018186	206.411201
-182.870357	197.863021	206.278765
-183.029469	197.691205	206.132631
-183.203491	197.502842	205.972670
-183.392419	197.298022	205.798769
-183.596249	197.076818	205.610823
-183.814978	196.839291	205.408739
-184.048600	196.585495	205.192428
-184.297111	196.315480	204.961801
-184.560505	196.029303	204.716761
-184.838778	195.727022	204.457206
-184.966732	195.588072	204.337537
-185.109555	195.432268	204.204002
-185.267243	195.259697	204.056491
-185.439794	195.070452	203.894889
-185.627203	194.864616	203.719086
-185.829466	194.642272	203.528971
-186.046579	194.403494	203.324436
-186.278535	194.148356	203.105373
-186.525329	193.876925	202.871678
-186.786956	193.589273	202.623238
-187.063409	193.285467	202.359944
-187.190025	193.146406	202.238987
-187.331456	192.990475	202.103789
-187.487699	192.817775	201.954228
-187.658750	192.628402	201.790186
-187.844604	192.422446	201.611545
-188.045257	192.199993	201.418191
-188.260702	191.961117	201.210018
-188.490935	191.705890	200.986918
-188.735948	191.434390	200.748778
-188.995735	191.146692	200.495480
-189.270289	190.842862	200.226917
-189.395567	190.704338	200.103969
-189.535600	190.549017	199.966317
-189.690383	190.376985	199.813856
-189.859913	190.188327	199.646476
-190.044184	189.983123	199.464070
-190.243190	189.761451	199.266534
-190.456926	189.523382	199.053761
-190.685384	189.268993	198.825641
-190.928559	188.998354	198.582066
-191.186441	188.711525	198.322936
-191.459023	188.408569	198.048143
-191.582938	188.270957	197.922811
-191.721540	188.116642	197.782294
-191.874824	187.945708	197.626486
-192.042785	187.758241	197.455279
-192.225417	187.554329	197.268557
-192.422715	187.334053	197.066210
-192.634672	187.097482	196.848138
-192.861279	186.844684	196.614237
-193.102530	186.575724	196.364404
-193.358416	186.290661	196.098538
-193.628927	185.989547	195.816545
-193.751447	185.853282	195.688400
-193.888577	185.700491	195.544508
-194.040314	185.531237	195.384782
-194.206651	185.345579	195.209139
-194.387583	185.143571	195.017496
-194.583102	184.925257	194.809778
-194.793202	184.690689	194.585902
-195.017874	184.439913	194.345783
-195.257109	184.172970	194.089341
-195.510898	183.889897	193.816498
-195.779231	183.590751	193.527152
-195.900298	183.455858	193.396207
-196.035894	183.304545	193.249016
-196.186012	183.136862	193.085507
-196.350647	182.952853	192.905611
-196.529791	182.752570	192.709246
-196.723438	182.536057	192.496338
-196.931579	182.303351	192.266816
-197.154206	182.054483	192.020611
-197.391309	181.789486	191.757651
-197.642877	181.508396	191.477857
-197.908900	181.211250	191.181145
-198.028459	181.077752	191.047415
-198.162455	180.927969	190.896912
-198.310883	180.761926	190.729589
-198.473736	180.579642	190.545398
-198.651007	180.381137	190.344292
-198.842687	180.166426	190.126221
-199.048751	179.935527	189.891150
-199.268910	179.688598	189.639183
-199.502852	179.425804	189.370440
-199.750270	179.147323	189.085020
-200.010819	178.853356	188.783041
-200.128062	178.720698	188.646454
-200.258356	178.572475	188.493381
-200.401505	178.408812	188.323883
-200.557305	178.229824	188.138034
-200.725530	178.035636	187.935921
-200.905934	177.826387	187.717638
-201.098239	177.602235	187.483292
-201.302139	177.363350	187.233006
-201.517299	177.109914	186.966925
-201.743372	176.842110	186.685203
-201.979976	176.560137	186.388014
-202.226705	176.264213	186.075543
-202.337272	176.130698	185.934303
-202.458695	175.982837	185.777286
-202.590705	175.820767	185.604626
-202.733029	175.644629	185.416461
-202.885368	175.454571	185.212946
-203.047406	175.250739	184.994253
-203.218801	175.033295	184.760574
-203.399205	174.802409	184.512092
-203.588249	174.558272	184.248998
-203.785558	174.301070	183.971487
-203.990738	174.031010	183.679766
-204.203374	173.748303	183.374051
-204.423027	173.453179	183.054573
-204.522906	173.317501	182.907550
-204.631295	173.168686	182.745719
-204.747894	173.006877	182.569254
-204.872400	172.832223	182.378329
-205.004502	172.644880	182.173120
-205.143872	172.445017	181.953808
-205.290168	172.232813	181.720581
-205.443034	172.008449	181.473639
-205.602102	171.772111	181.213194
-205.766983	171.523991	180.939472
-205.937293	171.264281	180.652697
-206.112632	170.993176	180.353109
-206.292597	170.710880	180.040941
-206.476772	170.417608	179.716435
-206.664742	170.113574	179.379832
-206.749141	169.974819	179.226131
-206.839673	169.824167	179.058665
-206.936033	169.661752	178.877642
-207.037902	169.487714	178.683273
-207.144948	169.302205	178.475782
-207.256819	169.105389	178.255396
-207.373163	168.897439	178.022339
-207.493619	168.678535	177.776838
-207.617817	168.448868	177.519119
-207.745381	168.208634	177.249412
-207.875921	167.958040	176.967954
-208.009063	167.697274	176.674981
-208.144422	167.426530	176.370738
-208.281607	167.146011	176.055471
-208.420219	166.855923	175.729431
-208.559873	166.556465	175.392864
-208.700181	166.247840	175.046015
-208.840751	165.930257	174.689132
-208.902269	165.787333	174.528543
-208.967335	165.633801	174.355524
