-47.923020	210.673005	183.350801
-47.894706	210.568995	183.378582
-47.867170	210.455588	183.401500
-47.840423	210.332778	183.419560
-47.814478	210.200556	183.432766
-47.789350	210.058912	183.441126
-47.765054	209.907837	183.444644
-47.741607	209.747318	183.443329
-47.719028	209.577343	183.437190
-47.697336	209.397897	183.426235
-47.676553	209.208966	183.410474
-47.656700	209.010534	183.389919
-47.637803	208.802583	183.364581
-47.619887	208.585095	183.334473
-47.602977	208.358049	183.299608
-47.587102	208.121426	183.260000
-47.572292	207.875203	183.215665
-47.558577	207.619358	183.166618
-47.545989	207.353865	183.112877
-47.534562	207.078700	183.054458
-47.524331	206.793836	182.991381
-47.515331	206.499245	182.923663
-47.507601	206.194899	182.851326
-47.501180	205.880767	182.774389
-47.496107	205.556818	182.692875
-47.492424	205.223020	182.606805
-47.490174	204.879340	182.516202
-47.489402	204.525742	182.421090
-47.490153	204.162190	182.321494
-47.492473	203.788649	182.217439
-47.496413	203.405078	182.108951
-47.502020	203.011440	181.996056
-47.509345	202.607693	181.878782
-47.518442	202.193795	181.757156
-47.529363	201.769704	181.631208
-47.542164	201.335376	181.500967
-47.556900	200.890764	181.366463
-47.573630	200.435822	181.227727
-47.592411	199.970503	181.084790
-47.613304	199.494758	180.937684
-47.623422	199.281460	180.871336
-47.635741	199.057664	180.800867
-47.650290	198.823344	180.726291
-47.667097	198.578477	180.647625
-47.686196	198.323035	180.564886
-47.707618	198.056992	180.478089
-47.731397	197.780318	180.387255
-47.757569	197.492985	180.292402
-47.786170	197.194962	180.193548
-47.817239	196.886216	180.090715
-47.850813	196.566714	179.983923
-47.886935	196.236422	179.873194
-47.925645	195.895304	179.758549
-47.966986	195.543324	179.640012
-48.011003	195.180442	179.517605
-48.057741	194.806620	179.391354
-48.107247	194.421818	179.261281
-48.159569	194.025993	179.127414
-48.214757	193.619103	178.989776
-48.272859	193.201103	178.848396
-48.333930	192.771948	178.703298
-48.398021	192.331591	178.554511
-48.465186	191.879984	178.402063
-48.535482	191.417079	178.245982
-48.567968	191.207411	178.175385
-48.603667	190.986371	178.101197
-48.642605	190.753934	178.023432
-48.684809	190.510076	177.942102
-48.730311	190.254770	177.857225
-48.779139	189.987988	177.768813
-48.831325	189.709702	177.676885
-48.886904	189.419880	177.581455
-48.945909	189.118493	177.482542
-49.008375	188.805506	177.380163
-49.074339	188.480887	177.274335
-49.143839	188.144600	177.165078
-49.216915	187.796608	177.052410
-49.293606	187.436875	176.936351
-49.373954	187.065361	176.816922
-49.458001	186.682026	176.694142
-49.545793	186.286828	176.568033
-49.637373	185.879726	176.438617
-49.732787	185.460675	176.305914
-49.832084	185.029630	176.169948
-49.935312	184.586544	176.030740
-50.042520	184.131370	175.888315
-50.092074	183.923197	175.823445
-50.145682	183.702863	175.755391
-50.203369	183.470346	175.684163
-50.265160	183.225620	175.609774
-50.331082	182.968659	175.532235
-50.401162	182.699436	175.451559
-50.475431	182.417923	175.367758
-50.553918	182.124088	175.280846
-50.636654	181.817901	175.190836
-50.723672	181.499330	175.097742
-50.815007	181.168339	175.001580
-50.910691	180.824896	174.902363
-51.010763	180.468962	174.800108
-51.115258	180.100500	174.694829
-51.224215	179.719471	174.586542
-51.337673	179.325836	174.475264
-51.455673	178.919551	174.361011
-51.578257	178.500575	174.243800
-51.705467	178.068864	174.123648
-51.837346	177.624371	174.000572
-51.973940	177.167049	173.874590
-52.036207	176.959926	173.817821
-52.103255	176.739904	173.758172
-52.175106	176.506961	173.695650
-52.251783	176.261072	173.630263
-52.333310	176.002211	173.562021
-52.419711	175.730352	173.490933
-52.511015	175.445466	173.417008
-52.607247	175.147524	173.340255
-52.708436	174.836494	173.260686
-52.814612	174.512345	173.178310
-52.925806	174.175042	173.093138
-53.042050	173.824551	173.005181
-53.163375	173.460836	172.914449
-53.289816	173.083858	172.820953
-53.421409	172.693580	172.724706
-53.558188	172.289960	172.625718
-53.700192	171.872958	172.524001
-53.847457	171.442530	172.419566
-54.000023	170.998631	172.312426
-54.157931	170.541217	172.202592
-54.229382	170.335133	172.153359
-54.306233	170.115464	172.101449
-54.388504	169.882189	172.046867
-54.476215	169.635283	171.989620
-54.569389	169.374722	171.929713
-54.668047	169.100479	171.867152
-54.772215	168.812526	171.801943
-54.881915	168.510834	171.734093
-54.997175	168.195372	171.663608
-55.118020	167.866109	171.590494
-55.244479	167.523010	171.514758
-55.376581	167.166041	171.436407
-55.514356	166.795167	171.355447
-55.657834	166.410349	171.271885
-55.807047	166.011549	171.185728
-55.962028	165.598728	171.096982
-56.122811	165.171842	171.005655
-56.289430	164.730850	170.911753
-56.461922	164.275706	170.815282
-56.539869	164.070641	170.772012
-56.623741	163.851358	170.726182
-56.713556	163.617835	170.677796
-56.809331	163.370050	170.626857
-56.911087	163.107978	170.573366
-57.018844	162.831592	170.517328
-57.132623	162.540865	170.458745
-57.252446	162.235769	170.397619
-57.378338	161.916272	170.333955
-57.510321	161.582344	170.267755
-57.648423	161.233950	170.199022
-57.792668	160.871057	170.127758
-57.943084	160.493629	170.053967
-58.099699	160.101629	169.977650
-58.262543	159.695017	169.898811
-58.431645	159.273754	169.817450
-58.607035	158.837799	169.733571
-58.788746	158.387107	169.647175
-58.871228	158.182960	169.608180
-58.960077	157.964013	169.566670
-59.055310	157.730244	169.522646
-59.156943	157.481630	169.476108
-59.264993	157.218148	169.427055
-59.379479	156.939771	169.375490
-59.500421	156.646473	169.321410
-59.627838	156.338225	169.264818
-59.761753	156.014996	169.205711
-59.902186	155.676756	169.144090
-60.049162	155.323471	169.079954
-60.202704	154.955107	169.013302
-60.362837	154.571629	168.944134
-60.529586	154.173000	168.872447
-60.702979	153.759180	168.798240
-60.883042	153.330130	168.721510
-61.069804	152.885809	168.642256
-61.155416	152.682434	168.606070
-61.247770	152.463726	168.567355
-61.346879	152.229663	168.526110
-61.452757	151.980222	168.482332
-61.565421	151.715379	168.436020
-61.684888	151.435109	168.387170
-61.811175	151.139386	168.335782
-61.944300	150.828180	168.281851
-62.084284	150.501462	168.225374
-62.231147	150.159201	168.166348
-62.384908	149.801365	168.104770
-62.545592	149.427918	168.040634
-62.713219	149.038826	167.973936
-62.887814	148.634051	167.904671
-63.069400	148.213556	167.832833
-63.258004	147.777300	167.758417
-63.453651	147.325241	167.681415
-63.541479	147.122517	167.646930
-63.636389	146.903929	167.609850
-63.738392	146.669456	167.570169
-63.847503	146.419076	167.527886
-63.963736	146.152766	167.482994
-64.087105	145.870499	167.435489
-64.217628	145.572251	167.385367
-64.355320	145.257992	167.332621
-64.500200	144.927693	167.277245
-64.652285	144.581323	167.219232
-64.811596	144.218850	167.158577
-64.978152	143.840240	167.095270
-65.151973	143.445457	167.029303
-65.333082	143.034464	166.960668
-65.521500	142.607224	166.889356
-65.717250	142.163696	166.815356
-65.806558	141.961491	166.781630
-65.903232	141.742939	166.745201
-66.007284	141.508019	166.706063
-66.118727	141.256708	166.664210
-66.237572	140.988985	166.619635
-66.363835	140.704824	166.572331
-66.497529	140.404198	166.522291
-66.638670	140.087081	166.469506
-66.787274	139.753442	166.413968
-66.943358	139.403251	166.355667
-67.106939	139.036476	166.294592
-67.278036	138.653083	166.230734
-67.456667	138.253036	166.164081
-67.642853	137.836300	166.094620
-67.836612	137.402835	166.022338
-68.037967	136.952603	165.947221
-68.128250	136.750825	165.913538
-68.226160	136.532220	165.876998
-68.331705	136.296767	165.837595
-68.444899	136.044446	165.795320
-68.565751	135.775233	165.750166
-68.694276	135.489104	165.702123
-68.830486	135.186033	165.651180
-68.974395	134.865992	165.597327
-69.126017	134.528953	165.540553
-69.285368	134.174884	165.480845
-69.452464	133.803754	165.418190
-69.627321	133.415530	165.352573
-69.809957	133.010176	165.283981
-70.000389	132.587656	165.212398
-70.198635	132.147932	165.137806
-70.289478	131.946495	165.103591
-70.388163	131.727797	165.066341
-70.494699	131.491817	165.026049
-70.609097	131.238535	164.982704
-70.731367	130.967929	164.936296
-70.861520	130.679973	164.886812
-70.999568	130.374643	164.834242
-71.145525	130.051911	164.778571
-71.299403	129.711748	164.719786
-71.461215	129.354125	164.657872
-71.630978	128.979009	164.592813
-71.808705	128.586368	164.524592
-71.994412	128.176166	164.453192
-72.188115	127.748368	164.378592
-72.389831	127.302935	164.300773
-72.480934	127.101787	164.265566
-72.580074	126.882947	164.227108
-72.687261	126.646398	164.185390
-72.802502	126.392117	164.140401
-72.925809	126.120083	164.092126
-73.057190	125.830272	164.040554
-73.196656	125.522659	163.985670
-73.344220	125.197217	163.927458
-73.499892	124.853917	163.865901
-73.663686	124.492730	163.800983
-73.835614	124.113624	163.732683
-74.015690	123.716567	163.660984
-74.203928	123.301523	163.585863
-74.400342	122.868458	163.507297
-74.491462	122.667553	163.470765
-74.590779	122.448573	163.430754
-74.698303	122.211497	163.387253
-74.814040	121.956305	163.340248
-74.937999	121.682976	163.289725
-75.070190	121.391486	163.235670
-75.210622	121.081811	163.178064
-75.359306	120.753923	163.116892
-75.516252	120.407795	163.052134
-75.681471	120.043397	162.983769
-75.854976	119.660698	162.911777
-76.036777	119.259666	162.836135
-76.226889	118.840267	162.756819
-76.425323	118.402466	162.673804
-76.516273	118.201786	162.635651
-76.615564	117.982649	162.593759
-76.723205	117.745038	162.548115
-76.839202	117.488932	162.498706
-76.963563	117.214310	162.445513
-77.096296	116.921149	162.388521
-77.237409	116.609424	162.327711
-77.386913	116.279109	162.263063
-77.544815	115.930178	162.194556
-77.711127	115.562599	162.122167
-77.885859	115.176344	162.045872
-78.069021	114.771380	161.965647
-78.260624	114.347674	161.881463
-78.460682	113.905190	161.793294
-78.551296	113.704730	161.753234
-78.650381	113.485441	161.709144
-78.757943	113.247303	161.661010
-78.873987	112.990298	161.608814
-78.998520	112.714404	161.552540
-79.131549	112.419599	161.492168
-79.273083	112.105860	161.427678
-79.423128	111.773160	161.359047
-79.581693	111.421472	161.286252
-79.748788	111.050768	161.209267
-79.924420	110.661018	161.128068
-80.108601	110.252190	161.042624
-80.301338	109.824252	160.952907
-80.502643	109.377170	160.858885
-80.592774	109.176939	160.816645
-80.691488	108.957513	160.770052
-80.798788	108.718872	160.719089
-80.914682	108.460999	160.663739
-81.039173	108.183873	160.603982
-81.172269	107.887472	160.539796
-81.313976	107.571772	160.471159
-81.464301	107.236748	160.398047
-81.623251	106.882374	160.320434
-81.790833	106.508622	160.238293
-81.967056	106.115463	160.151594
-82.151927	105.702865	160.060305
-82.345455	105.270798	159.964395
-82.435003	105.070804	159.919856
-82.533221	104.851291	159.870644
-82.640111	104.612242	159.816742
-82.755679	104.353639	159.758130
-82.879931	104.075460	159.694787
-83.012870	103.777686	159.626691
-83.154504	103.460292	159.553816
-83.304837	103.123255	159.476137
-83.463875	102.766549	159.393626
-83.631626	102.390145	159.306252
-83.808095	101.994017	159.213984
-83.993290	101.578133	159.116788
-84.187217	101.142463	159.014629
-84.276088	100.942728	158.967638
-84.373701	100.723159	158.915630
-84.480061	100.483739	158.858584
-84.595171	100.224450	158.796480
-84.719036	99.945273	158.729294
-84.851659	99.646187	158.657004
-84.993045	99.327169	158.579581
-85.143200	98.988196	158.496999
-85.302128	98.629243	158.409225
-85.469834	98.250283	158.316229
-85.646324	97.851288	158.217976
-85.831603	97.432229	158.114430
-86.025678	96.993076	158.005552
-86.113776	96.793633	157.955939
-86.210678	96.574050	157.900935
-86.316386	96.334311	157.840520
-86.430903	96.074397	157.774672
-86.554233	95.794290	157.703366
-86.686379	95.493970	157.626576
-86.827344	95.173416	157.544273
-86.977133	94.832604	157.456427
-87.135749	94.471510	157.363006
-87.303196	94.090109	157.263975
-87.479479	93.688372	157.159298
-87.664602	93.266273	157.048934
-87.858569	92.823781	156.932844
-87.945803	92.624675	156.880430
-88.041887	92.405132	156.822226
-88.146823	92.165137	156.758210
-88.260614	91.904672	156.688359
-88.383263	91.623720	156.612645
-88.514771	91.322261	156.531042
-88.655141	91.000275	156.443519
-88.804377	90.657739	156.350043
-88.962481	90.294630	156.250580
-89.129456	89.910923	156.145093
-89.305304	89.506592	156.033541
-89.490030	89.081610	155.915885
-89.576367	88.882870	155.860674
-89.671585	88.663437	155.799293
-89.775686	88.423296	155.731719
-89.888671	88.162431	155.657927
-90.010542	87.880826	155.577889
-90.141300	87.578460	155.491575
-90.280948	87.255315	155.398954
-90.429487	86.911369	155.299991
-90.586919	86.546599	155.194650
-90.753246	86.160981	155.082890
-90.928470	85.754491	154.964672
-91.112592	85.327101	154.839949
-91.197984	85.128769	154.781875
-91.292277	84.909498	154.717229
-91.395472	84.669274	154.645986
-91.507570	84.408082	154.568121
-91.628571	84.125904	154.483604
-91.758477	83.822723	154.392404
-91.897289	83.498521	154.294488
-92.045007	83.153275	154.189818
-92.201632	82.786966	154.078357
-92.367165	82.399569	153.960062
-92.541607	81.991061	153.834890
-92.724959	81.561417	153.702795
-92.809347	81.363547	153.641754
-92.902645	81.144502	153.573717
-93.004854	80.904270	153.498659
-93.115973	80.642835	153.416552
-93.236002	80.360182	153.327365
-93.364943	80.056294	153.231066
-93.502793	79.731153	153.127618
-93.649555	79.384738	153.016985
-93.805227	79.017030	152.899124
-93.969809	78.628007	152.773992
-94.143300	78.217645	152.641544
-94.325701	77.785922	152.501729
-94.409023	77.588576	152.437604
-94.501253	77.369832	152.366036
-94.602391	77.129678	152.287000
-94.712435	76.868099	152.200466
-94.831386	76.585081	152.106403
-94.959242	76.280607	152.004775
-95.096003	75.954661	151.895545
-95.241667	75.607224	151.778674
-95.396234	75.238276	151.654117
-95.559702	74.847797	151.521831
-95.732069	74.435766	151.381765
-95.913334	74.002160	151.233867
-95.995526	73.805410	151.166534
-96.086613	73.587050	151.091290
-96.186593	73.347071	151.008108
-96.295465	73.085457	150.916957
-96.413228	72.802197	150.817804
-96.539879	72.497274	150.710612
-96.675419	72.170672	150.595342
-96.819843	71.822374	150.471953
-96.973151	71.452363	150.340399
-97.135339	71.060618	150.200632
-97.306405	70.647121	150.052600
-97.486346	70.211849	149.896251
-97.567344	70.015773	149.825586
-97.657212	69.797891	149.746519
-97.755948	69.558193	149.659022
-97.863549	69.296667	149.563062
-97.980014	69.013299	149.458604
-98.105341	68.708077	149.345612
-98.239526	68.380984	149.224043
-98.382567	68.032005	149.093853
-98.534460	67.661123	148.954997
-98.695202	67.268321	148.807422
-98.864788	66.853580	148.651076
-99.043215	66.416880	148.485901
-99.122956	66.221566	148.411782
-99.211529	66.004264	148.328747
-99.308934	65.764966	148.236766
-99.415167	65.503659	148.135806
-99.530225	65.220333	148.025831
-99.654105	64.914975	147.906802
-99.786803	64.587570	147.778675
-99.928315	64.238105	147.641404
-100.078638	63.866565	147.494940
-100.237765	63.472932	147.339231
-100.405693	63.057191	147.174221
-100.484199	62.862675	147.096758
-100.571496	62.646025	147.009907
-100.667583	62.407232	146.913636
-100.772454	62.146286	146.807911
-100.886107	61.863176	146.692693
-101.008537	61.557890	146.567942
-101.139741	61.230417	146.433613
-101.279712	60.880743	146.289659
-101.428446	60.508854	146.136028
-101.585938	60.114735	145.972666
-101.752180	59.698372	145.799514
-101.829438	59.504715	145.718717
-101.915437	59.288791	145.628039
-102.010173	59.050591	145.527449
-102.113642	58.790106	145.416912
-102.225840	58.507327	145.296387
-102.346762	58.202244	145.165833
-102.476402	57.874845	145.025204
-102.614755	57.525118	144.874449
-102.761815	57.153052	144.713517
-102.917575	56.758633	144.542350
-103.082026	56.341848	144.360888
-103.158005	56.149127	144.276710
-103.242663	55.934020	144.182143
-103.335999	55.696519	144.077154
-103.438006	55.436617	143.961706
-103.548679	55.154305	143.835759
-103.668014	54.849575	143.699268
-103.796004	54.522416	143.552187
-103.932641	54.172818	143.394463
-104.077920	53.800772	143.226042
-104.231832	53.406265	143.046866
-104.394368	52.989285	142.856870
-104.469026	52.797588	142.769245
-104.552294	52.583401	142.670703
-104.644170	52.346719	142.561212
-104.744646	52.087535	142.440733
-104.853717	51.805842	142.309225
-104.971377	51.501632	142.166642
-105.097618	51.174897	142.012934
-105.232434	50.825629	141.848049
-105.375815	50.453819	141.671930
-105.527753	50.059457	141.484516
-105.688239	49.642534	141.285742
-105.761532	49.451956	141.194592
-105.843357	49.238804	141.091982
-105.933708	49.003071	140.977877
-106.032580	48.744752	140.852237
-106.139966	48.463843	140.715020
-106.255859	48.160336	140.566178
-106.380251	47.834225	140.405661
-106.513133	47.485504	140.233414
-106.654496	47.114165	140.049378
-106.804330	46.720201	139.853490
-106.962624	46.303604	139.645683
-107.034506	46.114251	139.550930
-107.114832	45.902255	139.444154
-107.203594	45.667612	139.325320
-107.300787	45.410318	139.194386
-107.406404	45.130369	139.051310
-107.520435	44.827761	138.896041
-107.642873	44.502489	138.728529
-107.773707	44.154547	138.548716
-107.912928	43.783932	138.356541
-108.060524	43.390636	138.151941
-108.216484	42.974657	137.934844
-108.286909	42.786640	137.836408
-108.365678	42.575931	137.725369
-108.452786	42.342528	137.601691
-108.548224	42.086429	137.465331
-108.651984	41.807631	137.316245
-108.764058	41.506131	137.154382
-108.884436	41.181927	136.979689
-109.013108	40.835014	136.792107
-109.150062	40.465391	136.591573
-109.295285	40.073055	136.378021
-109.448765	39.658002	136.151379
-109.517686	39.471440	136.049181
-109.594842	39.262158	135.933784
-109.680228	39.030156	135.805149
-109.773834	38.775433	135.663232
-109.875652	38.497988	135.507988
-109.985672	38.197820	135.339365
-110.103884	37.874927	135.157308
-110.230277	37.529310	134.961755
-110.364836	37.160967	134.752644
-110.507551	36.769898	134.529904
-110.658405	36.356103	134.293462
-110.725774	36.171122	134.187428
-110.801261	35.963416	134.067578
-110.884857	35.732986	133.933875
-110.976554	35.479832	133.786273
-111.076343	35.203955	133.624726
-111.184213	34.905356	133.449179
-111.300151	34.584036	133.259576
-111.424147	34.239996	133.055856
-111.556185	33.873239	132.837951
-111.696253	33.483766	132.605791
-111.762137	33.300376	132.496121
-111.836026	33.094275	132.372085
-111.917914	32.865466	132.233642
-112.007788	32.613949	132.080748
-112.105641	32.339727	131.913353
-112.211460	32.042803	131.731402
-112.325233	31.723181	131.534838
-112.446947	31.380862	131.323598
-112.576587	31.015853	131.097612
-112.714137	30.628157	130.856809
-112.778548	30.446419	130.743572
-112.850845	30.242003	130.615404
-112.931019	30.014912	130.472263
-113.019060	29.765149	130.314103
-113.114958	29.492718	130.140875
-113.218700	29.197625	129.952524
-113.330273	28.879873	129.748988
-113.449663	28.539469	129.530204
-113.576854	28.176419	129.296102
-113.711830	27.790731	129.046608
-113.774754	27.610737	128.929806
-113.845436	27.408117	128.797495
-113.923868	27.182875	128.649633
-114.010038	26.935017	128.486173
-114.103935	26.664548	128.307065
-114.205547	26.371475	128.112251
-114.314859	26.055806	127.901670
-114.431856	25.717548	127.675257
-114.556522	25.356710	127.432939
-114.688839	24.973302	127.174641
-114.750250	24.795161	127.054250
-114.819284	24.594466	126.917759
-114.895932	24.371224	126.765126
-114.980182	24.125443	126.596304
-115.072022	23.857129	126.411240
-115.171438	23.566292	126.209876
-115.278415	23.252941	125.992149
-115.392938	22.917086	125.757993
-115.514989	22.558739	125.507335
-115.644549	22.177914	125.240096
-115.704417	22.001745	125.116079
-115.771764	21.803118	124.975360
-115.846581	21.582042	124.817896
-115.928855	21.338524	124.643638
-116.018574	21.072575	124.452532
-116.115723	20.784205	124.244520
-116.220287	20.473427	124.019539
-116.332248	20.140254	123.777518
-116.451588	19.784700	123.518384
-116.578288	19.406781	123.242058
-116.636578	19.232713	123.114375
-116.702197	19.036307	122.969377
-116.775133	18.817572	122.807017
-116.855374	18.576518	122.627247
-116.942906	18.313157	122.430012
-117.037714	18.027503	122.215253
-117.139781	17.719569	121.982904
-117.249090	17.389373	121.732895
-117.365621	17.036931	121.465150
-117.489353	16.662262	121.179588
-117.546032	16.490434	121.048201
-117.609880	16.296411	120.898871
-117.680884	16.080203	120.731553
-117.759032	15.841824	120.546196
-117.844310	15.581289	120.342746
-117.936701	15.298611	120.121141
-118.036188	14.993809	119.881314
-118.142753	14.666902	119.623195
-118.256374	14.317910	119.346705
-118.377031	13.946857	119.051763
-118.432063	13.777412	118.916634
-118.494095	13.585942	118.762924
-118.563117	13.372459	118.590587
-118.639112	13.136979	118.399572
-118.722068	12.879517	118.189822
-118.811965	12.600093	117.961276
-118.908788	12.298725	117.713866
-119.012515	11.975437	117.447520
-119.123125	11.630253	117.162158
-119.240595	11.263197	116.857696
-119.293946	11.096288	116.718789
-119.354120	10.907551	116.560653
-119.421106	10.697000	116.383239
-119.494889	10.464653	116.186498
-119.575454	10.210529	115.970370
-119.662781	9.934648	115.734794
-119.756853	9.637035	115.479700
-119.857648	9.317716	115.205017
-119.965137	8.976740	114.910684
-120.079289	8.614158	114.596633
-120.130923	8.449943	114.453919
-120.189173	8.264202	114.291385
-120.254023	8.056962	114.108994
-120.325453	7.828256	113.906706
-120.403443	7.578120	113.684476
-120.487969	7.306591	113.442254
-120.579008	7.013713	113.179988
-120.676531	6.699532	112.897618
-120.780510	6.364099	112.595083
-120.890914	6.007466	112.272316
-120.940802	5.846104	112.125778
-120.997067	5.663628	111.958904
-121.059691	5.460067	111.771659
-121.128655	5.235456	111.564001
-121.203938	4.989832	111.335885
-121.285517	4.723235	111.087262
-121.373367	4.435712	110.818079
-121.467460	4.127310	110.528277
-121.567766	3.798083	110.217794
-121.674255	3.448089	109.886563
-121.722367	3.289746	109.736188
-121.776612	3.110725	109.564960
-121.836972	2.911057	109.372846
-121.903429	2.690777	109.159802
-121.975960	2.449926	108.925784
-122.054543	2.188546	108.670744
-122.139150	1.906686	108.394626
-122.229755	1.604397	108.097373
-122.326328	1.281735	107.778923
-122.428835	0.938760	107.439209
-122.475142	0.783610	107.284987
-122.527334	0.608242	107.109398
-122.585393	0.412690	106.912404
-122.649301	0.196990	106.693965
-122.719035	-0.038815	106.454036
-122.794572	-0.294680	106.192568
-122.875884	-0.570554	105.909506
-122.962944	-0.866383	105.604793
-123.055661	-1.182158	105.278398
-123.153841	-1.517956	104.930340
-123.198032	-1.669969	104.772419
-123.247448	-1.842064	104.592831
-123.301912	-2.034340	104.391628
-123.361261	-2.246878	104.168847
-123.425281	-2.479736	103.924594
-123.493737	-2.732888	103.659062
-123.566389	-3.006301	103.372441
-123.642944	-3.299948	103.064976
-123.723080	-3.613797	102.736949
-123.806497	-3.947816	102.388604
-123.843788	-4.100596	102.229645
-123.884621	-4.273461	102.049876
-123.928728	-4.466401	101.849558
-123.975854	-4.679399	101.628932
-124.025719	-4.912440	101.388260
-124.078048	-5.165506	101.127796
-124.132569	-5.438578	100.847785
-124.188995	-5.731636	100.548483
-124.247023	-6.044660	100.230162
-124.306321	-6.377632	99.893125
-124.333024	-6.534044	99.735574
-124.361593	-6.710286	99.558404
-124.391739	-6.906358	99.361912
-124.423186	-7.122253	99.146375
-124.455624	-7.357970	98.912107
-124.488739	-7.613503	98.659425
-124.522217	-7.888848	98.388636
-124.555719	-8.184002	98.100081
-124.588899	-8.498961	97.794097
-124.621431	-8.833721	97.470999
-124.653000	-9.188275	97.131082
-124.666081	-9.349934	96.977149
-124.679240	-9.531195	96.804913
-124.692188	-9.732066	96.614682
-124.704603	-9.952561	96.406803
-124.716170	-10.192691	96.181613
-124.726552	-10.452470	95.939467
-124.735409	-10.731912	95.680724
-124.742378	-11.031033	95.405767
-124.747107	-11.349849	95.114960
-124.749256	-11.688375	94.808649
-124.748507	-12.046622	94.487147
-124.746740	-12.213665	94.338508
-124.743272	-12.400168	94.172970
-124.737779	-12.606161	93.990898
-124.729945	-12.831672	93.792645
-124.719454	-13.076729	93.578555
-124.705967	-13.341364	93.349003
-124.689141	-13.625609	93.104360
-124.668627	-13.929499	92.845003
-124.644087	-14.253068	92.571291
-124.615191	-14.596346	92.283566
-124.581578	-14.959375	91.982210
-124.542896	-15.342194	91.667587
-124.523966	-15.515035	91.526990
-124.501360	-15.707301	91.371131
-124.474782	-15.919036	91.200348
-124.443913	-16.150288	91.015006
-124.408443	-16.401106	90.815452
-124.368065	-16.671534	90.602022
-124.322465	-16.961623	90.375059
-124.271357	-17.271414	90.134866
-124.214446	-17.600953	89.881750
-124.151420	-17.950291	89.616038
-124.081961	-18.319482	89.338060
-124.005774	-18.708575	89.048106
-123.969654	-18.886172	88.917131
-123.928012	-19.083282	88.772420
-123.880577	-19.299963	88.614284
-123.827106	-19.536263	88.442987
-123.767357	-19.792231	88.258789
-123.701080	-20.067917	88.061954
-123.628029	-20.363371	87.852738
-123.547953	-20.678646	87.631394
-123.460602	-21.013792	87.398173
-123.365746	-21.368856	87.153290
-123.263169	-21.743881	86.896939
-123.152636	-22.138917	86.629332
-123.100977	-22.319545	86.508069
-123.042141	-22.519871	86.374354
-122.975972	-22.739931	86.228339
-122.902318	-22.979760	86.070170
-122.821057	-23.239379	85.899944
-122.732121	-23.518791	85.717681
-122.635445	-23.817995	85.523390
-122.530969	-24.136988	85.317071
-122.418635	-24.475764	85.098712
-122.298393	-24.834312	84.868288
-122.170193	-25.212620	84.625767
-122.033993	-25.610672	84.371102
-121.971523	-25.791610	84.255521
-121.901428	-25.992086	84.127138
-121.822653	-26.212511	83.987296
-121.735147	-26.452889	83.835996
-121.638867	-26.713217	83.673231
-121.533750	-26.993502	83.499012
-121.419726	-27.293749	83.313350
-121.296719	-27.613967	83.116262
-121.164675	-27.954153	82.907727
-121.023528	-28.314307	82.687736
-120.873213	-28.694429	82.456274
-120.713651	-29.094522	82.213332
-120.640933	-29.275387	82.103787
-120.558581	-29.476352	81.983103
-120.466613	-29.697394	81.851197
-120.365050	-29.938483	81.707980
-120.253887	-30.199603	81.553388
-120.133099	-30.480743	81.387378
-120.002676	-30.781884	81.209881
-119.862606	-31.103005	81.020825
-119.712870	-31.444087	80.820141
-119.553423	-31.805122	80.607787
-119.384205	-32.186108	80.383736
-119.205146	-32.587046	80.147965
-119.124438	-32.766801	80.042257
-119.033038	-32.966896	79.925742
-118.931037	-33.187269	79.798246
-118.818487	-33.427872	79.659633
-118.695445	-33.688654	79.509762
-118.561961	-33.969565	79.348488
-118.418076	-34.270559	79.175678
-118.263785	-34.591608	78.991244
-118.099078	-34.932690	78.795104
-117.923927	-35.293785	78.587188
-117.738273	-35.674893	78.367461
-117.651047	-35.853203	78.264520
-117.552269	-36.052066	78.150900
-117.442046	-36.271404	78.026408
-117.320498	-36.511128	77.890827
-117.187729	-36.771157	77.743951
-117.043844	-37.051405	77.585572
-116.888888	-37.351817	77.415545
-116.722894	-37.672345	77.233738
-116.545881	-38.012944	77.040026
-116.357856	-38.373575	76.834295
-116.158796	-38.754213	76.616461
-116.066206	-38.930731	76.515127
-115.961358	-39.127946	76.402991
-115.844436	-39.345725	76.279764
-115.715599	-39.583948	76.145185
-115.574989	-39.842505	75.999009
-115.422700	-40.121307	75.841039
-115.258805	-40.420280	75.671096
-115.083351	-40.739361	75.489033
-114.896365	-41.078497	75.294713
-114.697877	-41.437628	75.087991
-114.487894	-41.816710	74.868747
-114.391132	-41.991008	74.767469
-114.281543	-42.186058	74.655038
-114.159352	-42.401693	74.531127
-114.024740	-42.637770	74.395456
-113.877834	-42.894179	74.247800
-113.718746	-43.170814	74.087942
-113.547570	-43.467580	73.915684
-113.364351	-43.784410	73.730877
-113.169117	-44.121247	73.533385
-112.961890	-44.478031	73.323072
-112.742672	-44.854648	73.099858
-112.642477	-45.026374	72.997530
-112.528888	-45.218586	72.883839
-112.402115	-45.430932	72.758600
-112.262319	-45.663102	72.621667
-112.109630	-45.914821	72.472919
-111.944176	-46.185807	72.312231
-111.766032	-46.475807	72.139539
-111.575266	-46.784558	71.954789
-111.371926	-47.111797	71.757951
-111.156029	-47.457302	71.549016
-110.927576	-47.820867	71.327977
-110.821462	-47.988804	71.225326
-110.701339	-48.176016	71.111800
-110.567399	-48.382138	70.987269
-110.419803	-48.606828	70.851629
-110.258716	-48.849749	70.704760
-110.084241	-49.110596	70.546611
-109.896455	-49.389075	70.377161
-109.695429	-49.684885	70.196397
-109.481213	-49.997729	70.004330
-109.253825	-50.327333	69.801006
-109.013278	-50.673410	69.586476
-108.759541	-51.035745	69.360807
-108.644748	-51.198443	69.259062
-108.515051	-51.379369	69.147205
-108.370653	-51.578103	69.025149
-108.211725	-51.794253	68.892833
-108.038420	-52.027450	68.750201
-107.850850	-52.277352	68.597242
-107.649108	-52.543621	68.433958
-107.433281	-52.825922	68.260363
-107.203459	-53.123902	68.076470
-106.959699	-53.437240	67.882322
-106.701979	-53.765718	67.677996
-106.430269	-54.109131	67.463573
-106.305032	-54.266099	67.365203
-106.164194	-54.440232	67.257278
-106.008032	-54.631014	67.139703
-105.836788	-54.837960	67.012405
-105.650654	-55.060628	66.875351
-105.449807	-55.298592	66.728519
-105.234391	-55.551454	66.571908
-105.004518	-55.818840	66.405550
-104.760214	-56.100469	66.229526
-104.501514	-56.396048	66.043916
-104.228452	-56.705272	65.848806
-103.941015	-57.027880	65.644315
-103.639213	-57.363593	65.430540
-103.503441	-57.513268	65.334814
-103.351551	-57.678813	65.229953
-103.183849	-57.859666	65.115891
-103.000650	-58.055255	64.992555
-102.802233	-58.265044	64.859892
-102.588822	-58.488559	64.717881
-102.360592	-58.725370	64.566537
-102.117706	-58.975053	64.405887
-101.860248	-59.237261	64.236010
-101.588272	-59.511680	64.057001
-101.301813	-59.798015	63.868966
-101.000900	-60.095978	63.672013
-100.685560	-60.405277	63.466252
-100.540212	-60.546483	63.371729
-100.378633	-60.702058	63.268182
-100.201108	-60.871459	63.155603
-100.007934	-61.054131	63.033974
-99.799389	-61.249532	62.903297
-99.575739	-61.457120	62.763585
-99.337224	-61.676385	62.614870
-99.084033	-61.906857	62.457212
-98.816363	-62.148070	62.290670
-98.534385	-62.399582	62.115307
-98.238279	-62.660946	61.931185
-97.928178	-62.931765	61.738389
-97.604112	-63.211752	61.537058
-97.266112	-63.500609	61.327335
-97.111733	-63.631093	61.231726
-96.941308	-63.774036	61.127185
-96.755172	-63.928844	61.013722
-96.553592	-64.094997	60.891390
-96.336836	-64.271968	60.760232
-96.105181	-64.459229	60.620289
-95.858906	-64.656243	60.471604
-95.598259	-64.862508	60.314232
-95.323413	-65.077598	60.148267
-95.034548	-65.301087	59.973794
-94.731852	-65.532538	59.790898
-94.415428	-65.771601	59.599702
-94.085379	-66.017926	59.400334
-93.741727	-66.271304	59.192892
-93.384522	-66.531652	58.977290
-93.221630	-66.649090	58.878931
-93.042911	-66.777421	58.771415
-92.848728	-66.916003	58.654833
-92.639382	-67.064325	58.529215
-92.415164	-67.221876	58.394610
-92.176378	-67.388125	58.251072
-91.923293	-67.562611	58.098626
-91.656191	-67.744843	57.937314
-91.375327	-67.934365	57.767184
-91.080966	-68.130691	57.588297
-90.773364	-68.333360	57.400710
-90.452754	-68.541949	57.204470
-90.119318	-68.756119	56.999607
-89.773141	-68.975700	56.786101
-89.414287	-69.200544	56.563938
-89.042824	-69.430488	56.333119
-88.874428	-69.533510	56.228099
-88.690820	-69.645762	56.113289
-88.492394	-69.766581	55.988817
-88.279554	-69.895294	55.854817
-88.052668	-70.031279	55.711414
-87.812104	-70.173928	55.558717
-87.558203	-70.322688	55.396814
-87.291232	-70.477142	55.225735
-87.011474	-70.636853	55.045514
-86.719188	-70.801430	54.856171
-86.414590	-70.970526	54.657733
-86.097856	-71.143870	54.450193
-85.769125	-71.321243	54.233539
-85.428557	-71.502354	54.007820
-85.076343	-71.686868	53.773093
-84.712685	-71.874430	53.529428
-84.337803	-72.064662	53.276905
-84.166702	-72.150090	53.161032
-83.981568	-72.242460	53.034827
-83.782854	-72.341057	52.898486
-83.571003	-72.445183	52.752197
-83.346466	-72.554128	52.596162
-83.109638	-72.667253	52.430568
-82.860898	-72.783955	52.255589
-82.600615	-72.903630	52.071417
-82.329167	-73.025692	51.878213
-82.046874	-73.149639	51.676114
-81.754023	-73.275036	51.465222
-81.450891	-73.401470	51.245624
-81.137729	-73.528574	51.017391
-80.814758	-73.656008	50.780605
-80.482200	-73.783438	50.535341
-80.140238	-73.910573	50.281675
-79.789068	-74.037099	50.019706
-79.428880	-74.162674	49.749580
-79.059880	-74.286930	49.471466
-78.682273	-74.409495	49.185543
-78.296228	-74.530064	48.891956
-78.123352	-74.581927	48.759955
-77.938739	-74.636562	48.618217
-77.742810	-74.693390	48.466906
-77.536000	-74.751859	48.306135
-77.318682	-74.811467	48.136029
-77.091206	-74.871740	47.956720
-76.853853	-74.932265	47.768357
-76.606909	-74.992626	47.571086
-76.350664	-75.052410	47.365050
-76.085399	-75.111212	47.150391
-75.811401	-75.168626	46.927255
-75.528961	-75.224245	46.695781
-75.238342	-75.277688	46.456117
-74.939789	-75.328597	46.208414
-74.633559	-75.376615	45.952797
-74.319886	-75.421411	45.689400
-73.998944	-75.462709	45.418357
-73.670931	-75.500227	45.139789
-73.336049	-75.533679	44.853814
-72.994424	-75.562845	44.560569
-72.646192	-75.587496	44.260190
-72.291504	-75.607396	43.952812
-71.930520	-75.622301	43.638567
-71.563382	-75.631984	43.317591
-71.190247	-75.636209	42.990019
-71.022488	-75.635579	42.842180
-70.845512	-75.634222	42.684701
-70.659697	-75.631669	42.517757
-70.465417	-75.627454	42.341519
-70.263043	-75.621117	42.156159
-70.052934	-75.612211	41.961850
-69.835424	-75.600313	41.758764
-69.610832	-75.585020	41.547074
-69.379407	-75.565984	41.326963
-69.141385	-75.542877	41.098609
-68.897002	-75.515371	40.862194
-68.646470	-75.483161	40.617897
-68.414812	-75.472734	40.381927
-68.202159	-75.484110	40.153918
-68.008699	-75.517296	39.933390
-67.832577	-75.569892	39.718945
-67.670665	-75.638069	39.508804
-67.520440	-75.718729	39.301574
-67.379901	-75.809335	39.096170
-67.247471	-75.907800	38.891749
-67.121883	-76.012422	38.687670
-67.002148	-76.121793	38.483444
-66.887495	-76.234739	38.278708
-66.777304	-76.350303	38.073195
-66.671073	-76.467702	37.866724
-66.568392	-76.586294	37.659179
-66.468948	-76.705535	37.450497
-66.372496	-76.824971	37.240645
-66.278836	-76.944227	37.029625
-66.187818	-77.062982	36.817457
-66.099342	-77.180952	36.604181
-66.013349	-77.297878	36.389852
-65.929807	-77.413528	36.174536
-65.848711	-77.527691	35.958314
-65.770073	-77.640172	35.741272
-65.693897	-77.750812	35.523500
-65.620201	-77.859462	35.305093
-65.548989	-77.966005	35.086151
-65.480276	-78.070326	34.866778
-65.414086	-78.172320	34.647076
-65.350426	-78.271898	34.427157
-65.289296	-78.368994	34.207131
-65.230700	-78.463539	33.987104
-65.174650	-78.555471	33.767181
-65.121143	-78.644747	33.547459
-65.070183	-78.731321	33.328033
-65.021760	-78.815167	33.108992
-64.975873	-78.896253	32.890428
-64.932520	-78.974553	32.672423
-64.891707	-79.050039	32.455060
-64.853440	-79.122682	32.238417
-64.817718	-79.192466	32.022568
-64.784528	-79.259388	31.807579
-64.753857	-79.323446	31.593513
-64.725690	-79.384643	31.380429
-64.700013	-79.442982	31.168385
-64.676816	-79.498464	30.957435
-64.656086	-79.551095	30.747630
-64.637812	-79.600881	30.539019
-64.621981	-79.647828	30.331650
-64.608578	-79.691945	30.125571
-64.597586	-79.733242	29.920830
-64.588986	-79.771734	29.717472
-64.582753	-79.807438	29.515543
-64.578860	-79.840374	29.315086
-64.577274	-79.870567	29.116145
-64.577956	-79.898047	28.918763
-64.580866	-79.922848	28.722977
-64.585959	-79.945006	28.528820
-64.593182	-79.964568	28.336323
-64.602478	-79.981582	28.145516
-64.613786	-79.996099	27.956427
-64.627040	-80.008175	27.769088
-64.642172	-80.017868	27.583527
-64.659106	-80.025241	27.399772
-64.677775	-80.030353	27.217840
-64.698109	-80.033269	27.037745
-64.720033	-80.034054	26.859502
-64.743468	-80.032778	26.683129
-64.768333	-80.029513	26.508639
-64.794542	-80.024333	26.336049
-64.822003	-80.017316	26.165375
-64.850624	-80.008545	25.996634
-64.880305	-79.998101	25.829842
-64.910966	-79.986060	25.665006
-64.942521	-79.972498	25.502134
-64.974881	-79.957495	25.341234
-65.007951	-79.941133	25.182314
-65.041635	-79.923497	25.025386
-65.075832	-79.904676	24.870459
-65.110439	-79.884759	24.717545
-65.145349	-79.863838	24.566655
-65.180455	-79.842012	24.417788
-65.215648	-79.819382	24.270938
-65.250816	-79.796048	24.126098
-65.285847	-79.772115	23.983262
-65.320659	-79.747662	23.842419
-65.355169	-79.722771	23.703554
-65.389292	-79.697524	23.566656
-65.422944	-79.672004	23.431713
-65.456040	-79.646293	23.298712
-65.488497	-79.620471	23.167644
-65.520232	-79.594621	23.038497
-65.551163	-79.568820	22.911261
-65.581212	-79.543146	22.785926
-65.610302	-79.517675	22.662481
-65.638360	-79.492480	22.540916
-65.665314	-79.467631	22.421221
-65.691097	-79.443197	22.303383
-65.715647	-79.419241	22.187391
-65.738904	-79.395825	22.073233
-65.760813	-79.373007	21.960897
-65.781323	-79.350843	21.850368
-65.800388	-79.329382	21.741634
-65.817965	-79.308672	21.634679
-65.834018	-79.288757	21.529488
-65.848515	-79.269675	21.426046
-65.861428	-79.251462	21.324334
-65.872734	-79.234150	21.224335
-65.882417	-79.217764	21.126031
-65.890476	-79.202319	21.029399
-65.896915	-79.187824	20.934418
-65.901740	-79.174286	20.841064
-65.904959	-79.161713	20.749315
-65.906582	-79.150107	20.659147
-65.906619	-79.139472	20.570537
-65.905086	-79.129808	20.483461
-65.901997	-79.121112	20.397896
-65.897370	-79.113382	20.313818
-65.891225	-79.106612	20.231203
-65.883584	-79.100794	20.150025
-65.874472	-79.095918	20.070262
-65.863915	-79.091972	19.991887
-65.851941	-79.088944	19.914876
-65.838581	-79.086816	19.839205
-65.823867	-79.085571	19.764847
-65.807834	-79.085190	19.691777
-65.790516	-79.085653	19.619971
-65.771951	-79.086938	19.549402
-65.752178	-79.089020	19.480046
-65.731236	-79.091875	19.411876
-65.709165	-79.095478	19.344868
-65.686008	-79.099801	19.278997
-65.661805	-79.104818	19.214237
-65.636601	-79.110500	19.150563
-65.610438	-79.116818	19.087952
-65.583360	-79.123743	19.026377
-65.555411	-79.131246	18.965816
-65.526633	-79.139296	18.906243
-65.497072	-79.147865	18.847637
-65.466771	-79.156921	18.789972
-65.435773	-79.166435	18.733227
-65.404120	-79.176378	18.677378
-65.371854	-79.186720	18.622403
-65.339017	-79.197433	18.568282
-65.305650	-79.208490	18.514991
-65.271790	-79.219861	18.462511
-65.237477	-79.231522	18.410820
-65.202748	-79.243446	18.359899
-65.167640	-79.255607	18.309728
-65.132186	-79.267982	18.260288
-65.096423	-79.280547	18.211561
-65.060381	-79.293279	18.163527
-65.024095	-79.306154	18.116170
-64.987595	-79.319153	18.069472
-64.950912	-79.332254	18.023417
-64.914074	-79.345436	17.977987
-64.877110	-79.358680	17.933167
-64.840047	-79.371968	17.888942
-64.802911	-79.385282	17.845296
-64.765728	-79.398604	17.802215
-64.728521	-79.411919	17.759685
-64.691313	-79.425210	17.717691
-64.654126	-79.438463	17.676221
-64.616981	-79.451665	17.635262
-64.579897	-79.464802	17.594801
-64.542892	-79.477862	17.554826
-64.505985	-79.490833	17.515326
-64.469191	-79.503706	17.476290
-64.432525	-79.516469	17.437705
-64.396003	-79.529115	17.399559
-64.359638	-79.541635	17.361840
-64.323441	-79.554023	17.324535
-64.287423	-79.566272	17.287635
-64.251596	-79.578377	17.251128
-64.215967	-79.590331	17.215004
-64.180546	-79.602131	17.179253
-64.145341	-79.613773	17.143867
-64.110358	-79.625251	17.108838
-64.075605	-79.636564	17.074156
-64.041087	-79.647708	17.039814
-64.006810	-79.658680	17.005805
-63.972777	-79.669480	16.972122
-63.938993	-79.680105	16.938758
-63.905460	-79.690554	16.905707
-63.872181	-79.700827	16.872963
-63.839158	-79.710924	16.840520
-63.806394	-79.720843	16.808373
-63.773889	-79.730586	16.776517
-63.741645	-79.740152	16.744947
-63.709662	-79.749543	16.713660
-63.677940	-79.758758	16.682650
-63.646479	-79.767799	16.651915
-63.615279	-79.776667	16.621449
-63.584338	-79.785363	16.591251
-63.553657	-79.793889	16.561317
-63.523234	-79.802247	16.531643
-63.493067	-79.810439	16.502226
-63.463154	-79.818466	16.473064
-63.433494	-79.826330	16.444155
-63.404085	-79.834034	16.415494
-63.374923	-79.841581	16.387081
-63.346007	-79.848972	16.358912
-63.317335	-79.856210	16.330985
-63.288902	-79.863299	16.303298
-63.260707	-79.870240	16.275848
-63.232747	-79.877036	16.248634
-63.205018	-79.883690	16.221654
-63.177518	-79.890205	16.194904
-63.150242	-79.896584	16.168384
-63.123189	-79.902830	16.142092
-63.096354	-79.908945	16.116025
-63.069735	-79.914933	16.090183
-63.043327	-79.920796	16.064562
-63.017128	-79.926538	16.039162
-62.991134	-79.932161	16.013981
-62.965342	-79.937668	15.989017
-62.939748	-79.943062	15.964269
-62.914350	-79.948346	15.939735
-62.889142	-79.953523	15.915413
-62.864123	-79.958595	15.891303
-62.839289	-79.963566	15.867403
-62.814636	-79.968438	15.843710
-62.790162	-79.973214	15.820225
-62.765863	-79.977896	15.796945
-62.741735	-79.982488	15.773869
-62.717777	-79.986991	15.750995
-62.693984	-79.991409	15.728322
-62.670354	-79.995743	15.705848
-62.646883	-79.999996	15.683573
-62.623569	-80.004171	15.661494
-62.600409	-80.008270	15.639610
-62.577400	-80.012295	15.617920
-62.554539	-80.016249	15.596421
-62.531824	-80.020134	15.575112
-62.509252	-80.023952	15.553991
-62.486820	-80.027705	15.533054
-62.464526	-80.031396	15.512301
-62.442367	-80.035027	15.491728
-62.420341	-80.038600	15.471335
-62.398446	-80.042116	15.451119
-62.376679	-80.045578	15.431078
-62.355038	-80.048988	15.411210
-62.333522	-80.052347	15.391514
-62.312127	-80.055657	15.371987
-62.290852	-80.058920	15.352628
-62.269695	-80.062137	15.333436
-62.248653	-80.065310	15.314408
-62.227726	-80.068441	15.295543
-62.206911	-80.071530	15.276839
-62.186207	-80.074581	15.258294
-62.165611	-80.077593	15.239908
-62.145122	-80.080568	15.221677
-62.124739	-80.083507	15.203602
-62.104461	-80.086412	15.185680
-62.084284	-80.089284	15.167910
-62.064209	-80.092124	15.150290
-62.044233	-80.094933	15.132819
-62.024356	-80.097712	15.115495
-62.004576	-80.100462	15.098317
-61.984891	-80.103185	15.081284
-61.965301	-80.105880	15.064395
-61.945805	-80.108549	15.047647
-61.926400	-80.111193	15.031039
-61.907087	-80.113813	15.014571
-61.887864	-80.116409	14.998241
-61.868729	-80.118983	14.982048
-61.849683	-80.121534	14.965990
-61.830724	-80.124065	14.950066
-61.811850	-80.126574	14.934274
-61.793062	-80.129064	14.918615
-61.774358	-80.131535	14.903085
-61.755738	-80.133987	14.887685
-61.737199	-80.136421	14.872413
-61.718743	-80.138837	14.857267
-61.700368	-80.141237	14.842247
-61.682072	-80.143621	14.827351
-61.663856	-80.145988	14.812578
-61.645719	-80.148340	14.797928
-61.627660	-80.150678	14.783398
-61.609678	-80.153001	14.768989
-61.591772	-80.155310	14.754698
-61.573943	-80.157605	14.740525
-61.556189	-80.159887	14.726469
-61.538509	-80.162157	14.712528
-61.520904	-80.164414	14.698702
-61.503372	-80.166660	14.684990
-61.485913	-80.168894	14.671390
-61.468527	-80.171116	14.657902
-61.451212	-80.173328	14.644524
-61.433969	-80.175529	14.631255
-61.416796	-80.177720	14.618095
-61.399694	-80.179901	14.605043
-61.382662	-80.182072	14.592097
-61.365699	-80.184234	14.579257
-61.348806	-80.186385	14.566521
-61.331981	-80.188528	14.553889
-61.315226	-80.190661	14.541360
-61.298539	-80.192786	14.528932
-61.281920	-80.194901	14.516605
-61.265368	-80.197008	14.504378
-61.248885	-80.199105	14.492250
-61.232469	-80.201194	14.480220
-61.216120	-80.203275	14.468287
-61.199838	-80.205347	14.456451
-61.183623	-80.207411	14.444709
-61.167474	-80.209466	14.433062
-61.151391	-80.211513	14.421508
-61.135374	-80.213552	14.410047
-61.119423	-80.215583	14.398678
-61.103538	-80.217605	14.387400
-61.087718	-80.219620	14.376212
-61.071962	-80.221628	14.365113
-61.056272	-80.223627	14.354102
-61.040645	-80.225619	14.343179
-61.025083	-80.227604	14.332343
-61.009585	-80.229581	14.321592
-60.994150	-80.231552	14.310923
-60.978778	-80.233516	14.300335
-60.963469	-80.235475	14.289823
-60.948223	-80.237428	14.279387
-60.933038	-80.239377	14.269024
-60.917916	-80.241320	14.258732
-60.902855	-80.243260	14.248509
-60.887855	-80.245195	14.238353
-60.872916	-80.247127	14.228263
-60.858037	-80.249056	14.218237
-60.843217	-80.250982	14.208273
-60.828457	-80.252906	14.198370
-60.813756	-80.254828	14.188527
-60.799112	-80.256748	14.178742
-60.784527	-80.258667	14.169015
-60.769999	-80.260584	14.159343
-60.755527	-80.262502	14.149727
-60.741112	-80.264418	14.140165
-60.726754	-80.266335	14.130656
-60.712450	-80.268251	14.121199
-60.698202	-80.270168	14.111793
-60.684009	-80.272085	14.102439
-60.669869	-80.274002	14.093134
-60.655784	-80.275921	14.083879
-60.641752	-80.277840	14.074674
-60.627773	-80.279761	14.065518
-60.613848	-80.281682	14.056412
-60.599974	-80.283605	14.047355
-60.586153	-80.285528	14.038346
-60.572383	-80.287453	14.029388
-60.558665	-80.289378	14.020478
-60.544998	-80.291304	14.011619
-60.531382	-80.293232	14.002809
-60.517817	-80.295159	13.994050
-60.504303	-80.297087	13.985342
-60.490840	-80.299015	13.976684
-60.477428	-80.300943	13.968078
-60.464067	-80.302870	13.959524
-60.450757	-80.304796	13.951021
-60.437498	-80.306721	13.942571
-60.424290	-80.308645	13.934172
-60.411133	-80.310568	13.925826
-60.398028	-80.312488	13.917532
-60.384973	-80.314406	13.909290
-60.371969	-80.316322	13.901101
-60.359017	-80.318236	13.892963
-60.346116	-80.320147	13.884877
-60.333265	-80.322055	13.876842
-60.320466	-80.323960	13.868859
-60.307719	-80.325862	13.860927
-60.295022	-80.327761	13.853045
-60.282376	-80.329656	13.845215
-60.269781	-80.331548	13.837434
-60.257237	-80.333436	13.829704
-60.244744	-80.335321	13.822023
-60.232301	-80.337201	13.814391
-60.219909	-80.339079	13.806808
-60.207568	-80.340952	13.799275
-60.195276	-80.342822	13.791790
-60.183034	-80.344688	13.784353
-60.170841	-80.346550	13.776965
-60.158696	-80.348410	13.769626
-60.146600	-80.350266	13.762334
-60.134551	-80.352120	13.755091
-60.122549	-80.353971	13.747896
-60.110593	-80.355820	13.740750
-60.098683	-80.357668	13.733651
-60.086817	-80.359514	13.726601
-60.074994	-80.361360	13.719600
-60.063214	-80.363205	13.712648
-60.051477	-80.365050	13.705744
-60.039781	-80.366895	13.698889
-60.028126	-80.368740	13.692083
-60.016511	-80.370586	13.685327
-60.004935	-80.372433	13.678620
-59.993399	-80.374281	13.671963
-59.981901	-80.376130	13.665355
-59.970441	-80.377981	13.658796
-59.959020	-80.379833	13.652288
-59.947635	-80.381686	13.645830
-59.936288	-80.383541	13.639421
-59.924979	-80.385397	13.633063
-59.913705	-80.387255	13.626754
-59.902469	-80.389114	13.620495
-59.891269	-80.390975	13.614285
-59.880105	-80.392837	13.608124
-59.868977	-80.394701	13.602012
-59.857885	-80.396566	13.595949
-59.846830	-80.398432	13.589933
-59.835809	-80.400300	13.583966
-59.824825	-80.402169	13.578046
-59.813876	-80.404039	13.572173
-59.802963	-80.405910	13.566348
-59.792085	-80.407782	13.560569
-59.781242	-80.409656	13.554837
-59.770435	-80.411530	13.549153
-59.759662	-80.413405	13.543515
-59.748923	-80.415282	13.537924
-59.738218	-80.417160	13.532380
-59.727547	-80.419040	13.526882
-59.716908	-80.420921	13.521431
-59.706302	-80.422805	13.516027
-59.695727	-80.424692	13.510669
-59.685183	-80.426581	13.505356
-59.674668	-80.428474	13.500088
-59.664184	-80.430371	13.494864
-59.653728	-80.432273	13.489683
-59.643300	-80.434179	13.484545
-59.632899	-80.436091	13.479449
-59.622526	-80.438009	13.474394
-59.612178	-80.439933	13.469380
-59.601856	-80.441863	13.464405
-59.591559	-80.443801	13.459469
-59.581286	-80.445747	13.454570
-59.571036	-80.447700	13.449709
-59.560810	-80.449662	13.444884
-59.550605	-80.451633	13.440095
-59.540422	-80.453614	13.435340
-59.530260	-80.455605	13.430619
-59.520118	-80.457606	13.425932
-59.509995	-80.459618	13.421277
-59.499891	-80.461642	13.416653
-59.489805	-80.463678	13.412061
-59.479735	-80.465727	13.407499
-59.469682	-80.467788	13.402968
-59.459644	-80.469864	13.398466
-59.449622	-80.471953	13.393994
-59.439613	-80.474056	13.389550
-59.429619	-80.476174	13.385134
-59.419638	-80.478307	13.380746
-59.409670	-80.480455	13.376385
-59.399715	-80.482618	13.372050
-59.389772	-80.484796	13.367742
-59.379842	-80.486990	13.363460
-59.369924	-80.489199	13.359203
-59.360017	-80.491423	13.354973
-59.350123	-80.493663	13.350768
-59.340239	-80.495918	13.346589
-59.330367	-80.498189	13.342436
-59.320505	-80.500476	13.338308
-59.310655	-80.502777	13.334207
-59.300815	-80.505094	13.330131
-59.290986	-80.507427	13.326081
-59.281168	-80.509774	13.322057
-59.271360	-80.512136	13.318058
-59.261564	-80.514513	13.314085
-59.251778	-80.516905	13.310137
-59.242003	-80.519311	13.306215
-59.232239	-80.521731	13.302317
-59.222485	-80.524166	13.298445
-59.212742	-80.526616	13.294598
-59.203010	-80.529079	13.290776
-59.193288	-80.531557	13.286978
-59.183578	-80.534048	13.283205
-59.173877	-80.536553	13.279457
-59.164188	-80.539071	13.275733
-59.154510	-80.541603	13.272033
-59.144844	-80.544148	13.268357
-59.135189	-80.546705	13.264705
-59.125545	-80.549275	13.261076
-59.115913	-80.551858	13.257471
-59.106293	-80.554452	13.253890
-59.096686	-80.557058	13.250332
-59.087091	-80.559676	13.246798
-59.077508	-80.562305	13.243287
-59.067938	-80.564945	13.239801
-59.058381	-80.567596	13.236337
-59.048837	-80.570257	13.232898
-59.039306	-80.572929	13.229481
-59.029787	-80.575612	13.226089
-59.020282	-80.578304	13.222719
-59.010789	-80.581007	13.219372
-59.001309	-80.583720	13.216047
-58.991842	-80.586444	13.212746
-58.982388	-80.589177	13.209466
-58.972948	-80.591920	13.206209
-58.963520	-80.594672	13.202974
-58.954105	-80.597434	13.199760
-58.944703	-80.600206	13.196569
-58.935315	-80.602987	13.193399
-58.925939	-80.605777	13.190252
-58.916576	-80.608577	13.187125
-58.907225	-80.611386	13.184020
-58.897888	-80.614204	13.180936
-58.888563	-80.617031	13.177874
