-27.914845	279.491396	-17.515186
-27.921394	279.362513	-17.490332
-27.929741	279.223246	-17.467638
-27.939907	279.073591	-17.447127
-27.951913	278.913545	-17.428819
-27.965781	278.743103	-17.412740
-27.981536	278.562262	-17.398915
-27.999204	278.371016	-17.387369
-28.018811	278.169362	-17.378132
-28.040385	277.957293	-17.371233
-28.063956	277.734804	-17.366702
-28.089554	277.501890	-17.364572
-28.117213	277.258545	-17.364876
-28.146967	277.004762	-17.367649
-28.178849	276.740535	-17.372928
-28.212896	276.465855	-17.380750
-28.249148	276.180718	-17.391155
-28.287642	275.885114	-17.404181
-28.328419	275.579035	-17.419872
-28.371521	275.262474	-17.438271
-28.416991	274.935421	-17.459421
-28.464875	274.597868	-17.483368
-28.515218	274.249805	-17.510161
-28.568067	273.891223	-17.539846
-28.623471	273.522111	-17.572474
-28.681480	273.142459	-17.608096
-28.742145	272.752257	-17.646764
-28.805519	272.351492	-17.688533
-28.871657	271.940153	-17.733456
-28.940613	271.518228	-17.781591
-29.012444	271.085705	-17.832996
-29.087207	270.642570	-17.887728
-29.164963	270.188810	-17.945849
-29.245772	269.724412	-18.007420
-29.329695	269.249361	-18.072503
-29.416796	268.763642	-18.141164
-29.456429	268.545873	-18.172883
-29.499333	268.317415	-18.208273
-29.545539	268.078259	-18.247366
-29.595077	267.828398	-18.290192
-29.647980	267.567824	-18.336786
-29.704282	267.296529	-18.387181
-29.764020	267.014502	-18.441413
-29.827229	266.721736	-18.499519
-29.893947	266.418219	-18.561538
-29.964215	266.103942	-18.627508
-30.038071	265.778894	-18.697472
-30.115558	265.443064	-18.771470
-30.196720	265.096439	-18.849546
-30.281600	264.739008	-18.931744
-30.370244	264.370757	-19.018111
-30.462699	263.991675	-19.108693
-30.559014	263.601745	-19.203539
-30.659237	263.200956	-19.302698
-30.763419	262.789290	-19.406221
-30.871612	262.366734	-19.514160
-30.983870	261.933271	-19.626567
-31.100246	261.488884	-19.743498
-31.220796	261.033556	-19.865007
-31.345577	260.567269	-19.991151
-31.402009	260.358600	-20.048356
-31.462756	260.138944	-20.110280
-31.527844	259.908295	-20.176950
-31.597303	259.666641	-20.248394
-31.671162	259.413973	-20.324641
-31.749452	259.150281	-20.405723
-31.832205	258.875554	-20.491671
-31.919453	258.589779	-20.582518
-32.011233	258.292946	-20.678298
-32.107579	257.985040	-20.779048
-32.208528	257.666049	-20.884803
-32.314119	257.335959	-20.995601
-32.424392	256.994754	-21.111482
-32.539386	256.642421	-21.232484
-32.659143	256.278942	-21.358651
-32.783707	255.904302	-21.490024
-32.913122	255.518482	-21.626646
-33.047433	255.121466	-21.768562
-33.186686	254.713235	-21.915818
-33.330930	254.293768	-22.068462
-33.480212	253.863047	-22.226540
-33.634583	253.421050	-22.390101
-33.704599	253.222081	-22.464324
-33.779777	253.011805	-22.544104
-33.860143	252.790210	-22.629463
-33.945721	252.557287	-22.720427
-34.036537	252.313024	-22.817022
-34.132620	252.057407	-22.919274
-34.233998	251.790424	-23.027212
-34.340701	251.512061	-23.140865
-34.452761	251.222304	-23.260264
-34.570209	250.921136	-23.385440
-34.693080	250.608543	-23.516425
-34.821407	250.284507	-23.653253
-34.955227	249.949011	-23.795959
-35.094576	249.602037	-23.944579
-35.239492	249.243565	-24.099149
-35.390015	248.873576	-24.259708
-35.546185	248.492049	-24.426294
-35.708042	248.098962	-24.598947
-35.875630	247.694294	-24.777708
-36.048992	247.278020	-24.962620
-36.128848	247.087314	-25.047790
-36.214543	246.884967	-25.139173
-36.306098	246.670967	-25.236790
-36.403536	246.445303	-25.340661
-36.506880	246.207960	-25.450810
-36.616155	245.958923	-25.567260
-36.731388	245.698179	-25.690036
-36.852605	245.425711	-25.819165
-36.979834	245.141503	-25.954673
-37.113106	244.845536	-26.096588
-37.252449	244.537793	-26.244939
-37.397896	244.218253	-26.399757
-37.549479	243.886898	-26.561071
-37.707232	243.543705	-26.728914
-37.871189	243.188654	-26.903319
-38.041386	242.821719	-27.084319
-38.217860	242.442879	-27.271950
-38.400648	242.052108	-27.466247
-38.589790	241.649380	-27.667246
-38.676651	241.465155	-27.759529
-38.769923	241.268933	-27.858569
-38.869626	241.060702	-27.964385
-38.975779	240.840447	-28.076994
-39.088404	240.608154	-28.196418
-39.207523	240.363806	-28.322676
-39.333160	240.107386	-28.455792
-39.465339	239.838877	-28.595788
-39.604086	239.558260	-28.742689
-39.749428	239.265514	-28.896517
-39.901392	238.960620	-29.057301
-40.060006	238.643555	-29.225065
-40.225302	238.314297	-29.399838
-40.397308	237.972821	-29.581648
-40.576058	237.619104	-29.770525
-40.761583	237.253119	-29.966498
-40.953917	236.874839	-30.169599
-41.153095	236.484235	-30.379858
-41.244859	236.304787	-30.476696
-41.343518	236.112972	-30.580741
-41.449090	235.908778	-30.692008
-41.561593	235.692187	-30.810514
-41.681047	235.463184	-30.936277
-41.807472	235.221751	-31.069315
-41.940889	234.967870	-31.209648
-42.081320	234.701520	-31.357295
-42.228790	234.422681	-31.512280
-42.383321	234.131332	-31.674622
-42.544941	233.827449	-31.844345
-42.713674	233.511008	-32.021472
-42.889548	233.181984	-32.206029
-43.072592	232.840351	-32.398040
-43.262834	232.486080	-32.597532
-43.460304	232.119145	-32.804530
-43.665034	231.739514	-33.019063
-43.877055	231.347156	-33.241159
-43.972335	231.171180	-33.340931
-44.074953	230.982431	-33.448307
-44.184925	230.780893	-33.563302
-44.302267	230.566548	-33.685929
-44.426998	230.339379	-33.816205
-44.559135	230.099367	-33.954145
-44.698698	229.846491	-34.099766
-44.845708	229.580730	-34.253086
-45.000186	229.302062	-34.414124
-45.162153	229.010461	-34.582899
-45.331634	228.705904	-34.759431
-45.508652	228.388363	-34.943740
-45.693232	228.057811	-35.135849
-45.885400	227.714220	-35.335779
-46.085184	227.357559	-35.543552
-46.292609	226.987796	-35.759194
-46.507705	226.604899	-35.982727
-46.605393	226.431238	-36.084210
-46.710795	226.244392	-36.193620
-46.823924	226.044346	-36.310969
-46.944795	225.831081	-36.436270
-47.073424	225.604577	-36.569536
-47.209829	225.364814	-36.710782
-47.354026	225.111771	-36.860022
-47.506035	224.845424	-37.017271
-47.665875	224.565748	-37.182546
-47.833567	224.272718	-37.355863
-48.009132	223.966307	-37.537241
-48.192591	223.646486	-37.726696
-48.383969	223.313225	-37.924249
-48.583288	222.966494	-38.129917
-48.790573	222.606258	-38.343722
-49.005850	222.232485	-38.565682
-49.105144	222.060241	-38.668019
-49.212468	221.874408	-38.778542
-49.327834	221.674967	-38.897263
-49.451257	221.461899	-39.024191
-49.582751	221.235184	-39.159339
-49.722331	220.994799	-39.302718
-49.870014	220.740723	-39.454341
-50.025817	220.472929	-39.614222
-50.189759	220.191392	-39.782375
-50.361857	219.896084	-39.958814
-50.542131	219.586977	-40.143554
-50.730603	219.264039	-40.336612
-50.927292	218.927239	-40.538002
-51.132221	218.576544	-40.747742
-51.345414	218.211918	-40.965849
-51.566892	217.833325	-41.192341
-51.667254	217.661854	-41.294933
-51.775938	217.476361	-41.405935
-51.892954	217.276827	-41.525356
-52.018316	217.063231	-41.653206
-52.152037	216.835553	-41.789493
-52.294130	216.593768	-41.934228
-52.444611	216.337853	-42.087422
-52.603496	216.067780	-42.249086
-52.770801	215.783523	-42.419233
-52.946544	215.485052	-42.597873
-53.130742	215.172336	-42.785021
-53.323414	214.845343	-42.980689
-53.524579	214.504039	-43.184891
-53.734259	214.148388	-43.397641
-53.952474	213.778354	-43.618952
-54.053469	213.607130	-43.721336
-54.163031	213.421466	-43.832303
-54.281169	213.221341	-43.951860
-54.407896	213.006735	-44.080016
-54.543223	212.777624	-44.216777
-54.687164	212.533985	-44.362153
-54.839733	212.275792	-44.516153
-55.000943	212.003016	-44.678786
-55.170810	211.715629	-44.850062
-55.349350	211.413600	-45.029991
-55.536580	211.096897	-45.218583
-55.732516	210.765485	-45.415850
-55.937177	210.419329	-45.621803
-56.150582	210.058390	-45.836452
-56.372749	209.682631	-46.059810
-56.474069	209.511261	-46.161625
-56.584181	209.325009	-46.272167
-56.703094	209.123857	-46.391439
-56.830818	208.907780	-46.519450
-56.967365	208.676757	-46.656204
-57.112747	208.430761	-46.801709
-57.266975	208.169766	-46.955972
-57.430065	207.893741	-47.119000
-57.602028	207.602658	-47.290802
-57.782881	207.296483	-47.471385
-57.972637	206.975182	-47.660757
-58.171314	206.638721	-47.858927
-58.378927	206.287059	-48.065904
-58.595493	205.920160	-48.281696
-58.821030	205.537980	-48.506312
-58.922423	205.366128	-48.607239
-59.032813	205.178934	-48.717004
-59.152209	204.976375	-48.835610
-59.280621	204.758431	-48.963062
-59.418058	204.525075	-49.099364
-59.564531	204.276281	-49.244523
-59.720052	204.012021	-49.398543
-59.884633	203.732265	-49.561429
-60.058286	203.436981	-49.733187
-60.241025	203.126135	-49.913824
-60.432863	202.799691	-50.103344
-60.633816	202.457611	-50.301755
-60.843897	202.099858	-50.509061
-61.063122	201.726388	-50.725270
-61.164385	201.553809	-50.825083
-61.274815	201.365452	-50.933808
-61.394420	201.161293	-51.051446
-61.523210	200.941310	-51.178001
-61.661193	200.705476	-51.313476
-61.808379	200.453764	-51.457875
-61.964778	200.186144	-51.611201
-62.130401	199.902586	-51.773458
-62.305261	199.603056	-51.944649
-62.489368	199.287519	-52.124779
-62.682736	198.955938	-52.313851
-62.885378	198.608273	-52.511868
-63.097306	198.244485	-52.718835
-63.318536	197.864529	-52.934754
-63.419507	197.691021	-53.033242
-63.529800	197.501280	-53.140688
-63.649422	197.295284	-53.257093
-63.778382	197.073008	-53.382459
-63.916686	196.834426	-53.516788
-64.064345	196.579509	-53.660082
-64.221368	196.308228	-53.812341
-64.387763	196.020548	-53.973569
-64.563542	195.716437	-54.143766
-64.748716	195.395857	-54.322934
-64.943296	195.058771	-54.511075
-65.147293	194.705137	-54.708190
-65.360720	194.334913	-54.914280
-65.583590	193.948055	-55.129346
-65.684124	193.773431	-55.226297
-65.794119	193.582105	-55.332224
-65.913582	193.374053	-55.447128
-66.042520	193.149251	-55.571010
-66.180939	192.907670	-55.703869
-66.328781	192.649304	-55.845712
-66.485941	192.374155	-55.996549
-66.652295	192.082235	-56.156391
-66.827735	191.773544	-56.325251
-67.012165	191.448079	-56.503137
-67.205483	191.105839	-56.690059
-67.407581	190.746819	-56.886030
-67.618360	190.371013	-57.091058
-67.837713	189.978414	-57.305153
-67.935877	189.802013	-57.401314
-68.042754	189.608712	-57.506528
-68.158207	189.398535	-57.620811
-68.282088	189.171507	-57.744176
-68.414241	188.927654	-57.876639
-68.554501	188.667006	-58.018217
-68.702709	188.389587	-58.168925
-68.858713	188.095417	-58.328781
-69.022356	187.784519	-58.497799
-69.193483	187.456909	-58.675995
-69.371945	187.112605	-58.863386
-69.557611	186.751614	-59.059985
-69.750338	186.373947	-59.265807
-69.949989	185.979609	-59.480866
-70.040197	185.800013	-59.578884
-70.137971	185.603467	-59.686068
-70.243131	185.390012	-59.802438
-70.355494	185.159690	-59.928012
-70.474872	184.912540	-60.062812
-70.601075	184.648602	-60.206857
-70.733907	184.367916	-60.360169
-70.873174	184.070521	-60.522770
-71.018679	183.756453	-60.694681
-71.170231	183.425749	-60.875923
-71.305123	183.086309	-61.069131
-71.423437	182.738093	-61.274314
-71.525241	182.381062	-61.491485
-71.610595	182.015179	-61.720657
-71.679544	181.640406	-61.961845
-71.732113	181.256713	-62.215068
-71.768308	180.864074	-62.480346
-71.788113	180.462466	-62.757703
-71.789613	180.279713	-62.886541
-71.774818	180.087915	-63.027478
-71.743566	179.887112	-63.180543
-71.695676	179.677348	-63.345769
-71.630962	179.458669	-63.523190
-71.549215	179.231125	-63.712844
-71.450362	178.994714	-63.914752
-71.334378	178.749417	-64.128929
-71.201237	178.495211	-64.355390
-71.050912	178.232071	-64.594150
-70.883377	177.959969	-64.845226
-70.698602	177.678877	-65.108633
-70.496558	177.388761	-65.384389
-70.277215	177.089589	-65.672510
-70.040540	176.781323	-65.973013
-69.929764	176.642961	-66.109338
-69.801609	176.495643	-66.257552
-69.656060	176.339467	-66.417343
-69.493100	176.174505	-66.588474
-69.312711	176.000832	-66.770695
-69.114875	175.818525	-66.963740
-68.899572	175.627669	-67.167331
-68.666780	175.428347	-67.381182
-68.416478	175.220640	-67.605014
-68.148643	175.004646	-67.838501
-67.863251	174.780479	-68.081276
-67.560277	174.548263	-68.332943
-67.239695	174.308139	-68.593058
-66.901478	174.060248	-68.861181
-66.747761	173.949869	-68.980293
-66.576370	173.831299	-69.108365
-66.387290	173.704655	-69.245050
-66.180508	173.570053	-69.390015
-65.956007	173.427612	-69.542910
-65.713772	173.277458	-69.703368
-65.453784	173.119725	-69.870997
-65.176025	172.954564	-70.045363
-64.880475	172.782132	-70.226021
-64.567114	172.602583	-70.412523
-64.235921	172.416077	-70.604415
-63.886872	172.222762	-70.801267
-63.519946	172.022776	-71.002671
-63.135116	171.816251	-71.208241
-62.955495	171.721285	-71.301611
-62.757935	171.618955	-71.401023
-62.542422	171.509399	-71.506105
-62.308944	171.392757	-71.616480
-62.057484	171.269171	-71.731761
-61.788027	171.138782	-71.851561
-61.500558	171.001733	-71.975487
-61.195057	170.858175	-72.103127
-60.871506	170.708249	-72.234092
-60.529886	170.552103	-72.367975
-60.170176	170.389862	-72.504420
-59.792354	170.221651	-72.643072
-59.396399	170.047594	-72.783574
-58.982287	169.867800	-72.925605
-58.549993	169.682369	-73.068864
-58.352583	169.598518	-73.132097
-58.137722	169.507728	-73.198864
-57.905864	169.409993	-73.268765
-57.657529	169.305289	-73.341402
-57.393283	169.193572	-73.416377
-57.113736	169.074778	-73.493317
-56.819555	168.948821	-73.571843
-56.511410	168.815616	-73.651590
-56.190043	168.675055	-73.732184
-55.856245	168.527005	-73.813279
-55.510867	168.371319	-73.894524
-55.154838	168.207821	-73.975576
-54.789106	168.036333	-74.056096
-54.414681	167.856659	-74.135743
-54.032649	167.668578	-74.214195
-53.644100	167.471872	-74.291119
-53.250126	167.266333	-74.366176
-52.851770	167.051761	-74.439051
-52.450076	166.827963	-74.509428
-52.046109	166.594736	-74.577005
-51.640927	166.351872	-74.641506
-51.235497	166.099177	-74.702701
-50.830760	165.836464	-74.760370
-50.427615	165.563557	-74.814305
-50.039620	165.277079	-74.862857
-49.666205	164.977248	-74.906003
-49.306804	164.664266	-74.943739
-48.960866	164.338324	-74.976075
-48.627845	163.999613	-75.003000
-48.307210	163.648310	-75.024525
-47.998439	163.284595	-75.040643
-47.701020	162.908639	-75.051345
-47.414460	162.520601	-75.056644
-47.138273	162.120629	-75.056558
-46.871985	161.708871	-75.051093
-46.615137	161.285469	-75.040263
-46.504478	161.091298	-75.033038
-46.399444	160.884948	-75.023993
-46.299699	160.666583	-75.012986
-46.204919	160.436362	-74.999876
-46.114785	160.194440	-74.984532
-46.028996	159.940960	-74.966832
-45.947259	159.676058	-74.946662
-45.869293	159.399868	-74.923910
-45.794828	159.112512	-74.898477
-45.723621	158.814104	-74.870268
-45.655421	158.504760	-74.839188
-45.589990	158.184594	-74.805136
-45.527097	157.853721	-74.768006
-45.466514	157.512244	-74.727714
-45.408026	157.160269	-74.684167
-45.351424	156.797893	-74.637280
-45.296515	156.425215	-74.586960
-45.243103	156.042338	-74.533105
-45.191003	155.649358	-74.475624
-45.140034	155.246358	-74.414448
-45.090023	154.833404	-74.349539
-45.040821	154.410561	-74.280850
-44.992268	153.977895	-74.208334
-44.944210	153.535473	-74.131945
-44.896517	153.083354	-74.051632
-44.849045	152.621598	-73.967357
-44.801655	152.150261	-73.879084
-44.754213	151.669405	-73.786764
-44.732999	151.450990	-73.743813
-44.713233	151.221458	-73.699180
-44.694722	150.980927	-73.652735
-44.677279	150.729520	-73.604335
-44.660736	150.467348	-73.553852
-44.644915	150.194510	-73.501181
-44.629650	149.911103	-73.446225
-44.614783	149.617215	-73.388891
-44.600163	149.312937	-73.329083
-44.585646	148.998353	-73.266710
-44.571091	148.673548	-73.201682
-44.556375	148.338605	-73.133900
-44.541366	147.993615	-73.063253
-44.525939	147.638661	-72.989645
-44.509977	147.273831	-72.912968
-44.493364	146.899202	-72.833128
-44.475988	146.514854	-72.750032
-44.457744	146.120851	-72.663609
-44.438527	145.717264	-72.573777
-44.418241	145.304152	-72.480473
-44.396792	144.881564	-72.383651
-44.374088	144.449551	-72.283265
-44.350047	144.008155	-72.179277
-44.324582	143.557416	-72.071655
-44.297614	143.097373	-71.960370
-44.269060	142.628072	-71.845377
-44.238847	142.149566	-71.726615
-44.224668	141.933142	-71.672213
-44.211060	141.705793	-71.616066
-44.197850	141.467627	-71.558065
-44.184871	141.218745	-71.498106
-44.171979	140.959240	-71.436088
-44.159024	140.689212	-71.371906
-44.145861	140.408754	-71.305460
-44.132352	140.117955	-71.236652
-44.118366	139.816904	-71.165389
-44.103770	139.505683	-71.091583
-44.088439	139.184373	-71.015149
-44.072256	138.853051	-70.936006
-44.055107	138.511793	-70.854068
-44.036882	138.160686	-70.769233
-44.017476	137.799796	-70.681432
-43.996788	137.429200	-70.590573
-43.974721	137.048964	-70.496583
-43.951184	136.659141	-70.399415
-43.926086	136.259788	-70.299008
-43.899344	135.850958	-70.195312
-43.870873	135.432700	-70.088277
-43.840597	135.005064	-69.977855
-43.808438	134.568094	-69.864004
-43.774325	134.121834	-69.746682
-43.738188	133.666323	-69.625855
-43.699961	133.201602	-69.501483
-43.659581	132.727700	-69.373548
-43.640626	132.512724	-69.315014
-43.621756	132.286806	-69.254870
-43.602808	132.050053	-69.193010
-43.583626	131.802569	-69.129329
-43.564062	131.544455	-69.063723
-43.543971	131.275816	-68.996077
-43.523216	130.996753	-68.926283
-43.501662	130.707359	-68.854240
-43.479181	130.407726	-68.779856
-43.455662	130.097935	-68.703039
-43.430987	129.778069	-68.623701
-43.405042	129.448207	-68.541761
-43.377718	129.108424	-68.457145
-43.348913	128.758795	-68.369768
-43.318529	128.399388	-68.279562
-43.286478	128.030272	-68.186446
-43.252670	127.651524	-68.090331
-43.217021	127.263203	-67.991157
-43.179446	126.865373	-67.888851
-43.139868	126.458088	-67.783361
-43.098209	126.041397	-67.674639
-43.054397	125.615349	-67.562638
-43.008365	125.179992	-67.447307
-42.960044	124.735381	-67.328586
-42.909370	124.281564	-67.206421
-42.856290	123.818583	-67.080769
-42.800776	123.346464	-66.951595
-42.774979	123.132345	-66.892539
-42.748920	122.907218	-66.832011
-42.722490	122.671181	-66.769895
-42.695568	122.424342	-66.706066
-42.668043	122.166806	-66.640397
-42.639801	121.898673	-66.572771
-42.610749	121.620045	-66.503057
-42.580786	121.331016	-66.431141
-42.549802	121.031676	-66.356926
-42.517684	120.722109	-66.280323
-42.484318	120.402403	-66.201243
-42.449602	120.072637	-66.119601
-42.413435	119.732889	-66.035316
-42.375682	119.383248	-65.948305
-42.336227	119.023792	-65.858502
-42.294953	118.654603	-65.765825
-42.251753	118.275757	-65.670202
-42.206544	117.887309	-65.571584
-42.159227	117.489319	-65.469923
-42.109730	117.081840	-65.365164
-42.057978	116.664926	-65.257257
-42.003886	116.238630	-65.146154
-41.947384	115.802995	-65.031825
-41.888405	115.358057	-64.914240
-41.826892	114.903853	-64.793369
-41.762793	114.440423	-64.669171
-41.696049	113.967811	-64.541603
-41.665239	113.754096	-64.483494
-41.633796	113.529227	-64.424188
-41.601575	113.293326	-64.363559
-41.568425	113.046517	-64.301479
-41.534205	112.788916	-64.237829
-41.498771	112.520644	-64.172487
-41.461994	112.241817	-64.105323
-41.423748	111.952558	-64.036199
-41.383908	111.652989	-63.964977
-41.342344	111.343242	-63.891506
-41.298934	111.023442	-63.815640
-41.253552	110.693710	-63.737244
-41.206088	110.354159	-63.656188
-41.156435	110.004895	-63.572355
-41.104491	109.646019	-63.485631
-41.050170	109.277613	-63.395921
-40.993400	108.899753	-63.303140
-40.934128	108.512490	-63.207232
-40.872304	108.115867	-63.108147
-40.807868	107.709933	-63.005838
-40.740760	107.294735	-62.900259
-40.670927	106.870312	-62.791374
-40.598320	106.436701	-62.679148
-40.522885	105.993940	-62.563549
-40.444569	105.542071	-62.444532
-40.363332	105.081138	-62.322051
-40.279134	104.611184	-62.196050
-40.240426	104.398596	-62.138534
-40.200518	104.174911	-62.079844
-40.159286	103.940262	-62.019827
-40.116615	103.694789	-61.958323
-40.072397	103.438633	-61.895154
-40.026521	103.171953	-61.830126
-39.978876	102.894895	-61.763055
-39.929350	102.607606	-61.693768
-39.877832	102.310225	-61.622097
-39.824220	102.002885	-61.547881
-39.768410	101.685717	-61.470968
-39.710306	101.358836	-61.391222
-39.649825	101.022352	-61.308510
-39.586874	100.676374	-61.222709
-39.521365	100.321007	-61.133698
-39.453222	99.956350	-61.041360
-39.382380	99.582491	-60.945588
-39.308788	99.199492	-60.846310
-39.232400	98.807404	-60.743470
-39.153167	98.406283	-60.637004
-39.071052	97.996172	-60.526861
-38.986021	97.577115	-60.412991
-38.898042	97.149149	-60.295347
-38.807080	96.712322	-60.173877
-38.713108	96.266673	-60.048528
-38.616097	95.812247	-59.919246
-38.516016	95.349092	-59.785969
-38.470070	95.138977	-59.724807
-38.422555	94.918024	-59.662040
-38.373361	94.686393	-59.597478
-38.322374	94.444247	-59.530931
-38.269490	94.191734	-59.462224
-38.214602	93.929007	-59.391179
-38.157602	93.656211	-59.317628
-38.098390	93.373488	-59.241411
-38.036854	93.080975	-59.162375
-37.972889	92.778809	-59.080369
-37.906390	92.467121	-58.995249
-37.837260	92.146027	-58.906891
-37.765414	91.815636	-58.815175
-37.690773	91.476045	-58.719995
-37.613251	91.127355	-58.621247
-37.532764	90.769662	-58.518830
-37.449231	90.403068	-58.412637
-37.362577	90.027659	-58.302576
-37.272735	89.643521	-58.188557
-37.179640	89.250732	-58.070496
-37.083244	88.849355	-57.948327
-36.983493	88.439450	-57.821990
-36.880333	88.021083	-57.691413
-36.773714	87.594321	-57.556527
-36.663595	87.159231	-57.417252
-36.549930	86.715881	-57.273514
-36.432669	86.264342	-57.125235
-36.325261	85.836310	-56.992779
-36.227689	85.431782	-56.876158
-36.139935	85.050757	-56.775387
-36.061981	84.693234	-56.690479
-35.993802	84.359215	-56.621447
-35.935366	84.048704	-56.568302
-35.886629	83.761716	-56.531052
-35.847532	83.498269	-56.509703
-35.817996	83.258394	-56.504258
-35.797911	83.042136	-56.514718
-35.786282	82.847429	-56.539637
-35.781297	82.670126	-56.576166
-35.781499	82.506895	-56.622007
-35.785717	82.355055	-56.675316
-35.793007	82.212455	-56.734607
-35.802595	82.077372	-56.798681
-35.813855	81.948425	-56.866575
-35.826282	81.824502	-56.937513
-35.839466	81.704717	-57.010867
-35.853084	81.588348	-57.086141
-35.866882	81.474806	-57.162941
-35.880653	81.363625	-57.240947
-35.894228	81.254436	-57.319892
-35.907470	81.146944	-57.399562
-35.920290	81.040907	-57.479778
-35.932625	80.936133	-57.560386
-35.944421	80.832469	-57.641267
-35.955636	80.729787	-57.722328
-35.966236	80.627986	-57.803492
-35.976193	80.526982	-57.884704
-35.985492	80.426704	-57.965921
-35.994129	80.327088	-58.047110
-36.002097	80.228083	-58.128250
-36.009393	80.129646	-58.209323
-36.016011	80.031742	-58.290317
-36.021943	79.934349	-58.371222
-36.027178	79.837444	-58.452031
-36.031712	79.741007	-58.532745
-36.035537	79.645023	-58.613365
-36.038649	79.549474	-58.693897
-36.041041	79.454352	-58.774341
-36.042712	79.359645	-58.854700
-36.043660	79.265341	-58.934981
-36.043878	79.171428	-59.015199
-36.043362	79.077891	-59.095370
-36.042111	78.984722	-59.175501
-36.040123	78.891912	-59.255600
-36.037411	78.799441	-59.335682
-36.033988	78.707293	-59.415760
-36.029867	78.615458	-59.495838
-36.025059	78.523925	-59.575919
-36.019581	78.432693	-59.655997
-36.013449	78.341757	-59.736064
-36.006683	78.251108	-59.816120
-35.999306	78.160738	-59.896163
-35.991337	78.070636	-59.976194
-35.982796	77.980792	-60.056212
-35.973703	77.891194	-60.136221
-35.964073	77.801840	-60.216215
-35.953921	77.712724	-60.296193
-35.943262	77.623837	-60.376155
-35.932111	77.535169	-60.456106
-35.920481	77.446714	-60.536045
-35.908385	77.358465	-60.615972
-35.895838	77.270415	-60.695889
-35.882857	77.182555	-60.775794
-35.869460	77.094885	-60.855678
-35.855667	77.007400	-60.935533
-35.841496	76.920098	-61.015353
-35.826970	76.832969	-61.095136
-35.812111	76.746010	-61.174870
-35.796946	76.659215	-61.254549
-35.781499	76.572578	-61.334165
-35.765796	76.486092	-61.413712
-35.749863	76.399747	-61.493184
-35.733728	76.313538	-61.572575
-35.717416	76.227455	-61.651880
-35.700957	76.141489	-61.731092
-35.684380	76.055631	-61.810204
-35.667712	75.969875	-61.889210
-35.650982	75.884212	-61.968104
-35.634219	75.798631	-62.046881
-35.617449	75.713125	-62.125533
-35.600699	75.627689	-62.204054
-35.583992	75.542315	-62.282438
-35.567353	75.456997	-62.360678
-35.550802	75.371727	-62.438772
-35.534358	75.286500	-62.516717
-35.518040	75.201306	-62.594510
-35.501866	75.116140	-62.672151
-35.485852	75.030992	-62.749638
-35.470012	74.945856	-62.826974
-35.454356	74.860730	-62.904155
-35.438892	74.775612	-62.981178
-35.423627	74.690497	-63.058045
-35.408567	74.605380	-63.134756
-35.393723	74.520254	-63.211316
-35.379099	74.435113	-63.287729
-35.364701	74.349948	-63.364002
-35.350533	74.264753	-63.440138
-35.336597	74.179520	-63.516146
-35.322896	74.094243	-63.592033
-35.309429	74.008913	-63.667806
-35.296198	73.923523	-63.743473
-35.283201	73.838065	-63.819045
-35.270440	73.752531	-63.894529
-35.257914	73.666913	-63.969934
-35.245620	73.581205	-64.045267
-35.233557	73.495402	-64.120535
-35.221722	73.409499	-64.195745
-35.210110	73.323491	-64.270904
-35.198719	73.237374	-64.346015
-35.187544	73.151147	-64.421084
-35.176580	73.064806	-64.496115
-35.165822	72.978351	-64.571112
-35.155266	72.891782	-64.646076
-35.144906	72.805097	-64.721009
-35.134736	72.718297	-64.795913
-35.124751	72.631385	-64.870789
-35.114943	72.544367	-64.945630
-35.105307	72.457251	-65.020432
-35.095834	72.370044	-65.095189
-35.086520	72.282753	-65.169894
-35.077357	72.195387	-65.244542
-35.068341	72.107952	-65.319127
-35.059466	72.020457	-65.393642
-35.050727	71.932908	-65.468081
-35.042122	71.845314	-65.542435
-35.033644	71.757683	-65.616698
-35.025291	71.670024	-65.690861
-35.017057	71.582345	-65.764917
-35.008939	71.494657	-65.838858
-35.000931	71.406968	-65.912674
-34.993030	71.319287	-65.986359
-34.985230	71.231625	-66.059903
-34.977527	71.143990	-66.133299
-34.969916	71.056392	-66.206540
-34.962394	70.968840	-66.279616
-34.954954	70.881344	-66.352521
-34.947592	70.793912	-66.425247
-34.940304	70.706554	-66.497788
-34.933083	70.619278	-66.570137
-34.925924	70.532094	-66.642288
-34.918823	70.445010	-66.714234
-34.911772	70.358034	-66.785970
-34.904768	70.271174	-66.857491
-34.897802	70.184439	-66.928792
-34.890871	70.097834	-66.999869
-34.883968	70.011369	-67.070717
-34.877088	69.925048	-67.141334
-34.870224	69.838879	-67.211716
-34.863372	69.752868	-67.281860
-34.856526	69.667019	-67.351764
-34.849680	69.581340	-67.421426
-34.842830	69.495833	-67.490844
-34.835970	69.410504	-67.560017
-34.829095	69.325358	-67.628945
-34.822202	69.240396	-67.697625
-34.815285	69.155624	-67.766059
-34.808340	69.071043	-67.834245
-34.801364	68.986657	-67.902185
-34.794352	68.902467	-67.969879
-34.787300	68.818476	-68.037327
-34.780206	68.734686	-68.104531
-34.773066	68.651098	-68.171490
-34.765877	68.567714	-68.238206
-34.758637	68.484534	-68.304679
-34.751343	68.401560	-68.370912
-34.743994	68.318793	-68.436905
-34.736587	68.236232	-68.502660
-34.729120	68.153879	-68.568178
-34.721594	68.071733	-68.633460
-34.714005	67.989793	-68.698508
-34.706355	67.908061	-68.763324
-34.698641	67.826533	-68.827910
-34.690865	67.745211	-68.892267
-34.683025	67.664092	-68.956399
-34.675122	67.583174	-69.020307
-34.667157	67.502456	-69.083993
-34.659129	67.421937	-69.147460
-34.651040	67.341613	-69.210712
-34.642891	67.261482	-69.273749
-34.634682	67.181542	-69.336576
-34.626416	67.101789	-69.399194
-34.618094	67.022221	-69.461608
-34.609717	66.942835	-69.523819
-34.601287	66.863627	-69.585830
-34.592807	66.784594	-69.647646
-34.584278	66.705732	-69.709268
-34.575702	66.627037	-69.770700
-34.567083	66.548506	-69.831945
-34.558421	66.470135	-69.893006
-34.549721	66.391920	-69.953886
-34.540984	66.313857	-70.014588
-34.532212	66.235942	-70.075116
-34.523410	66.158170	-70.135472
-34.514579	66.080538	-70.195660
-34.505721	66.003041	-70.255682
-34.496840	65.925676	-70.315541
-34.487939	65.848439	-70.375240
-34.479020	65.771326	-70.434783
-34.470085	65.694332	-70.494171
-34.461138	65.617454	-70.553407
-34.452180	65.540688	-70.612494
-34.443215	65.464031	-70.671435
-34.434245	65.387478	-70.730233
-34.425273	65.311025	-70.788889
-34.416300	65.234670	-70.847406
-34.407329	65.158409	-70.905787
-34.398363	65.082238	-70.964034
-34.389402	65.006154	-71.022149
-34.380450	64.930154	-71.080135
-34.371509	64.854234	-71.137993
-34.362579	64.778393	-71.195725
-34.353664	64.702627	-71.253333
-34.344764	64.626933	-71.310819
-34.335880	64.551310	-71.368185
-34.327015	64.475754	-71.425432
-34.318169	64.400264	-71.482562
-34.309344	64.324838	-71.539575
-34.300539	64.249473	-71.596475
-34.291757	64.174169	-71.653261
-34.282997	64.098923	-71.709935
-34.274259	64.023735	-71.766498
-34.265545	63.948604	-71.822951
-34.256853	63.873527	-71.879295
-34.248184	63.798506	-71.935530
-34.239537	63.723539	-71.991657
-34.230912	63.648626	-72.047677
-34.222308	63.573766	-72.103591
-34.213725	63.498961	-72.159398
-34.205161	63.424209	-72.215100
-34.196615	63.349513	-72.270695
-34.188086	63.274871	-72.326186
-34.179571	63.200285	-72.381570
-34.171071	63.125757	-72.436849
-34.162581	63.051286	-72.492022
-34.154102	62.976875	-72.547090
-34.145630	62.902525	-72.602051
-34.137163	62.828238	-72.656906
-34.128700	62.754015	-72.711655
-34.120236	62.679858	-72.766296
-34.111771	62.605770	-72.820830
-34.103301	62.531752	-72.875256
-34.094823	62.457806	-72.929573
-34.086335	62.383936	-72.983781
-34.077834	62.310144	-73.037878
-34.069316	62.236431	-73.091865
-34.060779	62.162802	-73.145741
-34.052220	62.089259	-73.199504
-34.043636	62.015805	-73.253153
-34.035022	61.942443	-73.306688
-34.026378	61.869176	-73.360107
-34.017698	61.796007	-73.413410
-34.008981	61.722941	-73.466595
-34.000222	61.649979	-73.519661
-33.991419	61.577127	-73.572606
-33.982569	61.504386	-73.625430
-33.973668	61.431762	-73.678131
-33.964714	61.359256	-73.730707
-33.955703	61.286875	-73.783158
-33.946632	61.214620	-73.835482
-33.937498	61.142495	-73.887677
-33.928298	61.070506	-73.939742
-33.919030	60.998654	-73.991675
-33.909690	60.926945	-74.043475
-33.900275	60.855382	-74.095141
-33.890784	60.783968	-74.146671
-33.881211	60.712708	-74.198063
-33.871557	60.641605	-74.249315
-33.861816	60.570664	-74.300427
-33.851988	60.499888	-74.351397
-33.842068	60.429281	-74.402223
-33.832056	60.358847	-74.452904
-33.821948	60.288589	-74.503438
-33.811742	60.218512	-74.553823
-33.801435	60.148619	-74.604059
-33.791026	60.078913	-74.654143
-33.780512	60.009399	-74.704074
-33.769890	59.940080	-74.753851
-33.759160	59.870960	-74.803472
-33.748319	59.802042	-74.852936
-33.737365	59.733330	-74.902241
-33.726296	59.664827	-74.951386
-33.715110	59.596537	-75.000369
-33.703806	59.528463	-75.049190
-33.692383	59.460608	-75.097846
-33.680838	59.392977	-75.146337
-33.669170	59.325571	-75.194660
-33.657378	59.258394	-75.242816
-33.645461	59.191449	-75.290802
-33.633417	59.124740	-75.338617
-33.621246	59.058268	-75.386260
-33.608947	58.992037	-75.433730
-33.596518	58.926050	-75.481025
-33.583960	58.860310	-75.528146
-33.571271	58.794818	-75.575089
-33.558451	58.729578	-75.621855
-33.545499	58.664592	-75.668442
-33.532416	58.599862	-75.714849
-33.519201	58.535391	-75.761075
-33.505854	58.471180	-75.807120
-33.492376	58.407231	-75.852982
-33.478767	58.343547	-75.898660
-33.465027	58.280128	-75.944155
-33.451157	58.216975	-75.989464
-33.437158	58.154092	-76.034589
-33.423031	58.091477	-76.079527
-33.408776	58.029134	-76.124278
-33.394395	57.967062	-76.168842
-33.379889	57.905263	-76.213218
-33.365260	57.843737	-76.257406
-33.350508	57.782486	-76.301405
-33.335635	57.721509	-76.345214
-33.320644	57.660807	-76.388834
-33.305535	57.600382	-76.432264
-33.290310	57.540232	-76.475503
-33.274972	57.480358	-76.518552
-33.259523	57.420761	-76.561409
-33.243964	57.361441	-76.604075
-33.228297	57.302397	-76.646549
-33.212526	57.243631	-76.688831
-33.196652	57.185140	-76.730921
-33.180677	57.126926	-76.772818
-33.164605	57.068989	-76.814523
-33.148437	57.011327	-76.856034
-33.132176	56.953941	-76.897352
-33.115825	56.896830	-76.938477
-33.099387	56.839994	-76.979409
-33.082864	56.783433	-77.020147
-33.066259	56.727145	-77.060691
-33.049575	56.671130	-77.101041
-33.032815	56.615388	-77.141197
-33.015981	56.559917	-77.181159
-32.999077	56.504718	-77.220926
-32.982105	56.449789	-77.260500
-32.965068	56.395130	-77.299879
-32.947970	56.340739	-77.339064
-32.930814	56.286617	-77.378055
-32.913602	56.232761	-77.416852
-32.896337	56.179171	-77.455454
-32.879022	56.125846	-77.493862
-32.861661	56.072785	-77.532077
-32.844256	56.019987	-77.570097
-32.826810	55.967451	-77.607924
-32.809326	55.915176	-77.645557
-32.791807	55.863160	-77.682997
-32.774256	55.811403	-77.720243
-32.756675	55.759904	-77.757297
-32.739068	55.708661	-77.794157
-32.721437	55.657672	-77.830826
-32.703786	55.606938	-77.867302
-32.686115	55.556457	-77.903586
-32.668428	55.506227	-77.939679
-32.650728	55.456248	-77.975581
-32.633017	55.406519	-78.011291
-32.615297	55.357038	-78.046811
-32.597570	55.307805	-78.082141
-32.579839	55.258818	-78.117281
-32.562105	55.210077	-78.152232
-32.544371	55.161580	-78.186993
-32.526639	55.113326	-78.221566
-32.508910	55.065314	-78.255951
-32.491187	55.017544	-78.290149
-32.473471	54.970014	-78.324159
-32.455764	54.922723	-78.357984
-32.438068	54.875669	-78.391622
-32.420384	54.828853	-78.425076
-32.402714	54.782271	-78.458345
-32.385059	54.735924	-78.491431
-32.367421	54.689810	-78.524334
-32.349801	54.643928	-78.557055
-32.332200	54.598275	-78.589596
-32.314620	54.552852	-78.621955
-32.297062	54.507657	-78.654136
-32.279527	54.462688	-78.686138
-32.262015	54.417945	-78.717963
-32.244529	54.373425	-78.749612
-32.227068	54.329128	-78.781085
-32.209634	54.285052	-78.812383
-32.192228	54.241196	-78.843509
-32.174849	54.197559	-78.874462
-32.157499	54.154139	-78.905244
-32.140178	54.110936	-78.935855
-32.122887	54.067948	-78.966298
-32.105625	54.025173	-78.996572
-32.088393	53.982612	-79.026680
-32.071192	53.940262	-79.056622
-32.054021	53.898122	-79.086400
-32.036881	53.856191	-79.116014
-32.019772	53.814469	-79.145466
-32.002693	53.772954	-79.174756
-31.985644	53.731645	-79.203887
-31.968625	53.690541	-79.232858
-31.951637	53.649642	-79.261672
-31.934678	53.608945	-79.290329
-31.917748	53.568451	-79.318831
-31.900848	53.528158	-79.347179
-31.883975	53.488066	-79.375373
-31.867131	53.448173	-79.403415
-31.850315	53.408479	-79.431306
-31.833525	53.368982	-79.459048
-31.816761	53.329684	-79.486641
-31.800023	53.290581	-79.514086
-31.783310	53.251674	-79.541385
-31.766622	53.212962	-79.568538
-31.749957	53.174445	-79.595547
-31.733315	53.136121	-79.622412
-31.716695	53.097990	-79.649135
-31.700096	53.060052	-79.675718
-31.683518	53.022305	-79.702159
-31.666960	52.984750	-79.728462
-31.650421	52.947385	-79.754626
-31.633900	52.910210	-79.780653
-31.617396	52.873224	-79.806544
-31.600909	52.836428	-79.832300
-31.584438	52.799819	-79.857922
-31.567982	52.763399	-79.883410
-31.551539	52.727166	-79.908766
-31.535109	52.691119	-79.933991
-31.518692	52.655259	-79.959085
-31.502286	52.619584	-79.984050
-31.485891	52.584094	-80.008887
-31.469505	52.548789	-80.033596
-31.453129	52.513668	-80.058178
-31.436760	52.478731	-80.082635
-31.420399	52.443977	-80.106966
-31.404045	52.409405	-80.131174
-31.387697	52.375016	-80.155258
-31.371355	52.340807	-80.179220
-31.355018	52.306780	-80.203061
-31.338685	52.272933	-80.226780
-31.322355	52.239266	-80.250380
-31.306029	52.205779	-80.273860
-31.289706	52.172470	-80.297223
-31.273386	52.139339	-80.320467
-31.257067	52.106386	-80.343595
-31.240750	52.073610	-80.366607
-31.224434	52.041009	-80.389503
-31.208118	52.008585	-80.412285
-31.191804	51.976335	-80.434953
-31.175490	51.944259	-80.457509
-31.159176	51.912357	-80.479952
-31.142862	51.880627	-80.502283
-31.126548	51.849069	-80.524504
-31.110234	51.817683	-80.546614
-31.093921	51.786467	-80.568615
-31.077608	51.755421	-80.590507
-31.061295	51.724544	-80.612290
-31.044983	51.693835	-80.633966
-31.028671	51.663293	-80.655534
-31.012361	51.632918	-80.676996
-30.996052	51.602708	-80.698353
-30.979745	51.572664	-80.719603
-30.963441	51.542783	-80.740749
-30.947139	51.513066	-80.761791
-30.930840	51.483511	-80.782729
-30.914545	51.454117	-80.803563
-30.898254	51.424884	-80.824295
-30.881969	51.395811	-80.844924
-30.865689	51.366896	-80.865452
-30.849415	51.338139	-80.885878
-30.833149	51.309539	-80.906204
-30.816890	51.281095	-80.926429
-30.800641	51.252805	-80.946554
-30.784400	51.224670	-80.966580
-30.768170	51.196687	-80.986506
-30.751952	51.168857	-81.006334
-30.735746	51.141178	-81.026064
-30.719554	51.113649	-81.045695
-30.703376	51.086269	-81.065229
-30.687214	51.059037	-81.084665
-30.671068	51.031952	-81.104005
-30.654941	51.005013	-81.123248
-30.638832	50.978220	-81.142395
-30.622743	50.951571	-81.161445
-30.606675	50.925064	-81.180401
-30.590629	50.898700	-81.199261
-30.574606	50.872477	-81.218027
-30.558607	50.846394	-81.236698
-30.542634	50.820450	-81.255275
-30.526686	50.794643	-81.273759
-30.510767	50.768974	-81.292149
-30.494875	50.743441	-81.310446
-30.479014	50.718042	-81.328651
-30.463182	50.692777	-81.346764
-30.447383	50.667646	-81.364785
-30.431616	50.642646	-81.382714
-30.415884	50.617776	-81.400552
-30.400186	50.593037	-81.418299
-30.384524	50.568426	-81.435956
-30.368899	50.543944	-81.453522
-30.353312	50.519588	-81.470999
-30.337765	50.495357	-81.488386
-30.322257	50.471252	-81.505684
-30.306790	50.447271	-81.522894
-30.291365	50.423413	-81.540014
-30.275982	50.399676	-81.557047
-30.260644	50.376061	-81.573993
-30.245350	50.352566	-81.590850
-30.230101	50.329190	-81.607621
-30.214898	50.305932	-81.624306
-30.199742	50.282791	-81.640904
-30.184633	50.259767	-81.657417
-30.169572	50.236858	-81.673844
-30.154561	50.214064	-81.690187
-30.139598	50.191383	-81.706445
-30.124685	50.168815	-81.722619
-30.109822	50.146359	-81.738710
-30.095009	50.124013	-81.754719
-30.080248	50.101777	-81.770645
-30.065537	50.079650	-81.786489
-30.050878	50.057631	-81.802252
-30.036271	50.035720	-81.817934
-30.021715	50.013914	-81.833536
-30.007211	49.992215	-81.849059
-29.992759	49.970619	-81.864502
-29.978360	49.949128	-81.879867
-29.964013	49.927739	-81.895154
-29.949718	49.906453	-81.910364
-29.935476	49.885268	-81.925497
-29.921286	49.864183	-81.940554
-29.907148	49.843198	-81.955535
-29.893062	49.822313	-81.970440
-29.879029	49.801526	-81.985271
-29.865048	49.780836	-82.000028
-29.851119	49.760244	-82.014712
-29.837242	49.739747	-82.029322
-29.823417	49.719347	-82.043859
-29.809644	49.699042	-82.058324
-29.795923	49.678831	-82.072718
-29.782253	49.658714	-82.087040
-29.768635	49.638690	-82.101291
-29.755068	49.618759	-82.115472
-29.741552	49.598920	-82.129584
-29.728087	49.579173	-82.143625
-29.714673	49.559518	-82.157598
-29.701309	49.539952	-82.171503
-29.687996	49.520477	-82.185339
-29.674732	49.501092	-82.199107
-29.661519	49.481796	-82.212808
-29.648355	49.462589	-82.226443
-29.635240	49.443471	-82.240011
-29.622174	49.424440	-82.253513
-29.609156	49.405497	-82.266949
-29.596187	49.386641	-82.280320
-29.583266	49.367872	-82.293626
-29.570393	49.349189	-82.306868
-29.557567	49.330593	-82.320046
-29.544788	49.312082	-82.333160
-29.532056	49.293656	-82.346211
-29.519369	49.275316	-82.359199
-29.506729	49.257060	-82.372124
-29.494134	49.238889	-82.384988
-29.481585	49.220801	-82.397789
-29.469080	49.202798	-82.410529
-29.456620	49.184878	-82.423208
-29.444204	49.167041	-82.435827
-29.431831	49.149287	-82.448385
-29.419502	49.131615	-82.460882
-29.407215	49.114026	-82.473320
-29.394972	49.096519	-82.485699
-29.382770	49.079094	-82.498019
-29.370610	49.061751	-82.510280
-29.358492	49.044488	-82.522482
-29.346415	49.027307	-82.534627
-29.334379	49.010207	-82.546713
-29.322383	48.993187	-82.558742
-29.310427	48.976247	-82.570714
-29.298511	48.959388	-82.582629
-29.286634	48.942608	-82.594487
-29.274797	48.925908	-82.606289
-29.262998	48.909287	-82.618035
-29.251238	48.892746	-82.629726
-29.239515	48.876284	-82.641360
-29.227831	48.859900	-82.652940
-29.216183	48.843594	-82.664465
-29.204573	48.827367	-82.675935
-29.193000	48.811218	-82.687350
-29.181463	48.795147	-82.698712
-29.169962	48.779153	-82.710020
-29.158497	48.763237	-82.721274
-29.147068	48.747398	-82.732475
-29.135674	48.731636	-82.743623
-29.124315	48.715950	-82.754718
-29.112991	48.700341	-82.765761
-29.101701	48.684808	-82.776751
-29.090446	48.669351	-82.787689
-29.079225	48.653970	-82.798575
-29.068038	48.638665	-82.809410
-29.056884	48.623435	-82.820193
-29.045764	48.608281	-82.830925
-29.034678	48.593201	-82.841606
-29.023624	48.578196	-82.852236
-29.012604	48.563266	-82.862816
-29.001616	48.548410	-82.873345
-28.990662	48.533628	-82.883824
-28.979739	48.518920	-82.894253
-28.968850	48.504285	-82.904632
-28.957992	48.489725	-82.914962
-28.947167	48.475237	-82.925242
-28.936375	48.460823	-82.935473
-28.925614	48.446481	-82.945655
-28.914885	48.432212	-82.955788
-28.904188	48.418015	-82.965872
-28.893523	48.403891	-82.975908
-28.882890	48.389838	-82.985895
-28.872289	48.375858	-82.995834
-28.861720	48.361948	-83.005725
-28.851182	48.348110	-83.015568
-28.840676	48.334344	-83.025363
-28.830201	48.320648	-83.035110
-28.819758	48.307022	-83.044810
-28.809347	48.293468	-83.054463
-28.798968	48.279983	-83.064068
-28.788620	48.266568	-83.073627
-28.778304	48.253223	-83.083139
-28.768019	48.239948	-83.092603
-28.757766	48.226742	-83.102022
-28.747545	48.213605	-83.111393
-28.737355	48.200538	-83.120719
-28.727197	48.187538	-83.129998
-28.717071	48.174607	-83.139231
-28.706977	48.161745	-83.148418
-28.696914	48.148950	-83.157560
-28.686883	48.136224	-83.166655
-28.676884	48.123565	-83.175706
-28.666916	48.110973	-83.184711
-28.656981	48.098448	-83.193670
-28.647077	48.085991	-83.202584
-28.637205	48.073600	-83.211454
-28.627365	48.061275	-83.220278
-28.617557	48.049017	-83.229058
-28.607781	48.036825	-83.237794
-28.598037	48.024699	-83.246484
-28.588325	48.012638	-83.255131
-28.578645	48.000643	-83.263733
-28.568996	47.988713	-83.272291
-28.559380	47.976848	-83.280805
-28.549796	47.965047	-83.289276
-28.540243	47.953312	-83.297703
-28.530723	47.941640	-83.306086
-28.521234	47.930033	-83.314426
-28.511777	47.918489	-83.322723
-28.502352	47.907010	-83.330976
-28.492960	47.895593	-83.339187
-28.483598	47.884240	-83.347355
-28.474269	47.872950	-83.355480
-28.464972	47.861723	-83.363563
-28.455706	47.850558	-83.371603
-28.446472	47.839456	-83.379601
-28.437270	47.828416	-83.387557
-28.428099	47.817438	-83.395471
-28.418961	47.806521	-83.403344
-28.409853	47.795666	-83.411174
-28.400777	47.784873	-83.418963
-28.391733	47.774140	-83.426711
-28.382720	47.763468	-83.434418
-28.373739	47.752857	-83.442083
-28.364789	47.742306	-83.449708
-28.355870	47.731816	-83.457292
-28.346982	47.721385	-83.464835
-28.338126	47.711014	-83.472338
-28.329300	47.700703	-83.479801
-28.320506	47.690451	-83.487224
-28.311743	47.680258	-83.494606
-28.303010	47.670124	-83.501949
-28.294308	47.660049	-83.509252
-28.285637	47.650032	-83.516516
-28.276997	47.640073	-83.523740
-28.268387	47.630172	-83.530926
-28.259808	47.620329	-83.538072
-28.251259	47.610543	-83.545179
-28.242741	47.600814	-83.552248
-28.234252	47.591143	-83.559278
-28.225794	47.581529	-83.566270
-28.217366	47.571971	-83.573224
-28.208968	47.562469	-83.580140
-28.200600	47.553023	-83.587018
-28.192261	47.543634	-83.593858
-28.183952	47.534300	-83.600661
-28.175673	47.525021	-83.607426
-28.167423	47.515798	-83.614155
-28.159203	47.506629	-83.620846
-28.151012	47.497516	-83.627501
-28.142850	47.488456	-83.634119
-28.134717	47.479451	-83.640700
-28.126613	47.470500	-83.647245
-28.118537	47.461603	-83.653754
-28.110491	47.452760	-83.660227
-28.102473	47.443969	-83.666665
-28.094484	47.435232	-83.673066
-28.086523	47.426548	-83.679433
-28.078590	47.417916	-83.685764
-28.070685	47.409336	-83.692060
-28.062809	47.400809	-83.698321
-28.054960	47.392334	-83.704547
-28.047139	47.383910	-83.710739
-28.039346	47.375538	-83.716896
-28.031580	47.367216	-83.723020
-28.023842	47.358946	-83.729109
-28.016131	47.350727	-83.735164
-28.008448	47.342558	-83.741186
-28.000791	47.334439	-83.747174
-27.993161	47.326370	-83.753129
-27.985559	47.318351	-83.759050
-27.977983	47.310382	-83.764939
-27.970434	47.302462	-83.770795
-27.962911	47.294590	-83.776618
-27.955414	47.286768	-83.782408
-27.947944	47.278995	-83.788167
-27.940500	47.271269	-83.793893
-27.933083	47.263592	-83.799587
-27.925691	47.255963	-83.805249
-27.918325	47.248381	-83.810880
-27.910984	47.240847	-83.816479
-27.903669	47.233360	-83.822047
-27.896380	47.225921	-83.827584
-27.889116	47.218527	-83.833090
-27.881878	47.211181	-83.838564
-27.874664	47.203880	-83.844009
-27.867476	47.196626	-83.849422
-27.860313	47.189418	-83.854806
-27.853174	47.182255	-83.860159
-27.846060	47.175138	-83.865482
-27.838971	47.168065	-83.870776
-27.831906	47.161038	-83.876039
-27.824866	47.154056	-83.881273
-27.817850	47.147118	-83.886478
-27.810859	47.140224	-83.891653
-27.803891	47.133374	-83.896800
-27.796947	47.126568	-83.901917
-27.790028	47.119806	-83.907006
-27.783132	47.113087	-83.912066
-27.776260	47.106411	-83.917098
-27.769411	47.099778	-83.922101
-27.762586	47.093188	-83.927076
-27.755785	47.086640	-83.932023
-27.749007	47.080135	-83.936942
-27.742252	47.073671	-83.941834
-27.735520	47.067250	-83.946698
-27.728811	47.060870	-83.951535
-27.722125	47.054532	-83.956344
-27.715462	47.048234	-83.961127
-27.708821	47.041978	-83.965882
-27.702204	47.035762	-83.970611
-27.695608	47.029587	-83.975312
-27.689036	47.023452	-83.979988
-27.682485	47.017358	-83.984637
-27.675957	47.011303	-83.989260
-27.669452	47.005288	-83.993856
-27.662968	46.999312	-83.998427
-27.656506	46.993376	-84.002972
-27.650066	46.987479	-84.007492
-27.643648	46.981620	-84.011985
-27.637252	46.975800	-84.016454
-27.630878	46.970019	-84.020897
-27.624525	46.964275	-84.025315
-27.618193	46.958570	-84.029709
-27.611883	46.952902	-84.034077
-27.605594	46.947272	-84.038421
-27.599327	46.941680	-84.042740
-27.593081	46.936124	-84.047035
-27.586855	46.930605	-84.051306
-27.580651	46.925123	-84.055552
-27.574468	46.919678	-84.059775
-27.568305	46.914269	-84.063974
-27.562163	46.908896	-84.068149
-27.556042	46.903558	-84.072300
-27.549942	46.898257	-84.076428
-27.543861	46.892991	-84.080533
-27.537802	46.887760	-84.084615
-27.531763	46.882564	-84.088674
-27.525744	46.877403	-84.092709
-27.519745	46.872277	-84.096722
-27.513766	46.867185	-84.100713
-27.507808	46.862128	-84.104681
-27.501869	46.857104	-84.108626
-27.495950	46.852114	-84.112550
-27.490051	46.847158	-84.116451
-27.484172	46.842235	-84.120330
-27.478313	46.837346	-84.124187
-27.472473	46.832489	-84.128023
-27.466652	46.827665	-84.131837
-27.460851	46.822874	-84.135630
-27.455070	46.818115	-84.139402
-27.449308	46.813389	-84.143152
-27.443565	46.808694	-84.146881
-27.437841	46.804031	-84.150589
-27.432136	46.799400	-84.154277
-27.426450	46.794800	-84.157944
-27.420783	46.790231	-84.161590
-27.415135	46.785693	-84.165216
-27.409506	46.781186	-84.168822
-27.403896	46.776710	-84.172407
-27.398304	46.772264	-84.175973
-27.392731	46.767848	-84.179518
-27.387176	46.763463	-84.183044
-27.381640	46.759107	-84.186550
-27.376122	46.754780	-84.190036
-27.370623	46.750483	-84.193504
-27.365142	46.746215	-84.196951
-27.359679	46.741977	-84.200380
-27.354234	46.737767	-84.203790
-27.348807	46.733585	-84.207180
-27.343398	46.729432	-84.210552
-27.338007	46.725308	-84.213906
-27.332634	46.721211	-84.217240
-27.327278	46.717142	-84.220557
-27.321940	46.713101	-84.223855
-27.316620	46.709088	-84.227134
-27.311318	46.705101	-84.230396
-27.306033	46.701142	-84.233640
-27.300765	46.697210	-84.236866
-27.295515	46.693304	-84.240074
-27.290282	46.689425	-84.243264
-27.285066	46.685572	-84.246437
-27.279868	46.681746	-84.249593
-27.274686	46.677945	-84.252731
-27.269522	46.674170	-84.255853
-27.264375	46.670421	-84.258957
-27.259244	46.666698	-84.262044
-27.254130	46.662999	-84.265115
-27.249033	46.659326	-84.268168
-27.243953	46.655677	-84.271206
-27.238890	46.652053	-84.274226
-27.233843	46.648454	-84.277231
-27.228812	46.644879	-84.280219
-27.223798	46.641329	-84.283191
-27.218801	46.637802	-84.286147
-27.213820	46.634299	-84.289087
-27.208855	46.630820	-84.292012
-27.203906	46.627364	-84.294920
-27.198974	46.623932	-84.297813
-27.194057	46.620522	-84.300691
-27.189157	46.617136	-84.303553
-27.184272	46.613772	-84.306400
-27.179404	46.610432	-84.309231
-27.174551	46.607113	-84.312048
-27.169714	46.603817	-84.314850
-27.164893	46.600543	-84.317636
-27.160087	46.597291	-84.320408
-27.155297	46.594061	-84.323166
-27.150523	46.590852	-84.325909
-27.145764	46.587665	-84.328637
-27.141020	46.584499	-84.331351
-27.136292	46.581355	-84.334051
-27.131579	46.578231	-84.336736
-27.126882	46.575128	-84.339408
-27.122199	46.572046	-84.342065
-27.117532	46.568985	-84.344709
-27.112880	46.565944	-84.347339
-27.108243	46.562923	-84.349955
-27.103621	46.559922	-84.352558
-27.099014	46.556941	-84.355147
-27.094421	46.553979	-84.357723
-27.089844	46.551038	-84.360286
-27.085281	46.548116	-84.362835
-27.080733	46.545213	-84.365371
-27.076199	46.542329	-84.367894
-27.071680	46.539464	-84.370405
-27.067176	46.536619	-84.372902
-27.062686	46.533791	-84.375387
-27.058210	46.530983	-84.377859
-27.053749	46.528193	-84.380318
-27.049302	46.525421	-84.382765
-27.044870	46.522668	-84.385199
-27.040451	46.519932	-84.387622
-27.036047	46.517215	-84.390032
-27.031657	46.514515	-84.392429
-27.027281	46.511832	-84.394815
-27.022919	46.509168	-84.397189
-27.018571	46.506520	-84.399551
-27.014236	46.503890	-84.401901
-27.009916	46.501277	-84.404239
-27.005609	46.498681	-84.406566
-27.001316	46.496101	-84.408881
-26.997037	46.493538	-84.411184
-26.992771	46.490992	-84.413476
-26.988519	46.488463	-84.415757
