-41.172245	298.789506	6.317233
-41.170991	298.705506	6.278539
-41.168371	298.611602	6.239637
-41.164387	298.507794	6.200528
-41.159036	298.394082	6.161214
-41.152319	298.270465	6.121695
-41.144236	298.136944	6.081972
-41.134786	297.993520	6.042048
-41.123969	297.840191	6.001923
-41.111784	297.676958	5.961598
-41.098232	297.503821	5.921075
-41.083311	297.320780	5.880354
-41.067022	297.127835	5.839438
-41.049364	296.924987	5.798327
-41.030365	296.712230	5.756994
-41.010058	296.489563	5.715407
-40.988475	296.256981	5.673533
-40.965651	296.014479	5.631340
-40.941621	295.762054	5.588791
-40.916424	295.499701	5.545850
-40.890096	295.227415	5.502478
-40.862680	294.945192	5.458635
-40.834217	294.653026	5.414280
-40.804751	294.350912	5.369369
-40.774325	294.038845	5.323860
-40.742986	293.716818	5.277704
-40.710783	293.384827	5.230857
-40.677763	293.042865	5.183267
-40.643978	292.690925	5.134886
-40.609480	292.329002	5.085661
-40.574323	291.957089	5.035539
-40.538561	291.575178	4.984466
-40.502250	291.183263	4.932384
-40.465450	290.781337	4.879238
-40.428218	290.369392	4.824966
-40.390617	289.947420	4.769509
-40.352707	289.515414	4.712805
-40.314554	289.073365	4.654791
-40.276222	288.621265	4.595400
-40.237777	288.159106	4.534567
-40.199288	287.686878	4.472224
-40.160824	287.204573	4.408302
-40.122457	286.712182	4.342729
-40.105656	286.491180	4.313132
-40.089056	286.260078	4.281780
-40.072691	286.018871	4.248640
-40.056595	285.767555	4.213675
-40.040807	285.506124	4.176851
-40.025363	285.234574	4.138127
-40.010303	284.952899	4.097465
-39.995669	284.661094	4.054824
-39.981502	284.359152	4.010162
-39.967847	284.047069	3.963433
-39.954748	283.724837	3.914594
-39.942253	283.392450	3.863597
-39.930409	283.049902	3.810395
-39.919266	282.697185	3.754936
-39.908874	282.334293	3.697172
-39.899287	281.961218	3.637049
-39.890557	281.577952	3.574513
-39.882739	281.184487	3.509509
-39.875890	280.780816	3.441981
-39.870068	280.366929	3.371870
-39.865332	279.942819	3.299118
-39.861743	279.508475	3.223662
-39.859362	279.063889	3.145441
-39.858253	278.609052	3.064392
-39.858480	278.143952	2.980449
-39.860110	277.668581	2.893546
-39.863210	277.182927	2.803615
-39.865266	276.963162	2.762393
-39.868891	276.733099	2.718042
-39.874119	276.492733	2.670530
-39.880982	276.242057	2.619824
-39.889517	275.981067	2.565887
-39.899760	275.709756	2.508684
-39.911749	275.428118	2.448175
-39.925523	275.136146	2.384322
-39.941122	274.833833	2.317083
-39.958589	274.521173	2.246416
-39.977966	274.198157	2.172278
-39.999299	273.864778	2.094624
-40.022634	273.521027	2.013407
-40.048018	273.166896	1.928579
-40.075499	272.802377	1.840092
-40.105127	272.427459	1.747896
-40.136955	272.042134	1.651938
-40.171033	271.646391	1.552165
-40.207418	271.240221	1.448524
-40.246162	270.823613	1.340958
-40.287325	270.396554	1.229410
-40.330962	269.959036	1.113822
-40.377133	269.511044	0.994135
-40.425900	269.052567	0.870287
-40.477323	268.583592	0.742216
-40.501519	268.369312	0.683066
-40.528463	268.144516	0.619601
-40.558186	267.909195	0.551790
-40.590718	267.663344	0.479602
-40.626093	267.406956	0.403003
-40.664345	267.140023	0.321960
-40.705508	266.862537	0.236437
-40.749619	266.574489	0.146397
-40.796716	266.275871	0.051802
-40.846838	265.966674	-0.047388
-40.900026	265.646888	-0.151214
-40.956321	265.316504	-0.259716
-41.015766	264.975509	-0.372940
-41.078405	264.623895	-0.490928
-41.144285	264.261649	-0.613728
-41.213450	263.888759	-0.741387
-41.285951	263.505214	-0.873952
-41.361835	263.111000	-1.011474
-41.441153	262.706104	-1.154002
-41.523957	262.290512	-1.301591
-41.610300	261.864210	-1.454292
-41.700236	261.427183	-1.612161
-41.793820	260.979415	-1.775253
-41.891108	260.520890	-1.943626
-41.935369	260.315337	-2.019711
-41.983418	260.099003	-2.101161
-42.035282	259.871880	-2.188003
-42.090990	259.633959	-2.280232
-42.150572	259.385233	-2.377710
-42.214057	259.125695	-2.480326
-42.281479	258.855334	-2.587956
-42.352870	258.574144	-2.700460
-42.428265	258.282115	-2.817695
-42.507699	257.979237	-2.939533
-42.591209	257.665501	-3.065844
-42.678834	257.340897	-3.196499
-42.770612	257.005415	-3.331379
-42.866584	256.659042	-3.470379
-42.966792	256.301769	-3.613373
-43.071279	255.933582	-3.760318
-43.180088	255.554470	-3.911108
-43.293265	255.164419	-4.065633
-43.410856	254.763418	-4.223784
-43.532908	254.351453	-4.385446
-43.659471	253.928510	-4.550538
-43.790593	253.494574	-4.718983
-43.926326	253.049632	-4.890687
-43.988109	252.848978	-4.967636
-44.054578	252.637276	-5.048737
-44.125758	252.414519	-5.133878
-44.201674	252.180699	-5.222975
-44.282353	251.935811	-5.315917
-44.367824	251.679846	-5.412588
-44.458115	251.412797	-5.512871
-44.553257	251.134656	-5.616652
-44.653282	250.845415	-5.723816
-44.758222	250.545064	-5.834259
-44.868110	250.233594	-5.947868
-44.982983	249.910996	-6.064543
-45.102876	249.577258	-6.184200
-45.227826	249.232369	-6.306756
-45.357871	248.876318	-6.432137
-45.493051	248.509091	-6.560274
-45.633407	248.130676	-6.691113
-45.778980	247.741059	-6.824602
-45.929813	247.340226	-6.960695
-46.085949	246.928161	-7.099336
-46.247433	246.504849	-7.240448
-46.414312	246.070277	-7.383963
-46.586631	245.624428	-7.529806
-46.664229	245.424926	-7.594441
-46.747336	245.214077	-7.662810
-46.835977	244.991875	-7.734811
-46.930174	244.758313	-7.810337
-47.029952	244.513385	-7.889306
-47.135337	244.257081	-7.971623
-47.246356	243.989393	-8.057219
-47.363037	243.710313	-8.146015
-47.485408	243.419829	-8.237944
-47.613500	243.117931	-8.332925
-47.747344	242.804610	-8.430888
-47.886973	242.479852	-8.531749
-48.032419	242.143647	-8.635442
-48.183717	241.795981	-8.741903
-48.340902	241.436841	-8.851082
-48.504011	241.066212	-8.962926
-48.673081	240.684080	-9.077385
-48.848150	240.290428	-9.194389
-49.029257	239.885243	-9.313865
-49.216444	239.468509	-9.435728
-49.409751	239.040208	-9.559925
-49.609220	238.600321	-9.686435
-49.698943	238.403364	-9.742628
-49.794891	238.194728	-9.802697
-49.897084	237.974405	-9.866546
-50.005544	237.742391	-9.934083
-50.120293	237.498674	-10.005240
-50.241354	237.243247	-10.079956
-50.368752	236.976099	-10.158157
-50.502512	236.697221	-10.239766
-50.642661	236.406600	-10.324710
-50.789225	236.104228	-10.412902
-50.942235	235.790091	-10.504262
-51.101718	235.464177	-10.598720
-51.267705	235.126473	-10.696184
-51.440227	234.776967	-10.796570
-51.619317	234.415643	-10.899792
-51.805007	234.042488	-11.005781
-51.997332	233.657482	-11.114490
-52.196327	233.260610	-11.225870
-52.402028	232.851852	-11.339900
-52.614470	232.431187	-11.456547
-52.833693	231.998595	-11.575775
-52.932151	231.804964	-11.628814
-53.037444	231.599294	-11.686017
-53.149592	231.381578	-11.747287
-53.268611	231.151809	-11.812529
-53.394524	230.909979	-11.881634
-53.527350	230.656080	-11.954496
-53.667112	230.390104	-12.031004
-53.813832	230.112041	-12.111048
-53.967534	229.821882	-12.194524
-54.128243	229.519615	-12.281321
-54.295984	229.205230	-12.371326
-54.470785	228.878715	-12.464431
-54.652671	228.540054	-12.560557
-54.841672	228.189235	-12.659615
-55.037816	227.826240	-12.761557
-55.241133	227.451050	-12.866322
-55.451654	227.063650	-12.973828
-55.669410	226.664020	-13.083994
-55.894435	226.252144	-13.196743
-56.126760	225.828000	-13.312005
-56.231504	225.637256	-13.363438
-56.343599	225.434114	-13.418974
-56.463059	225.218571	-13.478472
-56.589902	224.990621	-13.541798
-56.724146	224.750258	-13.608818
-56.865809	224.497475	-13.679406
-57.014912	224.232265	-13.753436
-57.171473	223.954616	-13.830808
-57.335515	223.664519	-13.911417
-57.507059	223.361960	-13.995180
-57.686129	223.046926	-14.082022
-57.872748	222.719401	-14.171873
-58.066940	222.379371	-14.264635
-58.268732	222.026821	-14.360219
-58.478148	221.661733	-14.458545
-58.695215	221.284092	-14.559510
-58.919962	220.893881	-14.663017
-59.152415	220.491079	-14.768986
-59.392605	220.075666	-14.877350
-59.501985	219.886845	-14.926165
-59.619143	219.685262	-14.979038
-59.744095	219.470914	-15.035822
-59.876855	219.243794	-15.096384
-60.017439	219.003897	-15.160602
-60.165864	218.751211	-15.228394
-60.322147	218.485727	-15.299678
-60.486306	218.207433	-15.374357
-60.658360	217.916315	-15.452347
-60.838329	217.612362	-15.533558
-61.026232	217.295561	-15.617885
-61.222093	216.965897	-15.705210
-61.425931	216.623357	-15.795438
-61.637769	216.267923	-15.888475
-61.857632	215.899578	-15.984237
-62.085542	215.518304	-16.082636
-62.321523	215.124080	-16.183590
-62.565602	214.716887	-16.286997
-62.678086	214.529482	-16.334184
-62.798705	214.328936	-16.385542
-62.927470	214.115246	-16.440941
-63.064396	213.888406	-16.500261
-63.209495	213.648409	-16.563376
-63.362784	213.395245	-16.630180
-63.524277	213.128904	-16.700595
-63.693990	212.849370	-16.774556
-63.871939	212.556631	-16.851974
-64.058144	212.250675	-16.932748
-64.252620	211.931486	-17.016767
-64.455388	211.599052	-17.103917
-64.666467	211.253358	-17.194093
-64.885875	210.894385	-17.287195
-65.113634	210.522116	-17.383144
-65.349766	210.136530	-17.481843
-65.594290	209.737607	-17.583198
-65.847231	209.325325	-17.687125
-65.961669	209.138959	-17.733725
-66.084555	208.939036	-17.784715
-66.215900	208.725551	-17.839980
-66.355716	208.498496	-17.899417
-66.504015	208.257863	-17.962911
-66.660810	208.003645	-18.030355
-66.826113	207.735830	-18.101633
-66.999940	207.454410	-18.176619
-67.182303	207.159372	-18.255199
-67.373220	206.850704	-18.337272
-67.572704	206.528392	-18.422711
-67.780774	206.192423	-18.511384
-67.997444	205.842783	-18.603165
-68.222733	205.479455	-18.697946
-68.456659	205.102419	-18.795633
-68.699239	204.711656	-18.896114
-68.950493	204.307144	-18.999309
-69.065886	204.121462	-19.046283
-69.189981	203.921816	-19.097778
-69.322785	203.708202	-19.153660
-69.464311	203.480617	-19.213786
-69.614566	203.239055	-19.278015
-69.773564	202.983511	-19.346200
-69.941315	202.713978	-19.418199
-70.117831	202.430444	-19.493893
-70.303124	202.132899	-19.573164
-70.497209	201.821329	-19.655896
-70.700098	201.495721	-19.741980
-70.911805	201.156058	-19.831298
-71.132345	200.802326	-19.923735
-71.361732	200.434505	-20.019188
-71.599982	200.052579	-20.117520
-71.847110	199.656534	-20.218567
-72.103132	199.246349	-20.322205
-72.218976	199.060802	-20.368600
-72.343738	198.860874	-20.419479
-72.477425	198.646562	-20.474697
-72.620046	198.417864	-20.534111
-72.771609	198.174774	-20.597588
-72.932125	197.917283	-20.665005
-73.101601	197.645383	-20.736244
-73.280050	197.359066	-20.811144
-73.467480	197.058327	-20.889543
-73.663903	196.743157	-20.971275
-73.869331	196.413544	-21.056199
-74.083774	196.069476	-21.144165
-74.307246	195.710945	-21.234992
-74.539757	195.337938	-21.328505
-74.781322	194.950438	-21.424582
-75.031952	194.548425	-21.523105
-75.147835	194.362561	-21.568111
-75.272802	194.161922	-21.617467
-75.406861	193.946511	-21.671006
-75.550018	193.716325	-21.728565
-75.702280	193.471364	-21.789978
-75.863656	193.211625	-21.855083
-76.034152	192.937100	-21.923735
-76.213778	192.647781	-21.995806
-76.402541	192.343654	-22.071182
-76.600451	192.024710	-22.149725
-76.807518	191.690941	-22.231254
-77.023749	191.342339	-22.315592
-77.249157	190.978895	-22.402550
-77.483750	190.600595	-22.491978
-77.727538	190.207425	-22.583716
-77.980532	189.799367	-22.677631
-78.096220	189.612755	-22.719964
-78.221128	189.410969	-22.766420
-78.355264	189.194010	-22.816844
-78.498630	188.961875	-22.871106
-78.651234	188.714557	-22.929076
-78.813082	188.452053	-22.990606
-78.984178	188.174354	-23.055572
-79.164531	187.881458	-23.123783
-79.354147	187.573364	-23.195030
-79.553032	187.250069	-23.269119
-79.761195	186.911567	-23.345863
-79.978641	186.557849	-23.425081
-80.205380	186.188903	-23.506638
-80.441417	185.804706	-23.590437
-80.686762	185.405238	-23.676369
-80.941422	184.990481	-23.764298
-81.056587	184.802859	-23.803477
-81.181078	184.599629	-23.846710
-81.314900	184.380790	-23.893861
-81.458054	184.146343	-23.944752
-81.610547	183.896295	-23.999177
-81.772382	183.630643	-24.056970
-81.943564	183.349390	-24.117929
-82.124097	183.052533	-24.181864
-82.313986	182.740071	-24.248590
-82.513237	182.411995	-24.317952
-82.721853	182.068294	-24.389802
-82.939841	181.708947	-24.464068
-83.167205	181.333932	-24.540659
-83.403950	180.943225	-24.619501
-83.650083	180.536808	-24.700465
-83.764272	180.348161	-24.737518
-83.887855	180.143487	-24.778593
-84.020835	179.922791	-24.823527
-84.163213	179.686074	-24.872147
-84.314994	179.433339	-24.924280
-84.476179	179.164585	-24.979745
-84.646771	178.879814	-25.038358
-84.826774	178.579021	-25.099953
-85.016190	178.262196	-25.164401
-85.215023	177.929328	-25.231563
-85.423275	177.580400	-25.301339
-85.640949	177.215390	-25.373651
-85.868049	176.834281	-25.448382
-86.104577	176.437054	-25.525411
-86.350536	176.023688	-25.604615
-86.463337	175.833979	-25.640483
-86.585573	175.627795	-25.680450
-86.717244	175.405140	-25.724347
-86.858352	175.166014	-25.772016
-87.008899	174.910419	-25.823298
-87.168885	174.638351	-25.878042
-87.338311	174.349808	-25.936078
-87.517179	174.044786	-25.997253
-87.705491	173.723276	-26.061419
-87.903246	173.385269	-26.128435
-88.110446	173.030751	-26.198173
-88.327091	172.659706	-26.270508
-88.553184	172.272117	-26.345316
-88.788722	171.867971	-26.422437
-89.033708	171.447254	-26.501707
-89.144736	171.256426	-26.537172
-89.265210	171.048653	-26.576821
-89.395131	170.823932	-26.620539
-89.534498	170.582256	-26.668217
-89.683312	170.323628	-26.719686
-89.841571	170.048049	-26.774769
-90.009276	169.755517	-26.833306
-90.186426	169.446025	-26.895154
-90.373020	169.119561	-26.960195
-90.569057	168.776116	-27.028279
-90.774536	168.415676	-27.099278
-90.989455	168.038229	-27.173050
-91.213813	167.643756	-27.249467
-91.447608	167.232242	-27.328388
-91.690837	166.803667	-27.409685
-91.799679	166.611684	-27.445682
-91.917951	166.402228	-27.486175
-92.045653	166.175304	-27.531008
-92.182781	165.930915	-27.580018
-92.329335	165.669056	-27.633086
-92.485313	165.389728	-27.690035
-92.650712	165.092934	-27.750681
-92.825529	164.778667	-27.814885
-93.009763	164.446916	-27.882515
-93.203409	164.097674	-27.953411
-93.406466	163.730930	-28.027432
-93.618928	163.346667	-28.104447
-93.840792	162.944869	-28.184333
-94.072053	162.525509	-28.267000
-94.178383	162.332449	-28.304706
-94.294103	162.121413	-28.347211
-94.419210	161.892412	-28.394326
-94.553701	161.645450	-28.445876
-94.697574	161.380536	-28.501672
-94.850824	161.097679	-28.561504
-95.013448	160.796876	-28.625211
-95.185442	160.478125	-28.692628
-95.366801	160.141423	-28.763580
-95.557520	159.786761	-28.837927
-95.757594	159.414126	-28.915531
-95.967017	159.023498	-28.996288
-96.185783	158.614857	-29.080081
-96.413885	158.188181	-29.166793
-96.517573	157.993962	-29.205880
-96.630586	157.781268	-29.249919
-96.752921	157.550109	-29.298728
-96.884572	157.300496	-29.352117
-97.025535	157.032436	-29.409892
-97.175806	156.745935	-29.471870
-97.335379	156.440994	-29.537881
-97.504248	156.117616	-29.607736
-97.682406	155.775797	-29.681265
-97.869848	155.415527	-29.758329
-98.066564	155.036794	-29.838790
-98.272549	154.639585	-29.922504
-98.487792	154.223891	-30.009292
-98.712284	153.789698	-30.099006
-98.813219	153.594204	-30.138932
-98.923389	153.379744	-30.183811
-99.042789	153.146330	-30.233471
-99.171413	152.893975	-30.287707
-99.309256	152.622686	-30.346344
-99.456310	152.332465	-30.409217
-99.612570	152.023317	-30.476145
-99.778028	151.695239	-30.546965
-99.952674	151.348238	-30.621472
-100.136501	150.982310	-30.699488
-100.329499	150.597451	-30.780839
-100.531657	150.193648	-30.865380
-100.742965	149.770886	-30.952973
-100.841177	149.574088	-30.993282
-100.948522	149.357858	-31.038595
-101.064993	149.122214	-31.088717
-101.190583	148.867169	-31.143445
-101.325287	148.592740	-31.202566
-101.469094	148.298936	-31.265890
-101.621998	147.985766	-31.333210
-101.783979	147.653251	-31.404306
-101.954959	147.301436	-31.478994
-102.134888	146.930350	-31.557095
-102.323690	146.540032	-31.638446
-102.521305	146.130509	-31.722874
-102.727718	145.701773	-31.810225
-102.822973	145.503445	-31.850127
-102.926966	145.285426	-31.894950
-103.039614	145.047790	-31.944486
-103.160831	144.790612	-31.998527
-103.290540	144.513949	-32.056905
-103.428647	144.217871	-32.119445
-103.575056	143.902454	-32.185930
-103.729668	143.567771	-32.256172
-103.892379	143.213894	-32.329981
-104.063083	142.840897	-32.407169
-104.241672	142.448859	-32.487526
-104.428035	142.037859	-32.570835
-104.622061	141.607968	-32.656912
-104.823638	141.159262	-32.745553
-104.913502	140.958282	-32.784689
-105.011179	140.737708	-32.828549
-105.116556	140.497641	-32.876930
-105.229517	140.238175	-32.929661
-105.349944	139.959409	-32.986555
-105.477715	139.661447	-33.047403
-105.612707	139.344390	-33.112006
-105.754790	139.008345	-33.180153
-105.903833	138.653423	-33.251621
-106.059700	138.279737	-33.326182
-106.222254	137.887388	-33.403663
-106.391357	137.476473	-33.483897
-106.566873	137.047091	-33.566707
-106.748662	136.599328	-33.651965
-106.831043	136.395023	-33.690341
-106.920265	136.171295	-33.733265
-106.989108	135.948311	-33.785494
-107.037614	135.726103	-33.846830
-107.065821	135.504711	-33.917048
-107.073768	135.284173	-33.995918
-107.061481	135.064530	-34.083226
-107.028981	134.845833	-34.178734
-106.976260	134.628147	-34.282221
-106.903289	134.411547	-34.393486
-106.810028	134.196108	-34.512352
-106.696425	133.981906	-34.638676
-106.562388	133.769043	-34.772314
-106.407808	133.557632	-34.913130
-106.232546	133.347816	-35.060958
-106.036510	133.139682	-35.215687
-105.819605	132.933322	-35.377188
-105.581758	132.728817	-35.545305
-105.322847	132.526282	-35.719884
-105.042736	132.325853	-35.900720
-104.741388	132.127594	-36.087590
-104.418765	131.931560	-36.280278
-104.074826	131.737803	-36.478596
-103.709530	131.546360	-36.682393
-103.322833	131.357279	-36.891473
-102.914691	131.170601	-37.105668
-102.728612	131.090808	-37.200576
-102.521020	131.012420	-37.304063
-102.291892	130.935472	-37.415978
-102.041205	130.860002	-37.536141
-101.768933	130.786051	-37.664360
-101.475049	130.713664	-37.800425
-101.159524	130.642890	-37.944104
-100.822328	130.573775	-38.095166
-100.463428	130.506389	-38.253299
-100.082790	130.440790	-38.418224
-99.680380	130.377028	-38.589682
-99.256186	130.315132	-38.767419
-98.810368	130.255011	-38.951131
-98.604520	130.229234	-39.034571
-98.377302	130.204188	-39.126530
-98.128887	130.179789	-39.226745
-97.859503	130.155909	-39.334944
-97.569443	130.132380	-39.450833
-97.259045	130.109008	-39.574079
-96.928727	130.085538	-39.704359
-96.578943	130.061693	-39.841319
-96.210171	130.037186	-39.984601
-95.822907	130.011710	-40.133856
-95.417733	129.984899	-40.288728
-94.995288	129.956360	-40.448827
-94.556218	129.925701	-40.613749
-94.101240	129.892473	-40.783117
-93.892004	129.876320	-40.860314
-93.665912	129.857381	-40.944622
-93.423482	129.835379	-41.035660
-93.165270	129.810011	-41.133033
-92.891889	129.780934	-41.236357
-92.603962	129.747808	-41.345219
-92.302121	129.710289	-41.459198
-91.987034	129.668013	-41.577875
-91.659320	129.620645	-41.700842
-91.319671	129.567811	-41.827668
-90.968821	129.509117	-41.957911
-90.607520	129.444153	-42.091141
-90.236540	129.372487	-42.226970
-89.856651	129.293693	-42.365005
-89.468617	129.207355	-42.504855
-89.091362	129.101715	-42.642386
-88.724481	128.977144	-42.777438
-88.367568	128.834002	-42.909870
-88.020217	128.672638	-43.039564
-87.682023	128.493400	-43.166392
-87.352580	128.296629	-43.290233
-87.031486	128.082664	-43.410965
-86.718337	127.851835	-43.528478
-86.412735	127.604466	-43.642663
-86.114284	127.340877	-43.753414
-85.822594	127.061382	-43.860623
-85.537278	126.766283	-43.964202
-85.257955	126.455891	-44.064024
-84.984249	126.130506	-44.159976
-84.715791	125.790423	-44.251949
-84.452216	125.435921	-44.339858
-84.193165	125.067271	-44.423637
-83.938285	124.684738	-44.503212
-83.687232	124.288581	-44.578519
-83.439666	123.879054	-44.649488
-83.195254	123.456403	-44.716062
-83.087627	123.262366	-44.743743
-82.982564	123.054144	-44.771047
-82.879748	122.831999	-44.797826
-82.778868	122.596191	-44.823931
-82.679621	122.346971	-44.849219
-82.581713	122.084586	-44.873544
-82.484857	121.809272	-44.896773
-82.388771	121.521259	-44.918782
-82.293186	121.220754	-44.939488
-82.197837	120.907959	-44.958809
-82.102470	120.583068	-44.976673
-82.006835	120.246274	-44.992998
-81.910690	119.897767	-45.007694
-81.813804	119.537728	-45.020684
-81.715947	119.166333	-45.031897
-81.616897	118.783755	-45.041259
-81.516441	118.390162	-45.048694
-81.414372	117.985720	-45.054123
-81.310486	117.570597	-45.057451
-81.204588	117.144961	-45.058582
-81.096489	116.708972	-45.057414
-80.986006	116.262794	-45.053842
-80.872960	115.806596	-45.047734
-80.757180	115.340539	-45.038969
-80.638498	114.864777	-45.027436
-80.584114	114.647980	-45.020996
-80.529127	114.418825	-45.014408
-80.473296	114.177549	-45.007492
-80.416388	113.924372	-45.000085
-80.358174	113.659511	-44.992027
-80.298434	113.383182	-44.983152
-80.236958	113.095593	-44.973294
-80.173540	112.796951	-44.962280
-80.107982	112.487447	-44.949970
-80.040093	112.167262	-44.936235
-79.969688	111.836577	-44.920937
-79.896587	111.495563	-44.903954
-79.820616	111.144396	-44.885146
-79.741609	110.783245	-44.864375
-79.659405	110.412273	-44.841509
-79.573852	110.031639	-44.816419
-79.484800	109.641498	-44.788977
-79.392103	109.242003	-44.759053
-79.295621	108.833290	-44.726559
-79.195219	108.415481	-44.691422
-79.090766	107.988712	-44.653535
-78.982137	107.553118	-44.612790
-78.869208	107.108832	-44.569073
-78.751861	106.655985	-44.522272
-78.629983	106.194707	-44.472270
-78.503464	105.725125	-44.418954
-78.372196	105.247363	-44.362212
-78.312295	105.033569	-44.335685
-78.250429	104.808613	-44.307871
-78.186390	104.572726	-44.278589
-78.119975	104.326128	-44.247658
-78.050990	104.069037	-44.214897
-77.979252	103.801659	-44.180135
-77.904580	103.524198	-44.143199
-77.826802	103.236842	-44.103946
-77.745749	102.939767	-44.062248
-77.661263	102.633129	-44.018013
-77.573192	102.317074	-43.971154
-77.481391	101.991748	-43.921586
-77.385718	101.657285	-43.869234
-77.286038	101.313815	-43.814031
-77.182220	100.961464	-43.755909
-77.074137	100.600355	-43.694804
-76.961666	100.230605	-43.630650
-76.844691	99.852329	-43.563388
-76.723100	99.465637	-43.492957
-76.596785	99.070636	-43.419294
-76.465642	98.667440	-43.342324
-76.329572	98.256154	-43.261972
-76.188482	97.836882	-43.178169
-76.042279	97.409723	-43.090848
-75.890879	96.974767	-42.999950
-75.734198	96.532106	-42.905420
-75.572154	96.081825	-42.807202
-75.404669	95.624009	-42.705249
-75.328448	95.419021	-42.658664
-75.249368	95.203778	-42.609862
-75.167249	94.978466	-42.558742
-75.081913	94.743269	-42.505196
-74.993191	94.498359	-42.449135
-74.900920	94.243898	-42.390478
-74.804948	93.980037	-42.329150
-74.705127	93.706911	-42.265109
-74.601316	93.424645	-42.198317
-74.493382	93.133355	-42.128749
-74.381195	92.833151	-42.056383
-74.264634	92.524141	-41.981191
-74.143580	92.206429	-41.903149
-74.017920	91.880116	-41.822228
-73.887544	91.545298	-41.738404
-73.752349	91.202071	-41.651651
-73.612235	90.850522	-41.561946
-73.467106	90.490740	-41.469262
-73.316871	90.122816	-41.373558
-73.161439	89.746843	-41.274786
-73.000725	89.362917	-41.172888
-72.834646	88.971130	-41.067809
-72.663121	88.571569	-40.959500
-72.486074	88.164319	-40.847910
-72.303431	87.749462	-40.732991
-72.115120	87.327077	-40.614699
-71.921075	86.897238	-40.492993
-71.721229	86.460012	-40.367846
-71.630404	86.263732	-40.311055
-71.536027	86.057701	-40.251886
-71.437937	85.842091	-40.190250
-71.335981	85.617067	-40.126061
-71.230012	85.382785	-40.059240
-71.119892	85.139391	-39.989719
-71.005484	84.887025	-39.917438
-70.886660	84.625819	-39.842337
-70.763295	84.355903	-39.764357
-70.635272	84.077397	-39.683454
-70.502476	83.790411	-39.599585
-70.364800	83.495058	-39.512707
-70.222139	83.191444	-39.422773
-70.074392	82.879671	-39.329745
-69.921466	82.559836	-39.233584
-69.763268	82.232032	-39.134252
-69.599713	81.896345	-39.031722
-69.430718	81.552857	-38.925965
-69.256204	81.201653	-38.816940
-69.076096	80.842821	-38.704597
-68.890322	80.476445	-38.588888
-68.698812	80.102605	-38.469768
-68.501499	79.721378	-38.347193
-68.298321	79.332828	-38.221146
-68.089215	78.937018	-38.091601
-67.874123	78.534012	-37.958532
-67.652989	78.123870	-37.821913
-67.425759	77.706648	-37.681727
-67.216993	77.310725	-37.551808
-67.026696	76.936098	-37.432154
-66.854869	76.582767	-37.322765
-66.701514	76.250729	-37.223641
-66.566628	75.939987	-37.134783
-66.450207	75.650545	-37.056189
-66.352241	75.382413	-36.987856
-66.272716	75.135608	-36.929775
-66.211608	74.910152	-36.881942
-66.168882	74.706081	-36.844347
-66.144482	74.523451	-36.816969
-66.134884	74.358282	-36.797866
-66.137118	74.207232	-36.785402
-66.148794	74.067619	-36.778261
-66.167983	73.937293	-36.775386
-66.193133	73.814526	-36.775921
-66.222990	73.697937	-36.779178
-66.256546	73.586415	-36.784604
-66.292986	73.479078	-36.791738
-66.331656	73.375218	-36.800204
-66.372028	73.274263	-36.809716
-66.413675	73.175753	-36.820044
-66.456255	73.079316	-36.831005
-66.499490	72.984655	-36.842454
-66.543161	72.891527	-36.854280
-66.587086	72.799741	-36.866393
-66.631120	72.709138	-36.878724
-66.675148	72.619591	-36.891225
-66.719075	72.530997	-36.903860
-66.762823	72.443267	-36.916608
-66.806332	72.356331	-36.929456
-66.849551	72.270133	-36.942394
-66.892438	72.184625	-36.955416
-66.934961	72.099773	-36.968518
-66.977093	72.015546	-36.981699
-67.018811	71.931918	-36.994962
-67.060098	71.848868	-37.008313
-67.100940	71.766375	-37.021761
-67.141325	71.684421	-37.035319
-67.181245	71.602994	-37.048992
-67.220694	71.522084	-37.062783
-67.259666	71.441682	-37.076696
-67.298159	71.361783	-37.090731
-67.336169	71.282381	-37.104892
-67.373696	71.203472	-37.119178
-67.410737	71.125056	-37.133585
-67.447295	71.047131	-37.148106
-67.483372	70.969700	-37.162732
-67.518969	70.892766	-37.177448
-67.554089	70.816328	-37.192250
-67.588737	70.740387	-37.207127
-67.622916	70.664944	-37.222071
-67.656628	70.590003	-37.237072
-67.689876	70.515561	-37.252128
-67.722663	70.441618	-37.267237
-67.754992	70.368175	-37.282393
-67.786864	70.295234	-37.297589
-67.818282	70.222799	-37.312817
-67.849248	70.150873	-37.328068
-67.879764	70.079460	-37.343334
-67.909833	70.008560	-37.358609
-67.939457	69.938175	-37.373888
-67.968642	69.868305	-37.389164
-67.997388	69.798954	-37.404430
-68.025701	69.730119	-37.419683
-68.053584	69.661800	-37.434920
-68.081040	69.593997	-37.450139
-68.108072	69.526711	-37.465330
-68.134685	69.459946	-37.480485
-68.160882	69.393701	-37.495596
-68.186669	69.327980	-37.510653
-68.212049	69.262783	-37.525647
-68.237027	69.198109	-37.540575
-68.261608	69.133959	-37.555430
-68.285798	69.070334	-37.570199
-68.309599	69.007239	-37.584869
-68.333017	68.944678	-37.599430
-68.356054	68.882650	-37.613877
-68.378712	68.821158	-37.628204
-68.400995	68.760196	-37.642416
-68.422907	68.699759	-37.656517
-68.444452	68.639841	-37.670515
-68.465635	68.580433	-37.684416
-68.486459	68.521530	-37.698227
-68.506930	68.463123	-37.711954
-68.527053	68.405202	-37.725609
-68.546830	68.347759	-37.739202
-68.566267	68.290783	-37.752747
-68.585368	68.234265	-37.766253
-68.604135	68.178194	-37.779734
-68.622575	68.122562	-37.793199
-68.640691	68.067357	-37.806661
-68.658487	68.012569	-37.820133
-68.675968	67.958188	-37.833626
-68.693137	67.904204	-37.847151
-68.709998	67.850612	-37.860713
-68.726554	67.797405	-37.874318
-68.742810	67.744577	-37.887971
-68.758767	67.692122	-37.901678
-68.774430	67.640032	-37.915447
-68.789803	67.588298	-37.929288
-68.804891	67.536913	-37.943204
-68.819696	67.485875	-37.957195
-68.834222	67.435184	-37.971254
-68.848472	67.384841	-37.985375
-68.862449	67.334844	-37.999554
-68.876156	67.285194	-38.013789
-68.889595	67.235888	-38.028076
-68.902769	67.186926	-38.042415
-68.915680	67.138305	-38.056806
-68.928333	67.090019	-38.071250
-68.940729	67.042065	-38.085750
-68.952872	66.994439	-38.100310
-68.964764	66.947135	-38.114932
-68.976408	66.900149	-38.129622
-68.987805	66.853476	-38.144384
-68.998958	66.807112	-38.159223
-69.009867	66.761051	-38.174145
-69.020536	66.715287	-38.189156
-69.030967	66.669814	-38.204262
-69.041164	66.624625	-38.219469
-69.051132	66.579711	-38.234783
-69.060873	66.535066	-38.250210
-69.070392	66.490683	-38.265756
-69.079690	66.446553	-38.281429
-69.088772	66.402671	-38.297236
-69.097637	66.359029	-38.313183
-69.106290	66.315621	-38.329279
-69.114731	66.272442	-38.345530
-69.122963	66.229484	-38.361942
-69.130987	66.186743	-38.378521
-69.138806	66.144216	-38.395268
-69.146421	66.101898	-38.412188
-69.153833	66.059785	-38.429282
-69.161047	66.017873	-38.446553
-69.168064	65.976157	-38.464005
-69.174887	65.934633	-38.481640
-69.181517	65.893295	-38.499461
-69.187959	65.852139	-38.517471
-69.194215	65.811160	-38.535674
-69.200304	65.770339	-38.554063
-69.206256	65.729652	-38.572630
-69.212098	65.689072	-38.591366
-69.217858	65.648577	-38.610261
-69.223562	65.608144	-38.629308
-69.229235	65.567749	-38.648498
-69.234902	65.527371	-38.667824
-69.240584	65.486990	-38.687278
-69.246303	65.446588	-38.706854
-69.252080	65.406145	-38.726546
-69.257932	65.365646	-38.746346
-69.263878	65.325073	-38.766249
-69.269935	65.284411	-38.786249
-69.276118	65.243646	-38.806341
-69.282443	65.202764	-38.826521
-69.288922	65.161753	-38.846784
-69.295568	65.120602	-38.867126
-69.302392	65.079298	-38.887544
-69.309403	65.037834	-38.908034
-69.316610	64.996200	-38.928595
-69.324018	64.954392	-38.949224
-69.331630	64.912405	-38.969921
-69.339449	64.870235	-38.990685
-69.347478	64.827879	-39.011516
-69.355717	64.785335	-39.032413
-69.364167	64.742602	-39.053378
-69.372827	64.699679	-39.074409
-69.381695	64.656566	-39.095508
-69.390770	64.613263	-39.116674
-69.400049	64.569774	-39.137910
-69.409528	64.526099	-39.159215
-69.419202	64.482243	-39.180591
-69.429066	64.438208	-39.202039
-69.439114	64.393999	-39.223560
-69.449338	64.349623	-39.245158
-69.459732	64.305085	-39.266833
-69.470285	64.260391	-39.288587
-69.480992	64.215549	-39.310422
-69.491843	64.170566	-39.332339
-69.502830	64.125449	-39.354339
-69.513944	64.080205	-39.376425
-69.525176	64.034842	-39.398597
-69.536516	63.989369	-39.420859
-69.547954	63.943793	-39.443211
-69.559481	63.898124	-39.465657
-69.571086	63.852370	-39.488199
-69.582759	63.806539	-39.510838
-69.594490	63.760642	-39.533578
-69.606267	63.714687	-39.556420
-69.618080	63.668684	-39.579367
-69.629919	63.622642	-39.602422
-69.641773	63.576571	-39.625585
-69.653663	63.530455	-39.648845
-69.665609	63.484279	-39.672188
-69.677629	63.438030	-39.695601
-69.689742	63.391695	-39.719075
-69.701961	63.345262	-39.742597
-69.714302	63.298723	-39.766159
-69.726778	63.252067	-39.789750
-69.739400	63.205286	-39.813361
-69.752180	63.158373	-39.836984
-69.765127	63.111322	-39.860611
-69.778251	63.064125	-39.884233
-69.791558	63.016778	-39.907843
-69.805057	62.969278	-39.931436
-69.818751	62.921622	-39.955004
-69.832646	62.873807	-39.978542
-69.846745	62.825831	-40.002045
-69.861052	62.777694	-40.025506
-69.875568	62.729395	-40.048922
-69.890297	62.680933	-40.072288
-69.905238	62.632311	-40.095598
-69.920392	62.583528	-40.118850
-69.935760	62.534585	-40.142039
-69.951341	62.485486	-40.165163
-69.967134	62.436232	-40.188218
-69.983136	62.386826	-40.211201
-69.999345	62.337271	-40.234111
-70.015759	62.287571	-40.256945
-70.032376	62.237729	-40.279700
-70.049191	62.187749	-40.302375
-70.066204	62.137634	-40.324968
-70.083410	62.087389	-40.347478
-70.100805	62.037016	-40.369902
-70.118388	61.986520	-40.392239
-70.136152	61.935906	-40.414488
-70.154095	61.885178	-40.436649
-70.172210	61.834342	-40.458721
-70.190491	61.783404	-40.480704
-70.208932	61.732371	-40.502598
-70.227527	61.681248	-40.524404
-70.246268	61.630043	-40.546122
-70.265148	61.578762	-40.567753
-70.284159	61.527414	-40.589298
-70.303295	61.476006	-40.610756
-70.322547	61.424546	-40.632130
-70.341907	61.373041	-40.653418
-70.361366	61.321502	-40.674623
-70.380917	61.269935	-40.695744
-70.400550	61.218350	-40.716783
-70.420257	61.166757	-40.737740
-70.440029	61.115164	-40.758617
-70.459855	61.063581	-40.779416
-70.479726	61.012018	-40.800136
-70.499633	60.960484	-40.820781
-70.519566	60.908990	-40.841351
-70.539516	60.857543	-40.861848
-70.559475	60.806155	-40.882272
-70.579434	60.754832	-40.902626
-70.599383	60.703586	-40.922910
-70.619314	60.652424	-40.943126
-70.639218	60.601355	-40.963276
-70.659088	60.550388	-40.983360
-70.678914	60.499533	-41.003381
-70.698688	60.448797	-41.023340
-70.718401	60.398189	-41.043239
-70.738046	60.347718	-41.063080
-70.757612	60.297393	-41.082864
-70.777093	60.247222	-41.102595
-70.796481	60.197212	-41.122274
-70.815766	60.147372	-41.141903
-70.834942	60.097710	-41.161484
-70.854001	60.048234	-41.181019
-70.872935	59.998950	-41.200511
-70.891738	59.949866	-41.219962
-70.910403	59.900989	-41.239373
-70.928922	59.852325	-41.258747
-70.947290	59.803881	-41.278086
-70.965502	59.755663	-41.297390
-70.983550	59.707677	-41.316664
-71.001429	59.659929	-41.335907
-71.019135	59.612424	-41.355122
-71.036661	59.565167	-41.374311
-71.054002	59.518165	-41.393476
-71.071152	59.471422	-41.412619
-71.088107	59.424945	-41.431742
-71.104860	59.378738	-41.450847
-71.121408	59.332807	-41.469936
-71.137745	59.287155	-41.489012
-71.153866	59.241788	-41.508075
-71.169768	59.196710	-41.527128
-71.185447	59.151925	-41.546173
-71.200899	59.107436	-41.565211
-71.216121	59.063247	-41.584244
-71.231108	59.019362	-41.603274
-71.245858	58.975784	-41.622302
-71.260368	58.932516	-41.641330
-71.274634	58.889561	-41.660360
-71.288655	58.846922	-41.679392
-71.302428	58.804600	-41.698428
-71.315952	58.762598	-41.717469
-71.329225	58.720917	-41.736515
-71.342247	58.679558	-41.755568
-71.355018	58.638521	-41.774626
-71.367539	58.597807	-41.793691
-71.379809	58.557415	-41.812761
-71.391831	58.517345	-41.831837
-71.403606	58.477595	-41.850918
-71.415136	58.438163	-41.870003
-71.426423	58.399049	-41.889092
-71.437472	58.360249	-41.908182
-71.448284	58.321761	-41.927274
-71.458864	58.283581	-41.946366
-71.469217	58.245706	-41.965455
-71.479345	58.208133	-41.984541
-71.489255	58.170857	-42.003621
-71.498951	58.133873	-42.022694
-71.508438	58.097178	-42.041758
-71.517723	58.060766	-42.060809
-71.526811	58.024632	-42.079846
-71.535709	57.988771	-42.098866
-71.544423	57.953177	-42.117867
-71.552959	57.917844	-42.136846
-71.561323	57.882767	-42.155800
-71.569523	57.847940	-42.174725
-71.576424	57.814279	-42.194293
-71.582100	57.781723	-42.214460
-71.586621	57.750215	-42.235188
-71.590053	57.719703	-42.256439
-71.592458	57.690134	-42.278180
-71.593895	57.661460	-42.300376
-71.594420	57.633637	-42.322997
-71.594086	57.606620	-42.346013
-71.592942	57.580369	-42.369396
-71.591037	57.554844	-42.393120
-71.588415	57.530009	-42.417160
-71.585118	57.505829	-42.441492
-71.581186	57.482271	-42.466094
-71.576658	57.459303	-42.490946
-71.571568	57.436896	-42.516026
-71.565952	57.415021	-42.541316
-71.559841	57.393652	-42.566798
-71.553266	57.372762	-42.592455
-71.546256	57.352329	-42.618271
-71.538838	57.332328	-42.644231
-71.531038	57.312739	-42.670320
-71.522881	57.293541	-42.696525
-71.514391	57.274713	-42.722832
-71.505590	57.256236	-42.749229
-71.496500	57.238092	-42.775704
-71.487142	57.220264	-42.802247
-71.477536	57.202734	-42.828846
-71.467699	57.185487	-42.855491
-71.457651	57.168506	-42.882172
-71.447408	57.151779	-42.908881
-71.436987	57.135290	-42.935609
-71.426402	57.119027	-42.962347
-71.415668	57.102978	-42.989087
-71.404800	57.087130	-43.015822
-71.393809	57.071472	-43.042545
-71.382710	57.055993	-43.069249
-71.371514	57.040685	-43.095927
-71.360231	57.025536	-43.122572
-71.348874	57.010538	-43.149180
-71.337451	56.995682	-43.175745
-71.325973	56.980960	-43.202261
-71.314449	56.966364	-43.228722
-71.302888	56.951886	-43.255125
-71.291298	56.937521	-43.281465
-71.279687	56.923261	-43.307736
-71.268062	56.909100	-43.333936
-71.256430	56.895032	-43.360060
-71.244799	56.881051	-43.386103
-71.233174	56.867153	-43.412064
-71.221561	56.853332	-43.437938
-71.209966	56.839583	-43.463721
-71.199332	56.825162	-43.488846
-71.189598	56.810116	-43.513347
-71.180709	56.794489	-43.537258
-71.172613	56.778322	-43.560612
-71.165260	56.761656	-43.583437
-71.158603	56.744528	-43.605763
-71.152597	56.726973	-43.627617
-71.147201	56.709024	-43.649023
-71.142375	56.690712	-43.670006
-71.138082	56.672068	-43.690588
-71.133437	56.653788	-43.711306
-71.128464	56.635852	-43.732146
-71.123190	56.618240	-43.753093
-71.117636	56.600934	-43.774132
-71.111826	56.583916	-43.795251
-71.105780	56.567170	-43.816437
-71.100314	56.550053	-43.837194
-71.095391	56.532596	-43.857546
-71.090975	56.514825	-43.877514
-71.087034	56.496766	-43.897117
-71.083537	56.478443	-43.916376
-71.080455	56.459878	-43.935307
-71.077761	56.441093	-43.953929
-71.075430	56.422107	-43.972255
-71.073438	56.402938	-43.990303
-71.071762	56.383604	-44.008084
-71.070383	56.364120	-44.025613
-71.069280	56.344501	-44.042902
-71.068434	56.324762	-44.059963
-71.067828	56.304916	-44.076806
-71.067447	56.284976	-44.093442
-71.067274	56.264953	-44.109881
-71.067294	56.244857	-44.126132
-71.067495	56.224700	-44.142204
-71.067863	56.204492	-44.158105
-71.068387	56.184240	-44.173843
-71.069054	56.163954	-44.189425
-71.069854	56.143642	-44.204858
-71.070777	56.123312	-44.220149
-71.071167	56.103475	-44.235702
-71.071058	56.084104	-44.251497
-71.070481	56.065175	-44.267515
-71.069468	56.046663	-44.283737
-71.068046	56.028545	-44.300146
-71.066242	56.010800	-44.316727
-71.064083	55.993408	-44.333464
-71.061592	55.976349	-44.350343
-71.058791	55.959605	-44.367349
-71.055704	55.943159	-44.384471
-71.052349	55.926995	-44.401695
-71.048747	55.911099	-44.419010
-71.044915	55.895455	-44.436405
-71.040870	55.880050	-44.453869
-71.036629	55.864871	-44.471391
-71.032208	55.849907	-44.488963
-71.027620	55.835146	-44.506576
-71.022879	55.820578	-44.524220
-71.018000	55.806191	-44.541888
-71.012993	55.791977	-44.559571
-71.007871	55.777926	-44.577262
-71.003182	55.763614	-44.594622
-70.998898	55.749060	-44.611666
-70.994994	55.734286	-44.628410
-70.991447	55.719309	-44.644868
-70.988235	55.704146	-44.661054
-70.985336	55.688815	-44.676981
-70.982731	55.673330	-44.692661
-70.980401	55.657707	-44.708105
-70.978329	55.641958	-44.723324
-70.976498	55.626096	-44.738328
-70.974893	55.610135	-44.753127
-70.973500	55.594084	-44.767729
-70.972304	55.577954	-44.782142
-70.971293	55.561757	-44.796376
-70.970455	55.545500	-44.810436
-70.969778	55.529194	-44.824331
-70.969251	55.512845	-44.838067
-70.968865	55.496463	-44.851650
-70.968610	55.480053	-44.865086
-70.968477	55.463623	-44.878381
-70.968459	55.447179	-44.891538
-70.968548	55.430726	-44.904564
-70.968737	55.414270	-44.917463
-70.969019	55.397817	-44.930238
-70.969388	55.381369	-44.942894
-70.969838	55.364933	-44.955433
-70.970365	55.348512	-44.967860
-70.970963	55.332110	-44.980178
-70.971628	55.315730	-44.992389
-70.972355	55.299376	-45.004496
-70.973139	55.283050	-45.016502
-70.973978	55.266756	-45.028409
-70.974868	55.250496	-45.040220
-70.975806	55.234272	-45.051937
-70.976787	55.218087	-45.063562
-70.977810	55.201943	-45.075097
-70.978872	55.185841	-45.086543
-70.979970	55.169784	-45.097904
-70.981101	55.153773	-45.109179
-70.982264	55.137809	-45.120372
-70.983456	55.121896	-45.131484
-70.984674	55.106032	-45.142516
-70.985917	55.090221	-45.153469
-70.987184	55.074463	-45.164346
-70.988472	55.058759	-45.175148
-70.989363	55.043430	-45.186138
-70.989883	55.028458	-45.197303
-70.990054	55.013824	-45.208627
-70.989897	54.999512	-45.220098
-70.989433	54.985506	-45.231703
-70.988681	54.971791	-45.243431
-70.987659	54.958352	-45.255270
-70.986383	54.945177	-45.267211
-70.984870	54.932252	-45.279244
-70.983134	54.919566	-45.291359
-70.981190	54.907108	-45.303548
-70.979050	54.894868	-45.315803
-70.976728	54.882834	-45.328117
-70.974234	54.870999	-45.340482
-70.971581	54.859353	-45.352892
-70.968778	54.847888	-45.365340
-70.965835	54.836595	-45.377820
-70.962762	54.825469	-45.390328
-70.959567	54.814501	-45.402857
-70.956258	54.803684	-45.415404
-70.952844	54.793014	-45.427962
-70.949331	54.782483	-45.440528
-70.945727	54.772086	-45.453097
-70.942037	54.761818	-45.465666
-70.938269	54.751674	-45.478232
-70.934428	54.741649	-45.490790
-70.930519	54.731738	-45.503337
-70.926548	54.721938	-45.515872
-70.922520	54.712244	-45.528389
-70.918438	54.702653	-45.540888
-70.914307	54.693161	-45.553365
-70.910132	54.683765	-45.565818
-70.905916	54.674461	-45.578246
-70.901662	54.665247	-45.590645
-70.897375	54.656119	-45.603014
-70.893057	54.647076	-45.615352
-70.888711	54.638113	-45.627656
-70.884341	54.629230	-45.639925
-70.879948	54.620423	-45.652157
-70.875536	54.611690	-45.664352
-70.871107	54.603030	-45.676507
-70.866663	54.594439	-45.688622
-70.862206	54.585918	-45.700696
-70.857738	54.577463	-45.712727
-70.853262	54.569072	-45.724715
-70.848778	54.560746	-45.736659
-70.844288	54.552481	-45.748557
-70.839794	54.544277	-45.760410
-70.835298	54.536132	-45.772216
-70.830799	54.528045	-45.783976
-70.826300	54.520015	-45.795688
-70.821801	54.512042	-45.807353
-70.817304	54.504123	-45.818969
-70.812808	54.496260	-45.830537
-70.808315	54.488450	-45.842056
-70.803826	54.480693	-45.853527
-70.799340	54.472989	-45.864948
-70.794858	54.465336	-45.876321
-70.790380	54.457735	-45.887645
-70.785908	54.450185	-45.898919
-70.781441	54.442686	-45.910145
-70.776979	54.435236	-45.921321
-70.772523	54.427836	-45.932449
-70.768073	54.420486	-45.943527
-70.763630	54.413184	-45.954557
-70.759193	54.405930	-45.965537
-70.754763	54.398724	-45.976468
-70.750341	54.391566	-45.987351
-70.745926	54.384454	-45.998184
-70.741520	54.377388	-46.008968
-70.737122	54.370368	-46.019703
-70.732733	54.363394	-46.030389
-70.728353	54.356464	-46.041026
-70.723983	54.349578	-46.051614
-70.719623	54.342736	-46.062152
-70.715273	54.335937	-46.072642
-70.710934	54.329181	-46.083082
-70.706606	54.322467	-46.093474
-70.702289	54.315794	-46.103816
-70.697984	54.309163	-46.114110
-70.693690	54.302573	-46.124354
-70.689409	54.296023	-46.134549
-70.685141	54.289512	-46.144695
-70.680887	54.283040	-46.154792
-70.676647	54.276606	-46.164840
-70.672421	54.270210	-46.174838
-70.668210	54.263851	-46.184786
-70.664015	54.257528	-46.194685
-70.659836	54.251240	-46.204533
-70.655674	54.244987	-46.214332
-70.651530	54.238769	-46.224080
-70.647403	54.232584	-46.233779
-70.643295	54.226431	-46.243427
-70.639206	54.220311	-46.253024
-70.635136	54.214223	-46.262571
-70.631087	54.208165	-46.272067
-70.627057	54.202138	-46.281513
-70.623049	54.196142	-46.290908
-70.619061	54.190174	-46.300253
-70.615094	54.184236	-46.309547
-70.611149	54.178327	-46.318791
-70.607225	54.172446	-46.327984
-70.603323	54.166593	-46.337128
-70.599443	54.160768	-46.346221
-70.595585	54.154971	-46.355264
-70.591748	54.149201	-46.364257
-70.587934	54.143458	-46.373200
-70.584142	54.137742	-46.382094
-70.580371	54.132053	-46.390939
-70.576623	54.126391	-46.399735
-70.572896	54.120755	-46.408481
-70.569191	54.115146	-46.417179
-70.565507	54.109563	-46.425829
-70.561844	54.104007	-46.434430
-70.558203	54.098477	-46.442984
-70.554583	54.092973	-46.451490
-70.550983	54.087496	-46.459949
-70.547405	54.082044	-46.468360
-70.543846	54.076619	-46.476725
-70.540309	54.071219	-46.485043
-70.536792	54.065846	-46.493314
-70.533295	54.060498	-46.501539
-70.529818	54.055176	-46.509718
-70.526362	54.049879	-46.517850
-70.522926	54.044608	-46.525937
-70.519510	54.039362	-46.533978
-70.516114	54.034142	-46.541974
-70.512739	54.028946	-46.549924
-70.509383	54.023776	-46.557829
-70.506046	54.018631	-46.565689
-70.502730	54.013510	-46.573505
-70.499433	54.008415	-46.581276
-70.496156	54.003344	-46.589002
-70.492897	53.998298	-46.596685
-70.489657	53.993277	-46.604324
-70.486436	53.988281	-46.611920
-70.483234	53.983310	-46.619472
-70.480049	53.978363	-46.626982
-70.476883	53.973442	-46.634450
-70.473733	53.968545	-46.641876
-70.470601	53.963674	-46.649260
-70.467486	53.958827	-46.656603
-70.464388	53.954006	-46.663905
-70.461305	53.949210	-46.671167
-70.458239	53.944439	-46.678389
-70.455188	53.939693	-46.685571
-70.452152	53.934973	-46.692714
-70.449132	53.930278	-46.699818
-70.446125	53.925608	-46.706884
-70.443134	53.920964	-46.713912
-70.440156	53.916345	-46.720902
-70.437191	53.911751	-46.727855
-70.434240	53.907184	-46.734771
-70.431302	53.902641	-46.741651
-70.428377	53.898125	-46.748494
-70.425464	53.893634	-46.755302
-70.422563	53.889168	-46.762075
-70.419673	53.884728	-46.768813
-70.416795	53.880314	-46.775517
-70.413928	53.875926	-46.782187
-70.411072	53.871563	-46.788823
-70.408226	53.867226	-46.795425
-70.405391	53.862915	-46.801995
-70.402565	53.858630	-46.808532
-70.399749	53.854371	-46.815037
-70.396943	53.850137	-46.821511
-70.394145	53.845929	-46.827953
-70.391357	53.841746	-46.834363
-70.388577	53.837590	-46.840743
-70.385806	53.833458	-46.847092
-70.383043	53.829352	-46.853411
-70.380289	53.825272	-46.859701
-70.377543	53.821216	-46.865960
-70.374805	53.817186	-46.872190
-70.372074	53.813181	-46.878391
-70.369352	53.809201	-46.884563
-70.366637	53.805245	-46.890707
-70.363929	53.801315	-46.896823
-70.361229	53.797408	-46.902910
-70.358535	53.793526	-46.908970
-70.355849	53.789669	-46.915003
-70.353171	53.785835	-46.921009
-70.350499	53.782025	-46.926988
-70.347834	53.778239	-46.932940
-70.345176	53.774476	-46.938866
-70.342525	53.770736	-46.944766
-70.339881	53.767019	-46.950640
-70.337244	53.763325	-46.956489
-70.334614	53.759653	-46.962312
-70.331991	53.756004	-46.968110
-70.329374	53.752377	-46.973883
-70.326764	53.748772	-46.979632
-70.324161	53.745188	-46.985356
-70.321565	53.741626	-46.991056
-70.318976	53.738085	-46.996731
-70.316393	53.734565	-47.002383
-70.313818	53.731065	-47.008011
-70.311249	53.727587	-47.013616
-70.308687	53.724128	-47.019198
-70.306132	53.720690	-47.024756
-70.303583	53.717272	-47.030292
-70.301042	53.713874	-47.035804
-70.298507	53.710496	-47.041295
-70.295979	53.707136	-47.046763
-70.293457	53.703796	-47.052208
-70.290943	53.700475	-47.057632
-70.288435	53.697173	-47.063034
-70.285935	53.693890	-47.068414
-70.283441	53.690625	-47.073772
-70.280954	53.687378	-47.079110
-70.278474	53.684149	-47.084425
-70.276000	53.680939	-47.089720
-70.273534	53.677746	-47.094994
-70.271074	53.674571	-47.100247
-70.268621	53.671414	-47.105479
-70.266175	53.668273	-47.110691
-70.263736	53.665150	-47.115882
-70.261303	53.662044	-47.121053
-70.258878	53.658955	-47.126204
-70.256460	53.655882	-47.131334
-70.254048	53.652826	-47.136445
-70.251643	53.649787	-47.141536
-70.249246	53.646763	-47.146607
-70.246855	53.643756	-47.151658
-70.244471	53.640765	-47.156691
-70.242094	53.637789	-47.161703
-70.239724	53.634830	-47.166697
-70.237360	53.631886	-47.171671
-70.235004	53.628957	-47.176626
-70.232654	53.626044	-47.181563
-70.230311	53.623146	-47.186480
-70.227976	53.620263	-47.191379
-70.225647	53.617396	-47.196260
-70.223325	53.614543	-47.201121
-70.221010	53.611704	-47.205965
-70.218701	53.608881	-47.210790
-70.216400	53.606071	-47.215596
-70.214106	53.603277	-47.220385
-70.211818	53.600496	-47.225156
-70.209537	53.597730	-47.229909
-70.207263	53.594977	-47.234644
-70.204996	53.592239	-47.239361
-70.202736	53.589514	-47.244061
-70.200482	53.586804	-47.248743
-70.198235	53.584107	-47.253407
-70.195995	53.581423	-47.258055
-70.193762	53.578753	-47.262685
-70.191536	53.576096	-47.267298
-70.189316	53.573453	-47.271894
-70.187103	53.570823	-47.276473
-70.184897	53.568205	-47.281036
-70.182697	53.565601	-47.285581
-70.180504	53.563010	-47.290110
-70.178318	53.560431	-47.294622
-70.176139	53.557865	-47.299118
-70.173966	53.555311	-47.303597
-70.171800	53.552770	-47.308060
-70.169640	53.550242	-47.312507
-70.167487	53.547725	-47.316938
-70.165341	53.545221	-47.321352
-70.163202	53.542729	-47.325751
-70.161069	53.540249	-47.330133
-70.158942	53.537781	-47.334500
-70.156823	53.535324	-47.338851
-70.154710	53.532879	-47.343186
-70.152603	53.530446	-47.347506
-70.150503	53.528025	-47.351811
-70.148410	53.525615	-47.356100
-70.146323	53.523216	-47.360373
-70.144242	53.520829	-47.364632
-70.142169	53.518452	-47.368875
-70.140101	53.516087	-47.373103
-70.138041	53.513733	-47.377316
-70.135986	53.511390	-47.381515
-70.133939	53.509058	-47.385698
-70.131897	53.506736	-47.389867
-70.129863	53.504425	-47.394021
-70.127834	53.502125	-47.398161
-70.125812	53.499835	-47.402285
-70.123797	53.497555	-47.406396
-70.121788	53.495286	-47.410492
-70.119785	53.493027	-47.414574
-70.117789	53.490778	-47.418642
-70.115800	53.488539	-47.422695
-70.113816	53.486311	-47.426735
-70.111839	53.484092	-47.430760
-70.109869	53.481883	-47.434772
-70.107905	53.479683	-47.438769
-70.105947	53.477494	-47.442754
-70.103996	53.475313	-47.446724
-70.102051	53.473143	-47.450681
-70.100112	53.470981	-47.454624
-70.098180	53.468829	-47.458554
-70.096254	53.466686	-47.462470
-70.094334	53.464552	-47.466374
-70.092421	53.462428	-47.470264
-70.090514	53.460312	-47.474141
-70.088613	53.458205	-47.478004
-70.086719	53.456107	-47.481855
-70.084831	53.454018	-47.485693
-70.082949	53.451937	-47.489519
-70.081073	53.449865	-47.493331
-70.079204	53.447801	-47.497131
-70.077340	53.445746	-47.500918
-70.075483	53.443699	-47.504693
-70.073632	53.441660	-47.508456
-70.071788	53.439630	-47.512206
-70.069949	53.437608	-47.515944
-70.068116	53.435593	-47.519669
-70.066290	53.433587	-47.523383
-70.064470	53.431589	-47.527084
-70.062656	53.429598	-47.530774
-70.060848	53.427616	-47.534451
