-11.444113	250.151641	95.058287
-11.423703	250.036096	95.081084
-11.407700	249.909301	95.104778
-11.396120	249.771248	95.129383
-11.388983	249.621930	95.154910
-11.386307	249.461340	95.181377
-11.388114	249.289468	95.208797
-11.394426	249.106304	95.237189
-11.405266	248.911840	95.266570
-11.420660	248.706064	95.296959
-11.440633	248.488964	95.328378
-11.465213	248.260529	95.360847
-11.494429	248.020745	95.394390
-11.528311	247.769599	95.429029
-11.566890	247.507076	95.464791
-11.610198	247.233162	95.501699
-11.658270	246.947839	95.539783
-11.711141	246.651092	95.579068
-11.768847	246.342903	95.619586
-11.831426	246.023253	95.661365
-11.898918	245.692125	95.704438
-11.971361	245.349498	95.748836
-12.048799	244.995351	95.794592
-12.131273	244.629663	95.841742
-12.218828	244.252413	95.890319
-12.311509	243.863576	95.940361
-12.409363	243.463129	95.991906
-12.512437	243.051048	96.044990
-12.620780	242.627307	96.099654
-12.734442	242.191879	96.155937
-12.853476	241.744737	96.213881
-12.977933	241.285853	96.273528
-13.107868	240.815197	96.334921
-13.167841	240.601607	96.362893
-13.233372	240.376202	96.392674
-13.304486	240.138967	96.424286
-13.381212	239.889887	96.457750
-13.463577	239.628947	96.493089
-13.551611	239.356128	96.530328
-13.645346	239.071413	96.569490
-13.744813	238.774783	96.610601
-13.850047	238.466219	96.653688
-13.961082	238.145700	96.698780
-14.077954	237.813205	96.745904
-14.200701	237.468711	96.795089
-14.329359	237.112195	96.846367
-14.463970	236.743633	96.899769
-14.604573	236.363001	96.955327
-14.751211	235.970271	97.013073
-14.903927	235.565417	97.073042
-15.062764	235.148412	97.135269
-15.227769	234.719225	97.199790
-15.398987	234.277828	97.266639
-15.576467	233.824189	97.335856
-15.657694	233.618276	97.367509
-15.745253	233.400075	97.401585
-15.839168	233.169569	97.438100
-15.939462	232.926744	97.477075
-16.046162	232.671581	97.518528
-16.159295	232.404062	97.562481
-16.278887	232.124168	97.608954
-16.404969	231.831878	97.657971
-16.537571	231.527172	97.709555
-16.676723	231.210027	97.763730
-16.822460	230.880420	97.820520
-16.974813	230.538326	97.879952
-17.133820	230.183722	97.942052
-17.299514	229.816579	98.006847
-17.471934	229.436872	98.074365
-17.651118	229.044571	98.144636
-17.837105	228.639647	98.217688
-18.029935	228.222070	98.293552
-18.229650	227.791808	98.372259
-18.436292	227.348828	98.453840
-18.529885	227.149153	98.490857
-18.630469	226.936712	98.530796
-18.738065	226.711487	98.573671
-18.852693	226.473461	98.619498
-18.974378	226.222617	98.668294
-19.103144	225.958934	98.720077
-19.239015	225.682392	98.774864
-19.382018	225.392969	98.832676
-19.532181	225.090643	98.893531
-19.689532	224.775390	98.957451
-19.854101	224.447186	99.024456
-20.025918	224.112527	99.079781
-20.205016	223.771432	99.123380
-20.391427	223.423917	99.155207
-20.585185	223.069999	99.175213
-20.786325	222.709694	99.183349
-20.994884	222.343019	99.179565
-21.210898	221.969990	99.163808
-21.434405	221.590623	99.136026
-21.665445	221.204934	99.096164
-21.904059	220.812939	99.044166
-22.150286	220.414653	98.979975
-22.404169	220.010091	98.903533
-22.665752	219.599268	98.814780
-22.784614	219.415203	98.770151
-22.911240	219.224897	98.713122
-23.045651	219.028358	98.643664
-23.187868	218.825590	98.561748
-23.337916	218.616600	98.467342
-23.495817	218.401393	98.360414
-23.661598	218.179973	98.240928
-23.835286	217.952345	98.108850
-24.016906	217.718513	97.964142
-24.206488	217.478482	97.806768
-24.404061	217.232255	97.636687
-24.609655	216.979835	97.453859
-24.823303	216.721225	97.258241
-25.045035	216.456428	97.049791
-25.274887	216.185445	96.828463
-25.512891	215.908277	96.594212
-25.759084	215.624926	96.346990
-26.013502	215.335392	96.086749
-26.276181	215.039675	95.813439
-26.547161	214.737773	95.527009
-26.669020	214.603364	95.396301
-26.799235	214.462769	95.252396
-26.937826	214.315986	95.095270
-27.084811	214.163014	94.924896
-27.240211	214.003851	94.741248
-27.404047	213.838493	94.544296
-27.576343	213.666938	94.334010
-27.757121	213.489182	94.110359
-27.946405	213.305220	93.873311
-28.144222	213.115048	93.622830
-28.350597	212.918659	93.358882
-28.565558	212.716049	93.081431
-28.789132	212.507210	92.790437
-29.021349	212.292134	92.485863
-29.262239	212.070814	92.167668
-29.511832	211.843241	91.835809
-29.770160	211.609404	91.490244
-29.887719	211.503722	91.332095
-30.014061	211.391762	91.160175
-30.149201	211.273518	90.974463
-30.293156	211.148984	90.774937
-30.445942	211.018153	90.561572
-30.607580	210.881018	90.334343
-30.778087	210.737570	90.093223
-30.957485	210.587801	89.838185
-31.145795	210.431701	89.569199
-31.343038	210.269260	89.286235
-31.549239	210.100468	88.989260
-31.764420	209.925311	88.678243
-31.988607	209.743778	88.353149
-32.221825	209.555854	88.013941
-32.464101	209.361527	87.660584
-32.715461	209.160779	87.293038
-32.830458	209.069309	87.124489
-32.954581	208.971396	86.941694
-33.087843	208.867031	86.744635
-33.230258	208.756205	86.533291
-33.381843	208.638908	86.307641
-33.542614	208.515130	86.067660
-33.712587	208.384859	85.813326
-33.891782	208.248083	85.544612
-34.080216	208.104788	85.261491
-34.277911	207.954961	84.963935
-34.484885	207.798587	84.651914
-34.701161	207.635649	84.325399
-34.926762	207.466131	83.984356
-35.161709	207.290014	83.628752
-35.406027	207.107281	83.258554
-35.659741	206.917910	82.873726
-35.773554	206.833122	82.700932
-35.896799	206.741666	82.513455
-36.029488	206.643532	82.311276
-36.171634	206.538708	82.094377
-36.323251	206.427181	81.862736
-36.484353	206.308940	81.616334
-36.654957	206.183969	81.355145
-36.835078	206.052253	81.079148
-37.024733	205.913776	80.788315
-37.223941	205.768521	80.482621
-37.432720	205.616469	80.162037
-37.651090	205.457601	79.826535
-37.879070	205.291896	79.476084
-38.116682	205.119333	79.110652
-38.363947	204.939888	78.730208
-38.477244	204.857718	78.555818
-38.600226	204.768630	78.366365
-38.732905	204.672614	78.161834
-38.875293	204.569656	77.942205
-39.027402	204.459741	77.707461
-39.189245	204.342854	77.457579
-39.360837	204.218978	77.192538
-39.542193	204.088096	76.912316
-39.733328	203.950190	76.616888
-39.934258	203.805238	76.306228
-40.145002	203.653220	75.980310
-40.365576	203.494113	75.639106
-40.595999	203.327894	75.282588
-40.836291	203.154538	74.910724
-41.086470	202.974018	74.523483
-41.199444	202.892482	74.348586
-41.322335	202.803742	74.158266
-41.455155	202.707785	73.952506
-41.597913	202.604594	73.731289
-41.750621	202.494154	73.494597
-41.913292	202.376448	73.242410
-42.085937	202.251457	72.974708
-42.268572	202.119160	72.691468
-42.461211	201.979537	72.392668
-42.663867	201.832565	72.078282
-42.876558	201.678219	71.748286
-43.099299	201.516475	71.402652
-43.332108	201.347307	71.041353
-43.575002	201.170684	70.664360
-43.687667	201.088698	70.489475
-43.810443	200.999216	70.298851
-43.943341	200.902221	70.092473
-44.086369	200.797697	69.870326
-44.239539	200.685627	69.632391
-44.402860	200.565992	69.378650
-44.576347	200.438770	69.109083
-44.760010	200.303940	68.823668
-44.953864	200.161478	68.522383
-45.157921	200.011359	68.205205
-45.372197	199.853558	67.872110
-45.596707	199.688046	67.523070
-45.831466	199.514793	67.158061
-46.076491	199.333769	66.777053
-46.188780	199.250718	66.602428
-46.311359	199.159848	66.411763
-46.444237	199.061143	66.205043
-46.587422	198.954583	65.982253
-46.740924	198.840150	65.743375
-46.904752	198.717824	65.488392
-47.078919	198.587580	65.217284
-47.263436	198.449396	64.930031
-47.458314	198.303246	64.626613
-47.663567	198.149102	64.307005
-47.879207	197.986936	63.971186
-48.105249	197.816717	63.619129
-48.341707	197.638413	63.250810
-48.588595	197.451990	62.866201
-48.700412	197.367443	62.691992
-48.822681	197.274725	62.501453
-48.955411	197.173818	62.294571
-49.098609	197.064703	62.071330
-49.252285	196.947359	61.831715
-49.416448	196.821763	61.575709
-49.591107	196.687890	61.303293
-49.776273	196.545716	61.014448
-49.971958	196.395211	60.709154
-50.178172	196.236347	60.387389
-50.394928	196.069092	60.049131
-50.622238	195.893413	59.694355
-50.860116	195.709276	59.323039
-51.108574	195.516642	58.935155
-51.219810	195.430262	58.761475
-51.341647	195.335330	58.571189
-51.474092	195.231827	58.364285
-51.617152	195.119733	58.140749
-51.770834	194.999024	57.900565
-51.935148	194.869676	57.643718
-52.110102	194.731664	57.370190
-52.295705	194.584958	57.079963
-52.491969	194.429530	56.773018
-52.698901	194.265347	56.449334
-52.916515	194.092375	56.108889
-53.144821	193.910580	55.751662
-53.383831	193.719922	55.377629
-53.494419	193.631549	55.204539
-53.615730	193.534257	55.014607
-53.747768	193.428024	54.807823
-53.890539	193.312829	54.584171
-54.044052	193.188647	54.343639
-54.208314	193.055454	54.086210
-54.383332	192.913220	53.811869
-54.569116	192.761917	53.520598
-54.765674	192.601511	53.212378
-54.973015	192.431970	52.887191
-55.191150	192.253249	52.545047
-55.420088	192.065318	52.185894
-55.659840	191.868087	51.809894
-55.769815	191.777384	51.637620
-55.890620	191.677254	51.448712
-56.022260	191.567658	51.243223
-56.164741	191.448564	51.021175
-56.318070	191.319935	50.782606
-56.482252	191.181722	50.527575
-56.657296	191.033865	50.256195
-56.843208	190.876303	49.968564
-57.039997	190.708958	49.664836
-57.247671	190.531740	49.345209
-57.466238	190.344561	49.009866
-57.695709	190.147334	48.658983
-57.936091	189.939967	48.292740
-58.047158	189.843794	48.124173
-58.169152	189.737535	47.939768
-58.302075	189.621172	47.739507
-58.445935	189.494777	47.522994
-58.600736	189.358326	47.290212
-58.766485	189.211792	47.041144
-58.943188	189.055131	46.775840
-59.130851	188.888319	46.494253
-59.329481	188.711313	46.196401
-59.539086	188.524058	45.882347
-59.759674	188.326509	45.552101
-59.991252	188.118600	45.205762
-60.233829	187.900257	44.843437
-60.345097	187.799839	44.677497
-60.467375	187.689020	44.495138
-60.600668	187.567782	44.296325
-60.744980	187.436110	44.081015
-60.900316	187.293979	43.849179
-61.066681	187.141368	43.600775
-61.244080	186.978248	43.335780
-61.432521	186.804592	43.054152
-61.632007	186.620359	42.755898
-61.842546	186.425516	42.440979
-62.064144	186.220023	42.109379
-62.296808	186.003827	41.761126
-62.540545	185.776879	41.396225
-62.650822	185.673975	41.231149
-62.772182	185.560310	41.049133
-62.904628	185.435859	40.850158
-63.048163	185.300597	40.634217
-63.202793	185.154500	40.401275
-63.368521	184.997541	40.151304
-63.545351	184.829691	39.884269
-63.733289	184.650919	39.600141
-63.932339	184.461189	39.298894
-64.142507	184.260466	38.980482
-64.363797	184.048716	38.644854
-64.596216	183.825894	38.291988
-64.704905	183.721497	38.126798
-64.824730	183.606022	37.944032
-64.955695	183.479459	37.743609
-65.097801	183.341782	37.525505
-65.251052	183.192960	37.289723
-65.415452	183.032952	37.036284
-65.591005	182.861720	36.765187
-65.777713	182.679223	36.476441
-65.975582	182.485416	36.170054
-66.184615	182.280253	35.846020
-66.404816	182.063680	35.504373
-66.636189	181.835640	35.145141
-66.742928	181.730213	34.979333
-66.860845	181.613284	34.795717
-66.989942	181.484844	34.594182
-67.130224	181.344878	34.374650
-67.281690	181.193355	34.137111
-67.444346	181.030239	33.881555
-67.618192	180.855492	33.607980
-67.803232	180.669065	33.316419
-67.999469	180.470906	33.006916
-68.206906	180.260958	32.679521
-68.425546	180.039158	32.334294
-68.655392	179.805439	31.971322
-68.760424	179.698380	31.805471
-68.876667	179.579341	31.621754
-69.004121	179.448307	31.420095
-69.142789	179.305250	31.200470
-69.292672	179.150138	30.962873
-69.453772	178.982934	30.707301
-69.626091	178.803592	30.433786
-69.809630	178.612058	30.142391
-70.004393	178.408269	29.833223
-70.210380	178.192159	29.506380
-70.427594	177.963659	29.161976
-70.656037	177.722698	28.800104
-70.760048	177.612685	28.635547
-70.875291	177.490146	28.453423
-71.001765	177.355043	28.253780
-71.139473	177.207339	28.036659
-71.288414	177.046995	27.802085
-71.448590	176.873967	27.550104
-71.620002	176.688203	27.280789
-71.802651	176.489651	26.994205
-71.996538	176.278247	26.690465
-72.201663	176.053919	26.369723
-72.418028	175.816592	26.032146
-72.645632	175.566188	25.677901
-72.749587	175.451473	25.516550
-72.864782	175.323650	25.338180
-72.991219	175.182681	25.142855
-73.128897	175.028527	24.930615
-73.277816	174.861152	24.701485
-73.437977	174.680502	24.455571
-73.609380	174.486522	24.192984
-73.792025	174.279155	23.913831
-73.985911	174.058341	23.618222
-74.191039	173.824017	23.306262
-74.407408	173.576110	22.978112
-74.635018	173.314544	22.633948
-74.739281	173.194364	22.476830
-74.854783	173.060511	22.303184
-74.981525	172.912945	22.113092
-75.119505	172.751623	21.906635
-75.268723	172.576501	21.683901
-75.429178	172.387528	21.444991
-75.600870	172.184651	21.190023
-75.783798	171.967808	20.919137
-75.977960	171.736941	20.632456
-76.183355	171.491982	20.330133
-76.399982	171.232864	20.012318
-76.627838	170.959517	19.679160
-76.732437	170.833669	19.526775
-76.848262	170.693595	19.358299
-76.975313	170.539256	19.173834
-77.113588	170.370607	18.973485
-77.263086	170.187598	18.757408
-77.423806	169.990176	18.525731
-77.595745	169.778286	18.278595
-77.778901	169.551869	18.016158
-77.973273	169.310864	17.738577
-78.178857	169.055205	17.446007
-78.395652	168.784832	17.138563
-78.623653	168.499680	16.816358
-78.728424	168.368278	16.668857
-78.844397	168.222106	16.505683
-78.971570	168.061125	16.326938
-79.109940	167.885293	16.132737
-79.259506	167.694558	15.923243
-79.420264	167.488868	15.698612
-79.592213	167.268169	15.459014
-79.775350	167.032399	15.204639
-79.969669	166.781495	14.935694
-80.175169	166.515390	14.652381
-80.391845	166.234017	14.354910
-80.619692	165.937301	14.043519
-80.724455	165.800491	13.901014
-80.840382	165.648352	13.743462
-80.967471	165.480846	13.571000
-81.105718	165.297926	13.383788
-81.255120	165.099544	13.182018
-81.415674	164.885646	12.965879
-81.587376	164.656174	12.735610
-81.770222	164.411067	12.491467
-81.964207	164.150261	12.233689
-82.169326	163.873691	11.962524
-82.385574	163.581290	11.678225
-82.612944	163.272986	11.381059
-82.717937	163.130222	11.244696
-82.834044	162.971563	11.094203
-82.961259	162.796971	10.929744
-83.099581	162.606400	10.751502
-83.249004	162.399802	10.559722
-83.409524	162.177123	10.354652
-83.581137	161.938307	10.136566
-83.763836	161.683297	9.905714
-83.957616	161.412030	9.662417
-84.162470	161.124442	9.406965
-84.378392	160.820468	9.139675
-84.605374	160.500037	8.860895
-84.710928	160.350616	8.732319
-84.827529	160.184744	8.590734
-84.955174	160.002381	8.436379
-85.093858	159.803485	8.269440
-85.243576	159.588012	8.090143
-85.404322	159.355915	7.898729
-85.576090	159.107142	7.695451
-85.758872	158.841641	7.480572
-85.952663	158.559353	7.254421
-86.157454	158.260218	7.017349
-86.373236	157.944174	6.769702
-86.600000	157.611157	6.511824
-86.706162	157.454838	6.392266
-86.823292	157.281540	6.260804
-86.951384	157.091223	6.117719
-87.090433	156.883848	5.963292
-87.240433	156.659371	5.797775
-87.401376	156.417749	5.621415
-87.573255	156.158935	5.434477
-87.756062	155.882883	5.237203
-87.949789	155.589541	5.029863
-88.154425	155.278856	4.812751
-88.369961	154.950773	4.586199
-88.596386	154.605234	4.350515
-88.833688	154.242179	4.106067
-88.940405	154.078499	3.997346
-89.057981	153.897282	3.877823
-89.186409	153.698492	3.747800
-89.325682	153.482094	3.607581
-89.475794	153.248049	3.457406
-89.636734	152.996319	3.297536
-89.808495	152.726861	3.128234
-89.991067	152.439630	2.949759
-90.184439	152.134583	2.762383
-90.388599	151.811669	2.566410
-90.603536	151.470840	2.362158
-90.829237	151.112043	2.149960
-91.065687	150.735224	1.930174
-91.172342	150.564833	1.832238
-91.289726	150.376374	1.724571
-91.417830	150.169815	1.607499
-91.556646	149.945125	1.481304
-91.706164	149.702271	1.346194
-91.866376	149.441218	1.202358
-92.037270	149.161927	1.050060
-92.218835	148.864359	0.889541
-92.411059	148.548472	0.721073
-92.613927	148.214223	0.544921
-92.827427	147.861567	0.361404
-93.051542	147.490455	0.170882
-93.286257	147.100841	-0.026253
-93.392184	146.924579	-0.114066
-93.508686	146.729740	-0.210672
-93.635753	146.516298	-0.315737
-93.773376	146.284225	-0.428958
-93.921543	146.033490	-0.550125
-94.080244	145.764062	-0.679019
-94.249467	145.475906	-0.815400
-94.429197	145.168987	-0.959045
-94.619420	144.843265	-1.109689
-94.820122	144.498703	-1.267037
-95.031286	144.135258	-1.430787
-95.252893	143.752889	-1.600615
-95.484926	143.351551	-1.776174
-95.589606	143.170053	-1.854279
-95.704682	142.969484	-1.940390
-95.830145	142.749824	-2.034219
-95.965982	142.511048	-2.135505
-96.112182	142.253127	-2.244033
-96.268733	141.976034	-2.359551
-96.435619	141.679738	-2.481792
-96.612826	141.364205	-2.610504
-96.800338	141.029402	-2.745411
-96.998136	140.675293	-2.886230
-97.206202	140.301840	-3.032663
-97.424516	139.909005	-3.184376
-97.653056	139.496750	-3.340998
-97.755920	139.310744	-3.410429
-97.868978	139.105190	-3.487042
-97.992218	138.880070	-3.570538
-98.125627	138.635363	-3.660637
-98.269193	138.371046	-3.757085
-98.422900	138.087092	-3.859618
-98.586733	137.783476	-3.967997
-98.760674	137.460165	-4.081985
-98.944705	137.117129	-4.201340
-99.138806	136.754334	-4.325799
-99.342956	136.371748	-4.455046
-99.557132	135.969336	-4.588744
-99.781311	135.547062	-4.726562
-99.882004	135.356917	-4.787437
-99.992663	135.146760	-4.854701
-100.113274	134.916575	-4.928052
-100.243824	134.666345	-5.007214
-100.384298	134.396050	-5.091937
-100.534678	134.105666	-5.181961
-100.694948	133.795169	-5.277075
-100.865088	133.464529	-5.377063
-101.045076	133.113718	-5.481677
-101.234892	132.742708	-5.590619
-101.434512	132.351469	-5.703575
-101.643910	131.939970	-5.820226
-101.863060	131.508178	-5.940254
-101.961199	131.314313	-5.993028
-102.069049	131.099980	-6.051476
-102.186596	130.865167	-6.115329
-102.313823	130.609858	-6.184319
-102.450715	130.334035	-6.258215
-102.597252	130.037675	-6.336793
-102.753416	129.720758	-6.419822
-102.919183	129.383256	-6.507081
-103.094533	129.025144	-6.598322
-103.279440	128.646396	-6.693281
-103.473878	128.246982	-6.791687
-103.677819	127.826872	-6.893261
-103.773112	127.630035	-6.939892
-103.877864	127.412323	-6.991719
-103.992061	127.173726	-7.048485
-104.115685	126.914231	-7.109940
-104.248719	126.633821	-7.175857
-104.391115	126.332495	-7.246047
-104.542776	126.010295	-7.320306
-104.703602	125.667263	-7.398403
-104.873488	125.303441	-7.480105
-105.052326	124.918870	-7.565181
-105.240004	124.513594	-7.653415
-105.436407	124.087656	-7.744570
-105.528047	123.888048	-7.786510
-105.628378	123.667574	-7.833399
-105.737290	123.426306	-7.884992
-105.854668	123.164319	-7.941025
-105.980393	122.881685	-8.001280
-106.114344	122.578474	-8.065529
-106.256397	122.254758	-8.133558
-106.406422	121.910609	-8.205154
-106.564287	121.546102	-8.280101
-106.729856	121.161310	-8.358190
-106.902992	120.756306	-8.439204
-107.083557	120.331162	-8.522930
-107.271414	119.885949	-8.609130
-107.356559	119.682828	-8.647760
-107.449289	119.459115	-8.691028
-107.549467	119.214915	-8.738692
-107.656951	118.950329	-8.790521
-107.771596	118.665461	-8.846322
-107.893250	118.360416	-8.905909
-108.021758	118.035300	-8.969100
-108.156962	117.690222	-9.035688
-108.298699	117.325291	-9.105457
-108.446812	116.940616	-9.178171
-108.601140	116.536303	-9.253596
-108.761522	116.112461	-9.331493
-108.927800	115.669189	-9.411658
-109.004673	115.462450	-9.448397
-109.088009	115.235482	-9.489431
-109.177644	114.988421	-9.534541
-109.273408	114.721405	-9.583521
-109.375131	114.434570	-9.636177
-109.482640	114.128056	-9.692299
-109.595758	113.802002	-9.751647
-109.714308	113.456551	-9.813992
-109.838112	113.091843	-9.879097
-109.966994	112.708014	-9.946737
-110.100773	112.305207	-10.016663
-110.239266	111.883562	-10.088645
-110.382292	111.443219	-10.162455
-110.529666	110.984316	-10.237876
-110.596545	110.773657	-10.271786
-110.668677	110.543240	-10.309498
-110.745876	110.293234	-10.350800
-110.827954	110.023809	-10.395491
-110.914718	109.735138	-10.443352
-111.005980	109.427392	-10.494154
-111.101547	109.100738	-10.547695
-111.201225	108.755348	-10.603773
-111.304816	108.391395	-10.662171
-111.412127	108.009047	-10.722692
-111.522962	107.608472	-10.785133
-111.637126	107.189841	-10.849275
-111.754422	106.753320	-10.914913
-111.874659	106.299076	-10.981850
-111.997642	105.827276	-11.049871
-112.052713	105.612673	-11.080089
-112.111781	105.378882	-11.113466
-112.174644	105.126107	-11.149754
-112.241101	104.854554	-11.188687
-112.310946	104.564431	-11.230022
-112.383972	104.255946	-11.273507
-112.459975	103.929295	-11.318953
-112.538748	103.584681	-11.366171
-112.620083	103.222301	-11.414979
-112.703776	102.842349	-11.465235
-112.789622	102.445011	-11.516816
-112.877417	102.030472	-11.569628
-112.966961	101.598920	-11.623535
-113.058049	101.150545	-11.678386
-113.150478	100.685539	-11.734008
-113.244047	100.204099	-11.790190
-113.285507	99.985774	-11.814995
-113.329674	99.748915	-11.842412
-113.376339	99.493753	-11.872214
-113.425290	99.220520	-11.904175
-113.476316	98.929449	-11.938069
-113.529205	98.620761	-11.973737
-113.583746	98.294676	-12.011030
-113.639730	97.951413	-12.049809
-113.696945	97.591194	-12.089902
-113.755179	97.214249	-12.131084
-113.814224	96.820802	-12.173156
-113.873872	96.411073	-12.215922
-113.933916	95.985280	-12.259232
-113.994153	95.543635	-12.302941
-114.054380	95.086348	-12.346903
-114.114398	94.613625	-12.390981
-114.152046	94.151711	-12.438500
-114.167541	93.700444	-12.489359
-114.161090	93.259668	-12.543430
-114.132896	92.829230	-12.600592
-114.083146	92.408988	-12.660699
-114.012022	91.998806	-12.723588
-113.919692	91.598555	-12.789122
-113.806337	91.208078	-12.857183
-113.672140	90.827211	-12.927693
-113.517282	90.455785	-13.000552
-113.341942	90.093626	-13.075662
-113.146293	89.740563	-13.152974
-112.930505	89.396419	-13.232424
-112.694747	89.061017	-13.313941
-112.439178	88.734187	-13.397454
-112.163963	88.415746	-13.482909
-111.869254	88.105524	-13.570241
-111.555190	87.803364	-13.659374
-111.221911	87.509109	-13.750210
-110.869561	87.222595	-13.842628
-110.498310	86.943618	-13.936546
-110.108330	86.671968	-14.031870
-109.699820	86.407390	-14.128550
-109.511999	86.293964	-14.171654
-109.305637	86.187059	-14.219443
-109.080957	86.086413	-14.271703
-108.838204	85.991732	-14.328231
-108.577666	85.902667	-14.388828
-108.299640	85.818857	-14.453282
-108.004440	85.739924	-14.521338
-107.692393	85.665471	-14.592749
-107.363824	85.595106	-14.667275
-107.019069	85.528410	-14.744708
-106.658502	85.464929	-14.824820
-106.282492	85.404207	-14.907392
-105.891459	85.345730	-14.992207
-105.485860	85.288939	-15.079037
-105.066171	85.233257	-15.167647
-104.632898	85.178074	-15.257795
-104.186571	85.122758	-15.349215
-103.745801	85.045249	-15.437763
-103.310287	84.945988	-15.523359
-102.879723	84.825408	-15.605933
-102.453798	84.683945	-15.685408
-102.032203	84.522022	-15.761730
-101.614624	84.340069	-15.834819
-101.200747	84.138502	-15.904617
-100.790260	83.917735	-15.971065
-100.382850	83.678176	-16.034115
-99.978206	83.420225	-16.093721
-99.576017	83.144277	-16.149832
-99.175974	82.850727	-16.202388
-99.000521	82.713795	-16.223972
-98.826249	82.559854	-16.244920
-98.652858	82.389293	-16.265083
-98.480053	82.202492	-16.284298
-98.307542	81.999827	-16.302406
-98.135041	81.781660	-16.319274
-97.962270	81.548343	-16.334767
-97.788955	81.300219	-16.348775
-97.614828	81.037619	-16.361200
-97.439625	80.760874	-16.371924
-97.263087	80.470306	-16.380832
-97.084961	80.166228	-16.387827
-96.905002	79.848937	-16.392837
-96.722968	79.518729	-16.395791
-96.538623	79.175893	-16.396601
-96.351737	78.820715	-16.395165
-96.162087	78.453472	-16.391393
-95.969455	78.074428	-16.385228
-95.773628	77.683837	-16.376630
-95.574402	77.281946	-16.365558
-95.371575	76.868995	-16.351971
-95.164952	76.445221	-16.335830
-94.954343	76.010846	-16.317130
-94.739562	75.566085	-16.295875
-94.642634	75.364853	-16.285350
-94.543615	75.150287	-16.273722
-94.442262	74.922701	-16.260897
-94.338339	74.682398	-16.246784
-94.231616	74.429671	-16.231313
-94.121869	74.164805	-16.214406
-94.008881	73.888078	-16.195986
-93.892441	73.599763	-16.175968
-93.772347	73.300121	-16.154274
-93.648399	72.989405	-16.130842
-93.520405	72.667852	-16.105647
-93.388180	72.335689	-16.078689
-93.251544	71.993128	-16.049983
-93.110322	71.640377	-16.019547
-92.964344	71.277643	-15.987389
-92.813443	70.905125	-15.953516
-92.657458	70.523021	-15.917941
-92.496234	70.131514	-15.880687
-92.329620	69.730788	-15.841767
-92.157468	69.321022	-15.801197
-91.979636	68.902387	-15.759006
-91.795982	68.475053	-15.715211
-91.606372	68.039186	-15.669832
-91.410674	67.594949	-15.622886
-91.208761	67.142495	-15.574402
-91.117073	66.939742	-15.552394
-91.021848	66.724930	-15.529627
-90.922873	66.498344	-15.506075
-90.819942	66.260257	-15.481704
-90.712857	66.010937	-15.456486
-90.601426	65.750631	-15.430418
-90.485462	65.479583	-15.403501
-90.364786	65.198030	-15.375729
-90.239222	64.906204	-15.347087
-90.108600	64.604331	-15.317561
-89.972754	64.292628	-15.287149
-89.831525	63.971300	-15.255873
-89.684757	63.640551	-15.223744
-89.532299	63.300576	-15.190779
-89.374004	62.951564	-15.157000
-89.209731	62.593701	-15.122422
-89.039344	62.227159	-15.087076
-88.894199	61.876211	-15.056164
-88.774375	61.540710	-15.029751
-88.679961	61.220486	-15.007919
-88.611057	60.915336	-14.990769
-88.567788	60.625017	-14.978413
-88.550302	60.349216	-14.970998
-88.555140	60.085525	-14.967988
-88.578074	59.831212	-14.968682
-88.615688	59.584099	-14.972536
-88.665213	59.342457	-14.979118
-88.724407	59.104914	-14.988088
-88.791452	58.870385	-14.999174
-88.864870	58.638017	-15.012152
-88.943457	58.407143	-15.026833
-89.026234	58.177246	-15.043062
-89.112396	57.947929	-15.060721
-89.201284	57.718883	-15.079719
-89.292358	57.489877	-15.099988
-89.385168	57.260740	-15.121476
-89.479345	57.031348	-15.144135
-89.574579	56.801617	-15.167929
-89.670613	56.571495	-15.192816
-89.767227	56.340955	-15.218761
-89.864239	56.109985	-15.245737
-89.961493	55.878587	-15.273735
-90.058854	55.646770	-15.302746
-90.156210	55.414549	-15.332780
-90.253461	55.181943	-15.363849
-90.350520	54.948980	-15.395965
-90.447312	54.715688	-15.429139
-90.543769	54.482099	-15.463387
-90.639831	54.248247	-15.498726
-90.735445	54.014166	-15.535169
-90.830561	53.779892	-15.572732
-90.925136	53.545467	-15.611408
-91.019128	53.310933	-15.651194
-91.112502	53.076329	-15.692088
-91.205225	52.841700	-15.734063
-91.297266	52.607089	-15.777095
-91.388597	52.372542	-15.821161
-91.479193	52.138103	-15.866229
-91.569026	51.903822	-15.912257
-91.658074	51.669750	-15.959202
-91.737501	51.450207	-16.011435
-91.807738	51.244575	-16.068776
-91.869206	51.052262	-16.131058
-91.922318	50.872690	-16.198126
-91.967476	50.705293	-16.269838
-92.005068	50.549522	-16.346061
-92.035488	50.404805	-16.426678
-92.059125	50.270570	-16.511566
-92.076352	50.146263	-16.600616
-92.087532	50.031338	-16.693708
-92.100931	49.912153	-16.786338
-92.116422	49.788952	-16.878571
-92.133879	49.661977	-16.970445
-92.153178	49.531451	-17.062002
-92.174195	49.397590	-17.153286
-92.196812	49.260600	-17.244333
-92.220913	49.120678	-17.335174
-92.246384	48.978014	-17.425838
-92.273116	48.832797	-17.516330
-92.301006	48.685202	-17.606665
-92.329952	48.535394	-17.696857
-92.359859	48.383534	-17.786917
-92.390636	48.229780	-17.876838
-92.422195	48.074284	-17.966613
-92.454450	47.917186	-18.056246
-92.487322	47.758630	-18.145724
-92.520733	47.598751	-18.235032
-92.554611	47.437680	-18.324159
-92.582456	47.286454	-18.417313
-92.604565	47.144600	-18.514292
-92.621239	47.011630	-18.614916
-92.632777	46.887061	-18.719009
-92.639475	46.770414	-18.826396
-92.641619	46.661233	-18.936890
-92.645413	46.548966	-19.046208
-92.650746	46.433829	-19.154400
-92.657507	46.316028	-19.261505
-92.659898	46.205484	-19.371568
-92.658161	46.101811	-19.484397
-92.652533	46.004634	-19.599793
-92.643251	45.913581	-19.717559
-92.630530	45.828310	-19.837512
-92.614583	45.748486	-19.959468
-92.595608	45.673801	-20.083244
-92.573799	45.603953	-20.208655
-92.549342	45.538652	-20.335521
-92.527432	45.469113	-20.459891
-92.507913	45.395628	-20.581838
-92.490636	45.318477	-20.701419
-92.475460	45.237931	-20.818688
-92.462251	45.154246	-20.933693
-92.450879	45.067677	-21.046459
-92.441222	44.978465	-21.157010
-92.433165	44.886842	-21.265367
-92.426596	44.793031	-21.371543
-92.421411	44.697244	-21.475551
-92.417509	44.599682	-21.577406
-92.414797	44.500539	-21.677119
-92.413184	44.399988	-21.774718
-92.412587	44.298197	-21.870229
-92.412924	44.195324	-21.963675
-92.414120	44.091517	-22.055081
-92.416103	43.986926	-22.144460
-92.418805	43.881688	-22.231830
-92.422161	43.775935	-22.317210
-92.426111	43.669791	-22.400617
-92.430598	43.563378	-22.482059
-92.435568	43.456811	-22.561546
-92.440970	43.350200	-22.639084
-92.446759	43.243639	-22.714698
-92.452890	43.137217	-22.788418
-92.459321	43.031012	-22.860270
-92.466014	42.925102	-22.930287
-92.472932	42.819557	-22.998498
-92.480042	42.714443	-23.064938
-92.487311	42.609824	-23.129628
-92.494710	42.505761	-23.192591
-92.502212	42.402309	-23.253855
-92.507067	42.304090	-23.315953
-92.509476	42.210774	-23.378717
-92.509631	42.122045	-23.441993
-92.507722	42.037595	-23.505634
-92.503929	41.957121	-23.569503
-92.498424	41.880340	-23.633466
-92.491372	41.806978	-23.697397
-92.482933	41.736770	-23.761173
-92.473260	41.669462	-23.824674
-92.462501	41.604807	-23.887787
-92.450798	41.542568	-23.950401
-92.438286	41.482518	-24.012411
-92.426743	41.421688	-24.072123
-92.416104	41.360190	-24.129617
-92.406307	41.298127	-24.184968
-92.397294	41.235598	-24.238243
-92.389010	41.172700	-24.289502
-92.381402	41.109521	-24.338806
-92.374423	41.046141	-24.386215
-92.368024	40.982639	-24.431786
-92.362163	40.919083	-24.475579
-92.356799	40.855538	-24.517649
-92.351891	40.792065	-24.558055
-92.347405	40.728715	-24.596851
-92.343306	40.665537	-24.634095
-92.339562	40.602572	-24.669845
-92.336144	40.539858	-24.704156
-92.333023	40.477430	-24.737084
-92.330174	40.415318	-24.768684
-92.327571	40.353549	-24.799011
-92.325192	40.292147	-24.828117
-92.323015	40.231132	-24.856055
-92.321030	40.170505	-24.882866
-92.319292	40.110160	-24.908524
-92.317850	40.050000	-24.933008
-92.316749	39.989933	-24.956300
-92.316032	39.929874	-24.978388
-92.315735	39.869744	-24.999261
-92.315894	39.809466	-25.018912
-92.316542	39.748968	-25.037336
-92.317710	39.688182	-25.054528
-92.319427	39.627043	-25.070487
-92.321719	39.565488	-25.085211
-92.324610	39.503459	-25.098703
-92.328124	39.440900	-25.110965
-92.332280	39.377760	-25.122001
-92.337094	39.313994	-25.131818
-92.342582	39.249561	-25.140426
-92.348753	39.184424	-25.147834
-92.355618	39.118550	-25.154054
-92.363184	39.051910	-25.159102
-92.371455	38.984478	-25.162990
-92.380435	38.916233	-25.165735
-92.390124	38.847155	-25.167355
-92.400524	38.777229	-25.167867
-92.411630	38.706442	-25.167289
-92.423441	38.634783	-25.165641
-92.435951	38.562246	-25.162944
-92.449154	38.488825	-25.159218
-92.463042	38.414518	-25.154485
-92.477607	38.339324	-25.148765
-92.492840	38.263245	-25.142081
-92.508730	38.186282	-25.134456
-92.525268	38.108439	-25.125909
-92.542444	38.029716	-25.116461
-92.560250	37.950115	-25.106132
-92.578677	37.869638	-25.094941
-92.597714	37.788284	-25.082908
-92.617355	37.706057	-25.070051
-92.637589	37.622956	-25.056386
-92.658408	37.538986	-25.041931
-92.679803	37.454148	-25.026700
-92.701765	37.368446	-25.010710
-92.724287	37.281881	-24.993974
-92.745734	37.193496	-24.983963
-92.766152	37.103418	-24.980319
-92.785578	37.011769	-24.982696
-92.804053	36.918663	-24.990767
-92.821613	36.824210	-25.004219
-92.838293	36.728512	-25.022752
-92.854125	36.631666	-25.046082
-92.869142	36.533762	-25.073935
-92.883373	36.434890	-25.106052
-92.896847	36.335131	-25.142183
-92.909590	36.234563	-25.182090
-92.921627	36.133263	-25.225549
-92.932983	36.031302	-25.272343
-92.943680	35.928747	-25.322265
-92.953740	35.825660	-25.375119
-92.963185	35.722101	-25.430718
-92.972035	35.618127	-25.488884
-92.980310	35.513790	-25.549448
-92.988028	35.409140	-25.612248
-92.995206	35.304224	-25.677133
-93.001864	35.199085	-25.743957
-93.008017	35.093764	-25.812581
-93.013681	34.988300	-25.882876
-93.018873	34.882729	-25.954716
-93.023606	34.777086	-26.027984
-93.027897	34.671404	-26.102566
-93.031760	34.565710	-26.178355
-93.035218	34.460009	-26.255247
-93.038293	34.354309	-26.333146
-93.041003	34.248617	-26.411958
-93.043368	34.142942	-26.491597
-93.045402	34.037295	-26.571981
-93.047123	33.931687	-26.653032
-93.048542	33.826130	-26.734678
-93.049673	33.720636	-26.816848
-93.050529	33.615219	-26.899479
-93.051119	33.509894	-26.982508
-93.051454	33.404673	-27.065874
-93.051544	33.299572	-27.149523
-93.051397	33.194608	-27.233399
-93.051021	33.089800	-27.317453
-93.050420	32.985167	-27.401637
-93.049600	32.880733	-27.485906
-93.048563	32.776523	-27.570219
-93.047311	32.672562	-27.654536
-93.045847	32.568877	-27.738821
-93.044170	32.465496	-27.823037
-93.042282	32.362447	-27.907153
-93.040182	32.259759	-27.991137
-93.037870	32.157460	-28.074960
-93.035344	32.055580	-28.158596
-93.032605	31.954141	-28.242019
-93.029662	31.853143	-28.325207
-93.026521	31.752589	-28.408136
-93.023192	31.652477	-28.490786
-93.019681	31.552809	-28.573138
-93.015996	31.453583	-28.655172
-93.012143	31.354800	-28.736873
-93.008129	31.256461	-28.818225
-93.003961	31.158564	-28.899213
-92.999643	31.061111	-28.979825
-92.995183	30.964101	-29.060046
-92.990586	30.867535	-29.139867
-92.985856	30.771412	-29.219275
-92.981001	30.675731	-29.298260
-92.976024	30.580492	-29.376814
-92.970930	30.485695	-29.454930
-92.965724	30.391339	-29.532599
-92.960410	30.297422	-29.609817
-92.954993	30.203944	-29.686576
-92.949476	30.110905	-29.762872
-92.943864	30.018303	-29.838701
-92.938159	29.926138	-29.914058
-92.932367	29.834408	-29.988939
-92.926490	29.743112	-30.063342
-92.920531	29.652249	-30.137263
-92.914496	29.561818	-30.210699
-92.908385	29.471819	-30.283648
-92.902203	29.382250	-30.356109
-92.895952	29.293112	-30.428079
-92.889634	29.204404	-30.499558
-92.883253	29.116125	-30.570544
-92.876811	29.028274	-30.641037
-92.870310	28.940852	-30.711036
-92.863753	28.853858	-30.780542
-92.857142	28.767291	-30.849554
-92.850477	28.681153	-30.918074
-92.843761	28.595443	-30.986102
-92.836996	28.510162	-31.053640
-92.830183	28.425310	-31.120688
-92.823323	28.340889	-31.187247
-92.816418	28.256897	-31.253319
-92.809469	28.173337	-31.318905
-92.802478	28.090207	-31.384007
-92.795447	28.007509	-31.448626
-92.788375	27.925242	-31.512764
-92.781265	27.843408	-31.576423
-92.774117	27.762006	-31.639605
-92.766933	27.681037	-31.702312
-92.759714	27.600499	-31.764547
-92.752461	27.520394	-31.826310
-92.745175	27.440720	-31.887605
-92.737859	27.361478	-31.948434
-92.730512	27.282667	-32.008797
-92.723137	27.204286	-32.068698
-92.715734	27.126334	-32.128139
-92.708305	27.048810	-32.187121
-92.700851	26.971715	-32.245648
-92.693373	26.895046	-32.303722
-92.685872	26.818804	-32.361345
-92.678348	26.742987	-32.418521
-92.670804	26.667596	-32.475253
-92.663239	26.592628	-32.531543
-92.655655	26.518082	-32.587395
-92.648052	26.443958	-32.642811
-92.640432	26.370255	-32.697795
-92.632795	26.296970	-32.752350
-92.625142	26.224104	-32.806479
-92.617473	26.151654	-32.860187
-92.609789	26.079620	-32.913476
-92.602091	26.008000	-32.966350
-92.594380	25.936793	-33.018812
-92.586656	25.865997	-33.070865
-92.578920	25.795612	-33.122513
-92.571173	25.725635	-33.173758
-92.563415	25.656066	-33.224605
-92.555646	25.586902	-33.275056
-92.547869	25.518143	-33.325116
-92.540082	25.449787	-33.374786
-92.532287	25.381832	-33.424072
-92.524484	25.314275	-33.472976
-92.516675	25.247117	-33.521500
-92.508859	25.180353	-33.569650
-92.501037	25.113983	-33.617427
-92.493210	25.048003	-33.664835
-92.485379	24.982412	-33.711878
-92.477545	24.917207	-33.758558
-92.469707	24.852387	-33.804880
-92.461867	24.787948	-33.850846
-92.454025	24.723889	-33.896460
-92.446181	24.660207	-33.941725
-92.438337	24.596901	-33.986646
-92.430491	24.533967	-34.031224
-92.422646	24.471404	-34.075464
-92.414801	24.409209	-34.119369
-92.406958	24.347379	-34.162941
-92.399116	24.285913	-34.206184
-92.391276	24.224807	-34.249101
-92.383439	24.164061	-34.291695
-92.375605	24.103670	-34.333969
-92.367775	24.043634	-34.375925
-92.359949	23.983949	-34.417568
-92.352128	23.924614	-34.458898
-92.344311	23.865627	-34.499920
-92.336501	23.806985	-34.540636
-92.328696	23.748687	-34.581048
-92.320898	23.690731	-34.621159
-92.313107	23.633114	-34.660972
-92.305323	23.575836	-34.700488
-92.297546	23.518894	-34.739712
-92.289778	23.462286	-34.778645
-92.282018	23.406011	-34.817289
-92.274266	23.350067	-34.855648
-92.266524	23.294453	-34.893723
-92.258791	23.239165	-34.931517
-92.251067	23.184204	-34.969033
-92.243353	23.129566	-35.006273
-92.235649	23.075250	-35.043240
-92.227956	23.021254	-35.079936
-92.220273	22.967576	-35.116364
-92.212601	22.914215	-35.152527
-92.204940	22.861168	-35.188426
-92.197290	22.808433	-35.224065
-92.189652	22.756009	-35.259446
-92.182026	22.703894	-35.294572
-92.174411	22.652085	-35.329444
-92.166808	22.600581	-35.364067
-92.159218	22.549379	-35.398441
-92.151639	22.498479	-35.432570
-92.144074	22.447877	-35.466456
-92.136521	22.397572	-35.500102
-92.128980	22.347563	-35.533510
-92.121453	22.297846	-35.566682
-92.113939	22.248420	-35.599621
-92.106438	22.199284	-35.632329
-92.098950	22.150435	-35.664808
-92.091476	22.101872	-35.697062
-92.084015	22.053592	-35.729091
-92.076568	22.005595	-35.760898
-92.069135	21.957879	-35.792485
-92.061715	21.910442	-35.823854
-92.054310	21.863282	-35.855007
-92.046919	21.816398	-35.885946
-92.039542	21.769789	-35.916673
-92.032180	21.723453	-35.947189
-92.024832	21.677389	-35.977497
-92.017498	21.631595	-36.007599
-92.010179	21.586070	-36.037497
-92.002875	21.540813	-36.067191
-91.995585	21.495822	-36.096685
-91.988310	21.451096	-36.125979
-91.981050	21.406633	-36.155076
-91.973805	21.362432	-36.183978
-91.966575	21.318493	-36.212685
-91.959360	21.274813	-36.241201
-91.952160	21.231391	-36.269526
-91.944974	21.188226	-36.297663
-91.937804	21.145317	-36.325614
-91.930648	21.102663	-36.353379
-91.923508	21.060261	-36.380961
-91.916383	21.018111	-36.408362
-91.909272	20.976211	-36.435583
-91.902177	20.934559	-36.462627
-91.895096	20.893155	-36.489494
-91.888030	20.851997	-36.516188
-91.880979	20.811084	-36.542709
-91.873943	20.770414	-36.569060
-91.866921	20.729987	-36.595241
-91.859914	20.689801	-36.621256
-91.852922	20.649856	-36.647105
-91.845944	20.610149	-36.672789
-91.838980	20.570680	-36.698312
-91.832031	20.531449	-36.723674
-91.825095	20.492453	-36.748876
-91.818174	20.453692	-36.773921
-91.811267	20.415165	-36.798811
-91.804373	20.376871	-36.823546
-91.797494	20.338809	-36.848128
-91.790628	20.300977	-36.872559
-91.783775	20.263375	-36.896840
-91.776936	20.226002	-36.920972
-91.770110	20.188857	-36.944958
-91.763298	20.151938	-36.968799
-91.756499	20.115245	-36.992496
-91.749713	20.078777	-37.016050
-91.742940	20.042532	-37.039464
-91.736179	20.006510	-37.062737
-91.729432	19.970710	-37.085873
-91.722698	19.935131	-37.108871
-91.715976	19.899771	-37.131733
-91.709267	19.864630	-37.154460
-91.702571	19.829707	-37.177054
-91.695887	19.795001	-37.199515
-91.689217	19.760510	-37.221846
-91.682559	19.726233	-37.244046
-91.675913	19.692170	-37.266118
-91.669280	19.658319	-37.288062
-91.662660	19.624679	-37.309879
-91.656053	19.591249	-37.331570
-91.649458	19.558029	-37.353137
-91.642876	19.525016	-37.374581
-91.636307	19.492209	-37.395902
-91.629751	19.459609	-37.417101
-91.623207	19.427213	-37.438180
-91.616676	19.395021	-37.459140
-91.610158	19.363031	-37.479980
-91.603653	19.331244	-37.500703
-91.597161	19.299657	-37.521309
-91.590681	19.268270	-37.541800
-91.584215	19.237081	-37.562175
-91.577761	19.206091	-37.582435
-91.571321	19.175297	-37.602583
-91.564893	19.144699	-37.622617
-91.558478	19.114296	-37.642540
-91.552077	19.084086	-37.662353
-91.545688	19.054070	-37.682055
-91.539313	19.024245	-37.701647
-91.532951	18.994612	-37.721131
-91.526602	18.965168	-37.740508
-91.520266	18.935913	-37.759777
-91.513943	18.906847	-37.778940
-91.507634	18.877967	-37.797998
-91.501338	18.849274	-37.816951
-91.495055	18.820766	-37.835799
-91.488786	18.792443	-37.854544
-91.482530	18.764302	-37.873187
-91.476287	18.736345	-37.891727
-91.470059	18.708569	-37.910166
-91.463843	18.680973	-37.928504
-91.457642	18.653558	-37.946741
-91.451454	18.626321	-37.964879
-91.445280	18.599263	-37.982918
-91.439120	18.572381	-38.000859
-91.432973	18.545676	-38.018701
-91.426841	18.519146	-38.036446
-91.420723	18.492790	-38.054094
-91.414619	18.466608	-38.071646
-91.408529	18.440599	-38.089102
-91.402453	18.414761	-38.106462
-91.396392	18.389095	-38.123728
-91.390345	18.363598	-38.140900
-91.384312	18.338271	-38.157978
-91.378294	18.313111	-38.174962
-91.372291	18.288119	-38.191854
-91.366302	18.263292	-38.208654
-91.360328	18.238631	-38.225362
-91.354369	18.214135	-38.241979
-91.348425	18.189801	-38.258505
-91.342495	18.165630	-38.274942
-91.336581	18.141621	-38.291288
-91.330682	18.117772	-38.307546
-91.324797	18.094083	-38.323715
-91.318928	18.070552	-38.339796
-91.313075	18.047179	-38.355790
-91.307236	18.023963	-38.371696
-91.301413	18.000902	-38.387516
-91.295605	17.977996	-38.403250
-91.289812	17.955244	-38.418899
-91.284035	17.932646	-38.434463
-91.278273	17.910199	-38.449942
-91.272526	17.887903	-38.465338
-91.266795	17.865758	-38.480650
-91.261080	17.843762	-38.495879
-91.255380	17.821915	-38.511026
-91.249696	17.800215	-38.526091
-91.244027	17.778662	-38.541075
-91.238374	17.757254	-38.555978
-91.232737	17.735992	-38.570801
-91.227115	17.714873	-38.585544
-91.221509	17.693898	-38.600207
-91.215918	17.673064	-38.614792
-91.210344	17.652372	-38.629299
-91.204785	17.631820	-38.643727
-91.199242	17.611407	-38.658078
-91.193714	17.591133	-38.672353
-91.188202	17.570998	-38.686551
-91.182706	17.550999	-38.700674
-91.177226	17.531136	-38.714721
-91.171761	17.511408	-38.728693
-91.166312	17.491815	-38.742591
-91.160879	17.472356	-38.756416
-91.155461	17.453029	-38.770167
-91.150060	17.433835	-38.783845
-91.144673	17.414772	-38.797450
-91.139303	17.395839	-38.810984
-91.133948	17.377036	-38.824446
-91.128609	17.358362	-38.837837
-91.123285	17.339816	-38.851157
-91.117977	17.321397	-38.864407
-91.112685	17.303104	-38.877587
-91.107409	17.284937	-38.890698
-91.102148	17.266895	-38.903740
-91.096903	17.248976	-38.916714
-91.091674	17.231181	-38.929620
-91.086460	17.213507	-38.942458
-91.081262	17.195956	-38.955229
-91.076080	17.178524	-38.967933
-91.070913	17.161213	-38.980571
-91.065762	17.144021	-38.993143
-91.060627	17.126947	-39.005649
-91.055507	17.109990	-39.018090
-91.050403	17.093150	-39.030467
-91.045315	17.076426	-39.042779
-91.040242	17.059817	-39.055028
-91.035185	17.043322	-39.067213
-91.030143	17.026941	-39.079335
-91.025118	17.010672	-39.091394
-91.020107	16.994515	-39.103391
-91.015113	16.978470	-39.115327
-91.010134	16.962534	-39.127201
-91.005170	16.946708	-39.139014
-91.000222	16.930991	-39.150767
-90.995290	16.915382	-39.162459
-90.990373	16.899880	-39.174092
-90.985471	16.884484	-39.185665
-90.980585	16.869195	-39.197180
-90.975714	16.854011	-39.208636
-90.970858	16.838931	-39.220034
-90.966018	16.823954	-39.231374
-90.961193	16.809081	-39.242657
-90.956384	16.794310	-39.253882
-90.951590	16.779640	-39.265052
-90.946811	16.765071	-39.276164
-90.942047	16.750603	-39.287221
-90.937298	16.736233	-39.298223
-90.932565	16.721962	-39.309169
-90.927847	16.707790	-39.320060
-90.923144	16.693714	-39.330896
-90.918456	16.679735	-39.341679
-90.913784	16.665852	-39.352407
-90.909126	16.652065	-39.363082
-90.904484	16.638372	-39.373703
-90.899856	16.624773	-39.384271
-90.895244	16.611268	-39.394787
-90.890647	16.597855	-39.405251
-90.886065	16.584534	-39.415662
-90.881498	16.571305	-39.426022
-90.876945	16.558167	-39.436331
-90.872408	16.545118	-39.446588
-90.867886	16.532159	-39.456795
-90.863378	16.519289	-39.466951
-90.858886	16.506507	-39.477057
-90.854408	16.493812	-39.487113
-90.849946	16.481205	-39.497120
-90.845498	16.468683	-39.507078
-90.841064	16.456248	-39.516987
-90.836646	16.443898	-39.526847
-90.832242	16.431632	-39.536659
-90.827853	16.419450	-39.546423
-90.823479	16.407352	-39.556139
-90.819119	16.395336	-39.565807
-90.814774	16.383403	-39.575429
-90.810443	16.371552	-39.585004
-90.806127	16.359782	-39.594532
-90.801825	16.348092	-39.604014
-90.797538	16.336483	-39.613450
-90.793265	16.324953	-39.622840
-90.789006	16.313502	-39.632186
-90.784762	16.302130	-39.641486
-90.780532	16.290836	-39.650741
-90.776316	16.279619	-39.659952
-90.772114	16.268479	-39.669119
-90.767927	16.257416	-39.678241
-90.763753	16.246429	-39.687321
-90.759594	16.235516	-39.696356
-90.755448	16.224679	-39.705349
-90.751317	16.213916	-39.714298
-90.747199	16.203227	-39.723205
-90.743096	16.192612	-39.732070
-90.739006	16.182069	-39.740893
-90.734930	16.171598	-39.749673
-90.730868	16.161199	-39.758413
-90.726820	16.150872	-39.767111
-90.722786	16.140615	-39.775767
-90.718765	16.130429	-39.784383
-90.714758	16.120313	-39.792958
-90.710764	16.110266	-39.801493
-90.706784	16.100288	-39.809988
-90.702818	16.090379	-39.818443
-90.698865	16.080537	-39.826858
-90.694926	16.070764	-39.835234
-90.691000	16.061057	-39.843570
-90.687087	16.051417	-39.851868
-90.683188	16.041844	-39.860126
-90.679302	16.032336	-39.868346
-90.675430	16.022894	-39.876528
-90.671571	16.013517	-39.884672
-90.667725	16.004204	-39.892777
-90.663892	15.994955	-39.900845
-90.660072	15.985770	-39.908876
-90.656266	15.976648	-39.916869
-90.652472	15.967588	-39.924825
-90.648692	15.958591	-39.932745
-90.644925	15.949656	-39.940628
-90.641170	15.940782	-39.948474
-90.637429	15.931970	-39.956284
-90.633701	15.923218	-39.964058
-90.629985	15.914526	-39.971796
-90.626283	15.905894	-39.979499
-90.622593	15.897321	-39.987166
-90.618916	15.888808	-39.994798
-90.615251	15.880353	-40.002394
-90.611600	15.871957	-40.009956
-90.607961	15.863618	-40.017484
-90.604334	15.855337	-40.024977
-90.600721	15.847113	-40.032435
-90.597120	15.838945	-40.039860
-90.593531	15.830835	-40.047251
-90.589955	15.822780	-40.054608
-90.586391	15.814781	-40.061931
-90.582840	15.806837	-40.069221
-90.579301	15.798948	-40.076478
-90.575774	15.791113	-40.083702
-90.572260	15.783333	-40.090893
-90.568758	15.775606	-40.098052
-90.565268	15.767933	-40.105178
-90.561790	15.760313	-40.112272
-90.558325	15.752745	-40.119334
-90.554871	15.745230	-40.126364
-90.551430	15.737767	-40.133362
-90.548000	15.730355	-40.140329
-90.544583	15.722995	-40.147264
-90.541178	15.715686	-40.154169
-90.537784	15.708428	-40.161042
-90.534402	15.701219	-40.167884
-90.531033	15.694061	-40.174696
-90.527675	15.686952	-40.181477
-90.524329	15.679893	-40.188228
-90.520994	15.672882	-40.194949
-90.517672	15.665921	-40.201639
-90.514361	15.659007	-40.208300
-90.511061	15.652141	-40.214931
-90.507773	15.645323	-40.221533
-90.504497	15.638552	-40.228105
-90.501232	15.631829	-40.234648
-90.497979	15.625152	-40.241161
-90.494737	15.618521	-40.247646
-90.491507	15.611936	-40.254103
-90.488288	15.605397	-40.260530
-90.485080	15.598904	-40.266929
-90.481884	15.592455	-40.273300
-90.478699	15.586052	-40.279643
-90.475525	15.579693	-40.285958
-90.472362	15.573377	-40.292245
-90.469211	15.567106	-40.298504
-90.466070	15.560878	-40.304736
-90.462941	15.554694	-40.310941
-90.459823	15.548552	-40.317119
-90.456715	15.542453	-40.323269
-90.453619	15.536396	-40.329393
-90.450534	15.530380	-40.335490
-90.447459	15.524407	-40.341561
-90.444395	15.518475	-40.347605
-90.441342	15.512583	-40.353623
-90.438300	15.506733	-40.359615
-90.435269	15.500923	-40.365581
-90.432248	15.495153	-40.371521
-90.429238	15.489423	-40.377436
-90.426239	15.483733	-40.383325
-90.423250	15.478082	-40.389189
-90.420271	15.472471	-40.395027
-90.417304	15.466898	-40.400841
-90.414346	15.461365	-40.406629
-90.411399	15.455869	-40.412392
-90.408463	15.450412	-40.418131
-90.405537	15.444992	-40.423845
-90.402621	15.439610	-40.429535
-90.399716	15.434266	-40.435200
-90.396820	15.428958	-40.440842
-90.393935	15.423688	-40.446459
-90.391061	15.418453	-40.452052
-90.388196	15.413255	-40.457621
-90.385342	15.408093	-40.463167
-90.382497	15.402967	-40.468689
-90.379663	15.397877	-40.474188
-90.376839	15.392821	-40.479663
-90.374024	15.387801	-40.485115
-90.371220	15.382815	-40.490544
-90.368426	15.377864	-40.495950
-90.365642	15.372947	-40.501333
-90.362867	15.368064	-40.506693
-90.360102	15.363215	-40.512031
-90.357348	15.358400	-40.517346
-90.354603	15.353618	-40.522639
-90.351867	15.348868	-40.527910
-90.349142	15.344152	-40.533158
-90.346426	15.339468	-40.538384
-90.343720	15.334816	-40.543589
-90.341024	15.330196	-40.548771
-90.338337	15.325608	-40.553932
-90.335660	15.321052	-40.559071
-90.332992	15.316527	-40.564188
-90.330334	15.312034	-40.569284
-90.327686	15.307571	-40.574358
-90.325047	15.303139	-40.579412
-90.322417	15.298738	-40.584444
-90.319797	15.294366	-40.589455
-90.317186	15.290025	-40.594445
-90.314585	15.285714	-40.599414
-90.311993	15.281433	-40.604362
-90.309410	15.277181	-40.609290
-90.306837	15.272958	-40.614197
-90.304207	15.269151	-40.619084
