-42.077785	220.513232	121.314431
-42.122042	220.381292	121.305851
-42.171295	220.236486	121.297883
-42.225559	220.078801	121.290539
-42.284851	219.908225	121.283828
-42.349188	219.724741	121.277764
-42.418587	219.528333	121.272359
-42.493069	219.318986	121.267627
-42.572654	219.096680	121.263581
-42.657363	218.861396	121.260238
-42.747221	218.613114	121.257612
-42.842252	218.351812	121.255720
-42.942479	218.077468	121.254579
-43.047931	217.790057	121.254208
-43.158634	217.489555	121.254624
-43.274617	217.175936	121.255847
-43.395910	216.849172	121.257896
-43.522544	216.509235	121.260792
-43.654551	216.156096	121.264556
-43.791963	215.789722	121.269209
-43.934816	215.410084	121.274774
-44.083145	215.017147	121.281274
-44.236985	214.610876	121.288732
-44.396374	214.191237	121.297171
-44.561352	213.758193	121.306617
-44.731956	213.311705	121.317093
-44.908228	212.851733	121.328626
-44.988422	212.643076	121.334186
-45.074345	212.420876	121.340839
-45.166015	212.185115	121.348598
-45.263454	211.935771	121.357475
-45.366684	211.672822	121.367485
-45.475728	211.396246	121.378641
-45.590610	211.106017	121.390958
-45.711356	210.802109	121.404450
-45.837991	210.484497	121.419133
-45.970544	210.153152	121.435024
-46.109042	209.808044	121.452139
-46.253516	209.449143	121.470494
-46.403995	209.076416	121.490109
-46.560512	208.689831	121.510999
-46.723098	208.289353	121.533185
-46.891788	207.874946	121.556685
-47.066616	207.446574	121.581517
-47.247617	207.004197	121.607702
-47.434828	206.547776	121.635259
-47.519724	206.341303	121.647964
-47.610884	206.120725	121.662069
-47.708326	205.886025	121.677587
-47.812069	205.637179	121.694525
-47.922134	205.374167	121.712895
-48.038540	205.096963	121.732707
-48.161311	204.805544	121.753974
-48.290469	204.499882	121.776706
-48.426038	204.179951	121.800916
-48.568043	203.845720	121.826616
-48.716511	203.497161	121.853820
-48.871467	203.134241	121.882540
-49.032942	202.756928	121.912790
-49.200962	202.365186	121.944584
-49.375559	201.958981	121.977936
-49.556763	201.538276	122.012861
-49.744605	201.103031	122.049374
-49.939119	200.653208	122.087488
-50.027739	200.448659	122.104986
-50.123079	200.229471	122.124109
-50.225156	199.995625	122.144862
-50.333986	199.747098	122.167254
-50.449587	199.483868	122.191292
-50.571979	199.205911	122.216985
-50.701182	198.913201	122.244341
-50.837217	198.605711	122.273368
-50.980105	198.283414	122.304076
-51.129870	197.946278	122.336473
-51.286536	197.594274	122.370570
-51.450127	197.227369	122.406376
-51.620670	196.845528	122.443901
-51.798189	196.448717	122.483155
-51.982714	196.036899	122.524147
-52.174273	195.610035	122.566890
-52.372894	195.168086	122.611392
-52.464276	194.965043	122.631947
-52.562765	194.746854	122.654278
-52.668376	194.513500	122.678388
-52.781122	194.264959	122.704284
-52.901022	194.001208	122.731970
-53.028093	193.722222	122.761452
-53.162352	193.427975	122.792736
-53.303820	193.118439	122.825829
-53.452516	192.793586	122.860735
-53.608462	192.453386	122.897461
-53.771679	192.097806	122.936014
-53.942190	191.726814	122.976400
-54.120019	191.340373	123.018625
-54.305190	190.938449	123.062696
-54.497729	190.521003	123.108620
-54.697661	190.087997	123.156402
-54.905014	189.639388	123.206050
-54.998437	189.437472	123.228457
-55.099321	189.219893	123.252739
-55.207678	188.986631	123.278898
-55.323523	188.737663	123.306937
-55.446872	188.472965	123.336859
-55.577739	188.192514	123.368668
-55.716142	187.896282	123.402367
-55.862098	187.584241	123.437958
-56.015626	187.256362	123.475445
-56.176745	186.912613	123.514832
-56.345475	186.552963	123.556121
-56.521837	186.177376	123.599316
-56.705853	185.785818	123.644419
-56.897544	185.378251	123.691434
-57.096935	184.954636	123.740363
-57.304050	184.514934	123.791209
-57.398870	184.313770	123.814495
-57.501450	184.096457	123.839701
-57.611801	183.862975	123.866829
-57.729936	183.613300	123.895878
-57.855869	183.347409	123.926851
-57.989614	183.065277	123.959749
-58.131186	182.766876	123.994571
-58.280603	182.452179	124.031318
-58.437880	182.121154	124.069992
-58.603035	181.773771	124.110593
-58.776087	181.409996	124.153120
-58.957055	181.029794	124.197574
-59.145959	180.633128	124.243956
-59.342819	180.219961	124.292263
-59.547657	179.790254	124.342497
-59.760495	179.343964	124.394655
-59.856251	179.143262	124.418103
-59.960039	178.925917	124.443473
-60.071871	178.691905	124.470765
-60.191758	178.441206	124.499978
-60.319713	178.173795	124.531110
-60.455749	177.889646	124.564161
-60.599879	177.588731	124.599129
-60.752118	177.271022	124.636011
-60.912483	176.936489	124.674806
-61.080989	176.585098	124.715512
-61.257652	176.216816	124.758125
-61.442491	175.831607	124.802644
-61.635524	175.429435	124.849064
-61.836769	175.010260	124.897381
-62.046246	174.574041	124.947592
-62.142544	174.373552	124.970635
-62.247103	174.155959	124.995564
-62.359933	173.921239	125.022377
-62.481045	173.669371	125.051072
-62.610450	173.400330	125.081644
-62.748160	173.114090	125.114091
-62.894187	172.810623	125.148409
-63.048546	172.489900	125.184594
-63.211251	172.151889	125.222642
-63.382316	171.796559	125.262546
-63.561756	171.423874	125.304303
-63.749588	171.033798	125.347905
-63.945828	170.626293	125.393348
-64.150493	170.201321	125.440623
-64.363602	169.758839	125.489723
-64.460153	169.558376	125.511911
-64.565174	169.340341	125.535912
-64.678674	169.104712	125.561722
-64.800662	168.851469	125.589337
-64.931149	168.580584	125.618752
-65.070145	168.292033	125.649961
-65.217663	167.985787	125.682957
-65.373714	167.661817	125.717736
-65.538311	167.320091	125.754289
-65.711468	166.960575	125.792610
-65.893198	166.583235	125.832689
-66.083517	166.188034	125.874519
-66.282439	165.774934	125.918089
-66.489979	165.343894	125.963390
-66.586547	165.143312	125.984395
-66.691758	164.924728	126.007114
-66.805619	164.688122	126.031543
-66.928139	164.433471	126.057674
-67.059328	164.160751	126.085501
-67.199195	163.869933	126.115016
-67.347752	163.560991	126.146212
-67.505008	163.233894	126.179081
-67.670976	162.888611	126.213612
-67.845668	162.525107	126.249795
-68.029097	162.143347	126.287621
-68.221276	161.743295	126.327077
-68.422218	161.324911	126.368152
-68.631938	160.888155	126.410831
-68.728340	160.687344	126.430363
-68.833542	160.468099	126.451479
-68.947550	160.230398	126.474172
-69.070372	159.974219	126.498435
-69.202017	159.699536	126.524260
-69.342493	159.406323	126.551636
-69.491810	159.094552	126.580553
-69.649977	158.764191	126.611002
-69.817007	158.415209	126.642970
-69.992908	158.047572	126.676445
-70.177693	157.661245	126.711414
-70.371374	157.256189	126.747862
-70.573963	156.832366	126.785774
-70.785472	156.389734	126.825134
-70.881549	156.188605	126.842912
-70.986565	155.968604	126.862114
-71.100528	155.729711	126.882729
-71.223443	155.471903	126.904749
-71.355319	155.195154	126.928164
-71.496164	154.899438	126.952961
-71.645985	154.584727	126.979130
-71.804792	154.250989	127.006657
-71.972594	153.898193	127.035528
-72.149401	153.526304	127.065728
-72.335223	153.135286	127.097241
-72.530071	152.725102	127.130050
-72.733955	152.295712	127.164137
-72.946886	151.847075	127.199483
-73.042491	151.645552	127.215239
-73.147161	151.424719	127.232223
-73.260900	151.184554	127.250427
-73.383716	150.925036	127.269837
-73.515614	150.646137	127.290443
-73.656602	150.347833	127.312232
-73.806686	150.030093	127.335188
-73.965876	149.692887	127.359296
-74.134178	149.336184	127.384541
-74.311602	148.959948	127.410905
-74.498156	148.564143	127.438368
-74.693849	148.148732	127.466912
-74.898692	147.713674	127.496514
-74.993728	147.511726	127.510121
-75.097927	147.290071	127.524753
-75.211294	147.048687	127.540399
-75.333835	146.787551	127.557047
-75.465555	146.506638	127.574683
-75.606460	146.205922	127.593291
-75.756556	145.885374	127.612856
-75.915852	145.544962	127.633360
-76.084352	145.184655	127.654785
-76.262066	144.804418	127.677110
-76.449000	144.404216	127.700315
-76.645164	143.984008	127.724376
-76.850564	143.543757	127.749271
-76.944938	143.341357	127.760571
-77.048562	143.118852	127.772668
-77.161439	142.876221	127.785547
-77.283574	142.613440	127.799194
-77.414972	142.330485	127.813594
-77.555638	142.027329	127.828731
-77.705577	141.703943	127.844585
-77.864795	141.360296	127.861138
-78.033299	140.996357	127.878368
-78.211094	140.612090	127.896254
-78.398187	140.207460	127.914771
-78.594585	139.782428	127.933895
-78.800295	139.336954	127.953598
-78.893916	139.134081	127.962416
-78.996859	138.910706	127.971772
-79.109128	138.666807	127.981652
-79.230726	138.402362	127.992039
-79.361657	138.117345	128.002917
-79.501925	137.811730	128.014266
-79.651536	137.485489	128.026067
-79.810494	137.138591	128.038298
-79.978804	136.771002	128.050936
-80.156470	136.382690	128.063956
-80.343499	135.973618	128.077331
-80.539896	135.543748	128.091034
-80.745667	135.093039	128.105034
-80.838443	134.889681	128.111186
-80.940602	134.665424	128.117590
-81.052145	134.420247	128.124230
-81.173075	134.154128	128.131089
-81.303396	133.867043	128.138147
-81.443111	133.558964	128.145384
-81.592223	133.229863	128.152777
-81.750737	132.879710	128.160304
-81.918656	132.508473	128.167939
-82.095985	132.116117	128.175653
-82.282727	131.702606	128.183419
-82.478886	131.267903	128.191205
-82.570788	131.064084	128.194679
-82.672114	130.839015	128.198126
-82.782865	130.592674	128.201527
-82.903045	130.325039	128.204865
-83.032656	130.036085	128.208117
-83.171700	129.725787	128.211263
-83.320180	129.394116	128.214278
-83.478099	129.041042	128.217136
-83.645459	128.666532	128.219809
-83.822265	128.270553	128.222269
-84.008519	127.853069	128.224483
-84.204223	127.414042	128.226418
-84.295203	127.209782	128.227136
-84.395637	126.983921	128.227523
-84.505528	126.736439	128.227561
-84.624878	126.467314	128.227228
-84.753688	126.176522	128.226504
-84.891961	125.864036	128.225363
-85.039697	125.529828	128.223781
-85.196899	125.173870	128.221728
-85.363569	124.796128	128.219176
-85.539708	124.396570	128.216092
-85.725319	123.975159	128.212442
-85.920404	123.531858	128.208190
-86.010403	123.327174	128.206038
-86.109879	123.100544	128.203228
-86.218831	122.851946	128.199739
-86.337261	122.581359	128.195552
-86.465171	122.288760	128.190641
-86.602560	121.974123	128.184981
-86.749430	121.637419	128.178544
-86.905782	121.278620	128.171300
-87.071618	120.897694	128.163217
-87.246936	120.494607	128.154261
-87.431740	120.069326	128.144395
-87.626029	119.621811	128.133580
-87.714987	119.416726	128.128427
-87.813431	119.189352	128.122264
-87.921361	118.939670	128.115072
-88.038778	118.667658	128.106826
-88.165681	118.373292	128.097502
-88.302072	118.056548	128.087071
-88.447949	117.717397	128.075505
-88.603314	117.355812	128.062770
-88.768165	116.971760	128.048833
-88.942503	116.565210	128.033656
-89.126328	116.136126	128.017201
-89.319638	115.684472	127.999426
-89.407493	115.479015	127.991134
-89.504832	115.250932	127.981458
-89.611655	115.000204	127.970375
-89.727963	114.726811	127.957861
-89.853754	114.430729	127.943887
-89.989027	114.111934	127.928426
-90.133783	113.770398	127.911445
-90.288019	113.406094	127.892910
-90.451736	113.018990	127.872783
-90.624930	112.609055	127.851027
-90.807602	112.176254	127.827599
-90.999750	111.720552	127.802454
-91.086438	111.514758	127.790885
-91.182598	111.286008	127.777531
-91.288230	111.034284	127.762368
-91.403332	110.759565	127.745370
-91.527902	110.461828	127.726508
-91.661940	110.141050	127.705751
-91.805443	109.797204	127.683065
-91.958410	109.430262	127.658414
-92.120839	109.040195	127.631759
-92.292726	108.626970	127.603057
-92.474070	108.190555	127.572265
-92.664868	107.730915	127.539335
-92.750327	107.524827	127.524347
-92.845235	107.295461	127.507149
-92.949590	107.042799	127.487714
-93.063389	106.766820	127.466016
-93.186632	106.467503	127.442024
-93.319314	106.144823	127.415703
-93.461435	105.798756	127.387020
-93.612990	105.429273	127.355934
-93.773977	105.036347	127.322405
-93.944392	104.619946	127.286388
-94.124231	104.180039	127.247836
-94.208485	103.973723	127.229522
-94.302156	103.743851	127.208600
-94.405243	103.490404	127.185042
-94.517742	103.213363	127.158819
-94.639653	102.912706	127.129899
-94.770970	102.588410	127.098247
-94.911691	102.240451	127.063827
-95.061812	101.868802	127.026596
-95.221329	101.473435	126.986512
-95.390237	101.054319	126.943527
-95.568531	100.611423	126.897593
-95.651565	100.404937	126.875941
-95.743977	100.174622	126.851262
-95.845764	99.920462	126.823527
-95.956924	99.642437	126.792707
-96.077452	99.340527	126.758767
-96.207346	99.014709	126.721671
-96.346600	98.664960	126.681379
-96.495210	98.291253	126.637849
-96.653171	97.893561	126.591034
-96.820478	97.471856	126.540887
-96.997123	97.026106	126.487354
-97.078905	96.819504	126.462300
-97.170017	96.588812	126.433780
-97.270455	96.334011	126.401764
-97.380215	96.055084	126.366219
-97.499294	95.752011	126.327112
-97.627686	95.424770	126.284404
-97.765386	95.073338	126.238053
-97.912390	94.697690	126.188014
-98.068690	94.297799	126.134240
-98.234280	93.873638	126.076679
-98.409153	93.425177	126.015276
-98.489644	93.218521	125.986733
-98.579406	92.987520	125.954262
-98.678436	92.732158	125.917834
-98.786729	92.452418	125.877416
-98.904280	92.148280	125.832970
-99.031084	91.819723	125.784456
-99.167135	91.466725	125.731832
-99.312426	91.089262	125.675050
-99.466950	90.687309	125.614060
-99.630700	90.260839	125.548808
-99.803667	89.809824	125.479236
-99.882823	89.603179	125.447104
-99.971182	89.371946	125.410564
-100.068742	89.116109	125.369583
-100.175495	88.835652	125.324128
-100.291438	88.530555	125.274159
-100.416562	88.200801	125.219635
-100.550863	87.846366	125.160511
-100.694332	87.467228	125.096738
-100.846960	87.063363	125.028263
-101.008741	86.634746	124.955029
-101.179663	86.181349	124.876977
-101.257438	85.974787	124.841153
-101.344340	85.743405	124.800418
-101.440364	85.487188	124.754738
-101.545504	85.206120	124.704078
-101.659753	84.900183	124.648398
-101.783105	84.569360	124.587653
-101.915553	84.213629	124.521797
-102.057086	83.832970	124.450777
-102.207697	83.427359	124.374541
-102.367376	82.996772	124.293027
-102.536112	82.541183	124.206175
-102.612460	82.334782	124.166555
-102.697848	82.103342	124.121498
-102.792271	81.846847	124.070971
-102.895722	81.565284	124.014936
-103.008194	81.258637	123.953351
-103.129679	80.926887	123.886171
-103.260168	80.570015	123.813346
-103.399652	80.188002	123.734823
-103.548121	79.780825	123.650544
-103.705564	79.348462	123.560450
-103.871970	78.890889	123.464473
-103.946845	78.684735	123.420950
-104.030663	78.453335	123.371445
-104.123419	78.196677	123.315920
-104.225105	77.914746	123.254338
-104.335713	77.607527	123.186655
-104.455235	77.275005	123.112823
-104.583661	76.917161	123.032791
-104.720980	76.533976	122.946504
-104.867182	76.125432	122.853902
-105.022254	75.691505	122.754921
-105.186184	75.232175	122.649492
-105.259539	75.026360	122.601962
-105.341732	74.795108	122.547879
-105.432754	74.538408	122.487207
-105.532599	74.256246	122.419906
-105.641257	73.948610	122.345929
-105.758719	73.615483	122.265228
-105.884975	73.256851	122.177750
-106.020013	72.872694	122.083437
-106.163821	72.462996	121.982226
-106.316386	72.027737	121.874051
-106.388286	71.822327	121.822699
-106.468921	71.591326	121.764278
-106.558285	71.334723	121.698751
-106.656368	71.052508	121.626076
-106.763162	70.744667	121.546206
-106.878656	70.411187	121.459090
-107.002839	70.052052	121.364673
-107.135699	69.667246	121.262896
-107.277222	69.256754	121.153694
-107.427395	68.820557	121.036999
-107.497850	68.615625	120.981870
-107.576931	68.384962	120.919139
-107.664632	68.128558	120.848768
-107.760942	67.846403	120.770713
-107.865852	67.538484	120.684926
-107.979351	67.204789	120.591355
-108.101426	66.845305	120.489942
-108.232065	66.460017	120.380626
-108.371253	66.048911	120.263341
-108.518975	65.611970	120.138016
-108.587971	65.407600	120.079088
-108.665477	65.177372	120.012008
-108.751485	64.921278	119.936736
-108.845985	64.639307	119.853227
-108.948965	64.331449	119.761431
-109.060415	63.997695	119.661296
-109.180322	63.638030	119.552761
-109.308670	63.252444	119.435763
-109.445447	62.840923	119.310234
-109.590634	62.403452	119.176100
-109.658146	62.199735	119.113320
-109.734043	61.970048	119.041820
-109.818316	61.714383	118.961560
-109.910956	61.432734	118.872492
-110.011950	61.125090	118.774566
-110.121286	60.791443	118.667725
-110.238950	60.431782	118.551911
-110.364927	60.046097	118.427056
-110.499202	59.634376	118.293090
-110.641758	59.196607	118.149937
-110.707754	58.993640	118.083240
-110.782003	58.764607	118.007236
-110.864495	58.509504	117.921886
-110.955219	58.228323	117.827140
-111.054163	57.921057	117.722946
-111.161314	57.587698	117.609247
-111.276657	57.228238	117.485981
-111.400176	56.842668	117.353080
-111.531854	56.430978	117.210470
-111.671674	55.993160	117.058074
-111.736121	55.791047	116.987386
-111.808680	55.562791	116.906790
-111.889341	55.308389	116.816242
-111.978092	55.027834	116.715693
-112.074921	54.721120	116.605090
-112.179812	54.388243	116.484372
-112.292751	54.029195	116.353477
-112.413721	53.643969	116.212333
-112.542704	53.232559	116.060866
-112.679681	52.794958	115.898996
-112.742545	52.593811	115.824244
-112.813372	52.366462	115.738964
-112.892151	52.112909	115.643109
-112.978870	51.833148	115.536630
-113.073515	51.527174	115.419472
-113.176071	51.194984	115.291573
-113.286523	50.836574	115.152867
-113.404852	50.451937	115.003283
-113.531039	50.041072	114.842744
-113.665065	49.603972	114.671165
-113.726310	49.403908	114.592275
-113.795361	49.177605	114.502218
-113.872206	48.925060	114.400947
-113.956833	48.646271	114.288410
-114.049226	48.341236	114.164552
-114.149371	48.009953	114.029308
-114.257250	47.652420	113.882612
-114.372845	47.268634	113.724389
-114.496135	46.858594	113.554560
-114.627099	46.422298	113.373040
-114.686691	46.223444	113.289938
-114.753922	45.998333	113.195012
-114.828781	45.746965	113.088214
-114.911255	45.469338	112.969493
-115.001328	45.165454	112.838789
-115.098984	44.835311	112.696039
-115.204205	44.478911	112.541171
-115.316972	44.096253	112.374111
-115.437263	43.687338	112.194777
-115.565055	43.252169	112.003081
-115.622957	43.054657	111.915694
-115.688320	42.830910	111.815817
-115.761128	42.580942	111.703407
-115.841363	42.304770	111.578418
-115.929003	42.002414	111.440799
-116.024026	41.673895	111.290493
-116.126408	41.319235	111.127438
-116.236122	40.938460	110.951567
-116.353139	40.531597	110.762810
-116.477429	40.098676	110.561088
-116.533610	39.902644	110.469354
-116.597016	39.680600	110.364536
-116.667630	39.432561	110.246592
-116.745433	39.158545	110.115474
-116.830405	38.858574	109.971132
-116.922523	38.532670	109.813507
-117.021761	38.180858	109.642537
-117.128092	37.803166	109.458154
-117.241488	37.399623	109.260286
-117.361917	36.970263	109.048855
-117.416347	36.775854	108.952716
-117.477761	36.555678	108.842893
-117.546143	36.309753	108.719343
-117.621474	36.038098	108.582019
-117.703731	35.740738	108.430867
-117.792893	35.417696	108.265830
-117.888933	35.069000	108.086844
-117.991823	34.694680	107.893841
-118.101536	34.294768	107.686747
-118.218037	33.869301	107.465485
-118.270686	33.676666	107.364886
-118.330075	33.458530	107.249996
-118.396186	33.214912	107.120771
-118.469002	32.945835	106.977163
-118.548499	32.651323	106.819119
-118.634654	32.331403	106.646579
-118.727442	31.986105	106.459480
-118.826834	31.615462	106.257753
-118.932801	31.219508	106.041323
-119.045309	30.798282	105.810111
-119.096146	30.607580	105.705000
-119.153476	30.391666	105.584983
-119.217280	30.150560	105.450016
-119.287538	29.884288	105.300051
-119.364229	29.592874	105.135034
-119.447329	29.276350	104.954905
-119.536810	28.934746	104.759601
-119.632646	28.568099	104.549050
-119.734806	28.176446	104.323178
-119.843255	27.759829	104.081905
-119.892252	27.571227	103.972230
-119.947488	27.357725	103.847029
-120.008946	27.119346	103.706258
-120.076606	26.856117	103.549866
-120.150446	26.568065	103.377801
-120.230440	26.255224	103.190001
-120.316563	25.917627	102.986403
-120.408785	25.555312	102.766934
-120.507076	25.168321	102.531521
-120.611403	24.756699	102.280080
-120.658529	24.570372	102.165794
-120.711639	24.359483	102.035355
-120.770714	24.124057	101.888719
-120.835735	23.864122	101.725836
-120.906678	23.579709	101.546651
-120.983518	23.270852	101.351104
-121.066229	22.937589	101.139129
-121.154782	22.579961	100.910655
-121.249144	22.198012	100.665606
-121.349282	21.791790	100.403900
-121.394509	21.607923	100.284957
-121.445459	21.399858	100.149230
-121.502115	21.167622	99.996674
-121.564456	20.911245	99.827239
-121.632458	20.630761	99.640869
-121.706096	20.326207	99.437503
-121.785343	19.997623	99.217075
-121.870169	19.645053	98.979515
-121.960543	19.268545	98.724744
-122.056430	18.868150	98.452680
-122.099728	18.686937	98.329040
-122.148487	18.481918	98.187979
-122.202687	18.253122	98.029452
-122.262307	18.000582	97.853409
-122.327324	17.724333	97.659793
-122.397712	17.424416	97.448544
-122.473444	17.100873	97.219595
-122.554489	16.753753	96.972873
-122.640815	16.383106	96.708302
-122.732387	15.988987	96.425798
-122.773729	15.810632	96.297424
-122.820264	15.608892	96.150987
-122.871972	15.383799	95.986444
-122.928832	15.135387	95.803743
-122.990820	14.863696	95.602828
-123.057911	14.568767	95.383638
-123.130077	14.250647	95.146105
-123.207286	13.909388	94.890157
-123.289506	13.545044	94.615717
-123.376701	13.157674	94.322700
-123.416059	12.982392	94.189558
-123.460337	12.784177	94.037709
-123.509518	12.563063	93.867110
-123.563578	12.319088	93.677708
-123.622495	12.052292	93.469447
-123.686243	11.762722	93.242266
-123.754791	11.450428	92.996096
-123.828110	11.115463	92.730866
-123.906167	10.757887	92.446497
-123.988924	10.377764	92.142906
-124.026269	10.205780	92.004967
-124.068260	10.011349	91.847677
-124.114878	9.794506	91.670987
-124.166101	9.555291	91.474848
-124.221904	9.293748	91.259203
-124.282262	9.009927	91.023989
-124.347144	8.703880	90.769140
-124.416520	8.375667	90.494581
-124.490356	8.025350	90.200236
-124.568615	7.652997	89.886019
-124.603920	7.484551	89.743263
-124.643593	7.294176	89.580505
-124.687614	7.081910	89.397700
-124.735960	6.847797	89.194796
-124.788608	6.591883	88.971736
-124.845531	6.314222	88.728459
-124.906698	6.014869	88.464897
-124.972078	5.693888	88.180976
-125.041637	5.351346	87.876619
-125.115339	4.987316	87.551741
-125.148577	4.822658	87.404150
-125.185901	4.636627	87.235908
-125.227291	4.429263	87.046968
-125.272724	4.200611	86.837280
-125.322175	3.950723	86.606787
-125.375618	3.679654	86.355426
-125.433022	3.387466	86.083131
-125.494355	3.074225	85.789827
-125.559583	2.740003	85.475437
-125.628668	2.384878	85.139876
-125.659813	2.224274	84.987441
-125.694758	2.042890	84.813706
-125.733483	1.840768	84.618623
-125.775966	1.617958	84.402143
-125.822180	1.374514	84.164208
-125.872099	1.110495	83.904756
-125.925693	0.825967	83.623720
-125.982928	0.521002	83.321027
-126.043770	0.195675	82.996599
-126.108182	-0.149929	82.650352
-126.137207	-0.306200	82.493072
-126.169744	-0.482618	82.313843
-126.205772	-0.679136	82.112619
-126.245267	-0.895704	81.889349
-126.288205	-1.132262	81.643977
-126.334558	-1.388748	81.376441
-126.384295	-1.665091	81.086673
-126.437382	-1.961215	80.774602
-126.493786	-2.277039	80.440149
-126.553468	-2.612474	80.083231
-126.580348	-2.764115	79.921113
-126.610447	-2.935228	79.736400
-126.643746	-3.125763	79.529048
-126.680219	-3.335664	79.299005
-126.719842	-3.564869	79.046215
-126.762586	-3.813312	78.770618
-126.808420	-4.080916	78.472145
-126.857312	-4.367602	78.150725
-126.909225	-4.673281	77.806281
-126.964121	-4.997859	77.438730
-126.988831	-5.144559	77.271792
-127.016465	-5.310009	77.081618
-127.047002	-5.494157	76.868164
-127.080418	-5.696943	76.631379
-127.116688	-5.918302	76.371208
-127.155782	-6.158161	76.087589
-127.197670	-6.416440	75.780458
-127.242318	-6.693054	75.449741
-127.289689	-6.987909	75.095364
-127.339746	-7.300904	74.717243
-127.362262	-7.442332	74.545513
-127.387403	-7.601741	74.349914
-127.415148	-7.779076	74.130399
-127.445473	-7.974273	73.886921
-127.478352	-8.187262	73.619423
-127.513757	-8.417966	73.327846
-127.551655	-8.666300	73.012125
-127.592012	-8.932172	72.672188
-127.634793	-9.215483	72.307961
-127.679957	-9.516125	71.919363
-127.700255	-9.651930	71.742884
-127.722876	-9.804898	71.541909
-127.747799	-9.974968	71.316394
-127.775000	-10.162073	71.066289
-127.804453	-10.366138	70.791542
-127.836128	-10.587081	70.492092
-127.869994	-10.824812	70.167876
-127.906016	-11.079232	69.818825
-127.944157	-11.350236	69.444864
-127.984379	-11.637709	69.045914
-128.002435	-11.767521	68.864743
-128.022509	-11.913621	68.658460
-128.044582	-12.075947	68.427023
-128.068627	-12.254427	68.170383
-128.094618	-12.448980	67.888488
-128.122526	-12.659519	67.581279
-128.152319	-12.885949	67.248694
-128.183961	-13.128164	66.890665
-128.217417	-13.386052	66.507120
-128.252645	-13.659490	66.097981
-128.268437	-13.782913	65.912193
-128.285940	-13.921695	65.700691
-128.305101	-14.075808	65.463456
-128.325689	-14.245429	65.200579
-128.347450	-14.430756	64.912169
-128.370117	-14.631985	64.598337
-128.393403	-14.849328	64.259208
-128.416987	-15.083024	63.894929
-128.440518	-15.333333	63.505670
-128.463642	-15.600509	63.091605
-128.473200	-15.721997	62.904124
-128.482414	-15.860017	62.691611
-128.491027	-16.014783	62.454214
-128.498742	-16.186543	62.192111
-128.505237	-16.375562	61.905500
-128.510179	-16.582106	61.594590
-128.513194	-16.806473	61.259624
-128.513914	-17.048756	60.901156
-128.511958	-17.309045	60.519775
-128.506970	-17.587412	60.116019
-128.503376	-17.715197	59.932558
-128.497358	-17.860513	59.725271
-128.488664	-18.023435	59.494565
-128.476878	-18.207324	59.242627
-128.461733	-18.412342	58.969658
-128.442928	-18.638669	58.675891
-128.420148	-18.886484	58.361571
-128.393070	-19.155966	58.026951
-128.361384	-19.447274	57.672271
-128.324794	-19.760547	57.297755
-128.306814	-19.904969	57.127993
-128.284149	-20.071068	56.938030
-128.256542	-20.258991	56.728082
-128.223740	-20.468873	56.498367
-128.185465	-20.700863	56.249125
-128.141430	-20.955105	55.980604
-128.091308	-21.231762	55.693095
-128.034787	-21.530978	55.386875
-127.971552	-21.852891	55.062221
-127.901315	-22.197611	54.719380
-127.868052	-22.355412	54.564485
-127.828372	-22.535506	54.390569
-127.781987	-22.738045	54.197909
-127.728597	-22.963142	53.986755
-127.667940	-23.210863	53.757288
-127.599753	-23.481180	53.509821
-127.523812	-23.773918	53.244779
-127.439876	-24.088896	52.962618
-127.347726	-24.425932	52.663740
-127.247150	-24.784834	52.348516
-127.199870	-24.949672	52.205014
-127.144714	-25.136518	52.043414
-127.081480	-25.345184	51.864174
-127.009959	-25.575473	51.667762
-126.929957	-25.827185	51.454596
-126.841290	-26.100109	51.225071
-126.743758	-26.394024	50.979617
-126.637147	-26.708704	50.718690
-126.521250	-27.043921	50.442728
-126.395864	-27.399443	50.152150
-126.335747	-27.566658	50.016412
-126.266683	-27.754655	49.864101
-126.188488	-27.963206	49.695683
-126.100984	-28.192077	49.511605
-126.003999	-28.441026	49.312292
-125.897360	-28.709805	49.098170
-125.780905	-28.998162	48.869637
-125.654465	-29.305842	48.627092
-125.517854	-29.632580	48.370987
-125.370870	-29.978102	48.101819
-125.213357	-30.342142	47.819947
-125.139764	-30.509453	47.691140
-125.056195	-30.696205	47.547271
-124.962496	-30.902136	47.388794
-124.858518	-31.126975	47.216148
-124.744106	-31.370442	47.029781
-124.619101	-31.632250	46.830159
-124.483340	-31.912109	46.617745
-124.336664	-32.209725	46.393000
-124.178922	-32.524800	46.156354
-124.009977	-32.857032	45.908204
-123.829713	-33.206126	45.648880
-123.638008	-33.571783	45.378734
-123.549891	-33.737376	45.257019
-123.450816	-33.920933	45.121815
-123.340654	-34.122145	44.973589
-123.219264	-34.340696	44.812837
-123.086496	-34.576265	44.640083
-122.942222	-34.828533	44.455787
-122.786316	-35.097179	44.260395
-122.618672	-35.381884	44.054294
-122.439194	-35.682331	43.837840
-122.247791	-35.998200	43.611381
-122.044372	-36.329167	43.375253
-121.828877	-36.674915	43.129712
-121.601244	-37.035122	42.875015
-121.497485	-37.197073	42.760972
-121.381861	-37.375366	42.635072
-121.254233	-37.569643	42.497915
-121.114481	-37.779552	42.350030
-120.962532	-38.004756	42.191800
-120.798323	-38.244923	42.023569
-120.621783	-38.499716	41.845709
-120.432839	-38.768793	41.658590
-120.231434	-39.051815	41.462546
-120.017519	-39.348442	41.257874
-119.791043	-39.658327	41.044896
-119.551940	-39.981115	40.823972
-119.300163	-40.316464	40.595406
-119.035666	-40.664026	40.359496
-118.915274	-40.820120	40.253947
-118.782240	-40.990844	40.138111
-118.636501	-41.175831	40.012445
-118.478015	-41.374721	39.877326
-118.312150	-41.580399	39.724067
-118.138818	-41.792667	39.553033
-117.957898	-42.011373	39.364639
-117.769258	-42.236373	39.159317
-117.572786	-42.467485	38.937476
-117.368389	-42.704497	38.699508
-117.155971	-42.947188	38.445811
-116.935439	-43.195334	38.176783
-116.706705	-43.448702	37.892821
-116.469692	-43.707033	37.594313
-116.224329	-43.970058	37.281648
-115.970526	-44.237536	36.955246
-115.855039	-44.357149	36.805728
-115.729657	-44.485139	36.642101
-115.594448	-44.621095	36.464559
-115.449467	-44.764616	36.273316
-115.294759	-44.915315	36.068601
-115.130356	-45.072825	35.850663
-114.956298	-45.236756	35.619748
-114.772634	-45.406705	35.376099
-114.579417	-45.582256	35.119960
-114.376697	-45.762994	34.851580
-114.164507	-45.948532	34.571241
-113.942854	-46.138524	34.279261
-113.711736	-46.332635	33.975967
-113.471166	-46.530509	33.661677
-113.221149	-46.731805	33.336719
-112.961700	-46.936170	33.001416
-112.692794	-47.143318	32.656135
-112.414401	-47.352971	32.301255
-112.288225	-47.445836	32.141707
-112.151402	-47.545240	31.970476
-112.004063	-47.650690	31.787753
-111.846325	-47.761711	31.593744
-111.678305	-47.877830	31.388657
-111.500121	-47.998570	31.172703
-111.311883	-48.123468	30.946103
-111.113694	-48.252074	30.709084
-110.905658	-48.383939	30.461881
-110.687866	-48.518632	30.204745
-110.460414	-48.655716	29.937925
-110.223396	-48.794760	29.661675
-109.976875	-48.935387	29.376285
-109.720911	-49.077225	29.082046
-109.455540	-49.219955	28.779274
-109.180805	-49.363241	28.468283
-108.896750	-49.506750	28.149383
-108.603425	-49.650152	27.822882
-108.300886	-49.793102	27.489079
-107.989181	-49.935284	27.148285
-107.668292	-50.076490	26.800863
-107.521748	-50.138644	26.643822
-107.364767	-50.204169	26.476926
-107.197529	-50.272528	26.300375
-107.020220	-50.343185	26.114369
-106.833014	-50.415618	25.919113
-106.636085	-50.489317	25.714817
-106.429580	-50.563810	25.501705
-106.213651	-50.638630	25.280003
-105.988453	-50.713305	25.049933
-105.754104	-50.787424	24.811745
-105.510712	-50.860601	24.565698
-105.258344	-50.932525	24.312080
-104.997065	-51.002893	24.051180
-104.726944	-51.071394	23.783279
-104.448058	-51.137719	23.508651
-104.160482	-51.201559	23.227567
-103.864304	-51.262593	22.940286
-103.559595	-51.320531	22.647077
-103.246439	-51.375067	22.348196
-102.924907	-51.425921	22.043910
-102.595075	-51.472815	21.734476
-102.257021	-51.515466	21.420149
-101.910833	-51.553584	21.101177
-101.556598	-51.586883	20.777801
-101.194394	-51.615100	20.450266
-100.824271	-51.638023	20.118833
-100.657046	-51.645728	19.970588
-100.480825	-51.651945	19.814015
-100.295810	-51.656169	19.649334
-100.102184	-51.657942	19.476777
-99.900117	-51.656822	19.296577
-99.689776	-51.652383	19.108966
-99.471323	-51.644207	18.914175
-99.244898	-51.631917	18.712443
-99.010622	-51.615179	18.504017
-98.768601	-51.593679	18.289142
-98.518932	-51.567132	18.068070
-98.261691	-51.535284	17.841058
-97.996956	-51.497888	17.608358
-97.724780	-51.454740	17.370231
-97.445220	-51.405635	17.126932
-97.158333	-51.350368	16.878714
-96.864179	-51.288736	16.625821
-96.562813	-51.220545	16.368496
-96.254295	-51.145602	16.106977
-95.938678	-51.063721	15.841497
-95.650052	-50.994542	15.579203
-95.388528	-50.937851	15.320006
-95.154227	-50.893400	15.063813
-94.947294	-50.860890	14.810527
-94.767905	-50.839932	14.560043
-94.616288	-50.829998	14.312237
-94.488903	-50.828921	14.066612
-94.381313	-50.834280	13.822642
-94.289950	-50.844115	13.579941
-94.211942	-50.856849	13.338235
-94.144978	-50.871208	13.097334
-94.087199	-50.886163	12.857117
-94.037109	-50.900882	12.617516
-93.993497	-50.914701	12.378505
-93.955379	-50.927104	12.140092
-93.921959	-50.937680	11.902312
-93.892600	-50.946087	11.665208
-93.866785	-50.952062	11.428841
-93.844090	-50.955397	11.193278
-93.824173	-50.955935	10.958597
-93.806737	-50.953578	10.724883
-93.791539	-50.948262	10.492221
-93.778372	-50.939951	10.260698
-93.767065	-50.928627	10.030398
-93.757472	-50.914288	9.801405
-93.749468	-50.896951	9.573801
-93.742948	-50.876636	9.347662
-93.737822	-50.853371	9.123063
-93.734006	-50.827200	8.900075
-93.731430	-50.798168	8.678766
-93.730027	-50.766327	8.459202
-93.729732	-50.731744	8.241447
-93.730478	-50.694503	8.025566
-93.732193	-50.654703	7.811620
-93.734816	-50.612436	7.599664
-93.738278	-50.567813	7.389752
-93.742505	-50.520963	7.181935
-93.747416	-50.472026	6.976258
-93.752939	-50.421137	6.772764
-93.758998	-50.368442	6.571490
-93.765518	-50.314085	6.372471
-93.772417	-50.258223	6.175741
-93.779613	-50.201023	5.981331
-93.787022	-50.142653	5.789269
-93.794557	-50.083289	5.599582
-93.802135	-50.023099	5.412291
-93.809690	-49.962228	5.227412
-93.817163	-49.900803	5.044956
-93.824494	-49.838957	4.864928
-93.831624	-49.776823	4.687335
-93.838490	-49.714539	4.512180
-93.845030	-49.652246	4.339465
-93.851182	-49.590083	4.169189
-93.856882	-49.528193	4.001348
-93.862074	-49.466709	3.835936
-93.866699	-49.405765	3.672943
-93.870702	-49.345493	3.512356
-93.874051	-49.285976	3.354161
-93.876716	-49.227298	3.198340
-93.878667	-49.169541	3.044874
-93.879876	-49.112784	2.893741
-93.880316	-49.057105	2.744921
-93.879974	-49.002552	2.598389
-93.878856	-48.949140	2.454116
-93.876966	-48.896885	2.312074
-93.874309	-48.845801	2.172235
-93.870889	-48.795903	2.034570
-93.866713	-48.747205	1.899050
-93.861784	-48.699718	1.765645
-93.856109	-48.653455	1.634324
-93.849692	-48.608426	1.505056
-93.842545	-48.564631	1.377810
-93.834676	-48.522071	1.252552
-93.826098	-48.480745	1.129251
-93.816819	-48.440651	1.007874
-93.806851	-48.401788	0.888387
-93.796206	-48.364149	0.770758
-93.784895	-48.327728	0.654955
-93.772931	-48.292517	0.540946
-93.760326	-48.258507	0.428700
-93.747095	-48.225686	0.318188
-93.733249	-48.194043	0.209378
-93.718804	-48.163564	0.102239
-93.703776	-48.134229	-0.003258
-93.688184	-48.106013	-0.107141
-93.672046	-48.078895	-0.209441
-93.655381	-48.052847	-0.310185
-93.638208	-48.027842	-0.409402
-93.620548	-48.003852	-0.507119
-93.602422	-47.980845	-0.603364
-93.583853	-47.958784	-0.698165
-93.564864	-47.937633	-0.791549
-93.545488	-47.917338	-0.883543
-93.525754	-47.897846	-0.974174
-93.505695	-47.879105	-1.063465
-93.485341	-47.861060	-1.151443
-93.464724	-47.843657	-1.238130
-93.443874	-47.826841	-1.323551
-93.422824	-47.810557	-1.407728
-93.401605	-47.794747	-1.490684
-93.380250	-47.779356	-1.572442
-93.358789	-47.764324	-1.653023
-93.337257	-47.749592	-1.732448
-93.315688	-47.735098	-1.810735
-93.294114	-47.720782	-1.887905
-93.272570	-47.706580	-1.963975
-93.251090	-47.692430	-2.038962
-93.229707	-47.678269	-2.112882
-93.208457	-47.664034	-2.185751
-93.187372	-47.649663	-2.257584
-93.166485	-47.635095	-2.328396
-93.145829	-47.620269	-2.398199
-93.125436	-47.605124	-2.467007
-93.105337	-47.589605	-2.534833
-93.085560	-47.573656	-2.601691
-93.066132	-47.557229	-2.667593
-93.047077	-47.540279	-2.732553
-93.028417	-47.522764	-2.796583
-93.010172	-47.504648	-2.859694
-92.992359	-47.485900	-2.921899
-92.974991	-47.466492	-2.983209
-92.958082	-47.446403	-3.043637
-92.941641	-47.425613	-3.103195
-92.925677	-47.404110	-3.161894
-92.910193	-47.381883	-3.219747
-92.895195	-47.358926	-3.276765
-92.880683	-47.335238	-3.332959
-92.866657	-47.310819	-3.388339
-92.853115	-47.285675	-3.442917
-92.840052	-47.259813	-3.496703
-92.827464	-47.233244	-3.549707
-92.815344	-47.205982	-3.601940
-92.803685	-47.178039	-3.653412
-92.792479	-47.149431	-3.704133
-92.781719	-47.120172	-3.754113
-92.771396	-47.090279	-3.803361
-92.761501	-47.059769	-3.851886
-92.752025	-47.028659	-3.899697
-92.742959	-46.996969	-3.946802
-92.734293	-46.964716	-3.993209
-92.726016	-46.931920	-4.038928
-92.718119	-46.898600	-4.083967
-92.710591	-46.864776	-4.128335
-92.703422	-46.830468	-4.172041
-92.696599	-46.795698	-4.215094
-92.690112	-46.760487	-4.257504
-92.683949	-46.724859	-4.299279
-92.678096	-46.688837	-4.340429
-92.672542	-46.652445	-4.380962
-92.667272	-46.615709	-4.420886
-92.662274	-46.578655	-4.460211
-92.657532	-46.541309	-4.498944
-92.653033	-46.503701	-4.537094
-92.648761	-46.465860	-4.574669
-92.644698	-46.427817	-4.611679
-92.640830	-46.389602	-4.648170
-92.637137	-46.351242	-4.684193
-92.633603	-46.312769	-4.719794
-92.630209	-46.274214	-4.755019
-92.626937	-46.235608	-4.789911
-92.623768	-46.196987	-4.824510
-92.620682	-46.158382	-4.858854
-92.617661	-46.119830	-4.892979
-92.614685	-46.081365	-4.926920
-92.611733	-46.043022	-4.960706
-92.608789	-46.004836	-4.994368
-92.605831	-45.966841	-5.027930
-92.602843	-45.929073	-5.061418
-92.599804	-45.891566	-5.094854
-92.596698	-45.854352	-5.128257
-92.593508	-45.817464	-5.161645
-92.590217	-45.780933	-5.195031
-92.586809	-45.744789	-5.228430
-92.583270	-45.709060	-5.261850
-92.579585	-45.673775	-5.295300
-92.575740	-45.638959	-5.328785
-92.571724	-45.604638	-5.362310
-92.567524	-45.570835	-5.395875
-92.563129	-45.537575	-5.429481
-92.558528	-45.504877	-5.463125
-92.553712	-45.472762	-5.496803
-92.548671	-45.441250	-5.530510
-92.543398	-45.410358	-5.564237
-92.537884	-45.380102	-5.597979
-92.532123	-45.350499	-5.631724
-92.526108	-45.321561	-5.665462
-92.519835	-45.293301	-5.699184
-92.513298	-45.265730	-5.732875
-92.506493	-45.238859	-5.766525
-92.499417	-45.212697	-5.800119
-92.492068	-45.187251	-5.833645
-92.484442	-45.162527	-5.867087
-92.476539	-45.138532	-5.900433
-92.468356	-45.115270	-5.933670
-92.459893	-45.092746	-5.966783
-92.451149	-45.070961	-5.999759
-92.442126	-45.049915	-6.032585
-92.432824	-45.029610	-6.065249
-92.423245	-45.010043	-6.097738
-92.413390	-44.991213	-6.130039
-92.403262	-44.973119	-6.162141
-92.392862	-44.955756	-6.194032
-92.382195	-44.939120	-6.225702
-92.371263	-44.923206	-6.257140
-92.360069	-44.908009	-6.288336
-92.348618	-44.893521	-6.319281
-92.336914	-44.879735	-6.349966
-92.324961	-44.866645	-6.380383
-92.312764	-44.854242	-6.410525
-92.300325	-44.842519	-6.440385
-92.287651	-44.831469	-6.469956
-92.274744	-44.821082	-6.499233
-92.261611	-44.811351	-6.528209
-92.248254	-44.802267	-6.556881
-92.234679	-44.793820	-6.585241
-92.220892	-44.786001	-6.613286
-92.206896	-44.778801	-6.641009
-92.192698	-44.772209	-6.668408
-92.178302	-44.766215	-6.695477
-92.163713	-44.760811	-6.722213
-92.148935	-44.755988	-6.748614
-92.133971	-44.751738	-6.774680
-92.118826	-44.748053	-6.800408
-92.103503	-44.744926	-6.825801
-92.088005	-44.742350	-6.850860
-92.072335	-44.740318	-6.875588
-92.056496	-44.738824	-6.899988
-92.040491	-44.737859	-6.924063
-92.024324	-44.737416	-6.947818
-92.007998	-44.737486	-6.971256
-91.991518	-44.738058	-6.994382
-91.974887	-44.739124	-7.017199
-91.958111	-44.740674	-7.039712
-91.941192	-44.742698	-7.061924
-91.924137	-44.745186	-7.083839
-91.906948	-44.748127	-7.105462
-91.889631	-44.751512	-7.126796
-91.872190	-44.755328	-7.147846
-91.854630	-44.759566	-7.168617
-91.836955	-44.764214	-7.189112
-91.819171	-44.769262	-7.209338
-91.801281	-44.774699	-7.229299
-91.783290	-44.780515	-7.249000
-91.765202	-44.786699	-7.268447
-91.747022	-44.793240	-7.287645
-91.728754	-44.800129	-7.306600
-91.710402	-44.807354	-7.325319
-91.691971	-44.814904	-7.343807
-91.673465	-44.822769	-7.362071
-91.654889	-44.830938	-7.380119
-91.636248	-44.839400	-7.397957
-91.617544	-44.848143	-7.415592
-91.598784	-44.857158	-7.433033
-91.579971	-44.866433	-7.450285
-91.561109	-44.875957	-7.467356
-91.542204	-44.885720	-7.484255
-91.523259	-44.895711	-7.500987
-91.504278	-44.905920	-7.517560
-91.485265	-44.916337	-7.533980
-91.466225	-44.926952	-7.550252
-91.447160	-44.937755	-7.566382
-91.428076	-44.948738	-7.582377
-91.408976	-44.959889	-7.598239
-91.389865	-44.971200	-7.613973
-91.370745	-44.982661	-7.629584
-91.351623	-44.994261	-7.645074
-91.332501	-45.005991	-7.660447
-91.313385	-45.017842	-7.675705
-91.294278	-45.029803	-7.690852
-91.275184	-45.041866	-7.705889
-91.256107	-45.054022	-7.720819
-91.237050	-45.066262	-7.735645
-91.218017	-45.078580	-7.750369
-91.199012	-45.090966	-7.764992
-91.180037	-45.103414	-7.779518
-91.161096	-45.115917	-7.793948
-91.142191	-45.128467	-7.808283
-91.123326	-45.141058	-7.822526
-91.104503	-45.153684	-7.836679
-91.085724	-45.166337	-7.850742
-91.066994	-45.179013	-7.864717
-91.048314	-45.191703	-7.878605
-91.029687	-45.204403	-7.892408
-91.011116	-45.217106	-7.906124
-90.992604	-45.229808	-7.919756
-90.974152	-45.242501	-7.933301
-90.955763	-45.255182	-7.946762
-90.937440	-45.267845	-7.960137
-90.919184	-45.280485	-7.973426
-90.900999	-45.293097	-7.986630
-90.882886	-45.305676	-7.999747
-90.864848	-45.318217	-8.012778
-90.846886	-45.330717	-8.025722
-90.829002	-45.343170	-8.038579
-90.811199	-45.355574	-8.051348
-90.793477	-45.367924	-8.064029
-90.775839	-45.380217	-8.076622
-90.758286	-45.392449	-8.089126
-90.740820	-45.404617	-8.101541
-90.723442	-45.416716	-8.113866
-90.706155	-45.428744	-8.126102
-90.688958	-45.440699	-8.138247
-90.671854	-45.452576	-8.150302
-90.654844	-45.464374	-8.162266
-90.637928	-45.476090	-8.174139
-90.621108	-45.487722	-8.185923
-90.604384	-45.499267	-8.197616
-90.587759	-45.510723	-8.209221
-90.571232	-45.522087	-8.220737
-90.554804	-45.533359	-8.232166
-90.538476	-45.544536	-8.243507
-90.522248	-45.555617	-8.254762
-90.506121	-45.566601	-8.265931
-90.490094	-45.577488	-8.277015
-90.474169	-45.588276	-8.288014
-90.458345	-45.598965	-8.298929
-90.442623	-45.609552	-8.309761
-90.427003	-45.620038	-8.320510
-90.411485	-45.630421	-8.331176
-90.396070	-45.640700	-8.341762
-90.380758	-45.650875	-8.352268
-90.365549	-45.660943	-8.362695
-90.350444	-45.670905	-8.373045
-90.335442	-45.680758	-8.383319
-90.320544	-45.690504	-8.393518
-90.305750	-45.700140	-8.403643
-90.291059	-45.709667	-8.413697
-90.276472	-45.719085	-8.423679
-90.261988	-45.728394	-8.433592
-90.247607	-45.737593	-8.443435
-90.233329	-45.746684	-8.453210
-90.219152	-45.755667	-8.462918
-90.205078	-45.764542	-8.472558
-90.191105	-45.773309	-8.482131
-90.177232	-45.781969	-8.491638
-90.163461	-45.790523	-8.501079
-90.149789	-45.798971	-8.510455
-90.136216	-45.807314	-8.519766
-90.122742	-45.815553	-8.529013
-90.109366	-45.823689	-8.538197
-90.096088	-45.831722	-8.547318
-90.082907	-45.839652	-8.556379
-90.069823	-45.847480	-8.565381
-90.056836	-45.855206	-8.574323
-90.043944	-45.862830	-8.583209
-90.031148	-45.870353	-8.592039
-90.018447	-45.877776	-8.600814
-90.005840	-45.885098	-8.609536
-89.993328	-45.892321	-8.618204
-89.980908	-45.899446	-8.626819
-89.968582	-45.906473	-8.635380
-89.956347	-45.913403	-8.643889
-89.944205	-45.920238	-8.652342
-89.932153	-45.926977	-8.660742
-89.920193	-45.933623	-8.669085
-89.908322	-45.940175	-8.677373
-89.896542	-45.946634	-8.685603
-89.884850	-45.953002	-8.693775
-89.873248	-45.959279	-8.701888
-89.861733	-45.965465	-8.709941
-89.850307	-45.971562	-8.717936
-89.838968	-45.977570	-8.725869
-89.827717	-45.983490	-8.733743
-89.816552	-45.989321	-8.741556
-89.805474	-45.995066	-8.749307
-89.794481	-46.000724	-8.756998
-89.783574	-46.006296	-8.764627
-89.772752	-46.011783	-8.772193
-89.762014	-46.017186	-8.779697
-89.751360	-46.022506	-8.787137
-89.740790	-46.027743	-8.794513
-89.730302	-46.032900	-8.801826
-89.719896	-46.037975	-8.809074
-89.709572	-46.042970	-8.816258
-89.699330	-46.047886	-8.823377
-89.689168	-46.052724	-8.830432
-89.679087	-46.057483	-8.837424
-89.669086	-46.062164	-8.844352
-89.659164	-46.066769	-8.851216
-89.649321	-46.071297	-8.858017
-89.639556	-46.075751	-8.864755
-89.629869	-46.080130	-8.871431
-89.620258	-46.084436	-8.878047
-89.610723	-46.088670	-8.884602
-89.601264	-46.092833	-8.891099
-89.591878	-46.096927	-8.897539
-89.582566	-46.100953	-8.903922
-89.573326	-46.104911	-8.910251
-89.564158	-46.108803	-8.916525
-89.555060	-46.112631	-8.922746
-89.546033	-46.116394	-8.928916
-89.537075	-46.120095	-8.935035
-89.528185	-46.123734	-8.941106
-89.519363	-46.127311	-8.947130
-89.510608	-46.130827	-8.953108
-89.501920	-46.134284	-8.959041
-89.493298	-46.137683	-8.964932
-89.484740	-46.141023	-8.970781
-89.476247	-46.144306	-8.976589
-89.467817	-46.147533	-8.982358
-89.459451	-46.150705	-8.988088
-89.451146	-46.153823	-8.993781
-89.442902	-46.156889	-8.999438
-89.434718	-46.159903	-9.005060
-89.426595	-46.162866	-9.010647
-89.418530	-46.165780	-9.016201
-89.410523	-46.168645	-9.021722
-89.402573	-46.171462	-9.027211
-89.394680	-46.174233	-9.032670
-89.386843	-46.176958	-9.038098
-89.379062	-46.179637	-9.043496
-89.371336	-46.182273	-9.048866
-89.363664	-46.184864	-9.054207
-89.356045	-46.187413	-9.059520
-89.348480	-46.189919	-9.064807
-89.340968	-46.192383	-9.070068
-89.333508	-46.194806	-9.075303
-89.326100	-46.197187	-9.080515
-89.318744	-46.199528	-9.085705
-89.311438	-46.201827	-9.090873
-89.304184	-46.204087	-9.096021
-89.296980	-46.206306	-9.101150
-89.289826	-46.208485	-9.106260
-89.282721	-46.210626	-9.111354
-89.275665	-46.212727	-9.116432
-89.268659	-46.214789	-9.121494
-89.261700	-46.216813	-9.126541
-89.254790	-46.218799	-9.131574
-89.247927	-46.220748	-9.136593
-89.241112	-46.222658	-9.141599
-89.234344	-46.224532	-9.146592
-89.227622	-46.226369	-9.151572
-89.220947	-46.228170	-9.156541
-89.214318	-46.229934	-9.161497
-89.207734	-46.231663	-9.166443
-89.201195	-46.233358	-9.171377
-89.194701	-46.235017	-9.176301
-89.188252	-46.236643	-9.181214
-89.181846	-46.238234	-9.186117
-89.175484	-46.239793	-9.191010
-89.169166	-46.241318	-9.195893
-89.162890	-46.242811	-9.200766
-89.156657	-46.244272	-9.205631
-89.150467	-46.245700	-9.210488
-89.144318	-46.247097	-9.215337
-89.138212	-46.248462	-9.220179
-89.132146	-46.249795	-9.225014
-89.126122	-46.251097	-9.229843
-89.120139	-46.252370	-9.234667
-89.114195	-46.253612	-9.239485
-89.108291	-46.254826	-9.244299
-89.102426	-46.256011	-9.249109
-89.096599	-46.257169	-9.253915
-89.090810	-46.258300	-9.258719
-89.085058	-46.259405	-9.263520
-89.079344	-46.260485	-9.268320
-89.073665	-46.261539	-9.273117
-89.068023	-46.262569	-9.277914
-89.062417	-46.263575	-9.282709
-89.056845	-46.264557	-9.287503
-89.051309	-46.265516	-9.292297
-89.045808	-46.266451	-9.297090
-89.040342	-46.267364	-9.301883
-89.034910	-46.268253	-9.306676
-89.029512	-46.269119	-9.311470
-89.024148	-46.269962	-9.316265
-89.018818	-46.270782	-9.321061
-89.013523	-46.271579	-9.325858
-89.008260	-46.272353	-9.330657
-89.003032	-46.273104	-9.335458
-88.997837	-46.273833	-9.340261
-88.992675	-46.274538	-9.345066
-88.987547	-46.275220	-9.349872
-88.982451	-46.275879	-9.354680
-88.977389	-46.276516	-9.359489
-88.972359	-46.277130	-9.364300
-88.967362	-46.277721	-9.369113
-88.962398	-46.278289	-9.373926
-88.957467	-46.278834	-9.378742
-88.952567	-46.279357	-9.383559
-88.947700	-46.279858	-9.388378
-88.942865	-46.280336	-9.393199
-88.938061	-46.280792	-9.398023
-88.933288	-46.281227	-9.402850
-88.928546	-46.281642	-9.407680
-88.923834	-46.282035	-9.412514
-88.919153	-46.282409	-9.417352
-88.914500	-46.282764	-9.422195
-88.909877	-46.283099	-9.427042
-88.905283	-46.283416	-9.431894
-88.900717	-46.283715	-9.436751
-88.896180	-46.283996	-9.441614
-88.891671	-46.284259	-9.446481
-88.887189	-46.284505	-9.451354
-88.882735	-46.284734	-9.456232
-88.878309	-46.284945	-9.461116
-88.873910	-46.285140	-9.466005
-88.869538	-46.285316	-9.470900
-88.865194	-46.285475	-9.475799
-88.860877	-46.285617	-9.480703
-88.856587	-46.285741	-9.485612
-88.852325	-46.285849	-9.490525
-88.848089	-46.285939	-9.495441
-88.843880	-46.286012	-9.500362
-88.839697	-46.286069	-9.505286
-88.835541	-46.286110	-9.510214
-88.831410	-46.286135	-9.515145
-88.827306	-46.286144	-9.520081
-88.823226	-46.286138	-9.525020
-88.819171	-46.286118	-9.529964
-88.815141	-46.286084	-9.534912
-88.811134	-46.286037	-9.539865
-88.807151	-46.285978	-9.544823
-88.803191	-46.285907	-9.549786
-88.799253	-46.285825	-9.554754
-88.795338	-46.285733	-9.559727
-88.791444	-46.285631	-9.564705
-88.787571	-46.285520	-9.569690
-88.783720	-46.285400	-9.574680
-88.779889	-46.285270	-9.579676
-88.776080	-46.285131	-9.584677
-88.772291	-46.284983	-9.589684
-88.768524	-46.284826	-9.594697
-88.764777	-46.284660	-9.599715
-88.761051	-46.284484	-9.604738
-88.757345	-46.284299	-9.609766
-88.753660	-46.284104	-9.614799
-88.749996	-46.283900	-9.619836
-88.746353	-46.283686	-9.624878
-88.742730	-46.283463	-9.629924
-88.739128	-46.283230	-9.634974
-88.735546	-46.282987	-9.640027
-88.731985	-46.282734	-9.645085
-88.728445	-46.282471	-9.650145
-88.724925	-46.282197	-9.655208
-88.721427	-46.281912	-9.660273
-88.717949	-46.281617	-9.665341
-88.714492	-46.281310	-9.670410
-88.711056	-46.280993	-9.675480
-88.707641	-46.280665	-9.680552
-88.704247	-46.280326	-9.685624
-88.700873	-46.279976	-9.690698
-88.697519	-46.279616	-9.695771
-88.694186	-46.279246	-9.700846
-88.690872	-46.278866	-9.705921
-88.687579	-46.278476	-9.710996
-88.684304	-46.278077	-9.716072
-88.681050	-46.277668	-9.721148
-88.677815	-46.277249	-9.726225
-88.674599	-46.276821	-9.731301
-88.671402	-46.276384	-9.736378
-88.668225	-46.275939	-9.741454
-88.665066	-46.275485	-9.746530
-88.661925	-46.275022	-9.751606
-88.658803	-46.274551	-9.756681
-88.655700	-46.274071	-9.761756
-88.652615	-46.273582	-9.766830
-88.649549	-46.273085	-9.771904
