57.457730	280.511237	-16.736994
57.421058	280.398125	-16.732718
57.384336	280.274715	-16.729826
57.347585	280.141003	-16.728335
57.310824	279.996983	-16.728266
57.274076	279.842649	-16.729642
57.237365	279.677996	-16.732484
57.200714	279.503016	-16.736817
57.164151	279.317702	-16.742667
57.127703	279.122047	-16.750062
57.091399	278.916044	-16.759029
57.055269	278.699683	-16.769600
57.019346	278.472957	-16.781804
56.983662	278.235856	-16.795676
56.948251	277.988371	-16.811249
56.913151	277.730492	-16.828559
56.878398	277.462208	-16.847643
56.844030	277.183510	-16.868539
56.810089	276.894385	-16.891286
56.776615	276.594822	-16.915927
56.743652	276.284809	-16.942504
56.711243	275.964334	-16.971059
56.679434	275.633383	-17.001639
56.648272	275.291944	-17.034291
56.617805	274.940003	-17.069061
56.588084	274.577544	-17.106000
56.559158	274.204554	-17.145157
56.531081	273.821018	-17.186586
56.503905	273.426919	-17.230339
56.477687	273.022242	-17.276472
56.452483	272.606970	-17.325039
56.428350	272.181086	-17.376099
56.405347	271.744572	-17.429711
56.383535	271.297409	-17.485933
56.362975	270.839581	-17.544828
56.343731	270.371066	-17.606459
56.325867	269.891847	-17.670888
56.309448	269.401901	-17.738183
56.302859	269.180558	-17.769227
56.297812	268.948459	-17.803233
56.294339	268.705594	-17.840231
56.292474	268.451953	-17.880255
56.292250	268.187525	-17.923337
56.293702	267.912298	-17.969513
56.296868	267.626262	-18.018821
56.301786	267.329402	-18.071297
56.308495	267.021706	-18.126980
56.317035	266.703162	-18.185912
56.327449	266.373754	-18.248135
56.339780	266.033468	-18.313690
56.354072	265.682289	-18.382623
56.370372	265.320202	-18.454978
56.388726	264.947191	-18.530804
56.409183	264.563238	-18.610147
56.431792	264.168326	-18.693058
56.456605	263.762437	-18.779587
56.483673	263.345553	-18.869786
56.513051	262.917654	-18.963708
56.544792	262.478721	-19.061408
56.578954	262.028733	-19.162940
56.615592	261.567669	-19.268362
56.654765	261.095508	-19.377732
56.696534	260.612226	-19.491109
56.716007	260.395500	-19.542589
56.738163	260.167619	-19.598164
56.763031	259.928574	-19.657862
56.790640	259.678353	-19.721711
56.821021	259.416943	-19.789744
56.854207	259.144332	-19.861991
56.890230	258.860506	-19.938486
56.929126	258.565452	-20.019263
56.970930	258.259154	-20.104358
57.015680	257.941598	-20.193808
57.063414	257.612766	-20.287650
57.114172	257.272644	-20.385924
57.167994	256.921212	-20.488671
57.224922	256.558454	-20.595931
57.284999	256.184351	-20.707747
57.348271	255.798883	-20.824164
57.414782	255.402030	-20.945227
57.484579	254.993771	-21.070980
57.557710	254.574084	-21.201473
57.634224	254.142948	-21.336753
57.714172	253.700339	-21.476870
57.797604	253.246233	-21.621875
57.884573	252.780605	-21.771818
57.924294	252.571311	-21.839775
57.967630	252.350458	-21.912748
58.014606	252.118034	-21.990761
58.065248	251.874026	-22.073841
58.119585	251.618420	-22.162014
58.177645	251.351202	-22.255310
58.239457	251.072357	-22.353757
58.305053	250.781869	-22.457386
58.374466	250.479721	-22.566228
58.447727	250.165895	-22.680317
58.524874	249.840375	-22.799686
58.605939	249.503140	-22.924371
58.690962	249.154170	-23.054407
58.779979	248.793446	-23.189831
58.873029	248.420946	-23.330682
58.970154	248.036647	-23.476998
59.071393	247.640526	-23.628821
59.176790	247.232559	-23.786192
59.286388	246.812722	-23.949152
59.400231	246.380988	-24.117745
59.518365	245.937331	-24.292017
59.572599	245.735575	-24.371723
59.631192	245.521855	-24.457173
59.694166	245.296158	-24.548388
59.761544	245.058470	-24.645391
59.833351	244.808775	-24.748206
59.909612	244.547058	-24.856857
59.990355	244.273301	-24.971370
60.075607	243.987486	-25.091772
60.165396	243.689597	-25.218091
60.259753	243.379611	-25.350356
60.358710	243.057511	-25.488597
60.462297	242.723273	-25.632845
60.570548	242.376876	-25.783132
60.683498	242.018297	-25.939490
60.801182	241.647512	-26.101955
60.923636	241.264495	-26.270559
61.050897	240.869220	-26.445341
61.183004	240.461660	-26.626335
61.319996	240.041788	-26.813580
61.461914	239.609573	-27.007114
61.526429	239.414300	-27.094898
61.595929	239.206640	-27.189029
61.670435	238.986580	-27.289525
61.749966	238.754103	-27.396405
61.834544	238.509193	-27.509691
61.924193	238.251833	-27.629403
62.018936	237.982003	-27.755565
62.118798	237.699685	-27.888201
62.223805	237.404858	-28.027333
62.333984	237.097500	-28.172989
62.449363	236.777589	-28.325194
62.569970	236.445101	-28.483976
62.695836	236.100012	-28.649363
62.826992	235.742296	-28.821383
62.963470	235.371926	-29.000067
63.105301	234.988874	-29.185445
63.252521	234.593112	-29.377548
63.405164	234.184608	-29.576410
63.563265	233.763332	-29.782064
63.634960	233.573098	-29.875181
63.712167	233.370045	-29.975139
63.794902	233.154156	-30.081954
63.883185	232.925415	-30.195642
63.977035	232.683804	-30.316222
64.076472	232.429304	-30.443712
64.181518	232.161894	-30.578132
64.292194	231.881554	-30.719503
64.408525	231.588261	-30.867845
64.530535	231.281991	-31.023182
64.658248	230.962721	-31.185535
64.791692	230.630424	-31.354930
64.930892	230.285074	-31.531390
65.075878	229.926641	-31.714941
65.226677	229.555098	-31.905610
65.383320	229.170412	-32.103422
65.545838	228.772553	-32.308406
65.714262	228.361487	-32.520590
65.790934	228.174907	-32.617073
65.873559	227.975069	-32.720798
65.962153	227.761958	-32.831778
66.056732	227.535555	-32.950029
66.157313	227.295841	-33.075566
66.263915	227.042796	-33.208405
66.376557	226.776399	-33.348563
66.495259	226.496625	-33.496059
66.620043	226.203453	-33.650910
66.750930	225.896855	-33.813137
66.887944	225.576805	-33.982758
67.031108	225.243277	-34.159796
67.180446	224.896239	-34.344270
67.335984	224.535663	-34.536204
67.497749	224.161516	-34.735620
67.665767	223.773765	-34.942542
67.840067	223.372376	-35.156993
67.920170	223.188288	-35.255456
68.006597	222.990509	-35.361484
68.099361	222.779022	-35.475089
68.198477	222.553807	-35.596284
68.303960	222.314844	-35.725081
68.415829	222.062111	-35.861496
68.534099	221.795586	-36.005542
68.658789	221.515245	-36.157235
68.789918	221.221060	-36.316592
68.927507	220.913006	-36.483628
69.071577	220.591054	-36.658361
69.222148	220.255175	-36.840809
69.379243	219.905336	-37.030991
69.542887	219.541506	-37.228926
69.713101	219.163651	-37.434632
69.889912	218.771734	-37.648131
70.073345	218.365720	-37.869442
70.155885	218.183275	-37.968946
70.245085	217.986676	-38.076292
70.340957	217.775905	-38.191492
70.443515	217.550941	-38.314556
70.552772	217.311764	-38.445495
70.668744	217.058349	-38.584320
70.791446	216.790673	-38.731045
70.920896	216.508710	-38.885683
71.057111	216.212432	-39.048246
71.200108	215.901812	-39.218749
71.349906	215.576818	-39.397207
71.506527	215.237419	-39.583635
71.669988	214.883582	-39.778048
71.840313	214.515272	-39.980462
72.017522	214.132453	-40.190894
72.201638	213.735086	-40.409361
72.285821	213.553563	-40.509174
72.376944	213.357436	-40.617046
72.475020	213.146684	-40.732986
72.580059	212.921287	-40.857003
72.692076	212.681222	-40.989106
72.811083	212.426466	-41.129305
72.937095	212.156992	-41.277609
73.070126	211.872774	-41.434031
73.210194	211.573782	-41.598581
73.357314	211.259986	-41.771270
73.511503	210.931356	-41.952112
73.672779	210.587856	-42.141118
73.841162	210.229453	-42.338302
74.016669	209.856108	-42.543676
74.199322	209.467785	-42.757254
74.389140	209.064443	-42.979049
74.474426	208.883309	-43.078632
74.566909	208.687143	-43.186223
74.666597	208.475981	-43.301558
74.773502	208.249863	-43.424343
74.887635	208.008822	-43.554322
75.009010	207.752897	-43.691202
75.137637	207.482132	-43.834658
75.273532	207.196566	-43.984388
75.416708	206.896247	-44.140050
75.567180	206.581215	-44.301326
75.724965	206.251501	-44.467941
75.890077	205.907136	-44.639625
76.062535	205.548154	-44.816077
76.242354	205.174598	-44.996961
76.429554	204.786516	-45.181911
76.624152	204.383959	-45.370554
76.714219	204.198051	-45.456148
76.811711	203.997395	-45.546440
76.916640	203.782045	-45.641110
77.029015	203.552053	-45.739851
77.148846	203.307463	-45.842372
77.276145	203.048327	-45.948362
77.410925	202.774693	-46.057509
77.553197	202.486613	-46.169489
77.702975	202.184142	-46.283958
77.860273	201.867333	-46.400584
78.025105	201.536231	-46.519059
78.197485	201.190888	-46.639047
78.377430	200.831359	-46.760196
78.564956	200.457696	-46.882171
78.760079	200.069949	-47.004632
78.962815	199.668158	-47.127289
79.173183	199.252354	-47.249885
79.391200	198.822563	-47.372182
79.489663	198.628959	-47.425310
79.595802	198.420778	-47.480418
79.709625	198.198067	-47.537240
79.831142	197.960874	-47.595504
79.960364	197.709245	-47.654940
80.097299	197.443232	-47.715250
80.241961	197.162888	-47.776131
80.394359	196.868266	-47.837280
80.554507	196.559411	-47.898416
80.722417	196.236358	-47.959297
80.898101	195.899137	-48.019706
81.081574	195.547776	-48.079422
81.272849	195.182301	-48.138233
81.471942	194.802731	-48.195951
81.678865	194.409082	-48.252399
81.893636	194.001364	-48.307415
82.116270	193.579588	-48.360835
82.346782	193.143767	-48.412482
82.450994	192.947126	-48.434207
82.563109	192.735818	-48.456446
82.683133	192.509885	-48.478971
82.811076	192.269361	-48.501568
82.946946	192.014274	-48.524056
83.090751	191.744650	-48.546254
83.242502	191.460513	-48.567983
83.402210	191.161883	-48.589073
83.569883	190.848778	-48.609366
83.745534	190.521220	-48.628678
83.928881	190.179348	-48.646865
84.119643	189.823302	-48.663787
84.317541	189.453215	-48.679318
84.522317	189.069210	-48.693346
84.733708	188.671413	-48.705758
84.951429	188.259954	-48.716449
85.175194	187.834965	-48.725327
85.404792	187.396537	-48.732323
85.508042	187.198208	-48.734543
85.617450	186.985731	-48.736907
85.732648	186.759297	-48.739280
85.853270	186.519095	-48.741537
85.978936	186.265322	-48.743543
86.109266	185.998171	-48.745187
86.243897	185.717824	-48.746365
86.382467	185.424460	-48.746983
86.524635	185.118251	-48.746948
86.670089	184.799352	-48.746180
86.818494	184.467925	-48.744606
86.969519	184.124132	-48.742159
87.122835	183.768131	-48.738782
87.278143	183.400077	-48.734383
87.435137	183.020121	-48.728893
87.593502	182.628422	-48.722243
87.752936	182.225126	-48.714380
87.913118	181.810390	-48.705256
88.073718	181.384380	-48.694811
88.234396	180.947264	-48.682996
88.394814	180.499211	-48.669758
88.554724	180.040344	-48.655064
88.713856	179.570793	-48.638882
88.783759	179.358538	-48.631052
88.855513	179.133819	-48.623462
88.928780	178.896824	-48.616008
89.003207	178.647747	-48.608598
89.078448	178.386773	-48.601165
89.154167	178.114085	-48.593622
89.230067	177.829846	-48.585894
89.305842	177.534225	-48.577898
89.381172	177.227404	-48.569544
89.455735	176.909557	-48.560759
89.529216	176.580857	-48.551474
89.601293	176.241480	-48.541625
89.671664	175.891591	-48.531150
89.740060	175.531339	-48.519995
89.806247	175.160854	-48.508100
89.869987	174.780267	-48.495417
89.931058	174.389700	-48.481911
89.989245	173.989269	-48.467545
90.044323	173.579099	-48.452283
90.096095	173.159292	-48.436103
90.144354	172.729970	-48.418956
90.188889	172.291254	-48.400795
90.229488	171.843260	-48.381585
90.265985	171.386080	-48.361307
90.298212	170.919807	-48.339942
90.326019	170.444527	-48.317460
90.349277	169.960317	-48.293827
90.367858	169.467254	-48.269007
90.373999	169.244032	-48.257424
90.378897	169.009629	-48.246386
90.382280	168.764214	-48.235795
90.383899	168.507944	-48.225563
90.383507	168.240970	-48.215604
90.380865	167.963441	-48.205843
90.375739	167.675496	-48.196221
90.367896	167.377281	-48.186656
90.357102	167.068940	-48.177074
90.343150	166.750600	-48.167417
90.325839	166.422389	-48.157612
90.304981	166.084416	-48.147620
90.280424	165.736786	-48.137363
90.252013	165.379595	-48.126788
90.219634	165.012914	-48.115862
90.183184	164.636803	-48.104564
90.142560	164.251323	-48.092871
90.097653	163.856548	-48.080731
90.048379	163.452535	-48.068102
89.994649	163.039344	-48.054938
89.936350	162.617046	-48.041204
89.873383	162.185711	-48.026849
89.805627	161.745420	-48.011816
89.732976	161.296239	-47.996080
89.655334	160.838221	-47.979637
89.572610	160.371424	-47.962458
89.484716	159.895900	-47.944534
89.391564	159.411702	-47.925843
89.347788	159.192594	-47.917166
89.301484	158.962699	-47.909652
89.252493	158.722134	-47.903202
89.200658	158.471008	-47.897733
89.145840	158.209423	-47.893161
89.087906	157.937476	-47.889409
89.026730	157.655255	-47.886406
88.962193	157.362838	-47.884115
88.894183	157.060293	-47.882499
88.822584	156.747701	-47.881513
88.747276	156.425144	-47.881094
88.668155	156.092697	-47.881182
88.585119	155.750438	-47.881705
88.498080	155.398438	-47.882586
88.406956	155.036765	-47.883746
88.311671	154.665479	-47.885120
88.212144	154.284642	-47.886655
88.108300	153.894312	-47.888292
88.000083	153.494529	-47.889994
87.887452	153.085324	-47.891730
87.770355	152.666724	-47.893503
87.648741	152.238749	-47.895336
87.522564	151.801409	-47.897267
87.391792	151.354723	-47.899291
87.256391	150.898731	-47.901333
87.116320	150.433473	-47.903332
86.971545	149.958983	-47.905239
86.905515	149.745349	-47.906022
86.836786	149.520573	-47.909029
86.765244	149.284757	-47.914141
86.690777	149.037998	-47.921244
86.613283	148.780374	-47.930274
86.532664	148.511954	-47.941177
86.448827	148.232803	-47.953910
86.361699	147.942975	-47.968424
86.271212	147.642518	-47.984684
86.177290	147.331500	-48.002599
86.079858	147.009990	-48.022084
85.978858	146.678036	-48.043075
85.874231	146.335699	-48.065484
85.765927	145.983029	-48.089233
85.653900	145.620073	-48.114244
85.538110	145.246873	-48.140454
85.418510	144.863457	-48.167837
85.295040	144.469876	-48.196338
85.167644	144.066170	-48.225922
85.036279	143.652358	-48.256586
84.900908	143.228455	-48.288338
84.761506	142.794471	-48.321183
84.618048	142.350427	-48.355077
84.470520	141.896341	-48.389978
84.318904	141.432229	-48.425854
84.249316	141.220362	-48.442291
84.177353	140.996574	-48.462226
84.102916	140.760973	-48.485496
84.025913	140.513659	-48.511954
83.946240	140.254724	-48.541498
83.863808	139.984243	-48.574047
83.778538	139.702281	-48.609534
83.690353	139.408901	-48.647885
83.599188	139.104163	-48.689023
83.504980	138.788131	-48.732855
83.407670	138.460857	-48.779308
83.307199	138.122385	-48.828337
83.203514	137.772753	-48.879909
83.096567	137.411993	-48.933982
82.986309	137.040155	-48.990480
82.872673	136.657287	-49.049358
82.755599	136.263437	-49.110557
82.635039	135.858656	-49.173994
82.510971	135.442972	-49.239601
82.383370	135.016427	-49.307277
82.252209	134.579067	-49.376912
82.117453	134.130950	-49.448388
81.979080	133.672111	-49.521609
81.837067	133.202592	-49.596482
81.772882	132.991059	-49.630158
81.706808	132.766708	-49.668286
81.638718	132.529657	-49.710735
81.568494	132.280015	-49.757388
81.496030	132.017869	-49.808159
81.421226	131.743300	-49.862970
81.343988	131.456397	-49.921715
81.264219	131.157257	-49.984268
81.181824	130.845980	-50.050489
81.096729	130.522635	-50.120287
81.008856	130.187291	-50.193580
80.918139	129.840010	-50.270280
80.824508	129.480854	-50.350307
80.727887	129.109894	-50.433569
80.628205	128.727192	-50.519981
80.525393	128.332830	-50.609417
80.419397	127.926868	-50.701770
80.310179	127.509362	-50.796925
80.197710	127.080355	-50.894782
80.081941	126.639911	-50.995227
79.962827	126.188091	-51.098135
79.840305	125.724970	-51.203387
79.784229	125.513861	-51.251224
79.726574	125.289123	-51.304202
79.667205	125.050908	-51.362131
79.605975	124.799368	-51.424839
79.542744	124.534653	-51.492144
79.477380	124.256896	-51.563897
79.409762	123.966238	-51.639911
79.339770	123.662816	-51.720003
79.267294	123.346762	-51.803992
79.192234	123.018188	-51.891728
79.114494	122.677185	-51.983104
79.033984	122.323844	-52.078005
78.950615	121.958254	-52.176316
78.864308	121.580505	-52.277907
78.774984	121.190681	-52.382663
78.682559	120.788871	-52.490464
78.586934	120.375169	-52.601198
78.488008	119.949680	-52.714737
78.385701	119.512489	-52.830965
78.279934	119.063688	-52.949746
78.170642	118.603387	-53.070890
78.120205	118.392625	-53.125985
78.068188	118.167817	-53.186196
78.014453	117.929133	-53.251313
77.958863	117.676749	-53.321114
77.901280	117.410838	-53.395382
77.841559	117.131581	-53.473897
77.779561	116.839155	-53.556436
77.715153	116.533728	-53.642786
77.648205	116.215464	-53.732741
77.578591	115.884535	-53.826076
77.506180	115.541098	-53.922598
77.430871	115.185282	-54.022139
77.352573	114.817196	-54.124555
77.271180	114.436967	-54.229692
77.186571	114.044732	-54.337391
77.098638	113.640615	-54.447505
77.007279	113.224746	-54.559867
76.912396	112.797250	-54.674314
76.813905	112.358271	-54.790629
76.711726	111.907952	-54.908592
76.605797	111.446406	-55.028019
76.496032	110.973772	-55.148708
76.446329	110.762354	-55.201925
76.394827	110.536891	-55.259464
76.341382	110.297575	-55.321105
76.285856	110.044601	-55.386624
76.228111	109.778162	-55.455788
76.168007	109.498455	-55.528365
76.105403	109.205683	-55.604119
76.040166	108.900048	-55.682794
75.972176	108.581732	-55.764166
75.901299	108.250941	-55.847977
75.827405	107.907866	-55.934001
75.750365	107.552693	-56.022018
75.670068	107.185587	-56.111826
75.586417	106.806697	-56.203236
75.499324	106.416169	-56.296052
75.408691	106.014168	-56.390062
75.314402	105.600875	-56.485044
75.216349	105.176467	-56.580779
75.114428	104.741118	-56.677050
75.008546	104.295005	-56.773619
74.898614	103.838302	-56.870252
74.784544	103.371191	-56.966707
74.731770	103.158171	-57.009573
74.676865	102.931511	-57.055434
74.619691	102.691417	-57.104071
74.560091	102.438105	-57.155273
74.497924	102.171780	-57.208830
74.433047	101.892654	-57.264517
74.365320	101.600950	-57.322090
74.294614	101.296885	-57.381305
74.220800	100.980672	-57.441918
74.143746	100.652534	-57.503683
74.063343	100.312666	-57.566367
73.979491	99.961277	-57.629709
73.892070	99.598578	-57.693464
73.800965	99.224792	-57.757371
73.706078	98.840103	-57.821211
73.607307	98.444698	-57.884767
73.504569	98.038739	-57.947846
73.397774	97.622397	-58.010246
73.286840	97.195842	-58.071763
73.171666	96.759247	-58.132207
73.052155	96.312793	-58.191382
72.928216	95.856648	-58.249100
72.799761	95.390981	-58.305172
72.666720	94.915960	-58.359393
72.605889	94.702025	-58.382448
72.542459	94.475135	-58.406995
72.476292	94.235525	-58.432804
72.407255	93.983423	-58.459648
72.335214	93.719055	-58.487308
72.260047	93.442641	-58.515561
72.181618	93.154409	-58.544184
72.099788	92.854596	-58.572952
72.014424	92.543435	-58.601636
71.925405	92.221149	-58.630010
71.832617	91.887966	-58.657834
71.735955	91.544091	-58.684895
71.635320	91.189727	-58.710977
71.530604	90.825096	-58.735845
71.421708	90.450406	-58.759282
71.308546	90.065833	-58.781101
71.191038	89.671550	-58.801118
71.069110	89.267724	-58.819148
70.942698	88.854500	-58.835036
70.811736	88.432023	-58.848624
70.676150	88.000459	-58.859738
70.535869	87.559979	-58.868193
70.390818	87.110755	-58.873811
70.240925	86.652950	-58.876421
70.086120	86.186737	-58.875845
70.014761	85.974830	-58.874080
69.940340	85.750834	-58.872285
69.862716	85.515013	-58.870231
69.781759	85.267614	-58.867692
69.697345	85.008885	-58.864442
69.609354	84.739059	-58.860269
69.517678	84.458359	-58.854964
69.422217	84.167009	-58.848307
69.322864	83.865243	-58.840074
69.219516	83.553287	-58.830048
69.112077	83.231358	-58.818021
69.000473	82.899635	-58.803811
68.884620	82.558302	-58.787244
68.764422	82.207555	-58.768143
68.639787	81.847586	-58.746336
68.510624	81.478590	-58.721643
68.376839	81.100746	-58.693918
68.238347	80.714230	-58.663003
68.095065	80.319223	-58.628736
67.946913	79.915902	-58.590958
67.793821	79.504419	-58.549536
67.635719	79.084921	-58.504340
67.472540	78.657560	-58.455239
67.304212	78.222490	-58.402100
67.130672	77.779857	-58.344794
66.951854	77.329821	-58.283178
66.767710	76.872519	-58.217124
66.684050	76.667508	-58.185953
66.596815	76.451455	-58.153307
66.505886	76.224590	-58.119004
66.411149	75.987141	-58.082866
66.312496	75.739330	-58.044715
66.209835	75.481357	-58.004385
66.103075	75.213414	-57.961715
65.992127	74.935696	-57.916546
65.876907	74.648388	-57.868721
65.757336	74.351667	-57.818090
65.633336	74.045710	-57.764508
65.504818	73.730709	-57.707818
65.371687	73.406862	-57.647864
65.233851	73.074364	-57.584495
65.091218	72.733407	-57.517563
64.943706	72.384171	-57.446923
64.791234	72.026831	-57.372441
64.633722	71.661552	-57.293992
64.471097	71.288496	-57.211451
64.303287	70.907817	-57.124700
64.130227	70.519647	-57.033642
63.951857	70.124114	-56.938184
63.768114	69.721343	-56.838236
63.578944	69.311452	-56.733711
63.407261	68.920211	-56.644884
63.253076	68.547589	-56.571777
63.116401	68.193555	-56.514414
62.997247	67.858081	-56.472817
62.895630	67.541132	-56.447008
62.811570	67.242675	-56.437006
62.745085	66.962679	-56.442823
62.696190	66.701122	-56.464470
62.663915	66.456952	-56.501057
62.644995	66.226744	-56.549617
62.636797	66.007764	-56.607745
62.637199	65.797834	-56.673494
62.644488	65.595212	-56.745289
62.657285	65.398512	-56.821854
62.674475	65.206632	-56.902151
62.695159	65.018697	-56.985337
62.718617	64.834009	-57.070727
62.744269	64.652013	-57.157764
62.771648	64.472269	-57.245994
62.800376	64.294429	-57.335049
62.830147	64.118220	-57.424629
62.860713	63.943427	-57.514491
62.891875	63.769884	-57.604436
62.923471	63.597456	-57.694302
62.955370	63.426043	-57.783959
62.987465	63.255564	-57.873300
63.019671	63.085956	-57.962242
63.051923	62.917166	-58.050715
63.084169	62.749151	-58.138667
63.116366	62.581877	-58.226055
63.148477	62.415327	-58.312841
63.180472	62.249487	-58.398994
63.212326	62.084348	-58.484489
63.244017	61.919908	-58.569308
63.275525	61.756165	-58.653434
63.306832	61.593121	-58.736857
63.337923	61.430779	-58.819572
63.368780	61.269144	-58.901577
63.399390	61.108218	-58.982872
63.429739	60.948007	-59.063460
63.459812	60.788518	-59.143343
63.489603	60.629753	-59.222526
63.519103	60.471718	-59.301014
63.548301	60.314415	-59.378815
63.577189	60.157847	-59.455939
63.605754	60.002022	-59.532394
63.633987	59.846942	-59.608193
63.661876	59.692615	-59.683346
63.689410	59.539045	-59.757867
63.716577	59.386236	-59.831768
63.743368	59.234191	-59.905064
63.769768	59.082915	-59.977770
63.795765	58.932412	-60.049903
63.821348	58.782686	-60.121477
63.846503	58.633746	-60.192505
63.871217	58.485601	-60.262999
63.895479	58.338257	-60.332969
63.919277	58.191724	-60.402429
63.942598	58.046007	-60.471391
63.965433	57.901111	-60.539867
63.987772	57.757043	-60.607870
64.009606	57.613807	-60.675411
64.030927	57.471408	-60.742502
64.051728	57.329846	-60.809154
64.072007	57.189123	-60.875377
64.091758	57.049237	-60.941183
64.110983	56.910186	-61.006581
64.129681	56.771968	-61.071579
64.147853	56.634579	-61.136186
64.165502	56.498017	-61.200408
64.182630	56.362275	-61.264254
64.199241	56.227348	-61.327732
64.215339	56.093230	-61.390849
64.230929	55.959911	-61.453614
64.246017	55.827386	-61.516033
64.260610	55.695643	-61.578113
64.274713	55.564674	-61.639864
64.288333	55.434468	-61.701292
64.301477	55.305015	-61.762405
64.314151	55.176304	-61.823212
64.326362	55.048323	-61.883721
64.338116	54.921061	-61.943940
64.349420	54.794506	-62.003878
64.360281	54.668646	-62.063542
64.370710	54.543468	-62.122938
64.380717	54.418958	-62.182073
64.390312	54.295101	-62.240951
64.399502	54.171887	-62.299580
64.408296	54.049302	-62.357965
64.416701	53.927334	-62.416115
64.424724	53.805970	-62.474037
64.432369	53.685199	-62.531740
64.439642	53.565008	-62.589231
64.446546	53.445386	-62.646522
64.453084	53.326324	-62.703621
64.459258	53.207812	-62.760535
64.465069	53.089840	-62.817275
64.470520	52.972399	-62.873851
64.475610	52.855480	-62.930271
64.480339	52.739075	-62.986547
64.484706	52.623175	-63.042689
64.488712	52.507772	-63.098705
64.492356	52.392857	-63.154607
64.495637	52.278420	-63.210405
64.498556	52.164454	-63.266108
64.501112	52.050949	-63.321726
64.503303	51.937897	-63.377269
64.505129	51.825290	-63.432747
64.506590	51.713119	-63.488169
64.507685	51.601374	-63.543545
64.508414	51.490049	-63.598882
64.508779	51.379133	-63.654189
64.508779	51.268618	-63.709474
64.508417	51.158495	-63.764743
64.507694	51.048756	-63.820004
64.506611	50.939391	-63.875263
64.505169	50.830392	-63.930528
64.503369	50.721751	-63.985805
64.501212	50.613461	-64.041100
64.498700	50.505512	-64.096421
64.495831	50.397899	-64.151772
64.492608	50.290614	-64.207159
64.489030	50.183650	-64.262589
64.485096	50.077001	-64.318068
64.480808	49.970661	-64.373600
64.476164	49.864624	-64.429191
64.471164	49.758888	-64.484845
64.465807	49.653447	-64.540567
64.460091	49.548299	-64.596362
64.454016	49.443439	-64.652233
64.447580	49.338864	-64.708184
64.440785	49.234571	-64.764217
64.433634	49.130557	-64.820332
64.426128	49.026818	-64.876530
64.418271	48.923351	-64.932810
64.410068	48.820152	-64.989171
64.401524	48.717220	-65.045608
64.392648	48.614548	-65.102117
64.383450	48.512134	-65.158692
64.373941	48.409972	-65.215325
64.364135	48.308056	-65.272007
64.354045	48.206382	-65.328729
64.343687	48.104943	-65.385479
64.333077	48.003734	-65.442246
64.322233	47.902749	-65.499018
64.311172	47.801981	-65.555781
64.299913	47.701424	-65.612524
64.288473	47.601071	-65.669232
64.276872	47.500917	-65.725891
64.265129	47.400956	-65.782487
64.253262	47.301182	-65.839008
64.241290	47.201588	-65.895439
64.229230	47.102170	-65.951767
64.217100	47.002923	-66.007978
64.204917	46.903841	-66.064060
64.192698	46.804920	-66.120000
64.180461	46.706155	-66.175786
64.168220	46.607540	-66.231404
64.155993	46.509073	-66.286844
64.143793	46.410748	-66.342094
64.131635	46.312563	-66.397144
64.119533	46.214512	-66.451983
64.107499	46.116593	-66.506601
64.095547	46.018802	-66.560990
64.083688	45.921137	-66.615140
64.071931	45.823595	-66.669044
64.060288	45.726174	-66.722693
64.048768	45.628870	-66.776083
64.037378	45.531684	-66.829205
64.026126	45.434612	-66.882055
64.015020	45.337653	-66.934627
64.004065	45.240807	-66.986916
63.993267	45.144072	-67.038920
63.982630	45.047448	-67.090633
63.972159	44.950935	-67.142054
63.961857	44.854532	-67.193179
63.951726	44.758240	-67.244007
63.941768	44.662059	-67.294537
63.931983	44.565989	-67.344767
63.922370	44.470033	-67.394700
63.912927	44.374192	-67.444336
63.903652	44.278468	-67.493677
63.894541	44.182863	-67.542725
63.885590	44.087379	-67.591484
63.876793	43.992019	-67.639958
63.868146	43.896786	-67.688149
63.859641	43.801684	-67.736063
63.851273	43.706716	-67.783704
63.843034	43.611885	-67.831077
63.834917	43.517195	-67.878188
63.826914	43.422651	-67.925041
63.819016	43.328255	-67.971642
63.811216	43.234014	-68.017998
63.803505	43.139930	-68.064113
63.795875	43.046009	-68.109993
63.788318	42.952254	-68.155644
63.780829	42.858671	-68.201068
63.773402	42.765261	-68.246269
63.766032	42.672030	-68.291250
63.758717	42.578979	-68.336012
63.751453	42.486112	-68.380558
63.744239	42.393431	-68.424887
63.737073	42.300939	-68.469001
63.729953	42.208639	-68.512899
63.722881	42.116531	-68.556580
63.715856	42.024619	-68.600046
63.708878	41.932905	-68.643293
63.701948	41.841390	-68.686322
63.695067	41.750075	-68.729130
63.688238	41.658963	-68.771716
63.681460	41.568056	-68.814079
63.674736	41.477354	-68.856217
63.668067	41.386861	-68.898127
63.661456	41.296577	-68.939808
63.654902	41.206505	-68.981258
63.648409	41.116647	-69.022475
63.641978	41.027004	-69.063458
63.635610	40.937579	-69.104203
63.629307	40.848374	-69.144710
63.623070	40.759392	-69.184976
63.616899	40.670636	-69.225000
63.610798	40.582107	-69.264780
63.604765	40.493808	-69.304314
63.598802	40.405743	-69.343600
63.592910	40.317915	-69.382638
63.587089	40.230327	-69.421425
63.581339	40.142982	-69.459961
63.575660	40.055883	-69.498244
63.570053	39.969035	-69.536272
63.564518	39.882440	-69.574046
63.559053	39.796103	-69.611564
63.553658	39.710027	-69.648825
63.548333	39.624217	-69.685828
63.543076	39.538676	-69.722574
63.537888	39.453408	-69.759061
63.532766	39.368418	-69.795289
63.527709	39.283710	-69.831258
63.522716	39.199287	-69.866968
63.517784	39.115156	-69.902421
63.512910	39.031319	-69.937616
63.508091	38.947782	-69.972556
63.503323	38.864549	-70.007242
63.498601	38.781625	-70.041677
63.493923	38.699015	-70.075862
63.489283	38.616722	-70.109801
63.484677	38.534752	-70.143496
63.480103	38.453108	-70.176947
63.475557	38.371794	-70.210158
63.471035	38.290815	-70.243130
63.466534	38.210175	-70.275865
63.462053	38.129877	-70.308364
63.457587	38.049924	-70.340630
63.453134	37.970321	-70.372662
63.448693	37.891070	-70.404464
63.444261	37.812174	-70.436036
63.439835	37.733637	-70.467380
63.435414	37.655461	-70.498498
63.430996	37.577648	-70.529391
63.426579	37.500202	-70.560059
63.422161	37.423124	-70.590506
63.417741	37.346416	-70.620732
63.413317	37.270080	-70.650739
63.408888	37.194119	-70.680528
63.404451	37.118533	-70.710101
63.400007	37.043324	-70.739459
63.395554	36.968492	-70.768605
63.391089	36.894040	-70.797539
63.386612	36.819968	-70.826266
63.382119	36.746276	-70.854786
63.377610	36.672965	-70.883103
63.373081	36.600036	-70.911220
63.368530	36.527489	-70.939141
63.363954	36.455325	-70.966867
63.359350	36.383542	-70.994404
63.354718	36.312140	-71.021753
63.350054	36.241120	-71.048918
63.345358	36.170481	-71.075902
63.340628	36.100220	-71.102707
63.335863	36.030339	-71.129335
63.331063	35.960834	-71.155789
63.326226	35.891705	-71.182072
63.321352	35.822950	-71.208185
63.316441	35.754567	-71.234131
63.311493	35.686554	-71.259911
63.306508	35.618909	-71.285529
63.301485	35.551630	-71.310985
63.296426	35.484715	-71.336281
63.291330	35.418160	-71.361420
63.286198	35.351963	-71.386404
63.281031	35.286122	-71.411233
63.275830	35.220633	-71.435909
63.270594	35.155493	-71.460435
63.265326	35.090699	-71.484812
63.260024	35.026249	-71.509042
63.254691	34.962138	-71.533127
63.249324	34.898364	-71.557070
63.243925	34.834922	-71.580872
63.238494	34.771810	-71.604537
63.233031	34.709025	-71.628067
63.227535	34.646561	-71.651464
63.222006	34.584417	-71.674731
63.216447	34.522588	-71.697869
63.210857	34.461070	-71.720880
63.205237	34.399859	-71.743766
63.199589	34.338952	-71.766528
63.193913	34.278344	-71.789169
63.188212	34.218031	-71.811688
63.182486	34.158010	-71.834088
63.176738	34.098277	-71.856369
63.170969	34.038826	-71.878532
63.165180	33.979655	-71.900579
63.159375	33.920758	-71.922509
63.153555	33.862133	-71.944324
63.147723	33.803774	-71.966025
63.141879	33.745678	-71.987611
63.136026	33.687840	-72.009084
63.130165	33.630257	-72.030445
63.124298	33.572924	-72.051695
63.118426	33.515838	-72.072835
63.112551	33.458995	-72.093867
63.106673	33.402390	-72.114790
63.100794	33.346020	-72.135608
63.094916	33.289880	-72.156319
63.089040	33.233968	-72.176926
63.083168	33.178278	-72.197428
63.077301	33.122808	-72.217827
63.071443	33.067554	-72.238122
63.065594	33.012511	-72.258314
63.059757	32.957675	-72.278403
63.053935	32.903044	-72.298389
63.048129	32.848614	-72.318272
63.042342	32.794380	-72.338053
63.036576	32.740339	-72.357730
63.030833	32.686488	-72.377305
63.025116	32.632823	-72.396777
63.019425	32.579340	-72.416146
63.013765	32.526036	-72.435413
63.008135	32.472908	-72.454576
63.002540	32.419952	-72.473637
62.996981	32.367163	-72.492595
62.991461	32.314540	-72.511450
62.985983	32.262077	-72.530200
62.980549	32.209771	-72.548846
62.975163	32.157619	-72.567386
62.969828	32.105617	-72.585820
62.964546	32.053762	-72.604146
62.959322	32.002049	-72.622363
62.954159	31.950477	-72.640471
62.949060	31.899041	-72.658467
62.944027	31.847737	-72.676351
62.939065	31.796564	-72.694122
62.934176	31.745517	-72.711779
62.929362	31.694595	-72.729321
62.924626	31.643793	-72.746747
62.919969	31.593108	-72.764057
62.915395	31.542539	-72.781251
62.910905	31.492083	-72.798328
62.906502	31.441737	-72.815287
62.902186	31.391497	-72.832128
62.897961	31.341363	-72.848850
62.893829	31.291332	-72.865452
62.889790	31.241401	-72.881935
62.885848	31.191568	-72.898297
62.882004	31.141831	-72.914538
62.878259	31.092188	-72.930658
62.874614	31.042637	-72.946656
62.871072	30.993177	-72.962533
62.867631	30.943805	-72.978288
62.864294	30.894520	-72.993922
62.861061	30.845321	-73.009434
62.857932	30.796206	-73.024825
62.854908	30.747174	-73.040096
62.851989	30.698223	-73.055246
62.849176	30.649352	-73.070276
62.846469	30.600560	-73.085185
62.843868	30.551845	-73.099975
62.841375	30.503208	-73.114645
62.838988	30.454646	-73.129195
62.836709	30.406160	-73.143625
62.834538	30.357747	-73.157937
62.832474	30.309408	-73.172129
62.830518	30.261142	-73.186203
62.828669	30.212947	-73.200159
62.826926	30.164825	-73.213998
62.825290	30.116773	-73.227721
62.823759	30.068792	-73.241327
62.822334	30.020881	-73.254818
62.821012	29.973040	-73.268195
62.819794	29.925269	-73.281458
62.818679	29.877567	-73.294608
62.817666	29.829935	-73.307646
62.816755	29.782371	-73.320572
62.815945	29.734876	-73.333388
62.815235	29.687450	-73.346092
62.814625	29.640093	-73.358687
62.814114	29.592804	-73.371172
62.813701	29.545584	-73.383548
62.813386	29.498433	-73.395817
62.813168	29.451351	-73.407978
62.813045	29.404338	-73.420032
62.813018	29.357393	-73.431981
62.813084	29.310518	-73.443824
62.813243	29.263712	-73.455563
62.813493	29.216976	-73.467199
62.813834	29.170310	-73.478733
62.814265	29.123714	-73.490164
62.814784	29.077189	-73.501495
62.815391	29.030734	-73.512726
62.816084	28.984350	-73.523857
62.816862	28.938038	-73.534890
62.817725	28.891798	-73.545824
62.818672	28.845630	-73.556661
62.819701	28.799535	-73.567402
62.820811	28.753513	-73.578046
62.822002	28.707565	-73.588595
62.823272	28.661691	-73.599049
62.824621	28.615892	-73.609410
62.826047	28.570167	-73.619677
62.827549	28.524519	-73.629852
62.829127	28.478947	-73.639936
62.830778	28.433452	-73.649928
62.832502	28.388034	-73.659830
62.834298	28.342695	-73.669643
62.836164	28.297434	-73.679366
62.838100	28.252253	-73.689002
62.840105	28.207152	-73.698550
62.842177	28.162131	-73.708011
62.844316	28.117192	-73.717387
62.846520	28.072335	-73.726677
62.848788	28.027561	-73.735882
62.851119	27.982870	-73.745002
62.853513	27.938264	-73.754040
62.855968	27.893742	-73.762994
62.858483	27.849306	-73.771866
62.861057	27.804956	-73.780657
62.863689	27.760693	-73.789366
62.866379	27.716519	-73.797994
62.869125	27.672433	-73.806543
62.871927	27.628436	-73.815012
62.874782	27.584529	-73.823402
62.877692	27.540714	-73.831714
62.880653	27.496990	-73.839948
62.883667	27.453358	-73.848105
62.886731	27.409820	-73.856185
62.889846	27.366375	-73.864188
62.893009	27.323025	-73.872116
62.896220	27.279771	-73.879969
62.899479	27.236613	-73.887746
62.902784	27.193552	-73.895449
62.906135	27.150589	-73.903079
62.909531	27.107724	-73.910635
62.912970	27.064958	-73.918118
62.916453	27.022293	-73.925528
62.919979	26.979728	-73.932867
62.923546	26.937264	-73.940134
62.927153	26.894902	-73.947330
62.930801	26.852644	-73.954455
62.934489	26.810488	-73.961510
62.938215	26.768437	-73.968495
62.941979	26.726491	-73.975411
62.945779	26.684650	-73.982258
62.949617	26.642915	-73.989037
62.953490	26.601287	-73.995747
62.957398	26.559767	-74.002390
62.961340	26.518355	-74.008966
62.965316	26.477051	-74.015476
62.969324	26.435857	-74.021919
62.973365	26.394772	-74.028296
62.977437	26.353798	-74.034608
62.981540	26.312935	-74.040855
62.985673	26.272184	-74.047038
62.989835	26.231546	-74.053156
62.994026	26.191020	-74.059211
62.998245	26.150607	-74.065203
63.002492	26.110308	-74.071132
63.006765	26.070124	-74.076999
63.011065	26.030055	-74.082804
63.015390	25.990101	-74.088548
63.019740	25.950263	-74.094231
63.024114	25.910542	-74.099853
63.028512	25.870938	-74.105415
63.032932	25.831452	-74.110918
63.037375	25.792084	-74.116361
63.041839	25.752834	-74.121746
63.046324	25.713703	-74.127073
63.050830	25.674692	-74.132342
63.055356	25.635800	-74.137553
63.059900	25.597029	-74.142707
63.064464	25.558379	-74.147805
63.069046	25.519850	-74.152847
63.073645	25.481443	-74.157832
63.078262	25.443158	-74.162762
63.082896	25.404996	-74.167637
63.087546	25.366956	-74.172457
63.092212	25.329040	-74.177222
63.096894	25.291248	-74.181932
63.101591	25.253580	-74.186589
63.106303	25.216037	-74.191191
63.111030	25.178619	-74.195740
63.115770	25.141326	-74.200236
63.120524	25.104160	-74.204679
63.125290	25.067119	-74.209070
63.130069	25.030206	-74.213409
63.134860	24.993420	-74.217696
63.139662	24.956761	-74.221932
63.144475	24.920231	-74.226117
63.149299	24.883829	-74.230251
63.154131	24.847556	-74.234336
63.158973	24.811413	-74.238371
63.163824	24.775399	-74.242357
63.168682	24.739516	-74.246294
63.173548	24.703763	-74.250183
63.178421	24.668142	-74.254024
63.183300	24.632652	-74.257818
63.188185	24.597294	-74.261565
63.193074	24.562068	-74.265265
63.197969	24.526975	-74.268919
63.202867	24.492016	-74.272528
63.207769	24.457190	-74.276092
63.212674	24.422498	-74.279610
63.217581	24.387940	-74.283085
63.222490	24.353517	-74.286515
63.227401	24.319229	-74.289902
63.232312	24.285076	-74.293246
63.237224	24.251060	-74.296547
63.242136	24.217179	-74.299806
63.247047	24.183435	-74.303023
63.251956	24.149827	-74.306199
63.256865	24.116357	-74.309333
63.261771	24.083024	-74.312427
63.266675	24.049829	-74.315481
63.271576	24.016771	-74.318495
63.276473	23.983852	-74.321469
63.281367	23.951070	-74.324405
63.286257	23.918428	-74.327301
63.291142	23.885924	-74.330160
63.296022	23.853559	-74.332980
63.300896	23.821333	-74.335763
63.305766	23.789247	-74.338508
63.310629	23.757300	-74.341216
63.315486	23.725492	-74.343888
63.320336	23.693825	-74.346523
63.325180	23.662297	-74.349123
63.330016	23.630908	-74.351686
63.334846	23.599660	-74.354214
63.339668	23.568552	-74.356707
63.344482	23.537584	-74.359164
63.349289	23.506755	-74.361587
63.354088	23.476067	-74.363975
63.358879	23.445519	-74.366328
63.363662	23.415111	-74.368647
63.368437	23.384842	-74.370932
63.373204	23.354714	-74.373183
63.377962	23.324726	-74.375401
63.382711	23.294877	-74.377585
63.387452	23.265169	-74.379736
63.392185	23.235600	-74.381854
63.396908	23.206170	-74.383939
63.401623	23.176880	-74.385991
63.406329	23.147730	-74.388011
63.411026	23.118718	-74.389998
63.415714	23.089846	-74.391953
63.420392	23.061113	-74.393877
63.425062	23.032518	-74.395768
63.429722	23.004063	-74.397628
63.434373	22.975745	-74.399457
63.439015	22.947567	-74.401255
63.443647	22.919526	-74.403022
63.448269	22.891623	-74.404758
63.452882	22.863859	-74.406463
63.457486	22.836232	-74.408138
63.462079	22.808742	-74.409783
63.466663	22.781389	-74.411398
63.471237	22.754174	-74.412983
63.475802	22.727095	-74.414539
63.480356	22.700153	-74.416065
63.484900	22.673348	-74.417563
63.489434	22.646678	-74.419031
63.493958	22.620145	-74.420471
63.498472	22.593747	-74.421882
63.502975	22.567484	-74.423265
63.507469	22.541357	-74.424619
63.511952	22.515365	-74.425946
63.516424	22.489507	-74.427245
63.520886	22.463784	-74.428516
63.525338	22.438195	-74.429761
63.529779	22.412739	-74.430978
63.534209	22.387418	-74.432168
63.538629	22.362230	-74.433331
63.543038	22.337174	-74.434468
63.547437	22.312252	-74.435578
63.551824	22.287462	-74.436662
63.556201	22.262805	-74.437720
63.560568	22.238279	-74.438752
63.564923	22.213886	-74.439759
63.569267	22.189623	-74.440740
63.573601	22.165492	-74.441696
63.577924	22.141492	-74.442627
63.582236	22.117622	-74.443532
63.586536	22.093882	-74.444413
63.590826	22.070273	-74.445270
63.595105	22.046793	-74.446102
63.599373	22.023442	-74.446909
63.603630	22.000221	-74.447693
63.607876	21.977129	-74.448452
63.612111	21.954165	-74.449188
63.616334	21.931329	-74.449900
63.620547	21.908621	-74.450589
63.624749	21.886041	-74.451254
63.628939	21.863588	-74.451896
63.633119	21.841263	-74.452515
63.637287	21.819064	-74.453111
63.641445	21.796991	-74.453684
63.645591	21.775045	-74.454235
63.649727	21.753225	-74.454763
63.653851	21.731530	-74.455269
63.657964	21.709960	-74.455753
63.662067	21.688515	-74.456214
63.666158	21.667195	-74.456654
63.670239	21.645999	-74.457071
63.674309	21.624927	-74.457467
63.678367	21.603978	-74.457842
63.682415	21.583153	-74.458195
63.686452	21.562451	-74.458527
63.690478	21.541872	-74.458837
63.694494	21.521415	-74.459126
63.698498	21.501080	-74.459395
63.702492	21.480867	-74.459643
63.706475	21.460775	-74.459870
63.710447	21.440804	-74.460076
63.714409	21.420954	-74.460262
63.718359	21.401225	-74.460428
63.722299	21.381615	-74.460573
63.726229	21.362126	-74.460699
63.730148	21.342755	-74.460804
63.734056	21.323504	-74.460890
63.737953	21.304372	-74.460956
63.741840	21.285358	-74.461002
63.745717	21.266462	-74.461029
63.749582	21.247684	-74.461036
63.753438	21.229024	-74.461025
63.757282	21.210480	-74.460994
63.761117	21.192053	-74.460944
63.764941	21.173742	-74.460876
63.768754	21.155548	-74.460789
63.772557	21.137469	-74.460683
63.776349	21.119505	-74.460558
63.780131	21.101657	-74.460416
63.783903	21.083923	-74.460255
63.787664	21.066303	-74.460076
63.791415	21.048797	-74.459879
63.795155	21.031405	-74.459664
63.798885	21.014125	-74.459432
63.802605	20.996959	-74.459182
63.806314	20.979905	-74.458914
63.810013	20.962963	-74.458629
63.813702	20.946132	-74.458327
63.817381	20.929413	-74.458008
63.821049	20.912805	-74.457672
63.824707	20.896308	-74.457319
63.828355	20.879920	-74.456949
63.831992	20.863643	-74.456563
63.835619	20.847475	-74.456160
63.839236	20.831416	-74.455741
63.842843	20.815465	-74.455306
63.846439	20.799623	-74.454855
63.850026	20.783889	-74.454387
63.853602	20.768263	-74.453904
63.857168	20.752743	-74.453405
63.860723	20.737330	-74.452891
63.864269	20.722024	-74.452361
63.867804	20.706824	-74.451816
63.871330	20.691729	-74.451255
63.874845	20.676739	-74.450680
63.878350	20.661854	-74.450089
63.881845	20.647074	-74.449484
63.885329	20.632398	-74.448864
63.888804	20.617825	-74.448229
63.892268	20.603355	-74.447580
63.895723	20.588989	-74.446917
63.899167	20.574724	-74.446239
63.902601	20.560562	-74.445548
63.906025	20.546501	-74.444842
63.909440	20.532542	-74.444123
63.912844	20.518683	-74.443389
63.916237	20.504924	-74.442643
63.919621	20.491266	-74.441883
63.922995	20.477707	-74.441109
63.926359	20.464247	-74.440323
63.929712	20.450886	-74.439523
63.933056	20.437623	-74.438710
63.936390	20.424458	-74.437885
63.939713	20.411390	-74.437047
63.943027	20.398419	-74.436196
63.946330	20.385545	-74.435333
63.949624	20.372767	-74.434457
63.952907	20.360085	-74.433570
63.956181	20.347498	-74.432670
63.959444	20.335006	-74.431758
63.962698	20.322608	-74.430835
63.965941	20.310304	-74.429900
63.969175	20.298094	-74.428953
63.972398	20.285976	-74.427995
63.975612	20.273952	-74.427025
63.978816	20.262019	-74.426045
63.982009	20.250179	-74.425053
63.985193	20.238429	-74.424050
63.988367	20.226771	-74.423036
63.991531	20.215203	-74.422012
63.994685	20.203725	-74.420977
63.997830	20.192336	-74.419932
64.000964	20.181037	-74.418876
64.004089	20.169826	-74.417810
64.007203	20.158703	-74.416734
64.010308	20.147668	-74.415647
64.013404	20.136721	-74.414551
64.016489	20.125860	-74.413445
64.019565	20.115085	-74.412329
64.022631	20.104396	-74.411204
64.025687	20.093793	-74.410069
64.028733	20.083275	-74.408925
64.031770	20.072841	-74.407772
64.034798	20.062492	-74.406609
64.037815	20.052226	-74.405438
64.040823	20.042043	-74.404257
64.043822	20.031943	-74.403068
64.046811	20.021925	-74.401870
64.049790	20.011989	-74.400663
64.052760	20.002134	-74.399447
64.055720	19.992361	-74.398224
64.058672	19.982667	-74.396991
64.061613	19.973054	-74.395751
64.064545	19.963520	-74.394502
64.067468	19.954065	-74.393246
64.070382	19.944689	-74.391981
64.073286	19.935391	-74.390708
64.076182	19.926171	-74.389428
64.079068	19.917027	-74.388140
64.081944	19.907961	-74.386844
64.084812	19.898971	-74.385541
64.087670	19.890057	-74.384231
64.090520	19.881219	-74.382913
64.093360	19.872455	-74.381588
64.096191	19.863766	-74.380256
64.099014	19.855151	-74.378916
64.101827	19.846610	-74.377570
64.104631	19.838141	-74.376217
64.107427	19.829746	-74.374857
64.110213	19.821423	-74.373491
64.112991	19.813172	-74.372118
64.115760	19.804992	-74.370738
64.118520	19.796883	-74.369352
64.121271	19.788845	-74.367960
64.124013	19.780877	-74.366561
64.126747	19.772978	-74.365156
64.129472	19.765149	-74.363746
64.132188	19.757389	-74.362329
64.134896	19.749696	-74.360906
64.137595	19.742072	-74.359478
64.140285	19.734515	-74.358044
64.142967	19.727026	-74.356604
64.145641	19.719603	-74.355158
64.148305	19.712246	-74.353708
64.150962	19.704955	-74.352252
64.153610	19.697729	-74.350790
64.156249	19.690568	-74.349323
64.158880	19.683472	-74.347851
64.161503	19.676440	-74.346375
64.164117	19.669471	-74.344893
64.166723	19.662566	-74.343406
64.169320	19.655724	-74.341914
64.171910	19.648944	-74.340418
64.174491	19.642226	-74.338917
64.177064	19.635569	-74.337411
64.179629	19.628974	-74.335901
64.182185	19.622439	-74.334386
64.184734	19.615965	-74.332867
64.187274	19.609551	-74.331344
64.189806	19.603197	-74.329816
64.192331	19.596901	-74.328284
64.194847	19.590665	-74.326748
64.197355	19.584487	-74.325208
64.199855	19.578366	-74.323664
64.202348	19.572304	-74.322117
64.204832	19.566298	-74.320565
64.207309	19.560350	-74.319010
64.209778	19.554457	-74.317450
64.212239	19.548621	-74.315888
64.214692	19.542841	-74.314321
64.217138	19.537115	-74.312752
64.219576	19.531445	-74.311178
64.222006	19.525829	-74.309602
64.224429	19.520267	-74.308022
64.226843	19.514759	-74.306438
64.229251	19.509305	-74.304852
64.231651	19.503903	-74.303262
64.234043	19.498554	-74.301669
64.236428	19.493258	-74.300074
64.238805	19.488013	-74.298475
64.241175	19.482820	-74.296873
64.243538	19.477678	-74.295268
64.245893	19.472587	-74.293661
64.248241	19.467546	-74.292051
64.250582	19.462556	-74.290438
64.252915	19.457615	-74.288822
64.255242	19.452724	-74.287204
64.257561	19.447881	-74.285583
64.259873	19.443088	-74.283960
64.262177	19.438343	-74.282334
64.264475	19.433646	-74.280706
64.266766	19.428997	-74.279075
64.269050	19.424395	-74.277442
64.271326	19.419840	-74.275807
64.273596	19.415332	-74.274170
64.275859	19.410870	-74.272530
64.278115	19.406454	-74.270888
64.280364	19.402084	-74.269244
64.282607	19.397760	-74.267598
64.284842	19.393480	-74.265950
64.287071	19.389246	-74.264300
64.289293	19.385055	-74.262648
64.291509	19.380909	-74.260994
64.293718	19.376807	-74.259339
64.295920	19.372748	-74.257681
64.298115	19.368733	-74.256022
64.300304	19.364760	-74.254361
64.302487	19.360830	-74.252698
64.304663	19.356942	-74.251034
64.306832	19.353096	-74.249368
64.308996	19.349292	-74.247700
64.311152	19.345529	-74.246031
64.313303	19.341808	-74.244360
64.315447	19.338127	-74.242688
64.317584	19.334487	-74.241015
64.319716	19.330887	-74.239340
64.321841	19.327327	-74.237664
64.323959	19.323806	-74.235986
64.326072	19.320325	-74.234307
64.328178	19.316883	-74.232627
64.330279	19.313480	-74.230946
64.332373	19.310115	-74.229264
64.334461	19.306789	-74.227580
64.336542	19.303500	-74.225896
64.338618	19.300250	-74.224210
64.340688	19.297036	-74.222524
64.342751	19.293860	-74.220836
64.344809	19.290721	-74.219148
64.346860	19.287619	-74.217459
64.348906	19.284553	-74.215769
64.350946	19.281523	-74.214078
64.352979	19.278528	-74.212386
64.355007	19.275570	-74.210694
64.357029	19.272647	-74.209000
64.359045	19.269758	-74.207307
64.361055	19.266905	-74.205612
64.363059	19.264087	-74.203917
64.365057	19.261302	-74.202222
64.367050	19.258552	-74.200526
64.369037	19.255836	-74.198829
64.371017	19.253153	-74.197133
64.372992	19.250504	-74.195435
64.374962	19.247887	-74.193738
64.376925	19.245304	-74.192040
64.378883	19.242754	-74.190342
64.380835	19.240236	-74.188643
64.382781	19.237750	-74.186944
64.384722	19.235296	-74.185246
64.386657	19.232874	-74.183547
64.388586	19.230483	-74.181847
64.390510	19.228124	-74.180148
64.392427	19.225796	-74.178449
64.394340	19.223498	-74.176750
64.396246	19.221232	-74.175051
64.398147	19.218995	-74.173352
64.400042	19.216789	-74.171653
64.401932	19.214613	-74.169954
64.403816	19.212467	-74.168255
64.405694	19.210351	-74.166557
64.407567	19.208263	-74.164859
64.409434	19.206205	-74.163161
64.411295	19.204176	-74.161463
64.413151	19.202176	-74.159766
64.415002	19.200204	-74.158069
64.416846	19.198261	-74.156373
64.418686	19.196345	-74.154677
64.420519	19.194458	-74.152981
64.422347	19.192598	-74.151286
64.424170	19.190766	-74.149592
