-45.171233	216.902655	173.030251
-45.156403	216.799765	173.030809
-45.142774	216.687029	173.027149
-45.130360	216.564438	173.019277
-45.119175	216.431981	173.007201
-45.109236	216.289647	172.990930
-45.100560	216.137423	172.970474
-45.093166	215.975296	172.945842
-45.087074	215.803251	172.917047
-45.082307	215.621272	172.884101
-45.078886	215.429342	172.847017
-45.076838	215.227444	172.805809
-45.076187	215.015558	172.760492
-45.076961	214.793663	172.711082
-45.079188	214.561739	172.657596
-45.082898	214.319764	172.600051
-45.088122	214.067712	172.538465
-45.094893	213.805561	172.472858
-45.103245	213.533283	172.403251
-45.113213	213.250853	172.329663
-45.124834	212.958242	172.252117
-45.138145	212.655421	172.170635
-45.153187	212.342359	172.085241
-45.169999	212.019026	171.995959
-45.188624	211.685389	171.902815
-45.209104	211.341414	171.805833
-45.231485	210.987066	171.705041
-45.255812	210.622309	171.600465
-45.282133	210.247107	171.492135
-45.310496	209.861421	171.380079
-45.340951	209.465211	171.264327
-45.373550	209.058438	171.144910
-45.408344	208.641059	171.021857
-45.445387	208.213031	170.895202
-45.484735	207.774311	170.764977
-45.526444	207.324853	170.631215
-45.570571	206.864611	170.493950
-45.617175	206.393536	170.353217
-45.638915	206.180324	170.289439
-45.663219	205.956208	170.222244
-45.690117	205.721166	170.151649
-45.719637	205.475174	170.077670
-45.751811	205.218206	170.000327
-45.786671	204.950236	169.919638
-45.824251	204.671234	169.835623
-45.864585	204.381174	169.748301
-45.907711	204.080024	169.657695
-45.953664	203.767753	169.563826
-46.002485	203.444328	169.466717
-46.054213	203.109716	169.366390
-46.108889	202.763882	169.262869
-46.166556	202.406791	169.156179
-46.227258	202.038404	169.046346
-46.291039	201.658683	168.933394
-46.357946	201.267589	168.817351
-46.428027	200.865081	168.698243
-46.501329	200.451117	168.576098
-46.577904	200.025654	168.450945
-46.657802	199.588647	168.322811
-46.741075	199.140051	168.191727
-46.827777	198.679818	168.057722
-46.917963	198.207902	167.920827
-46.958889	197.996712	167.859802
-47.003380	197.773767	167.795932
-47.051461	197.539042	167.729230
-47.103161	197.292514	167.659713
-47.158508	197.034156	167.587394
-47.217532	196.763943	167.512291
-47.280263	196.481845	167.434421
-47.346735	196.187833	167.353801
-47.416981	195.881878	167.270448
-47.491035	195.563947	167.184382
-47.568933	195.234007	167.095622
-47.650713	194.892025	167.004187
-47.736413	194.537965	166.910098
-47.826072	194.171790	166.813375
-47.919732	193.793462	166.714040
-48.017433	193.402943	166.612113
-48.119219	193.000192	166.507619
-48.225134	192.585167	166.400578
-48.335223	192.157827	166.291014
-48.449533	191.718125	166.178951
-48.568112	191.266018	166.064413
-48.691007	190.801458	165.947424
-48.747027	190.591461	165.894858
-48.807436	190.368942	165.839877
-48.872257	190.133878	165.782492
-48.941516	189.886245	165.722715
-49.015239	189.626017	165.660558
-49.093453	189.353168	165.596035
-49.176185	189.067670	165.529160
-49.263466	188.769493	165.459945
-49.355325	188.458608	165.388405
-49.451796	188.134982	165.314556
-49.552909	187.798583	165.238412
-49.658700	187.449377	165.159989
-49.769204	187.087327	165.079302
-49.884456	186.712398	164.996369
-50.004494	186.324551	164.911206
-50.129357	185.923746	164.823830
-50.259083	185.509944	164.734258
-50.393714	185.083102	164.642508
-50.533290	184.643176	164.548598
-50.677855	184.190123	164.452546
-50.827453	183.723896	164.354369
-50.894785	183.515185	164.310715
-50.967215	183.293231	164.264964
-51.044763	183.058012	164.217125
-51.127450	182.809505	164.167205
-51.215302	182.547685	164.115216
-51.308341	182.272525	164.061166
-51.406594	181.983998	164.005066
-51.510087	181.682075	163.946925
-51.618847	181.366725	163.886754
-51.732904	181.037917	163.824564
-51.852287	180.695619	163.760366
-51.977027	180.339795	163.694171
-52.107156	179.970410	163.625991
-52.242706	179.587428	163.555838
-52.383713	179.190811	163.483724
-52.530210	178.780518	163.409660
-52.682233	178.356509	163.333659
-52.839821	177.918741	163.255733
-53.003010	177.467172	163.175895
-53.078243	177.259775	163.139472
-53.159135	177.038511	163.101154
-53.245704	176.803357	163.060949
-53.337970	176.554290	163.018861
-53.435954	176.291286	162.974898
-53.539679	176.014317	162.929065
-53.649167	175.723358	162.881370
-53.764442	175.418379	162.831820
-53.885530	175.099350	162.780421
-54.012456	174.766239	162.727180
-54.145248	174.419015	162.672106
-54.283934	174.057642	162.615205
-54.428544	173.682086	162.556485
-54.579106	173.292309	162.495954
-54.735652	172.888273	162.433618
-54.898214	172.469938	162.369487
-55.066826	172.037264	162.303566
-55.241520	171.590207	162.235864
-55.322303	171.384026	162.204824
-55.409220	171.163398	162.172014
-55.502288	170.928303	162.137436
-55.601524	170.678717	162.101095
-55.706947	170.414616	162.062995
-55.818579	170.135973	162.023138
-55.936438	169.842763	161.981529
-56.060549	169.534955	161.938171
-56.190932	169.212521	161.893069
-56.327613	168.875429	161.846226
-56.470615	168.523646	161.797646
-56.619966	168.157138	161.747333
-56.775690	167.775870	161.695290
-56.937816	167.379804	161.641521
-57.106373	166.968903	161.586029
-57.281389	166.543125	161.528819
-57.462896	166.102431	161.469892
-57.650923	165.646777	161.409252
-57.735720	165.441664	161.382080
-57.827085	165.221529	161.353199
-57.925033	164.986348	161.322610
-58.029579	164.736100	161.290313
-58.140740	164.470760	161.256311
-58.258536	164.190302	161.220604
-58.382984	163.894701	161.183193
-58.514105	163.583927	161.144078
-58.651919	163.257950	161.103261
-58.796449	162.916739	161.060741
-58.947716	162.560262	161.016519
-59.105745	162.188484	160.970595
-59.270560	161.801370	160.922970
-59.442185	161.398882	160.873642
-59.620647	160.980982	160.822610
-59.805972	160.547630	160.769875
-59.998189	160.098784	160.715435
-60.085777	159.894533	160.690740
-60.180296	159.674726	160.664337
-60.281762	159.439341	160.636225
-60.390189	159.188358	160.606403
-60.505593	158.921751	160.574871
-60.627989	158.639496	160.541625
-60.757395	158.341565	160.506665
-60.893830	158.027930	160.469988
-61.037312	157.698561	160.431592
-61.187862	157.353428	160.391475
-61.345499	156.992497	160.349633
-61.510246	156.615735	160.306063
-61.682124	156.223104	160.260761
-61.861156	155.814569	160.213725
-62.047368	155.390091	160.164948
-62.240782	154.949629	160.114426
-62.330267	154.746039	160.091113
-62.426992	154.526405	160.066047
-62.530970	154.290706	160.039225
-62.642213	154.038919	160.010645
-62.760736	153.771021	159.980301
-62.886554	153.486988	159.948191
-63.019683	153.186791	159.914311
-63.160140	152.870403	159.878655
-63.307940	152.537795	159.841219
-63.463104	152.188934	159.801997
-63.625650	151.823789	159.760983
-63.795597	151.442324	159.718171
-63.972966	151.044505	159.673555
-64.157779	150.630294	159.627125
-64.350056	150.199653	159.578875
-64.549821	149.752540	159.528796
-64.640611	149.549464	159.506055
-64.738923	149.329856	159.481471
-64.844768	149.093697	159.455040
-64.958157	148.840963	159.426756
-65.079103	148.571632	159.396614
-65.207621	148.285678	159.364607
-65.343724	147.983075	159.330729
-65.487428	147.663795	159.294972
-65.638749	147.327808	159.257330
-65.797702	146.975084	159.217793
-65.964306	146.605588	159.176352
-66.138578	146.219288	159.132999
-66.320538	145.816147	159.087723
-66.510204	145.396128	159.040512
-66.707596	144.959193	158.991356
-66.799207	144.756495	158.968530
-66.898574	144.536821	158.943739
-67.005707	144.300152	158.916979
-67.120619	144.046465	158.888241
-67.243320	143.775738	158.857518
-67.373822	143.487945	158.824801
-67.512140	143.183060	158.790083
-67.658286	142.861054	158.753353
-67.812276	142.521899	158.714602
-67.974125	142.165564	158.673818
-68.143847	141.792015	158.630989
-68.321461	141.401219	158.586104
-68.506982	140.993140	158.539148
-68.700429	140.567740	158.490109
-68.901819	140.124982	158.438970
-68.993909	139.922570	158.415545
-69.093969	139.702740	158.389997
-69.202011	139.465472	158.362319
-69.318042	139.210746	158.332502
-69.442075	138.938537	158.300535
-69.574119	138.648822	158.266410
-69.714188	138.341573	158.230114
-69.862294	138.016764	158.191637
-70.018449	137.674365	158.150964
-70.182668	137.314344	158.108083
-70.354965	136.936670	158.062980
-70.535355	136.541308	158.015638
-70.723854	136.128224	157.966041
-70.920477	135.697379	157.914173
-71.125241	135.248735	157.860014
-71.217532	135.046539	157.835538
-71.317989	134.826486	157.808743
-71.426620	134.588556	157.779620
-71.543434	134.332728	157.748158
-71.668440	134.058979	157.714345
-71.801649	133.767286	157.678170
-71.943072	133.457621	157.639618
-72.092719	133.129957	157.598677
-72.250603	132.784266	157.555330
-72.416736	132.420515	157.509561
-72.591130	132.038675	157.461352
-72.773801	131.638709	157.410687
-72.964760	131.220583	157.357544
-73.164023	130.784261	157.301904
-73.256287	130.582223	157.276054
-73.356877	130.361933	157.247674
-73.465799	130.123370	157.216753
-73.583062	129.866513	157.183279
-73.708675	129.591341	157.147238
-73.842646	129.297829	157.108618
-73.984986	128.985950	157.067401
-74.135704	128.655678	157.023572
-74.294811	128.306985	156.977113
-74.462318	127.939838	156.928005
-74.638238	127.554208	156.876229
-74.822581	127.150059	156.821763
-75.015361	126.727357	156.764586
-75.216590	126.286064	156.704672
-75.308648	126.084153	156.677157
-75.409175	125.863596	156.646870
-75.518178	125.624375	156.613798
-75.635663	125.366468	156.577926
-75.761638	125.089854	156.539242
-75.896112	124.794509	156.497727
-76.039093	124.480407	156.453365
-76.190590	124.147521	156.406136
-76.350612	123.795823	156.356022
-76.519170	123.425283	156.303001
-76.696274	123.035869	156.247050
-76.881934	122.627548	156.188145
-77.076162	122.200284	156.126262
-77.278969	121.754042	156.061373
-77.370662	121.552239	156.031911
-77.470951	121.331403	155.999403
-77.579842	121.091515	155.963834
-77.697341	120.832555	155.925188
-77.823456	120.554500	155.883449
-77.958192	120.257329	155.838598
-78.101558	119.941014	155.790617
-78.253562	119.605531	155.739484
-78.414211	119.250850	155.685176
-78.583515	118.876943	155.627671
-78.761483	118.483777	155.566943
-78.948123	118.071319	155.502966
-79.143447	117.639537	155.435710
-79.234661	117.437833	155.404161
-79.334573	117.216750	155.369290
-79.443187	116.976272	155.331081
-79.560509	116.716377	155.289518
-79.686545	116.437045	155.244582
-79.821300	116.138252	155.196253
-79.964782	115.819973	155.144509
-80.116998	115.482183	155.089329
-80.277954	115.124853	155.030687
-80.447658	114.747955	154.968558
-80.626118	114.351457	154.902913
-80.813343	113.935327	154.833724
-81.009341	113.499531	154.760959
-81.099975	113.297930	154.727156
-81.199394	113.076612	154.689730
-81.307603	112.835559	154.648663
-81.424606	112.574750	154.603936
-81.550409	112.294166	154.555531
-81.685016	111.993784	154.503425
-81.828433	111.673579	154.447595
-81.980666	111.333525	154.388016
-82.141722	110.973595	154.324661
-82.311607	110.593761	154.257502
-82.490327	110.193993	154.186510
-82.677890	109.774257	154.111650
-82.874302	109.334522	154.032891
-82.964255	109.133040	153.996652
-83.063069	108.911507	153.956461
-83.170747	108.669907	153.912299
-83.287292	108.408219	153.864147
-83.412709	108.126425	153.811983
-83.547001	107.824500	153.755783
-83.690175	107.502422	153.695522
-83.842235	107.160166	153.631174
-84.003185	106.797704	153.562709
-84.173031	106.415010	153.490096
-84.351780	106.012052	153.413304
-84.539435	105.588800	153.332296
-84.736004	105.145221	153.247037
-84.825180	104.943882	153.208175
-84.923279	104.722167	153.165005
-85.030301	104.480060	153.117507
-85.146252	104.217540	153.065660
-85.271133	103.934589	153.009441
-85.404948	103.631185	152.948825
-85.547702	103.307305	152.883783
-85.699398	102.962924	152.814288
-85.860039	102.598017	152.740308
-86.029631	102.212555	152.661810
-86.208178	101.806510	152.578758
-86.395683	101.379851	152.491116
-86.592152	100.932547	152.398843
-86.680458	100.731386	152.357171
-86.777734	100.509533	152.310809
-86.883981	100.266969	152.259734
-86.999203	100.003678	152.203924
-87.123401	99.719640	152.143354
-87.256579	99.414835	152.077997
-87.398738	99.089239	152.007823
-87.549883	98.742828	151.932803
-87.710015	98.375579	151.852901
-87.879138	97.987463	151.768083
-88.057255	97.578453	151.678310
-88.244369	97.148520	151.583543
-88.331773	96.947568	151.539062
-88.428179	96.725646	151.489524
-88.533588	96.482740	151.434906
-88.648001	96.218832	151.375185
-88.771420	95.933904	151.310334
-88.903847	95.627934	151.240324
-89.045285	95.300901	151.165124
-89.195734	94.952783	151.084702
-89.355197	94.583554	150.999021
-89.523675	94.193188	150.908044
-89.701172	93.781659	150.811731
-89.887688	93.348938	150.710038
-89.974142	93.148233	150.662678
-90.069619	92.926292	150.609872
-90.174119	92.683099	150.551597
-90.287643	92.418639	150.487829
-90.410192	92.132893	150.418537
-90.541767	91.825841	150.343693
-90.682369	91.497462	150.263264
-90.831999	91.147735	150.177214
-90.990658	90.776635	150.085506
-91.158347	90.384137	149.988100
-91.335067	89.970215	149.884953
-91.520818	89.534842	149.776020
-91.606265	89.334432	149.725675
-91.700744	89.112528	149.669473
-91.804255	88.869116	149.607391
-91.916799	88.604180	149.539401
-92.038376	88.317702	149.465473
-92.168986	88.009664	149.385577
-92.308629	87.680045	149.299677
-92.457305	87.328825	149.207736
-92.615015	86.955979	149.109714
-92.781757	86.561484	149.005569
-92.957533	86.145316	148.895257
-93.142340	85.707447	148.778728
-93.226717	85.507388	148.725277
-93.320124	85.285589	148.665536
-93.422563	85.042034	148.599479
-93.534031	84.776710	148.527078
-93.654529	84.489599	148.448303
-93.784057	84.180684	148.363119
-93.922612	83.849945	148.271490
-94.070195	83.497362	148.173377
-94.226804	83.122913	148.068738
-94.392438	82.726575	147.957528
-94.567095	82.308325	147.839700
-94.750774	81.868136	147.715204
-94.834017	81.668492	147.658520
-94.926279	81.446873	147.595089
-95.027558	81.203264	147.524886
-95.137854	80.937651	147.447879
-95.257165	80.650018	147.364036
-95.385490	80.340348	147.273323
-95.522827	80.008624	147.175700
-95.669174	79.654826	147.071128
-95.824528	79.278932	146.959560
-95.988889	78.880922	146.840952
-96.162252	78.460773	146.715252
-96.344615	78.018461	146.582407
-96.426661	77.819305	146.522363
-96.517702	77.597950	146.455092
-96.617736	77.354383	146.380567
-96.726762	77.088592	146.298757
-96.844777	76.800560	146.209627
-96.971778	76.490273	146.113140
-97.107764	76.157713	146.009257
-97.252732	75.802862	145.897934
-97.406677	75.425700	145.779125
-97.569598	75.026208	145.652780
-97.741489	74.604363	145.518848
-97.822357	74.405736	145.455543
-97.912190	74.184724	145.384569
-98.010985	73.941315	145.305896
-98.118740	73.675497	145.219490
-98.235452	73.387255	145.125318
-98.361117	73.076576	145.023340
-98.495732	72.743442	144.913514
-98.639295	72.387837	144.795795
-98.791799	72.009743	144.670136
-98.953242	71.609140	144.536485
-99.123617	71.186008	144.394787
-99.203292	70.987965	144.328220
-99.291892	70.767364	144.253522
-99.389414	70.524192	144.170661
-99.495855	70.258439	144.079603
-99.611212	69.970091	143.980313
-99.735480	69.659134	143.872749
-99.868655	69.325553	143.756868
-100.010734	68.969333	143.632624
-100.161709	68.590457	143.499967
-100.321577	68.188906	143.358842
-100.490331	67.764663	143.209193
-100.568779	67.567273	143.139312
-100.656104	67.347163	143.060819
-100.752302	67.104322	142.973681
-100.857369	66.838740	142.877864
-100.971300	66.550404	142.773330
-101.094092	66.239301	142.660036
-101.225740	65.905419	142.537938
-101.366236	65.548741	142.406988
-101.515577	65.169254	142.267132
-101.673754	64.766940	142.118316
-101.840761	64.341783	141.960480
-101.917942	64.145124	141.887211
-102.003941	63.925596	141.804830
-102.098755	63.683190	141.713304
-102.202378	63.417897	141.612598
-102.314807	63.129705	141.502671
-102.436036	62.818603	141.383481
-102.566057	62.484579	141.254980
-102.704867	62.127618	141.117119
-102.852456	61.747709	140.969844
-103.008817	61.344835	140.813095
-103.173943	60.918981	140.646813
-103.249812	60.723138	140.570072
-103.334432	60.504292	140.483701
-103.427798	60.262436	140.387667
-103.529905	59.997561	140.281932
-103.640749	59.709657	140.166455
-103.760322	59.398715	140.041192
-103.888617	59.064723	139.906095
-104.025628	58.707669	139.761110
-104.171345	58.327542	139.606182
-104.325762	57.924328	139.441251
-104.488867	57.498014	139.266253
-104.563377	57.303078	139.185953
-104.646562	57.085022	139.095487
-104.738415	56.843839	138.994820
-104.838932	56.579522	138.883915
-104.948106	56.292063	138.762727
-105.065929	55.981452	138.631212
-105.192394	55.647680	138.489318
-105.327493	55.290738	138.336993
-105.471217	54.910614	138.174177
-105.623555	54.507297	138.000808
-105.784498	54.080777	137.816822
-105.857603	53.886847	137.732876
-105.939296	53.669697	137.638210
-106.029571	53.429321	137.532787
-106.128421	53.165712	137.416567
-106.235839	52.878864	137.289507
-106.351818	52.568770	137.151559
-106.476348	52.235420	137.002671
-106.609421	51.878808	136.842787
-106.751026	51.498925	136.671847
-106.901152	51.095760	136.489787
-107.059788	50.669307	136.296538
-107.131441	50.476490	136.208860
-107.211586	50.260370	136.109889
-107.300215	50.020942	135.999586
-107.397322	49.758203	135.877910
-107.502899	49.472145	135.744817
-107.616937	49.162765	135.600257
-107.739427	48.830054	135.444177
-107.870358	48.474007	135.276518
-108.009719	48.094618	135.097218
-108.157498	47.691880	134.906212
-108.313682	47.265785	134.703428
-108.383837	47.074193	134.611935
-108.462376	46.859236	134.508555
-108.549293	46.620910	134.393250
-108.644580	46.359211	134.265978
-108.748229	46.074136	134.126693
-108.860230	45.765680	133.975343
-108.980572	45.433839	133.811874
-109.109245	45.078610	133.636225
-109.246235	44.699987	133.448333
-109.391531	44.297965	133.248129
-109.545117	43.872542	133.035540
-109.613725	43.682297	132.940148
-109.690602	43.468644	132.832258
-109.775740	43.231581	132.711832
-109.869131	42.971106	132.578826
-109.970765	42.687218	132.433191
-110.080631	42.379912	132.274876
-110.198719	42.049189	132.103824
-110.325016	41.695044	131.919973
-110.459508	41.317477	131.723257
-110.602182	40.916485	131.513606
-110.669310	40.727607	131.414515
-110.744597	40.515302	131.302378
-110.828035	40.279570	131.177154
-110.919614	40.020409	131.038799
-111.019325	39.737820	130.887264
-111.127155	39.431800	130.722495
-111.243094	39.102351	130.544433
-111.367128	38.749472	130.353016
-111.499243	38.373162	130.148176
-111.639423	37.973422	129.929840
-111.705083	37.785976	129.827113
-111.778784	37.575101	129.710778
-111.860517	37.340798	129.580792
-111.950273	37.083069	129.437110
-112.048042	36.801913	129.279681
-112.153810	36.497333	129.108451
-112.267566	36.169328	128.923360
-112.389294	35.817903	128.724343
-112.518981	35.443058	128.511331
-112.656610	35.044797	128.284249
-112.720787	34.858872	128.177885
-112.792880	34.649536	128.057335
-112.872880	34.416791	127.922557
-112.960776	34.160639	127.773505
-113.056557	33.881083	127.610126
-113.160210	33.578125	127.432365
-113.271721	33.251771	127.240159
-113.391076	32.902023	127.033444
-113.518258	32.528886	126.812147
-113.653250	32.132366	126.576193
-113.715919	31.948068	126.466162
-113.786371	31.740397	126.341353
-113.864595	31.509355	126.201726
-113.950582	31.254947	126.047231
-114.044318	30.977176	125.877816
-114.145790	30.676049	125.693424
-114.254983	30.351571	125.493993
-114.371882	30.003748	125.279453
-114.496470	29.632588	125.049732
-114.628729	29.238098	124.804753
-114.689859	29.055545	124.691011
-114.758630	28.849676	124.561888
-114.835033	28.620496	124.417341
-114.919054	28.368012	124.257322
-115.010682	28.092230	124.081775
-115.109901	27.793156	123.890643
-115.216698	27.470799	123.683861
-115.331054	27.125169	123.461360
-115.452952	26.756274	123.223066
-115.582373	26.364126	122.968898
-115.641931	26.183442	122.851399
-115.708980	25.979523	122.717902
-115.783510	25.752376	122.568363
-115.865509	25.502008	122.402732
-115.954962	25.228429	122.220954
-116.051856	24.931647	122.022969
-116.156173	24.611673	121.808711
-116.267896	24.268519	121.578110
-116.387005	23.902197	121.331089
-116.513481	23.512722	121.067567
-116.571432	23.334040	120.946265
-116.636717	23.132227	120.808334
-116.709324	22.907293	120.653730
-116.789241	22.659247	120.482402
-116.876453	22.388099	120.294293
-116.970944	22.093861	120.089343
-117.072697	21.776547	119.867484
-117.181694	21.436170	119.628644
-117.297915	21.072747	119.372746
-117.421337	20.686296	119.099706
-117.477646	20.509755	118.974555
-117.541123	20.310214	118.832132
-117.611756	20.087683	118.672392
-117.689531	19.842174	118.495283
-117.774433	19.573698	118.300747
-117.866445	19.282271	118.088722
-117.965551	18.967909	117.859140
-118.071729	18.630628	117.611928
-118.184959	18.270448	117.347005
-118.305218	17.887389	117.064288
-118.359850	17.713139	116.935245
-118.421475	17.516044	116.788274
-118.490081	17.296117	116.623330
-118.565654	17.053372	116.440359
-118.648177	16.787823	116.239303
-118.737634	16.499488	116.020099
-118.834006	16.188385	115.782676
-118.937271	15.854535	115.526961
-119.047404	15.497977	115.252885
-119.164373	15.118755	114.960378
-119.217293	14.946949	114.827404
-119.277002	14.752554	114.675892
-119.343484	14.535595	114.505807
-119.416720	14.296101	114.317104
-119.496689	14.034105	114.109738
-119.583368	13.749643	113.883657
-119.676732	13.442754	113.638806
-119.776755	13.113480	113.375125
-119.883407	12.761866	113.092549
-119.996657	12.387963	112.791009
-120.047835	12.218757	112.654078
-120.105563	12.027339	112.498075
-120.169825	11.813737	112.322964
-120.240601	11.577981	112.128700
-120.317869	11.320106	111.915238
-120.401608	11.040149	111.682526
-120.491791	10.738153	111.430508
-120.588391	10.414162	111.159124
-120.691379	10.068224	110.868309
-120.800723	9.700393	110.557994
-120.850129	9.533950	110.417084
-120.905842	9.345695	110.256566
-120.967846	9.135658	110.076401
-121.036120	8.903872	109.876548
-121.110642	8.650373	109.656959
-121.191391	8.375201	109.417583
-121.278339	8.078400	109.158363
-121.371459	7.760019	108.879239
-121.470721	7.420108	108.580147
-121.576093	7.058723	108.261015
-121.623698	6.895212	108.116108
-121.677362	6.710315	107.951055
-121.737070	6.504062	107.765816
-121.802800	6.276489	107.560350
-121.874532	6.027633	107.334609
-121.952241	5.757538	107.088543
-122.035901	5.466250	106.822093
-122.125483	5.153819	106.535201
-122.220958	4.820301	106.227800
-122.322294	4.465754	105.899822
-122.368067	4.305354	105.750904
-122.419650	4.124018	105.581300
-122.477025	3.921778	105.390971
-122.540170	3.698671	105.179875
-122.609066	3.454739	104.947965
-122.683686	3.190026	104.695189
-122.764005	2.904582	104.421490
-122.849994	2.598459	104.126809
-122.941621	2.271717	103.811080
-123.038855	1.924418	103.474233
-123.082768	1.767314	103.321295
-123.132236	1.589751	103.147131
-123.187241	1.391763	102.951702
-123.247761	1.173389	102.734966
-123.313776	0.934673	102.496876
-123.385259	0.675661	102.237381
-123.462185	0.396407	101.956423
-123.544523	0.096967	101.653943
-123.632244	-0.222599	101.329876
-123.725312	-0.562223	100.984151
-123.767336	-0.715835	100.827188
-123.814657	-0.889402	100.648460
-123.867255	-1.082888	100.447928
-123.925110	-1.296251	100.225550
-123.988200	-1.529445	99.981278
-124.056498	-1.782421	99.715062
-124.129979	-2.055123	99.426845
-124.208612	-2.347491	99.116568
-124.292366	-2.659460	98.784163
-124.381206	-2.990961	98.429563
-124.421289	-3.140898	98.268591
-124.466244	-3.310404	98.085407
-124.515896	-3.499578	97.880063
-124.570063	-3.708521	97.652609
-124.628559	-3.937329	97.403096
-124.691168	-4.186117	97.131585
-124.757677	-4.454988	96.838132
-124.827891	-4.744024	96.522779
-124.901630	-5.053286	96.185551
-124.978704	-5.382774	95.826532
-125.012997	-5.532242	95.663795
-125.050764	-5.701727	95.478985
-125.091777	-5.891325	95.272233
-125.135791	-6.101019	95.043782
-125.182541	-6.330792	94.793894
-125.231751	-6.580627	94.522840
-125.283126	-6.850504	94.230908
-125.336389	-7.140402	93.918358
-125.391285	-7.450294	93.585415
-125.447587	-7.780149	93.232263
-125.472540	-7.932125	93.070149
-125.499365	-8.103923	92.887016
-125.527776	-8.295545	92.683177
-125.557494	-8.506989	92.458935
-125.588235	-8.738251	92.214592
-125.619681	-8.989328	91.950487
-125.651521	-9.260219	91.666950
-125.683437	-9.550918	91.364309
-125.715127	-9.861419	91.042870
-125.746299	-10.191712	90.702919
-125.759811	-10.347735	90.543313
-125.773510	-10.523357	90.364053
-125.787072	-10.718597	90.165522
-125.800184	-10.933472	89.948081
-125.812535	-11.167996	89.712076
-125.823779	-11.422187	89.457910
-125.833577	-11.696064	89.185956
-125.841607	-11.989640	88.896572
-125.847537	-12.302930	88.590117
-125.851064	-12.635944	88.266908
-125.851869	-12.988695	87.927281
-125.850885	-13.150420	87.772866
-125.848243	-13.331581	87.600370
-125.843625	-13.532215	87.410180
-125.836721	-13.752354	87.202663
-125.827176	-13.992043	86.978248
-125.814638	-14.251322	86.737351
-125.798794	-14.530225	86.480330
-125.779337	-14.828783	86.207531
-125.755951	-15.147030	85.919305
-125.728315	-15.485001	85.616009
-125.696093	-15.842738	85.298014
-125.679620	-16.010131	85.150677
-125.659733	-16.196905	84.986807
-125.636131	-16.403112	84.806776
-125.608492	-16.628811	84.610976
-125.576504	-16.874054	84.399786
-125.539862	-17.138894	84.173563
-125.498293	-17.423374	83.932618
-125.451538	-17.727534	83.677236
-125.399323	-18.051416	83.407715
-125.341368	-18.395067	83.124359
-125.277377	-18.758538	82.827490
-125.207065	-19.141879	82.517410
-125.174137	-19.314503	82.379147
-125.136123	-19.506516	82.225727
-125.092761	-19.717978	82.057466
-125.043820	-19.948942	81.874636
-124.989089	-20.199449	81.677469
-124.928340	-20.469547	81.466221
-124.861364	-20.759277	81.241107
-124.787946	-21.068683	81.002355
-124.707874	-21.397805	80.750176
-124.620923	-21.746690	80.484795
-124.526866	-22.115384	80.206435
-124.425473	-22.503937	79.915318
-124.378681	-22.679400	79.784845
-124.325552	-22.874249	79.640005
-124.265924	-23.088523	79.480969
-124.199645	-23.322257	79.307895
-124.126563	-23.575485	79.120928
-124.046522	-23.848240	78.920220
-123.959362	-24.140557	78.705918
-123.864931	-24.452467	78.478150
-123.763063	-24.784004	78.237064
-123.653579	-25.135208	77.982813
-123.536335	-25.506105	77.715499
-123.411200	-25.896709	77.435195
-123.354130	-26.072603	77.309479
-123.289825	-26.267819	77.169661
-123.218182	-26.482380	77.015828
-123.139105	-26.716305	76.848052
-123.052510	-26.969604	76.666383
-122.958293	-27.242294	76.470891
-122.856352	-27.534390	76.261636
-122.746566	-27.845916	76.038705
-122.628828	-28.176886	75.802149
-122.503051	-28.527300	75.551992
-122.369159	-28.897155	75.288233
-122.227065	-29.286445	75.010880
-122.162864	-29.460940	74.886662
-122.090710	-29.654656	74.748323
-122.010557	-29.867591	74.595866
-121.922365	-30.099737	74.429281
-121.826082	-30.351090	74.248569
-121.721633	-30.621658	74.053756
-121.608967	-30.911429	73.844829
-121.488043	-31.220387	73.621754
-121.358832	-31.548502	73.384474
-121.221288	-31.895754	73.132950
-121.075367	-32.262118	72.867132
-121.006467	-32.434189	72.742056
-120.929159	-32.625309	72.602558
-120.843465	-32.835435	72.448547
-120.749392	-33.064528	72.279946
-120.646935	-33.312556	72.096690
-120.536093	-33.579481	71.898700
-120.416852	-33.865268	71.685909
-120.289198	-34.169879	71.458245
-120.153106	-34.493282	71.215645
-120.008542	-34.835445	70.958051
-119.855468	-35.196335	70.685403
-119.783622	-35.365073	70.557475
-119.703035	-35.552606	70.414638
-119.613773	-35.758856	70.256738
-119.515878	-35.983758	70.083652
-119.409382	-36.227251	69.895262
-119.294327	-36.489264	69.691435
-119.170724	-36.769738	69.472068
-119.038565	-37.068488	69.237156
-118.897833	-37.385322	68.986705
-118.748506	-37.720040	68.720726
-118.590547	-38.072444	68.439248
-118.516435	-38.236957	68.307176
-118.433294	-38.419275	68.160008
-118.341209	-38.619150	67.997660
-118.240251	-38.836331	67.820067
-118.130475	-39.070567	67.627180
-118.011916	-39.321613	67.418984
-117.884593	-39.589225	67.195481
-117.748502	-39.873163	66.956706
-117.603639	-40.173179	66.702695
-117.449984	-40.489024	66.433505
-117.287521	-40.820434	66.149195
-117.116225	-41.167139	65.849836
-117.037531	-41.325134	65.712560
-116.949426	-41.499226	65.560548
-116.852026	-41.689087	65.393729
-116.745397	-41.894422	65.212088
-116.629593	-42.114938	65.015633
-116.504650	-42.350343	64.804393
-116.370612	-42.600333	64.578386
-116.227493	-42.864615	64.337676
-116.075297	-43.142895	64.082341
-115.914026	-43.434871	63.812467
-115.743667	-43.740239	63.528160
-115.564195	-44.058706	63.229545
-115.375593	-44.389955	62.916739
-115.289542	-44.539518	62.774520
-115.193578	-44.703452	62.618228
-115.087803	-44.881395	62.447861
-114.972291	-45.073004	62.263451
-114.847117	-45.277929	62.065031
-114.712348	-45.495815	61.852647
-114.568010	-45.726340	61.626397
-114.414115	-45.969185	61.386397
-114.250680	-46.224023	61.132759
-114.077733	-46.490502	60.865591
-113.895290	-46.768281	60.585015
-113.703347	-47.057031	60.291181
-113.501898	-47.356419	59.984242
-113.290944	-47.666101	59.664348
-113.194531	-47.805882	59.518863
-113.087674	-47.958277	59.360170
-112.970530	-48.122843	59.188257
-112.843208	-48.299178	59.003172
-112.705809	-48.486880	58.804972
-112.558410	-48.685563	58.593747
-112.401069	-48.894857	58.369607
-112.233810	-49.114420	58.132705
-112.056665	-49.343896	57.883190
-111.869669	-49.582918	57.621208
-111.672856	-49.831117	57.346916
-111.466278	-50.088103	57.060451
-111.249962	-50.353506	56.761987
-111.023914	-50.626972	56.451718
-110.788136	-50.908151	56.129852
-110.679340	-51.036019	55.982159
-110.559688	-51.174615	55.822190
-110.429397	-51.323416	55.649932
-110.288634	-51.481945	55.465423
-110.137548	-51.649736	55.268728
-109.976248	-51.826363	55.059955
-109.804811	-52.011426	54.839249
-109.623294	-52.204548	54.606776
-109.431750	-52.405351	54.362708
-109.230238	-52.613452	54.107214
-109.018814	-52.828465	53.840470
-108.797520	-53.050025	53.562666
-108.566390	-53.277771	53.274001
-108.325471	-53.511329	52.974668
-108.074794	-53.750337	52.664878
-107.814399	-53.994428	52.344839
-107.544321	-54.243234	52.014768
-107.421132	-54.354724	51.865120
-107.286863	-54.474768	51.704183
-107.141749	-54.602810	51.531990
-106.986027	-54.738295	51.348582
-106.819896	-54.880698	51.154033
-106.643534	-55.029525	50.948441
-106.457113	-55.184282	50.731908
-106.260786	-55.344499	50.504560
-106.054643	-55.509773	50.266578
-105.838785	-55.679691	50.018137
-105.613262	-55.853898	49.759455
-105.378120	-56.032045	49.490759
-105.133410	-56.213777	49.212270
-104.879186	-56.398737	48.924209
-104.615500	-56.586575	48.626800
-104.342387	-56.776964	48.320280
-104.059894	-56.969563	48.004877
-103.768078	-57.164025	47.680815
-103.466947	-57.360057	47.348358
-103.328474	-57.448072	47.196441
-103.179061	-57.542070	47.034220
-103.018928	-57.641528	46.861803
-102.848277	-57.745937	46.679313
-102.667293	-57.854814	46.486887
-102.476154	-57.967685	46.284665
-102.275037	-58.084083	46.072788
-102.064101	-58.203559	45.851410
-101.843512	-58.325660	45.620678
-101.613418	-58.449958	45.380755
-101.373972	-58.576022	45.131800
-101.125304	-58.703448	44.873990
-100.867549	-58.831829	44.607496
-100.600839	-58.960768	44.332493
-100.325283	-59.089898	44.049172
-100.040955	-59.218892	43.757749
-99.747925	-59.347438	43.458442
-99.446254	-59.475234	43.151473
-99.135991	-59.601997	42.837074
-98.817168	-59.727468	42.515490
-98.489805	-59.851401	42.186970
-98.153915	-59.973571	41.851770
-97.809515	-60.093747	41.510140
-97.654582	-60.145543	41.357454
-97.489323	-60.200228	41.195469
-97.313979	-60.257291	41.024319
-97.128779	-60.316237	40.844143
-96.933951	-60.376578	40.655079
-96.729715	-60.437836	40.457267
-96.516234	-60.499603	40.250887
-96.293669	-60.561477	40.036114
-96.062161	-60.623079	39.813137
-95.821851	-60.684040	39.582143
-95.572878	-60.743994	39.343315
-95.315386	-60.802575	39.096829
-95.049521	-60.859423	38.842858
-94.775423	-60.914183	38.581570
-94.493198	-60.966553	38.313155
-94.202934	-61.016253	38.037809
-93.904696	-61.063030	37.755742
-93.598554	-61.106635	37.467159
-93.284568	-61.146831	37.172265
-92.962803	-61.183382	36.871259
-92.633328	-61.216053	36.564334
-92.296223	-61.244600	36.251673
-91.951542	-61.268814	35.933470
-91.599334	-61.288498	35.609921
-91.239646	-61.303457	35.281216
-90.872531	-61.313499	34.947539
-90.706637	-61.315702	34.797625
-90.531705	-61.317382	34.639175
-90.347925	-61.318135	34.472380
-90.155473	-61.317576	34.297432
-89.954515	-61.315336	34.114520
-89.745209	-61.311061	33.923837
-89.527707	-61.304408	33.725573
-89.302127	-61.295076	33.519931
-89.068581	-61.282775	33.307112
-88.827170	-61.267236	33.087321
-88.577969	-61.248221	32.860767
-88.321056	-61.225495	32.627655
-88.056507	-61.198828	32.388187
-87.784393	-61.168001	32.142559
-87.504764	-61.132825	31.890975
-87.217672	-61.093111	31.633634
-86.923169	-61.048674	31.370731
-86.621305	-60.999336	31.102457
-86.312131	-60.944920	30.828999
-85.995699	-60.885253	30.550541
-85.703077	-60.842285	30.279447
-85.434315	-60.815983	30.015631
-85.189468	-60.806306	29.758998
-84.968613	-60.813193	29.509443
-84.771816	-60.836592	29.266857
-84.599166	-60.876425	29.031114
-84.448379	-60.930948	28.801388
-84.315267	-60.997103	28.576351
-84.196464	-61.072414	28.354961
-84.089271	-61.154869	28.136412
-83.991516	-61.242834	27.920078
-83.901458	-61.334984	27.705480
-83.817697	-61.430239	27.492256
-83.739094	-61.527736	27.280142
-83.664734	-61.626777	27.068946
-83.593881	-61.726791	26.858531
-83.525943	-61.827314	26.648803
-83.460447	-61.927962	26.439706
-83.397011	-62.028424	26.231209
-83.335337	-62.128436	26.023298
-83.275183	-62.227784	25.815977
-83.216370	-62.326275	25.609255
-83.158753	-62.423752	25.403151
-83.102217	-62.520086	25.197693
-83.046651	-62.615192	24.992924
-82.991964	-62.709001	24.788889
-82.938082	-62.801457	24.585637
-82.884944	-62.892519	24.383216
-82.832495	-62.982157	24.181677
-82.780685	-63.070355	23.981072
-82.729464	-63.157111	23.781451
-82.678787	-63.242431	23.582869
-82.628610	-63.326326	23.385377
-82.578891	-63.408818	23.189027
-82.529586	-63.489932	22.993871
-82.480656	-63.569698	22.799959
-82.432063	-63.648147	22.607336
-82.383766	-63.725317	22.416047
-82.335745	-63.801230	22.226129
-82.287972	-63.875912	22.037616
-82.240421	-63.949399	21.850543
-82.193058	-64.021728	21.664944
-82.145851	-64.092946	21.480850
-82.098758	-64.163103	21.298296
-82.051738	-64.232257	21.117313
-82.004744	-64.300469	20.937934
-81.957726	-64.367805	20.760193
-81.910632	-64.434337	20.584122
-81.863414	-64.500129	20.409747
-81.816022	-64.565251	20.237097
-81.768410	-64.629767	20.066195
-81.720530	-64.693746	19.897065
-81.672328	-64.757259	19.729730
-81.623753	-64.820381	19.564213
-81.574749	-64.883188	19.400535
-81.525260	-64.945759	19.238715
-81.475226	-65.008174	19.078773
-81.424613	-65.070488	18.920716
-81.373382	-65.132759	18.764553
-81.321513	-65.195022	18.610285
-81.268986	-65.257317	18.457913
-81.215776	-65.319683	18.307436
-81.161856	-65.382166	18.158857
-81.107197	-65.444811	18.012173
-81.051771	-65.507666	17.867387
-80.995546	-65.570778	17.724495
-80.938491	-65.634196	17.583494
-80.880583	-65.697960	17.444379
-80.821796	-65.762113	17.307142
-80.762106	-65.826692	17.171779
-80.701489	-65.891739	17.038280
-80.639923	-65.957290	16.906637
-80.577383	-66.023382	16.776841
-80.513850	-66.090051	16.648883
-80.449301	-66.157330	16.522754
-80.383719	-66.225252	16.398441
-80.317083	-66.293847	16.275935
-80.249378	-66.363143	16.155223
-80.180587	-66.433168	16.036292
-80.110696	-66.503944	15.919128
-80.039718	-66.575467	15.803710
-79.967664	-66.647729	15.690017
-79.894549	-66.720723	15.578023
-79.820386	-66.794441	15.467707
-79.745189	-66.868873	15.359045
-79.668975	-66.944006	15.252013
-79.591761	-67.019828	15.146588
-79.513567	-67.096320	15.042744
-79.434430	-67.173449	14.940452
-79.354387	-67.251178	14.839682
-79.273475	-67.329470	14.740404
-79.191733	-67.408287	14.642589
-79.109199	-67.487591	14.546209
-79.025911	-67.567344	14.451235
-78.941907	-67.647507	14.357641
-78.857225	-67.728045	14.265400
-78.771901	-67.808919	14.174486
-78.685979	-67.890087	14.084871
-78.599499	-67.971506	13.996530
-78.512502	-68.053138	13.909435
-78.425025	-68.134943	13.823562
-78.337106	-68.216887	13.738887
-78.248778	-68.298933	13.655387
-78.160076	-68.381050	13.573040
-78.071030	-68.463208	13.491825
-77.981673	-68.545375	13.411721
-77.892033	-68.627524	13.332708
-77.802138	-68.709629	13.254766
-77.712014	-68.791665	13.177875
-77.621710	-68.873585	13.102012
-77.531267	-68.955347	13.027154
-77.440727	-69.036911	12.953278
-77.350128	-69.118240	12.880362
-77.259506	-69.199301	12.808387
-77.168894	-69.280061	12.737332
-77.078323	-69.360494	12.667179
-76.987823	-69.440571	12.597910
-76.897421	-69.520267	12.529510
-76.807144	-69.599561	12.461962
-76.717016	-69.678431	12.395250
-76.627060	-69.756857	12.329361
-76.537297	-69.834822	12.264279
-76.447748	-69.912308	12.199992
-76.358433	-69.989300	12.136486
-76.269369	-70.065785	12.073750
-76.180575	-70.141748	12.011770
-76.092065	-70.217179	11.950536
-76.003856	-70.292066	11.890036
-75.915963	-70.366399	11.830258
-75.828399	-70.440168	11.771194
-75.741178	-70.513364	11.712831
-75.654313	-70.585978	11.655160
-75.567819	-70.658002	11.598170
-75.481707	-70.729427	11.541852
-75.395992	-70.800245	11.486196
-75.310685	-70.870448	11.431191
-75.225801	-70.940027	11.376829
-75.141351	-71.008974	11.323100
-75.057350	-71.077281	11.269994
-74.973810	-71.144938	11.217501
-74.890745	-71.211939	11.165613
-74.808170	-71.278272	11.114319
-74.726098	-71.343929	11.063610
-74.644543	-71.408901	11.013478
-74.563520	-71.473178	10.963911
-74.483044	-71.536750	10.914902
-74.403130	-71.599608	10.866441
-74.323792	-71.661740	10.818518
-74.245046	-71.723137	10.771126
-74.166906	-71.783789	10.724254
-74.089388	-71.843686	10.677894
-74.012506	-71.902819	10.632038
-73.936275	-71.961178	10.586675
-73.860708	-72.018755	10.541799
-73.785820	-72.075539	10.497399
-73.711623	-72.131524	10.453469
-73.638130	-72.186702	10.409999
-73.565355	-72.241065	10.366982
-73.493307	-72.294607	10.324410
-73.421999	-72.347322	10.282274
-73.351441	-72.399205	10.240568
-73.281642	-72.450250	10.199284
-73.212612	-72.500455	10.158415
-73.144357	-72.549816	10.117953
-73.076887	-72.598330	10.077892
-73.010206	-72.645997	10.038225
-72.944322	-72.692815	9.998945
-72.879239	-72.738783	9.960046
-72.814959	-72.783904	9.921521
-72.751488	-72.828179	9.883365
-72.688825	-72.871611	9.845571
-72.626974	-72.914202	9.808133
-72.565933	-72.955957	9.771046
-72.505702	-72.996881	9.734305
-72.446280	-73.036980	9.697902
-72.387666	-73.076258	9.661835
-72.329856	-73.114724	9.626097
-72.272848	-73.152383	9.590683
-72.216637	-73.189243	9.555588
-72.161221	-73.225312	9.520809
-72.106595	-73.260598	9.486340
-72.052754	-73.295109	9.452165
-71.999694	-73.328857	9.418265
-71.947409	-73.361852	9.384618
-71.895893	-73.394104	9.351208
-71.845140	-73.425625	9.318018
-71.795145	-73.456424	9.285034
-71.745899	-73.486513	9.252241
-71.697397	-73.515903	9.219627
-71.649629	-73.544604	9.187182
-71.602587	-73.572629	9.154895
-71.556265	-73.599988	9.122756
-71.510652	-73.626694	9.090759
-71.465739	-73.652757	9.058895
-71.421517	-73.678190	9.027158
-71.377976	-73.703004	8.995543
-71.335106	-73.727213	8.964044
-71.292897	-73.750827	8.932657
-71.251337	-73.773860	8.901378
-71.210416	-73.796323	8.870203
-71.170124	-73.818228	8.839130
-71.130450	-73.839588	8.808158
-71.091383	-73.860413	8.777284
-71.052911	-73.880716	8.746507
-71.015025	-73.900509	8.715827
-70.977713	-73.919804	8.685243
-70.940964	-73.938611	8.654754
-70.904766	-73.956944	8.624362
-70.869109	-73.974813	8.594065
-70.833980	-73.992229	8.563865
-70.799370	-74.009206	8.533763
-70.765267	-74.025752	8.503759
-70.731660	-74.041880	8.473856
-70.698538	-74.057601	8.444056
-70.665891	-74.072924	8.414358
-70.633708	-74.087861	8.384767
-70.601978	-74.102422	8.355283
-70.570692	-74.116616	8.325908
-70.539838	-74.130455	8.296646
-70.509406	-74.143948	8.267497
-70.479387	-74.157105	8.238465
-70.449771	-74.169934	8.209552
-70.420548	-74.182447	8.180760
-70.391708	-74.194651	8.152091
-70.363242	-74.206556	8.123547
-70.335140	-74.218170	8.095132
-70.307395	-74.229502	8.066847
-70.279996	-74.240561	8.038694
-70.252936	-74.251355	8.010676
-70.226205	-74.261891	7.982794
-70.199795	-74.272179	7.955052
-70.173699	-74.282224	7.927450
-70.147908	-74.292035	7.899991
-70.122414	-74.301619	7.872677
-70.097211	-74.310983	7.845509
-70.072290	-74.320133	7.818489
-70.047645	-74.329077	7.791619
-70.023268	-74.337822	7.764900
-69.999154	-74.346372	7.738334
-69.975294	-74.354735	7.711922
-69.951683	-74.362916	7.685665
-69.928315	-74.370921	7.659565
-69.905183	-74.378756	7.633623
-69.882282	-74.386427	7.607839
-69.859606	-74.393937	7.582215
-69.837149	-74.401294	7.556752
-69.814907	-74.408500	7.531449
-69.792873	-74.415562	7.506309
-69.771043	-74.422484	7.481330
-69.749412	-74.429271	7.456515
-69.727976	-74.435925	7.431863
-69.706730	-74.442453	7.407375
-69.685669	-74.448857	7.383050
-69.664790	-74.455141	7.358889
-69.644089	-74.461309	7.334893
-69.623561	-74.467366	7.311061
-69.603203	-74.473313	7.287392
-69.583012	-74.479154	7.263888
-69.562983	-74.484894	7.240547
-69.543114	-74.490533	7.217370
-69.523401	-74.496077	7.194356
-69.503841	-74.501526	7.171505
-69.484432	-74.506885	7.148816
-69.465170	-74.512155	7.126289
-69.446053	-74.517340	7.103923
-69.427078	-74.522440	7.081718
-69.408242	-74.527460	7.059673
-69.389543	-74.532401	7.037787
-69.370979	-74.537265	7.016060
-69.352548	-74.542054	6.994491
-69.334247	-74.546770	6.973079
-69.316075	-74.551415	6.951824
-69.298028	-74.555991	6.930723
-69.280106	-74.560500	6.909777
-69.262307	-74.564942	6.888984
-69.244629	-74.569320	6.868344
-69.227070	-74.573636	6.847856
-69.209628	-74.577889	6.827518
-69.192303	-74.582083	6.807329
-69.175093	-74.586218	6.787289
-69.157995	-74.590295	6.767395
-69.141010	-74.594317	6.747648
-69.124135	-74.598282	6.728046
-69.107369	-74.602194	6.708588
-69.090712	-74.606053	6.689273
-69.074161	-74.609860	6.670099
-69.057717	-74.613616	6.651065
-69.041377	-74.617321	6.632171
-69.025141	-74.620978	6.613414
-69.009008	-74.624586	6.594794
-68.992977	-74.628146	6.576309
-68.977047	-74.631659	6.557959
-68.961217	-74.635126	6.539741
-68.945487	-74.638548	6.521656
-68.929854	-74.641926	6.503700
-68.914320	-74.645259	6.485874
-68.898882	-74.648549	6.468176
-68.883541	-74.651796	6.450605
-68.868295	-74.655001	6.433159
-68.853144	-74.658164	6.415838
-68.838087	-74.661286	6.398639
-68.823123	-74.664368	6.381563
-68.808252	-74.667409	6.364607
-68.793473	-74.670412	6.347770
-68.778786	-74.673375	6.331051
-68.764189	-74.676300	6.314449
-68.749683	-74.679186	6.297963
-68.735267	-74.682035	6.281592
-68.720940	-74.684847	6.265333
-68.706701	-74.687622	6.249187
-68.692551	-74.690360	6.233152
-68.678488	-74.693063	6.217226
-68.664512	-74.695730	6.201410
-68.650623	-74.698362	6.185700
-68.636820	-74.700958	6.170097
-68.623102	-74.703521	6.154600
-68.609471	-74.706048	6.139207
-68.595924	-74.708541	6.123917
-68.582463	-74.711000	6.108729
-68.569086	-74.713424	6.093643
-68.555794	-74.715815	6.078657
-68.542587	-74.718171	6.063770
-68.529464	-74.720493	6.048982
-68.516425	-74.722781	6.034291
-68.503470	-74.725035	6.019697
-68.490598	-74.727255	6.005199
-68.477811	-74.729441	5.990795
-68.465107	-74.731592	5.976486
-68.452487	-74.733710	5.962270
-68.439950	-74.735794	5.948146
-68.427496	-74.737844	5.934114
-68.415125	-74.739859	5.920172
-68.402837	-74.741841	5.906320
-68.390631	-74.743790	5.892558
-68.378508	-74.745704	5.878884
-68.366467	-74.747585	5.865297
-68.354508	-74.749432	5.851797
-68.342630	-74.751245	5.838383
-68.330834	-74.753026	5.825055
-68.319119	-74.754773	5.811811
-68.307484	-74.756487	5.798650
-68.295930	-74.758169	5.785573
-68.284456	-74.759817	5.772579
-68.273062	-74.761434	5.759665
-68.261747	-74.763018	5.746833
-68.250511	-74.764570	5.734082
-68.239354	-74.766090	5.721410
-68.228274	-74.767579	5.708817
-68.217272	-74.769037	5.696302
-68.206347	-74.770464	5.683865
-68.195498	-74.771861	5.671505
-68.184724	-74.773229	5.659221
-68.174025	-74.774567	5.647013
-68.163400	-74.775877	5.634881
-68.152848	-74.777159	5.622822
-68.142370	-74.778413	5.610838
-68.131963	-74.779639	5.598928
-68.121628	-74.780839	5.587090
-68.111364	-74.782013	5.575325
-68.101170	-74.783160	5.563632
-68.091046	-74.784282	5.552010
-68.080990	-74.785379	5.540459
-68.071003	-74.786451	5.528979
-68.061084	-74.787499	5.517569
-68.051232	-74.788523	5.506229
-68.041447	-74.789523	5.494960
-68.031727	-74.790500	5.483760
-68.022073	-74.791455	5.472630
-68.012484	-74.792387	5.461570
-68.002958	-74.793297	5.450579
-67.993497	-74.794185	5.439658
-67.984099	-74.795052	5.428807
-67.974763	-74.795897	5.418025
-67.965490	-74.796721	5.407314
-67.956279	-74.797525	5.396671
-67.947129	-74.798307	5.386098
-67.938041	-74.799069	5.375595
-67.929015	-74.799810	5.365162
-67.920049	-74.800531	5.354797
-67.911143	-74.801231	5.344502
-67.902298	-74.801911	5.334275
-67.893513	-74.802571	5.324117
-67.884788	-74.803210	5.314027
-67.876123	-74.803829	5.304005
-67.867517	-74.804428	5.294051
-67.858970	-74.805007	5.284163
-67.850483	-74.805566	5.274341
-67.842054	-74.806105	5.264585
-67.833684	-74.806624	5.254895
-67.825372	-74.807123	5.245270
-67.817119	-74.807603	5.235709
-67.808923	-74.808063	5.226212
-67.800785	-74.808503	5.216778
-67.792704	-74.808924	5.207407
-67.784681	-74.809325	5.198097
-67.776715	-74.809708	5.188850
-67.768805	-74.810071	5.179663
-67.760952	-74.810415	5.170537
-67.753155	-74.810741	5.161472
-67.745414	-74.811047	5.152465
-67.737728	-74.811336	5.143518
-67.730097	-74.811606	5.134630
-67.722520	-74.811858	5.125800
-67.714998	-74.812093	5.117028
-67.707529	-74.812311	5.108314
-67.700113	-74.812511	5.099657
-67.692749	-74.812695	5.091058
-67.685437	-74.812864	5.082515
-67.678176	-74.813016	5.074030
-67.670966	-74.813153	5.065601
-67.663805	-74.813276	5.057229
-67.656694	-74.813384	5.048913
-67.649631	-74.813478	5.040654
-67.642617	-74.813558	5.032451
-67.635650	-74.813625	5.024305
-67.628730	-74.813679	5.016214
-67.621856	-74.813721	5.008180
-67.615028	-74.813751	5.000202
-67.608246	-74.813768	4.992279
-67.601509	-74.813774	4.984413
-67.594816	-74.813768	4.976602
-67.588168	-74.813751	4.968846
-67.581563	-74.813723	4.961146
-67.575002	-74.813684	4.953500
-67.568485	-74.813635	4.945909
-67.562010	-74.813574	4.938372
-67.555578	-74.813504	4.930888
-67.549188	-74.813423	4.923458
-67.542840	-74.813332	4.916080
-67.536534	-74.813230	4.908755
-67.530270	-74.813119	4.901482
-67.524048	-74.812998	4.894260
-67.517866	-74.812867	4.887090
-67.511726	-74.812726	4.879971
-67.505626	-74.812575	4.872902
-67.499567	-74.812415	4.865884
-67.493548	-74.812246	4.858916
-67.487568	-74.812067	4.851998
-67.481629	-74.811880	4.845129
-67.475728	-74.811683	4.838311
-67.469866	-74.811479	4.831541
-67.464041	-74.811266	4.824821
-67.458254	-74.811046	4.818150
-67.452504	-74.810818	4.811527
-67.446790	-74.810584	4.804952
-67.441111	-74.810344	4.798424
-67.435468	-74.810098	4.791943
-67.429859	-74.809846	4.785508
-67.424283	-74.809590	4.779117
-67.418741	-74.809329	4.772772
-67.413231	-74.809064	4.766469
-67.407753	-74.808796	4.760210
-67.402306	-74.808525	4.753992
-67.396890	-74.808252	4.747816
-67.391504	-74.807976	4.741680
-67.386147	-74.807699	4.735583
-67.380818	-74.807422	4.729525
-67.375518	-74.807143	4.723505
-67.370245	-74.806865	4.717521
-67.364998	-74.806588	4.711574
-67.359778	-74.806311	4.705663
-67.354583	-74.806037	4.699786
-67.349413	-74.805764	4.693943
-67.344267	-74.805494	4.688133
-67.339145	-74.805226	4.682356
-67.334046	-74.804962	4.676611
-67.328970	-74.804701	4.670897
-67.323916	-74.804444	4.665214
-67.318885	-74.804191	4.659561
-67.313875	-74.803942	4.653937
-67.308886	-74.803698	4.648342
-67.303919	-74.803458	4.642775
-67.298973	-74.803223	4.637235
-67.294047	-74.802993	4.631722
-67.289143	-74.802767	4.626235
-67.284259	-74.802545	4.620774
-67.279396	-74.802328	4.615339
-67.274554	-74.802116	4.609928
-67.269732	-74.801908	4.604542
-67.264930	-74.801705	4.599179
-67.260149	-74.801506	4.593840
-67.255389	-74.801311	4.588524
-67.250649	-74.801121	4.583231
-67.245930	-74.800934	4.577960
-67.241232	-74.800751	4.572710
-67.236555	-74.800571	4.567482
-67.231899	-74.800394	4.562274
-67.227264	-74.800221	4.557087
-67.222650	-74.800051	4.551920
-67.218057	-74.799884	4.546773
-67.213485	-74.799720	4.541647
-67.208934	-74.799558	4.536540
-67.204405	-74.799399	4.531454
-67.199896	-74.799242	4.526388
-67.195409	-74.799088	4.521343
-67.190942	-74.798936	4.516318
-67.186497	-74.798787	4.511314
-67.182073	-74.798639	4.506330
-67.177670	-74.798493	4.501367
-67.173289	-74.798348	4.496425
-67.168928	-74.798206	4.491504
-67.164589	-74.798064	4.486605
-67.160272	-74.797924	4.481726
-67.155976	-74.797784	4.476870
-67.151702	-74.797645	4.472035
-67.147450	-74.797506	4.467221
-67.143220	-74.797368	4.462429
-67.139011	-74.797230	4.457658
-67.134825	-74.797092	4.452909
-67.130660	-74.796954	4.448180
-67.126518	-74.796816	4.443473
-67.122397	-74.796677	4.438786
-67.118298	-74.796539	4.434120
-67.114220	-74.796400	4.429475
-67.110165	-74.796261	4.424850
-67.106131	-74.796122	4.420244
-67.102119	-74.795982	4.415659
-67.098129	-74.795841	4.411093
-67.094161	-74.795699	4.406546
-67.090214	-74.795557	4.402018
-67.086290	-74.795414	4.397510
-67.082386	-74.795270	4.393020
-67.078505	-74.795126	4.388549
-67.074644	-74.794980	4.384096
-67.070806	-74.794834	4.379661
