7.939313	222.628354	274.948670
7.945683	222.493880	274.939141
7.951828	222.353116	274.921839
7.957748	222.206066	274.896765
7.963444	222.052731	274.863915
7.968914	221.893113	274.823289
7.974158	221.727215	274.774884
7.979177	221.555038	274.718699
7.983970	221.376586	274.654732
7.988536	221.191859	274.582981
7.992876	221.000861	274.503444
7.996989	220.803594	274.416120
8.000875	220.600059	274.321008
8.004534	220.390259	274.218104
8.007966	220.174196	274.107408
8.011169	219.951872	273.988917
8.014145	219.723290	273.862630
8.016893	219.488452	273.728546
8.019412	219.247359	273.586662
8.021703	219.000015	273.436976
8.023764	218.746420	273.279488
8.025597	218.486579	273.114194
8.027200	218.220492	272.941094
8.028573	217.948162	272.760185
8.029716	217.669592	272.571466
8.030630	217.384783	272.374935
8.031313	217.093737	272.170590
8.031765	216.796458	271.958429
8.031987	216.492947	271.738452
8.031977	216.183206	271.510654
8.031736	215.867238	271.275036
8.031263	215.545045	271.031596
8.030559	215.216630	270.780330
8.029622	214.881994	270.521238
8.028453	214.541140	270.254318
8.027052	214.194069	269.979568
8.025417	213.840786	269.696986
8.023550	213.481291	269.406571
8.021449	213.115587	269.108320
8.019114	212.743677	268.802232
8.016546	212.365562	268.488304
8.015296	212.194116	268.344761
8.013811	212.016469	268.193376
8.012093	211.832622	268.034149
8.010139	211.642576	267.867078
8.007952	211.446332	267.692163
8.005529	211.243892	267.509402
8.002872	211.035256	267.318796
7.999980	210.820425	267.120343
7.996853	210.599401	266.914043
7.993490	210.372184	266.699894
7.989893	210.138776	266.477895
7.986060	209.899177	266.248047
7.981991	209.653389	266.010348
7.977687	209.401413	265.764797
7.973147	209.143250	265.511394
7.968372	208.878900	265.250137
7.963360	208.608365	264.981026
7.958112	208.331647	264.704059
7.952629	208.048745	264.419237
7.946908	207.759662	264.126558
7.940952	207.464398	263.826022
7.934759	207.162954	263.517627
7.928329	206.855332	263.201372
7.921663	206.541532	262.877258
7.914759	206.221556	262.545282
7.907619	205.895404	262.205444
7.900241	205.563078	261.857744
7.892626	205.224580	261.502180
7.889121	205.070727	261.339954
7.885379	204.910703	261.169864
7.881399	204.744508	260.991908
7.877182	204.572142	260.806087
7.872727	204.393607	260.612400
7.868034	204.208902	260.410846
7.863104	204.018028	260.201425
7.857936	203.820985	259.984138
7.852530	203.617775	259.758982
7.846886	203.408397	259.525959
7.841005	203.192852	259.285067
7.834885	202.971140	259.036306
7.828527	202.743263	258.779677
7.821932	202.509220	258.515177
7.815098	202.269012	258.242808
7.808026	202.022639	257.962568
7.800716	201.770103	257.674458
7.793167	201.511403	257.378476
7.785381	201.246540	257.074623
7.777355	200.975515	256.762898
7.769092	200.698328	256.443301
7.760590	200.414979	256.115831
7.751849	200.125470	255.780487
7.742869	199.829800	255.437270
7.733651	199.527971	255.086179
7.724195	199.219982	254.727214
7.714499	198.905834	254.360374
7.704565	198.585528	253.985659
7.700043	198.440414	253.815596
7.695282	198.289142	253.637657
7.690282	198.131713	253.451843
7.685043	197.968127	253.258152
7.679565	197.798384	253.056585
7.673848	197.622484	252.847141
7.667892	197.440428	252.629821
7.661697	197.252217	252.404623
7.655263	197.057849	252.171549
7.648589	196.857325	251.930597
7.641677	196.650647	251.681768
7.634525	196.437813	251.425062
7.627134	196.218824	251.160477
7.619504	195.993680	250.888015
7.611635	195.762382	250.607674
7.603526	195.524930	250.319455
7.595178	195.281324	250.023358
7.586591	195.031564	249.719382
7.577764	194.775651	249.407526
7.568698	194.513584	249.087792
7.559392	194.245365	248.760178
7.549847	193.970992	248.424685
7.540063	193.690468	248.081313
7.530039	193.403791	247.730060
7.519775	193.110962	247.370927
7.509272	192.811981	247.003914
7.498530	192.506849	246.629021
7.487548	192.195565	246.246247
7.482564	192.054588	246.072751
7.477341	191.907460	245.891375
7.471878	191.754181	245.702118
7.466175	191.594752	245.504979
7.460232	191.429172	245.299960
7.454050	191.257442	245.087059
7.447628	191.079561	244.866277
7.440967	190.895530	244.637613
7.434066	190.705349	244.401068
7.426925	190.509017	244.156641
7.419544	190.306536	243.904333
7.411924	190.097906	243.644142
7.404063	189.883125	243.376070
7.395963	189.662195	243.100116
7.387623	189.435116	242.816280
7.379044	189.201887	242.524562
7.370224	188.962509	242.224961
7.361165	188.716982	241.917478
7.351866	188.465306	241.602113
7.342327	188.207481	241.278865
7.332548	187.943507	240.947734
7.322529	187.673385	240.608721
7.312270	187.397114	240.261825
7.301772	187.114694	239.907047
7.291033	186.826127	239.544385
7.280055	186.531411	239.173840
7.268836	186.230547	238.795412
7.257378	185.923536	238.409101
7.252183	185.784483	238.234066
7.246749	185.639282	238.051147
7.241074	185.487933	237.860345
7.235160	185.330437	237.661660
7.229006	185.166794	237.455091
7.222611	184.997002	237.240639
7.215977	184.821064	237.018303
7.209102	184.638977	236.788084
7.201988	184.450744	236.549980
7.194633	184.256363	236.303994
7.187074	184.055803	236.050147
7.179354	183.849025	235.788469
7.171531	183.635989	235.518989
7.163659	183.416654	235.241739
7.155789	183.190976	234.956749
7.147976	182.958913	234.664053
7.140276	182.720419	234.363683
7.132746	182.475448	234.055674
7.125446	182.223952	233.740061
7.118436	181.965884	233.416879
7.111778	181.701194	233.086166
7.105535	181.429830	232.747960
7.099772	181.151741	232.402298
7.094556	180.866872	232.049221
7.089954	180.575171	231.688769
7.086036	180.276581	231.320983
7.082872	179.971044	230.945905
7.080534	179.658504	230.563579
7.079897	179.516671	230.390712
7.080193	179.367747	230.210660
7.081457	179.211706	230.023444
7.083726	179.048517	229.829084
7.087038	178.878151	229.627604
7.091431	178.700576	229.419026
7.096946	178.515760	229.203375
7.103626	178.323668	228.980675
7.111513	178.124265	228.750953
7.120653	177.917515	228.514235
7.131093	177.703381	228.270548
7.142880	177.481824	228.019921
7.156063	177.252804	227.762382
7.170693	177.016281	227.497963
7.186823	176.772212	227.226693
7.204505	176.520553	226.948605
7.223796	176.261261	226.663730
7.244733	175.994290	226.372102
7.267355	175.719593	226.073757
7.291702	175.437123	225.768728
7.317814	175.146831	225.457052
7.345632	174.848667	225.138769
7.375192	174.542582	224.813915
7.406527	174.228522	224.482529
7.439961	173.906431	224.144646
7.475564	173.576251	223.800304
7.513403	173.237928	223.449544
7.553551	172.891404	223.092407
7.572207	172.735759	222.932951
7.593276	172.571827	222.767178
7.616791	172.399582	222.595107
7.642786	172.218994	222.416760
7.671298	172.030034	222.232157
7.702365	171.832670	222.041320
7.736026	171.626872	221.844271
7.772322	171.412605	221.641035
7.811295	171.189834	221.431633
7.852988	170.958525	221.216093
7.897445	170.718640	220.994438
7.944714	170.470142	220.766696
7.994842	170.212990	220.532893
8.047876	169.947146	220.293057
8.103869	169.672566	220.047216
8.162871	169.389209	219.795400
8.224936	169.097030	219.537638
8.290117	168.795984	219.273961
8.358471	168.486025	219.004399
8.430055	168.167106	218.728986
8.504927	167.839177	218.447752
8.583147	167.502189	218.160733
8.664776	167.156090	217.867960
8.749876	166.800828	217.569469
8.838512	166.436350	217.265294
8.930748	166.062601	216.955472
8.973178	165.893119	216.815917
9.019305	165.714285	216.670766
9.069160	165.526071	216.520038
9.122777	165.328451	216.363748
9.180188	165.121395	216.201917
9.241430	164.904874	216.034561
9.306539	164.678856	215.861702
9.375553	164.443309	215.683360
9.448511	164.198198	215.499554
9.525455	163.943490	215.310307
9.606426	163.679148	215.115640
9.691467	163.405136	214.915577
9.780623	163.121413	214.710140
9.873941	162.827942	214.499353
9.971467	162.524681	214.283241
10.073249	162.211588	214.061828
10.179338	161.888620	213.835140
10.289785	161.555732	213.603203
10.404642	161.212879	213.366044
10.523963	160.860013	213.123688
10.647803	160.497087	212.876165
10.776218	160.124051	212.623501
10.909265	159.740854	212.365726
11.047004	159.347446	212.102867
11.110095	159.168707	211.984242
11.177965	158.979679	211.860575
11.250642	158.780336	211.731882
11.328156	158.570652	211.598176
11.410537	158.350599	211.459473
11.497818	158.120148	211.315786
11.590032	157.879268	211.167133
11.687215	157.627929	211.013529
11.789402	157.366099	210.854992
11.896630	157.093742	210.691537
12.008939	156.810824	210.523184
12.126368	156.517310	210.349949
12.248957	156.213161	210.171852
12.376750	155.898339	209.988911
12.509791	155.572803	209.801146
12.648123	155.236513	209.608577
12.791792	154.889427	209.411224
12.940847	154.531499	209.209106
13.095336	154.162686	209.002245
13.255307	153.782942	208.790662
13.420813	153.392218	208.574379
13.591904	152.990467	208.353416
13.670538	152.806784	208.253030
13.754836	152.612001	208.147997
13.844822	152.406093	208.038326
13.940524	152.189035	207.924030
14.041970	151.960800	207.805118
14.149188	151.721361	207.681603
14.262209	151.470689	207.553496
14.381065	151.208753	207.420809
14.505788	150.935522	207.283555
14.636412	150.650963	207.141747
14.772973	150.355043	206.995397
14.915507	150.047725	206.844519
15.064050	149.728973	206.689127
15.218643	149.398750	206.529235
15.379325	149.057017	206.364856
15.546137	148.703732	206.196005
15.719121	148.338855	206.022697
15.898321	147.962343	205.844946
16.083781	147.574151	205.662768
16.275546	147.174233	205.476177
16.473664	146.762545	205.285189
16.563462	146.576594	205.199407
16.659682	146.378801	205.109249
16.762347	146.169144	205.014724
16.871480	145.947599	204.915837
16.987106	145.714139	204.812596
17.109252	145.468738	204.705009
17.237945	145.211369	204.593085
17.373213	144.942001	204.476830
17.515087	144.660605	204.356254
17.663597	144.367148	204.231364
17.818774	144.061597	204.102170
17.980653	143.743919	203.968681
18.149267	143.414076	203.830904
18.324652	143.072032	203.688850
18.506844	142.717750	203.542526
18.695880	142.351188	203.391943
18.891800	141.972307	203.237108
19.094642	141.581063	203.078032
19.304449	141.177415	202.914724
19.521261	140.761316	202.747192
19.618812	140.574548	202.672350
19.723431	140.375262	202.593297
19.835138	140.163438	202.510038
19.953954	139.939051	202.422576
20.079902	139.702078	202.330916
20.213006	139.452492	202.235062
20.353289	139.190266	202.135017
20.500779	138.915372	202.030788
20.655502	138.627779	201.922377
20.817486	138.327457	201.809790
20.986760	138.014374	201.693031
21.163355	137.688496	201.572104
21.347301	137.349787	201.447013
21.538631	136.998211	201.317763
21.737379	136.633731	201.184359
21.943579	136.256307	201.046803
22.157265	135.865900	200.905099
22.378475	135.462468	200.759253
22.607247	135.045967	200.609266
22.710076	134.859070	200.542217
22.820523	134.659040	200.471033
22.938604	134.445858	200.395715
23.064339	134.219499	200.316264
23.197749	133.979940	200.232681
23.338854	133.727156	200.144969
23.487679	133.461121	200.053127
23.644245	133.181807	199.957156
23.808578	132.889184	199.857059
23.980703	132.583223	199.752834
24.160648	132.263891	199.644484
24.348438	131.931155	199.532007
24.544105	131.584981	199.415404
24.747676	131.225332	199.294676
24.959183	130.852173	199.169821
25.178657	130.465464	199.040839
25.406131	130.065166	198.907729
25.641638	129.651237	198.770490
25.748013	129.464494	198.708751
25.862470	129.264060	198.642880
25.985028	129.049912	198.572876
26.115703	128.822030	198.498737
26.254514	128.580391	198.420463
26.401480	128.324969	198.338052
26.556623	128.055739	198.251502
26.719964	127.772674	198.160810
26.891524	127.475745	198.065974
27.071329	127.164922	197.966992
27.259402	126.840174	197.863860
27.455769	126.501469	197.756576
27.660456	126.148771	197.645134
27.873492	125.782047	197.529532
28.094903	125.401258	197.409764
28.324719	125.006368	197.285826
28.562971	124.597337	197.157711
28.671692	124.410840	197.099412
28.788893	124.210143	197.036929
28.914590	123.995226	196.970257
29.048799	123.766067	196.899393
29.191536	123.522644	196.824335
29.342819	123.264933	196.745076
29.502668	122.992909	196.661614
29.671102	122.706544	196.573942
29.848143	122.405810	196.482056
30.033812	122.090679	196.385950
30.228131	121.761119	196.285617
30.431124	121.417098	196.181050
30.642817	121.058583	196.072243
30.863233	120.685539	195.959186
31.092400	120.297928	195.841873
31.330344	119.895715	195.720294
31.440585	119.709475	195.664065
31.559645	119.508576	195.603556
31.687536	119.292996	195.538761
31.824275	119.062717	195.469675
31.969876	118.817714	195.396293
32.124356	118.557966	195.318606
32.287732	118.283447	195.236610
32.460024	117.994131	195.150295
32.641251	117.689990	195.059655
32.831432	117.370994	194.964679
33.030589	117.037115	194.865360
33.238743	116.688319	194.761686
33.455918	116.324575	194.653648
33.682137	115.945846	194.541234
33.917425	115.552098	194.424432
34.161806	115.143293	194.303230
34.273030	114.957305	194.248115
34.393386	114.756204	194.188580
34.522887	114.539972	194.124618
34.661545	114.308587	194.056220
34.809375	114.062029	193.983380
34.966392	113.800274	193.906089
35.132614	113.523298	193.824336
35.308056	113.231075	193.738113
35.492737	112.923577	193.647408
35.686675	112.600776	193.552209
35.889890	112.262643	193.452505
36.102402	111.909145	193.348283
36.324233	111.540250	193.239528
36.555404	111.155925	193.126226
36.795938	110.756132	193.008361
37.045859	110.340837	192.885917
37.157662	110.155094	192.831148
37.278886	109.953793	192.771773
37.409543	109.736916	192.707786
37.549646	109.504442	192.639176
37.699207	109.256350	192.565934
37.858241	108.992618	192.488048
38.026762	108.713222	192.405506
38.204787	108.418136	192.318297
38.392332	108.107333	192.226406
38.589413	107.780786	192.129820
38.796050	107.438466	192.028523
39.012261	107.080340	191.922498
39.238065	106.706377	191.811730
39.473483	106.316543	191.696199
39.718536	105.910804	191.575887
39.830591	105.725294	191.520845
39.952312	105.523825	191.460993
40.083709	105.306380	191.396319
40.224795	105.072939	191.326812
40.375582	104.823482	191.252461
40.536081	104.557986	191.173253
40.706309	104.276429	191.089173
40.886278	103.978784	191.000208
41.076004	103.665026	190.906340
41.275503	103.335128	190.807553
41.484792	102.989060	190.703829
41.703889	102.626792	190.595149
41.932811	102.248291	190.481494
42.171576	101.853526	190.362840
42.420206	101.442462	190.239167
42.532271	101.257184	190.183368
42.654229	101.055555	190.122515
42.786089	100.837558	190.056596
42.927862	100.603174	189.985597
43.079559	100.352382	189.909506
43.241191	100.085161	189.828306
43.412772	99.801488	189.741983
43.594315	99.501338	189.650518
43.785834	99.184686	189.553894
43.987344	98.851505	189.452091
44.198860	98.501766	189.345089
44.420398	98.135440	189.232865
44.651974	97.752494	189.115395
44.893607	97.352898	188.992657
45.005496	97.167853	188.935744
45.127467	96.966107	188.873523
45.259528	96.747644	188.805982
45.401691	96.512445	188.733106
45.553964	96.260490	188.654879
45.716360	95.991759	188.571285
45.888889	95.706229	188.482306
46.071564	95.403876	188.387923
46.264398	95.084675	188.288115
46.467405	94.748599	188.182859
46.680598	94.395620	188.072134
46.903993	94.025709	187.955914
47.137605	93.638837	187.834173
47.381450	93.234970	187.706884
47.493013	93.050171	187.648548
47.614832	92.848330	187.584621
47.746917	92.629430	187.515089
47.889275	92.393454	187.439936
48.041917	92.140382	187.359145
48.204851	91.870194	187.272697
48.378090	91.582867	187.180572
48.561643	91.278379	187.082750
48.755524	90.956705	186.979206
48.959744	90.617818	186.869917
49.174317	90.261692	186.754857
49.399255	89.888298	186.633999
49.634574	89.497607	186.507314
49.880288	89.089587	186.374771
49.991391	88.905061	186.314721
50.112911	88.703159	186.248766
50.244855	88.483866	186.176891
50.387231	88.247164	186.099079
50.540046	87.993034	186.015311
50.703312	87.721457	185.925565
50.877036	87.432412	185.829821
51.061230	87.125875	185.728054
51.255903	86.801822	185.620240
51.461069	86.460230	185.506351
51.676737	86.101070	185.386361
51.902921	85.724316	185.260238
52.139634	85.329937	185.127951
52.250191	85.145701	185.066029
52.371295	84.943798	184.997894
52.502954	84.724210	184.923529
52.645174	84.486923	184.842915
52.797964	84.231917	184.756031
52.961331	83.959174	184.662855
53.135284	83.668672	184.563364
53.319833	83.360389	184.457532
53.514987	83.034304	184.345332
53.720758	82.690390	184.226736
53.937154	82.328622	184.101712
54.164189	81.948973	183.970228
54.401873	81.551415	183.832251
54.511799	81.367500	183.768286
54.632393	81.165634	183.697774
54.763659	80.945800	183.620697
54.905604	80.707983	183.537035
55.058235	80.452166	183.446764
55.221560	80.178330	183.349862
55.395586	79.886454	183.246304
55.580322	79.576518	183.136061
55.775777	79.248498	183.019105
55.981959	78.902372	182.895405
56.198879	78.538114	182.764928
56.426547	78.155698	182.627638
56.664972	77.755097	182.483499
56.774186	77.571544	182.417310
56.894172	77.369766	182.344214
57.024937	77.149746	182.264193
57.166487	76.911470	182.177225
57.318827	76.654920	182.083286
57.481964	76.380080	181.982351
57.655906	76.086928	181.874393
57.840659	75.775446	181.759383
58.036232	75.445611	181.637289
58.242632	75.097400	181.508077
58.459869	74.730790	181.371714
58.687951	74.345754	181.228161
58.926887	73.942268	181.077379
59.035304	73.759128	181.008781
59.154589	73.557498	180.932894
59.284746	73.337363	180.849696
59.425780	73.098708	180.759164
59.577697	72.841518	180.661274
59.740502	72.565776	180.555998
59.914203	72.271462	180.443307
60.098804	71.958557	180.323170
60.294313	71.627041	180.195554
60.500738	71.276891	180.060423
60.718084	70.908085	179.917740
60.946361	70.520598	179.767465
61.185576	70.114405	179.609555
61.293116	69.931736	179.538371
61.411606	69.730323	179.459488
61.541049	69.510154	179.372883
61.681450	69.271214	179.278534
61.832813	69.013488	179.176412
61.995144	68.736959	179.066490
62.168447	68.441610	178.948736
62.352728	68.127422	178.823118
62.547992	67.794376	178.689599
62.754247	67.442450	178.548143
62.971497	67.071622	178.398709
63.199750	66.681870	178.241255
63.306394	66.499705	178.167480
63.424050	66.298580	178.085618
63.552721	66.078483	177.995648
63.692410	65.839401	177.897543
63.843123	65.581319	177.791275
64.004863	65.304222	177.676814
64.177635	65.008093	177.554128
64.361442	64.692914	177.423181
64.556290	64.358666	177.283938
64.762185	64.005329	177.136357
64.979130	63.632883	176.980397
65.206756	63.241350	176.816135
65.311979	63.059425	176.739770
65.427020	62.858481	176.655321
65.551439	62.638559	176.562910
65.684764	62.399701	176.462668
65.826498	62.141952	176.354736
65.976072	61.865365	176.239274
66.132852	61.569999	176.116467
66.296169	61.255917	175.986510
66.465332	60.923181	175.849604
66.639627	60.571858	175.705960
66.818315	60.202015	175.555798
67.000597	59.813726	175.399357
67.185638	59.407068	175.236891
67.372583	58.982119	175.068663
67.454733	58.788497	174.992756
67.540557	58.576347	174.910425
67.629592	58.345711	174.821815
67.721362	58.096632	174.727072
67.815372	57.829156	174.626350
67.911085	57.543330	174.519816
68.007912	57.239209	174.407655
68.105277	56.916843	174.290048
68.202579	56.576285	174.167185
68.299195	56.217588	174.039263
68.394410	55.840817	173.906511
68.487541	55.446029	173.769149
68.577928	55.033278	173.627388
68.664952	54.602614	173.481423
68.747983	54.154085	173.331456
68.826405	53.687735	173.177683
68.858234	53.477249	173.109254
68.888369	53.248578	173.035921
68.916454	53.001752	172.957795
68.942116	52.736797	172.874999
68.964951	52.453747	172.787660
68.984545	52.152631	172.695912
69.000513	51.833476	172.599876
69.012427	51.496312	172.499689
69.019863	51.141167	172.395485
69.022407	50.768066	172.287393
69.019688	50.377030	172.175526
69.011376	49.968072	172.059982
68.997110	49.541208	171.940866
68.976508	49.096454	171.818294
68.949163	48.633828	171.692388
68.914679	48.153344	171.563265
68.896613	47.937931	171.506074
68.873000	47.704455	171.445028
68.843754	47.452911	171.380142
68.808777	47.183295	171.311434
68.767950	46.895605	171.238932
68.721170	46.589835	171.162653
68.668306	46.265981	171.082625
68.609212	45.924039	170.998879
68.543696	45.564009	170.911463
68.471540	45.185892	170.820433
68.392515	44.789690	170.725847
68.306393	44.375401	170.627761
68.212955	43.943022	170.526228
68.111964	43.492552	170.421303
68.003143	43.023991	170.313058
67.952145	42.811776	170.264440
67.892484	42.581507	170.212762
67.824187	42.333169	170.157996
67.747230	42.066750	170.100132
67.661545	41.782238	170.039173
67.567046	41.479624	169.975131
67.463610	41.158901	169.908025
67.351096	40.820063	169.837884
67.229342	40.463103	169.764740
67.098157	40.088015	169.688635
66.957330	39.694796	169.609616
66.806591	39.283443	169.527751
66.645659	38.853956	169.443110
66.474193	38.406337	169.355782
66.393950	38.201408	169.316219
66.301554	37.978441	169.274516
66.197074	37.737416	169.230626
66.080565	37.478310	169.184506
65.952034	37.201108	169.136128
65.811466	36.905789	169.085473
65.658805	36.592340	169.032531
65.493943	36.260747	168.977312
65.316683	35.911003	168.919856
65.126773	35.543104	168.860221
64.923944	35.157046	168.798468
64.707881	34.752826	168.734673
64.478271	34.330439	168.668909
64.371078	34.136475	168.639119
64.248868	33.924409	168.607831
64.111735	33.694221	168.574988
63.959760	33.445885	168.540532
63.792985	33.179381	168.504420
63.611393	32.894691	168.466626
63.414863	32.591801	168.427159
63.203261	32.270699	168.386033
62.976416	31.931372	168.343270
62.734135	31.573808	168.298896
62.476184	31.197996	168.252950
62.202336	30.803923	168.205466
62.074317	30.621871	168.183835
61.929399	30.421579	168.160948
61.767776	30.203019	168.136709
61.589577	29.966167	168.111041
61.394846	29.711000	168.083897
61.183585	29.437500	168.055239
60.955760	29.145646	168.025041
60.711312	28.835421	167.993282
60.450150	28.506805	167.959950
60.172147	28.159781	167.925040
59.877207	27.794328	167.888535
59.565258	27.410422	167.850407
59.424113	27.237832	167.833349
59.265213	27.046790	167.814840
59.088772	26.837266	167.794777
58.895007	26.609235	167.773053
58.684084	26.362668	167.749576
58.456172	26.097539	167.724249
58.211405	25.813820	167.696985
57.949886	25.511484	167.667705
57.671710	25.190505	167.636330
57.376955	24.850855	167.602783
57.065700	24.492505	167.566984
56.919442	24.324222	167.549972
56.755930	24.137238	167.530877
56.575476	23.931524	167.509563
56.378396	23.707052	167.485893
56.165029	23.463789	167.459720
55.935706	23.201702	167.430895
55.690740	22.920761	167.399276
55.430423	22.620932	167.364722
55.155050	22.302183	167.327091
54.864894	21.964482	167.286246
54.560185	21.607797	167.242061
54.241084	21.232099	167.194429
54.097515	21.062093	167.172388
53.938324	20.873091	167.147208
53.763966	20.665062	167.118718
53.574887	20.437976	167.086743
53.371525	20.191803	167.051110
53.154328	19.926511	167.011641
52.923763	19.642066	166.968149
52.680292	19.338436	166.920449
52.424316	19.015591	166.868372
52.156179	18.673499	166.811765
51.876230	18.312132	166.750472
51.584754	17.931462	166.684355
51.451144	17.754928	166.652987
51.304294	17.559118	166.617241
51.144731	17.344007	166.576927
50.972961	17.109566	166.531861
50.789457	16.855770	166.481867
50.594662	16.582593	166.426776
50.388993	16.290008	166.366425
50.172845	15.977992	166.300657
49.946615	15.646519	166.229310
49.710672	15.295565	166.152231
49.465399	14.925103	166.069261
49.211116	14.535112	165.980257
48.948079	14.125568	165.885094
48.830834	13.940272	165.841286
48.702626	13.735456	165.791889
48.563980	13.511098	165.736721
48.415370	13.267177	165.675615
48.257211	13.003676	165.608419
48.089915	12.720573	165.534979
47.913862	12.417850	165.455149
47.729430	12.095487	165.368781
47.536927	11.753468	165.275747
47.336655	11.391773	165.175917
47.128918	11.010386	165.069159
46.913992	10.609288	164.955348
46.692114	10.188463	164.834366
46.592384	9.996305	164.778426
46.483308	9.784442	164.715915
46.365328	9.552860	164.646681
46.238841	9.301545	164.570582
46.104226	9.030483	164.487480
45.961847	8.739660	164.397240
45.812023	8.429061	164.299734
45.655057	8.098675	164.194842
45.491236	7.748487	164.082441
45.320826	7.378485	163.962415
45.144038	6.988655	163.834659
44.960992	6.578988	163.699092
44.771809	6.149470	163.555631
44.686684	5.953527	163.489601
44.593114	5.737743	163.416228
44.491486	5.502107	163.335379
44.382156	5.246610	163.246928
44.265452	4.971243	163.150752
44.141692	4.675996	163.046730
44.011175	4.360860	162.934745
43.874168	4.025825	162.814682
43.730866	3.670883	162.686449
43.581431	3.296025	162.549956
43.425972	2.901242	162.405128
43.264602	2.486525	162.251883
43.097416	2.051868	162.090144
43.022390	1.854612	162.016244
42.939477	1.637409	161.934320
42.849020	1.400253	161.844252
42.751340	1.143139	161.745924
42.646734	0.866061	161.639225
42.535458	0.569013	161.524049
42.417742	0.251990	161.400299
42.293774	-0.085014	161.267884
42.163709	-0.442006	161.126719
42.027680	-0.818991	160.976723
41.885818	-1.215974	160.817812
41.738236	-1.632962	160.649907
41.585020	-2.069960	160.472929
41.516530	-2.267097	160.392642
41.440468	-2.484260	160.303701
41.357181	-2.721451	160.205988
41.266975	-2.978671	160.099391
41.170082	-3.255925	159.983817
41.066709	-3.553213	159.859175
40.957052	-3.870540	159.725374
40.841282	-4.207908	159.582329
40.719571	-4.565320	159.429950
40.592084	-4.942778	159.268148
40.458970	-5.340286	159.096832
40.320357	-5.757847	158.915919
40.176312	-6.195462	158.725334
40.112234	-6.391715	158.639433
40.040811	-6.608046	158.544258
39.962341	-6.844457	158.439703
39.877086	-7.100945	158.325670
39.785282	-7.377510	158.202064
39.687154	-7.674153	158.068790
39.582896	-7.990873	157.925759
39.472704	-8.327670	157.772877
39.356782	-8.684543	157.610048
39.235294	-9.061492	157.437180
39.108377	-9.458517	157.254188
38.976098	-9.875617	157.061000
38.914747	-10.070565	156.970273
38.846325	-10.285618	156.869687
38.771127	-10.520772	156.759138
38.689421	-10.776023	156.638527
38.601483	-11.051368	156.507749
38.507562	-11.346804	156.366704
38.407846	-11.662327	156.215304
38.302470	-11.997935	156.053472
38.191574	-12.353627	155.881125
38.075259	-12.729400	155.698188
37.953606	-13.125252	155.504587
37.826682	-13.541181	155.300251
37.768023	-13.734683	155.204771
37.702376	-13.948297	155.098883
37.630023	-14.182016	154.982486
37.551235	-14.435836	154.855481
37.466278	-14.709749	154.717767
37.375382	-15.003749	154.569248
37.278754	-15.317831	154.409833
37.176567	-15.651989	154.239432
37.068987	-16.006218	154.057959
36.956144	-16.380512	153.865329
36.838158	-16.774865	153.661460
36.715103	-17.189274	153.446276
36.658561	-17.381096	153.346238
36.595302	-17.593011	153.235185
36.525577	-17.825013	153.113025
36.449597	-18.077092	152.979673
36.367552	-18.349242	152.835047
36.279593	-18.641457	152.679070
36.185865	-18.953730	152.511665
36.086522	-19.286053	152.332747
35.981704	-19.638418	152.142235
35.871567	-20.010817	151.940037
35.756232	-20.403242	151.726071
35.635817	-20.815683	151.500248
35.580751	-21.005592	151.395834
35.519046	-21.215559	151.279832
35.450999	-21.445571	151.152140
35.376861	-21.695618	151.012665
35.296834	-21.965689	150.861323
35.211112	-22.255773	150.698026
35.119872	-22.565861	150.522689
35.023284	-22.895941	150.335226
34.921497	-23.246003	150.135550
34.814602	-23.616037	149.923587
34.702685	-24.006033	149.699259
34.585772	-24.415983	149.462500
34.532495	-24.603855	149.353572
34.472519	-24.811731	149.232501
34.406082	-25.039599	149.099202
34.333442	-25.287444	148.953580
34.254830	-25.555252	148.795544
34.170462	-25.843010	148.625002
34.080550	-26.150702	148.441862
33.985291	-26.478315	148.246029
33.884845	-26.825833	148.037417
33.779337	-27.193244	147.815941
33.668867	-27.580535	147.581520
33.553501	-27.987692	147.334078
33.501251	-28.173288	147.220836
33.442475	-28.378803	147.094835
33.377418	-28.604074	146.956015
33.306293	-28.848781	146.804352
33.229300	-29.112664	146.639812
33.146624	-29.395456	146.462362
33.058431	-29.696886	146.271972
32.964863	-30.016789	146.068594
32.866059	-30.355088	145.852163
32.762123	-30.711740	145.622609
32.653153	-31.086696	145.379862
32.539241	-31.479926	145.123848
32.486754	-31.661791	145.004809
32.427789	-31.862072	144.872723
32.362633	-32.080365	144.727580
32.291545	-32.316323	144.569364
32.214780	-32.569630	144.398050
32.132542	-32.840028	144.213612
32.045012	-33.127300	144.016015
31.952345	-33.431226	143.805230
31.854678	-33.751582	143.581232
31.752144	-34.088180	143.343987
31.644868	-34.440823	143.093462
31.532959	-34.809330	142.829622
31.416523	-35.193509	142.552435
31.363413	-35.369207	142.424726
31.304197	-35.561410	142.283727
31.239174	-35.769637	142.129461
31.168590	-35.993446	141.961951
31.092640	-36.232436	141.781224
31.011522	-36.486197	141.587303
30.925426	-36.754341	141.380210
30.834533	-37.036463	141.159970
30.738994	-37.332178	140.926613
30.638961	-37.641184	140.680142
30.534571	-37.963202	140.420561
30.425954	-38.297956	140.147871
30.313236	-38.645214	139.862062
30.196534	-39.004736	139.563130
30.142607	-39.170912	139.423569
30.083075	-39.350991	139.270704
30.018223	-39.544435	139.104598
29.948313	-39.750698	138.925321
29.873587	-39.969275	138.732937
29.794267	-40.199710	138.527499
29.710565	-40.441528	138.309068
29.622675	-40.694251	138.077709
29.530785	-40.957405	137.833491
29.435080	-41.230524	137.576480
29.335712	-41.513123	137.306754
29.232802	-41.804785	137.024382
29.126460	-42.105172	136.729410
29.016812	-42.413937	136.421884
28.903964	-42.730782	136.101840
28.788003	-43.055425	135.769316
28.669004	-43.387639	135.424331
28.615304	-43.537150	135.266968
28.556858	-43.697179	135.096508
28.493921	-43.867153	134.913061
28.426736	-44.046612	134.716700
28.355504	-44.235174	134.507487
28.280414	-44.432460	134.285483
28.201651	-44.638102	134.050745
28.119387	-44.851742	133.803333
28.033768	-45.073024	133.543311
27.944944	-45.301598	133.270738
27.853035	-45.537131	132.985679
27.758155	-45.779291	132.688198
27.660398	-46.027755	132.378360
27.559843	-46.282210	132.056233
27.456553	-46.542361	131.721880
27.350590	-46.807907	131.375369
27.242038	-47.078567	131.016757
27.130963	-47.354075	130.646100
27.017436	-47.634157	130.263457
26.965592	-47.761342	130.087002
26.909743	-47.896766	129.897499
26.850064	-48.040023	129.695045
26.786718	-48.190714	129.479732
26.719865	-48.348451	129.251654
26.649650	-48.512843	129.010907
26.576218	-48.683513	128.757582
26.499715	-48.860080	128.491772
26.420274	-49.042174	128.213571
26.338003	-49.229443	127.923072
26.252993	-49.421535	127.620368
26.165315	-49.618103	127.305562
26.075032	-49.818814	126.978748
25.982186	-50.023355	126.640021
25.886814	-50.231434	126.289469
25.788937	-50.442764	125.927182
25.688576	-50.657058	125.553250
25.585771	-50.874042	125.167759
25.480537	-51.093444	124.770794
25.372893	-51.314998	124.362443
25.262873	-51.538457	123.942783
25.150495	-51.763573	123.511893
25.100178	-51.862938	123.317999
25.046073	-51.968286	123.111321
24.988344	-52.079204	122.891987
24.927150	-52.195279	122.660122
24.862641	-52.316112	122.415849
24.794963	-52.441317	122.159290
24.724261	-52.570534	121.890551
24.650675	-52.703431	121.609732
24.574347	-52.839678	121.316932
24.495407	-52.978954	121.012248
24.413947	-53.120949	120.695781
24.330043	-53.265357	120.367635
24.243756	-53.411879	120.027914
24.155148	-53.560223	119.676722
24.064251	-53.710103	119.314164
23.971117	-53.861239	118.940341
23.875794	-54.013355	118.555354
23.778342	-54.166182	118.159301
23.678807	-54.319456	117.752278
23.577226	-54.472922	117.334384
23.473639	-54.626330	116.905713
23.368081	-54.779432	116.466361
23.260593	-54.931982	116.016425
23.151223	-55.083738	115.555998
23.102151	-55.150249	115.348229
23.050016	-55.220555	115.127996
22.995000	-55.294296	114.895421
22.937269	-55.371125	114.650627
22.876992	-55.450702	114.393731
22.814312	-55.532695	114.124853
22.749364	-55.616784	113.844109
22.682278	-55.702661	113.551612
22.613171	-55.790020	113.247476
22.542135	-55.878567	112.931813
22.469236	-55.968016	112.604743
22.394530	-56.058083	112.266382
22.318090	-56.148492	111.916842
22.239985	-56.238971	111.556234
22.160259	-56.329255	111.184673
22.078951	-56.419085	110.802272
21.996099	-56.508205	110.409143
21.911746	-56.596368	110.005393
21.825888	-56.683336	109.591137
21.738517	-56.768879	109.166486
21.649649	-56.852768	108.731547
21.559303	-56.934782	108.286425
21.467494	-57.014700	107.831224
21.374238	-57.092310	107.366045
21.279567	-57.167400	106.890989
21.183513	-57.239765	106.406151
21.140708	-57.270281	106.188812
21.095803	-57.302634	105.959365
21.048887	-57.336495	105.717961
21.000047	-57.371542	105.464748
20.949342	-57.407466	105.199873
20.896828	-57.443965	104.923480
20.842559	-57.480746	104.635708
20.786561	-57.517528	104.336698
20.728842	-57.554033	104.026592
20.669389	-57.589995	103.705532
20.608210	-57.625153	103.373651
20.545333	-57.659249	103.031080
20.480784	-57.692035	102.677943
20.414588	-57.723268	102.314365
20.346755	-57.752714	101.940468
20.277289	-57.780145	101.556373
20.206201	-57.805338	101.162198
20.133500	-57.828079	100.758058
20.059190	-57.848156	100.344066
19.983255	-57.865367	99.920336
19.905687	-57.879514	99.486979
19.826474	-57.890407	99.044104
19.745606	-57.897858	98.591818
19.663088	-57.901685	98.130221
19.578918	-57.901714	97.659415
19.493103	-57.897771	97.179495
19.405623	-57.889692	96.690562
19.366215	-57.884221	96.470524
19.324684	-57.878833	96.239028
19.281065	-57.873232	95.996239
19.235417	-57.867130	95.742312
19.187800	-57.860245	95.477397
19.138283	-57.852306	95.201639
19.086940	-57.843048	94.915176
19.033834	-57.832215	94.618146
18.979020	-57.819560	94.310681
18.922539	-57.804844	93.992915
18.864434	-57.787834	93.664974
18.804745	-57.768305	93.326986
18.743512	-57.746038	92.979071
18.680772	-57.720821	92.621349
18.616562	-57.692449	92.253936
18.550915	-57.660725	91.876943
18.483854	-57.625457	91.490482
18.421991	-57.606695	91.128527
18.365341	-57.604486	90.791043
18.313926	-57.618881	90.477990
18.267771	-57.649932	90.189328
18.226912	-57.697699	89.925008
18.191385	-57.762245	89.684979
18.160505	-57.841338	89.465857
18.133417	-57.932158	89.263483
18.109443	-58.032415	89.074527
18.088036	-58.140243	88.896323
18.068759	-58.254118	88.726746
18.051258	-58.372796	88.564096
18.035249	-58.495257	88.407019
18.020513	-58.620663	88.254438
18.006879	-58.748326	88.105494
17.994210	-58.877677	87.959507
17.982395	-59.008245	87.815940
17.971351	-59.139637	87.674369
17.961011	-59.271527	87.534462
17.951328	-59.403640	87.395958
17.942266	-59.535747	87.258655
17.933799	-59.667653	87.122397
17.925907	-59.799193	86.987065
17.918574	-59.930226	86.852570
17.911784	-60.060629	86.718849
17.905527	-60.190298	86.585855
17.899793	-60.319141	86.453558
17.894574	-60.447079	86.321939
17.889846	-60.574043	86.190990
17.885588	-60.699975	86.060710
17.881782	-60.824824	85.931101
17.878400	-60.948545	85.802174
17.875417	-61.071099	85.673939
17.872809	-61.192451	85.546410
17.870555	-61.312572	85.419602
17.868635	-61.431434	85.293532
17.867029	-61.549012	85.168217
17.865721	-61.665285	85.043672
17.864701	-61.780235	84.919914
17.863961	-61.893846	84.796956
17.863491	-62.006103	84.674815
17.863283	-62.116996	84.553503
17.863334	-62.226514	84.433033
17.863640	-62.334652	84.313416
17.864197	-62.441404	84.194661
17.865002	-62.546766	84.076778
17.866051	-62.650735	83.959778
17.867340	-62.753311	83.843668
17.868865	-62.854493	83.728456
17.870620	-62.954282	83.614150
17.872603	-63.052680	83.500756
17.874806	-63.149689	83.388282
17.877227	-63.245314	83.276731
17.879860	-63.339558	83.166110
17.882699	-63.432428	83.056421
17.885740	-63.523930	82.947670
17.888978	-63.614069	82.839860
17.892408	-63.702855	82.732991
17.896024	-63.790295	82.627067
17.899822	-63.876398	82.522089
17.903796	-63.961174	82.418058
17.907941	-64.044633	82.314973
17.912251	-64.126784	82.212835
17.916722	-64.207640	82.111643
17.921348	-64.287212	82.011396
17.926124	-64.365511	81.912092
17.931046	-64.442550	81.813728
17.936107	-64.518342	81.716303
17.941303	-64.592900	81.619813
17.946630	-64.666236	81.524254
17.952081	-64.738365	81.429624
17.957654	-64.809301	81.335917
17.963343	-64.879057	81.243129
17.969145	-64.947649	81.151255
17.975054	-65.015091	81.060289
17.981066	-65.081397	80.970227
17.987179	-65.146584	80.881061
17.993387	-65.210665	80.792786
17.999687	-65.273657	80.705395
18.006077	-65.335575	80.618881
18.012552	-65.396434	80.533237
18.019109	-65.456250	80.448455
18.025745	-65.515038	80.364529
18.032458	-65.572814	80.281451
18.039244	-65.629594	80.199211
18.046101	-65.685392	80.117804
18.053027	-65.740226	80.037219
18.060018	-65.794111	79.957449
18.067074	-65.847061	79.878485
18.074191	-65.899093	79.800319
18.081367	-65.950222	79.722941
18.088601	-66.000463	79.646344
18.095892	-66.049832	79.570517
18.103236	-66.098343	79.495453
18.110633	-66.146012	79.421142
18.118080	-66.192853	79.347575
18.125578	-66.238899	79.274729
18.133123	-66.284206	79.202559
18.140716	-66.328826	79.131025
18.148354	-66.372808	79.060089
18.156036	-66.416194	78.989717
18.163762	-66.459025	78.919878
18.171531	-66.501337	78.850544
18.179341	-66.543161	78.781690
18.187192	-66.584526	78.713294
18.195083	-66.625458	78.645335
18.203013	-66.665978	78.577796
18.210981	-66.706107	78.510661
18.218987	-66.745863	78.443918
18.227030	-66.785260	78.377554
18.235110	-66.824312	78.311558
18.243225	-66.863030	78.245923
18.251376	-66.901423	78.180642
18.259561	-66.939500	78.115706
18.267781	-66.977270	78.051110
18.276034	-67.014740	77.986849
18.284320	-67.051915	77.922918
18.292638	-67.088802	77.859313
18.300987	-67.125404	77.796031
18.309368	-67.161727	77.733068
18.317779	-67.197773	77.670423
18.326219	-67.233546	77.608092
18.334688	-67.269048	77.546075
18.343185	-67.304281	77.484370
18.351709	-67.339246	77.422977
18.360260	-67.373946	77.361895
18.368837	-67.408379	77.301123
18.377438	-67.442549	77.240662
18.386064	-67.476454	77.180512
18.394713	-67.510095	77.120672
18.403384	-67.543471	77.061144
18.412076	-67.576584	77.001929
18.420790	-67.609432	76.943026
18.429523	-67.642014	76.884437
18.438275	-67.674332	76.826163
18.447045	-67.706383	76.768204
18.455832	-67.738167	76.710562
18.464635	-67.769684	76.653238
18.473453	-67.800933	76.596233
18.482286	-67.831913	76.539548
18.491131	-67.862624	76.483183
18.499989	-67.893065	76.427142
18.508858	-67.923235	76.371423
18.517738	-67.953133	76.316029
18.526628	-67.982758	76.260961
18.535527	-68.012108	76.206221
18.544437	-68.041182	76.151811
18.553356	-68.069978	76.097733
18.562285	-68.098493	76.043989
18.571225	-68.126725	75.990581
18.580176	-68.154672	75.937512
18.589138	-68.182331	75.884783
18.598112	-68.209701	75.832398
18.607098	-68.236778	75.780358
18.616098	-68.263561	75.728665
18.625112	-68.290047	75.677322
18.634141	-68.316233	75.626331
18.643184	-68.342119	75.575694
18.652244	-68.367701	75.525413
18.661320	-68.392977	75.475490
18.670414	-68.417947	75.425927
18.679525	-68.442608	75.376726
18.688655	-68.466958	75.327888
18.697803	-68.490996	75.279414
18.706971	-68.514721	75.231307
18.716159	-68.538131	75.183567
18.725366	-68.561226	75.136196
18.734594	-68.584004	75.089194
18.743843	-68.606465	75.042563
18.753112	-68.628609	74.996304
18.762402	-68.650434	74.950416
18.771713	-68.671941	74.904901
18.781045	-68.693130	74.859760
18.790398	-68.714000	74.814991
18.799772	-68.734551	74.770596
18.809166	-68.754785	74.726574
18.818581	-68.774702	74.682926
18.828016	-68.794301	74.639651
18.837470	-68.813586	74.596747
18.846943	-68.832558	74.554215
18.856432	-68.851218	74.512052
18.865938	-68.869569	74.470257
18.875458	-68.887615	74.428827
18.884992	-68.905357	74.387762
18.894537	-68.922800	74.347057
18.904091	-68.939946	74.306712
18.913654	-68.956800	74.266722
18.923224	-68.973364	74.227086
18.932797	-68.989644	74.187800
18.942374	-69.005642	74.148862
18.951951	-69.021363	74.110267
18.961527	-69.036812	74.072014
18.971100	-69.051991	74.034098
18.980667	-69.066907	73.996516
18.990228	-69.081562	73.959264
18.999780	-69.095962	73.922340
19.009322	-69.110111	73.885740
19.018850	-69.124013	73.849460
19.028365	-69.137671	73.813497
19.037862	-69.151090	73.777849
19.047342	-69.164272	73.742513
19.056801	-69.177222	73.707486
19.066238	-69.189943	73.672765
19.075651	-69.202437	73.638349
19.085039	-69.214707	73.604235
19.094399	-69.226756	73.570421
19.103729	-69.238587	73.536905
19.113029	-69.250202	73.503685
19.122295	-69.261605	73.470759
19.131528	-69.272796	73.438125
19.140724	-69.283779	73.405782
19.149883	-69.294556	73.373727
19.159003	-69.305129	73.341960
19.168083	-69.315500	73.310477
19.177121	-69.325672	73.279277
19.186116	-69.335647	73.248359
19.195067	-69.345427	73.217720
19.203972	-69.355014	73.187359
19.212830	-69.364412	73.157273
19.221640	-69.373623	73.127460
19.230398	-69.382650	73.097917
19.239106	-69.391496	73.068642
19.247760	-69.400165	73.039632
19.256361	-69.408660	73.010884
19.264907	-69.416983	72.982394
19.273398	-69.425139	72.954161
19.281832	-69.433130	72.926181
19.290210	-69.440960	72.898450
19.298531	-69.448632	72.870966
19.306794	-69.456150	72.843726
19.315000	-69.463515	72.816726
19.323149	-69.470732	72.789964
19.331241	-69.477802	72.763437
19.339277	-69.484730	72.737141
19.347258	-69.491521	72.711070
19.355183	-69.498179	72.685221
19.363054	-69.504709	72.659588
19.370871	-69.511115	72.634166
19.378636	-69.517401	72.608953
19.386350	-69.523570	72.583943
19.394013	-69.529627	72.559134
19.401627	-69.535574	72.534520
19.409193	-69.541414	72.510100
19.416710	-69.547152	72.485868
19.424181	-69.552789	72.461823
19.431605	-69.558329	72.437961
19.438983	-69.563774	72.414279
19.446317	-69.569126	72.390774
19.453606	-69.574389	72.367444
19.460852	-69.579564	72.344285
19.468054	-69.584654	72.321296
19.475214	-69.589661	72.298474
19.482332	-69.594586	72.275816
19.489410	-69.599433	72.253320
19.496447	-69.604201	72.230984
19.503444	-69.608895	72.208806
19.510402	-69.613515	72.186783
19.517321	-69.618062	72.164915
19.524201	-69.622540	72.143198
19.531041	-69.626949	72.121631
19.537842	-69.631290	72.100212
19.544603	-69.635567	72.078940
19.551324	-69.639779	72.057813
19.558004	-69.643928	72.036829
19.564645	-69.648016	72.015987
19.571245	-69.652044	71.995286
19.577806	-69.656014	71.974723
19.584326	-69.659925	71.954298
19.590808	-69.663780	71.934008
19.597251	-69.667580	71.913853
19.603655	-69.671325	71.893831
19.610022	-69.675017	71.873941
19.616352	-69.678656	71.854181
19.622644	-69.682244	71.834550
19.628900	-69.685781	71.815048
19.635119	-69.689268	71.795672
19.641303	-69.692705	71.776421
19.647451	-69.696095	71.757295
19.653564	-69.699437	71.738293
19.659643	-69.702732	71.719413
19.665687	-69.705981	71.700654
19.671698	-69.709185	71.682015
19.677676	-69.712343	71.663495
19.683621	-69.715458	71.645093
19.689534	-69.718529	71.626808
19.695416	-69.721558	71.608639
19.701265	-69.724544	71.590585
19.707084	-69.727488	71.572645
19.712871	-69.730392	71.554818
19.718626	-69.733255	71.537104
19.724351	-69.736079	71.519501
19.730045	-69.738863	71.502009
19.735707	-69.741609	71.484626
19.741339	-69.744317	71.467352
19.746940	-69.746987	71.450186
19.752511	-69.749621	71.433127
19.758052	-69.752218	71.416175
19.763563	-69.754780	71.399328
19.769044	-69.757306	71.382586
19.774497	-69.759797	71.365947
19.779921	-69.762254	71.349411
19.785317	-69.764677	71.332977
19.790685	-69.767066	71.316645
19.796026	-69.769422	71.300413
19.801340	-69.771746	71.284280
19.806627	-69.774037	71.268246
19.811887	-69.776297	71.252311
19.817120	-69.778526	71.236473
19.822326	-69.780724	71.220732
19.827505	-69.782892	71.205086
19.832658	-69.785030	71.189536
19.837784	-69.787139	71.174081
19.842883	-69.789219	71.158719
19.847957	-69.791270	71.143450
19.853004	-69.793293	71.128274
19.858026	-69.795289	71.113190
19.863022	-69.797257	71.098197
19.867993	-69.799197	71.083294
19.872938	-69.801111	71.068481
19.877859	-69.802999	71.053757
19.882755	-69.804861	71.039121
19.887626	-69.806697	71.024574
19.892473	-69.808507	71.010114
19.897295	-69.810293	70.995740
19.902093	-69.812053	70.981453
19.906866	-69.813790	70.967251
19.911615	-69.815502	70.953135
19.916340	-69.817191	70.939102
19.921042	-69.818856	70.925153
19.925719	-69.820498	70.911288
19.930373	-69.822117	70.897505
19.935003	-69.823714	70.883804
19.939609	-69.825288	70.870184
19.944192	-69.826841	70.856646
19.948751	-69.828372	70.843188
19.953287	-69.829881	70.829810
19.957800	-69.831369	70.816511
19.962290	-69.832837	70.803291
19.966757	-69.834284	70.790149
19.971201	-69.835711	70.777085
19.975623	-69.837117	70.764098
19.980023	-69.838505	70.751187
19.984400	-69.839872	70.738353
19.988755	-69.841221	70.725593
19.993088	-69.842550	70.712909
19.997398	-69.843861	70.700300
20.001687	-69.845154	70.687764
20.005954	-69.846428	70.675302
20.010199	-69.847685	70.662913
20.014422	-69.848924	70.650597
20.018623	-69.850145	70.638352
20.022803	-69.851350	70.626179
20.026961	-69.852537	70.614077
20.031099	-69.853708	70.602045
20.035215	-69.854862	70.590084
20.039311	-69.856000	70.578192
20.043386	-69.857122	70.566369
20.047441	-69.858228	70.554615
20.051474	-69.859318	70.542929
20.055488	-69.860393	70.531311
20.059481	-69.861452	70.519760
20.063454	-69.862496	70.508277
20.067407	-69.863526	70.496859
20.071341	-69.864540	70.485508
20.075255	-69.865540	70.474222
20.079149	-69.866526	70.463001
20.083025	-69.867497	70.451845
20.086881	-69.868455	70.440753
20.090718	-69.869399	70.429725
20.094537	-69.870329	70.418760
20.098337	-69.871245	70.407859
20.102118	-69.872149	70.397019
20.105882	-69.873039	70.386242
20.109627	-69.873916	70.375526
20.113354	-69.874780	70.364872
20.117064	-69.875632	70.354278
20.120756	-69.876471	70.343745
20.124430	-69.877298	70.333272
20.128088	-69.878113	70.322859
20.131728	-69.878915	70.312505
20.135351	-69.879706	70.302210
20.138958	-69.880485	70.291973
20.142548	-69.881252	70.281794
20.146122	-69.882008	70.271673
20.149679	-69.882752	70.261610
20.153221	-69.883485	70.251603
20.156747	-69.884207	70.241653
20.160257	-69.884918	70.231759
20.163752	-69.885618	70.221921
20.167231	-69.886308	70.212138
20.170695	-69.886986	70.202411
20.174145	-69.887654	70.192738
20.177580	-69.888312	70.183120
20.181000	-69.888959	70.173556
20.184406	-69.889596	70.164046
20.187797	-69.890223	70.154589
20.191175	-69.890840	70.145185
20.194538	-69.891447	70.135833
20.197888	-69.892045	70.126534
20.201224	-69.892633	70.117288
20.204546	-69.893211	70.108093
20.207854	-69.893780	70.098949
20.211149	-69.894339	70.089856
20.214430	-69.894890	70.080814
20.217697	-69.895431	70.071823
20.220952	-69.895963	70.062882
20.224193	-69.896487	70.053991
20.227422	-69.897001	70.045149
20.230637	-69.897507	70.036356
20.233840	-69.898005	70.027612
20.237030	-69.898494	70.018917
20.240207	-69.898974	70.010270
20.243372	-69.899447	70.001671
20.246524	-69.899911	69.993120
20.249664	-69.900367	69.984616
20.252792	-69.900815	69.976159
20.255908	-69.901256	69.967749
20.259011	-69.901688	69.959386
20.262103	-69.902113	69.951068
20.265183	-69.902531	69.942797
20.268252	-69.902941	69.934570
20.271309	-69.903343	69.926390
20.274355	-69.903739	69.918253
20.277390	-69.904127	69.910162
20.280414	-69.904508	69.902115
20.283428	-69.904882	69.894111
20.286431	-69.905249	69.886152
20.289424	-69.905610	69.878235
20.292406	-69.905963	69.870362
20.295379	-69.906311	69.862532
20.298342	-69.906651	69.854744
20.301294	-69.906985	69.846998
20.304237	-69.907313	69.839294
20.307171	-69.907634	69.831632
20.310094	-69.907949	69.824012
20.313009	-69.908258	69.816432
20.315913	-69.908561	69.808894
20.318809	-69.908858	69.801396
20.321695	-69.909149	69.793938
20.324572	-69.909434	69.786521
20.327440	-69.909713	69.779143
20.330300	-69.909987	69.771805
20.333150	-69.910256	69.764507
20.335991	-69.910518	69.757247
20.338824	-69.910776	69.750026
20.341647	-69.911028	69.742844
20.344462	-69.911275	69.735700
20.347268	-69.911516	69.728595
20.350065	-69.911753	69.721527
20.352854	-69.911984	69.714497
20.355633	-69.912211	69.707505
20.358404	-69.912433	69.700549
20.361166	-69.912650	69.693631
20.363920	-69.912862	69.686749
20.366664	-69.913069	69.679905
20.369400	-69.913272	69.673096
20.372128	-69.913471	69.666324
