-27.516866	235.831616	388.782745
-27.528481	235.696891	388.753964
-27.539492	235.556991	388.716648
-27.549897	235.411918	388.670796
-27.559698	235.261674	388.616406
-27.568893	235.106261	388.553477
-27.577482	234.945680	388.482008
-27.585465	234.779934	388.401998
-27.592841	234.609024	388.313446
-27.599609	234.432952	388.216350
-27.605771	234.251721	388.110710
-27.611324	234.065332	387.996524
-27.616270	233.873787	387.873792
-27.620607	233.677088	387.742512
-27.624335	233.475237	387.602682
-27.627453	233.268235	387.454303
-27.629962	233.056086	387.297373
-27.631860	232.838790	387.131890
-27.633148	232.616349	386.957853
-27.633826	232.388766	386.775262
-27.633891	232.156042	386.584116
-27.633346	231.918180	386.384412
-27.632188	231.675181	386.176151
-27.630418	231.427047	385.959330
-27.628035	231.173780	385.733949
-27.625038	230.915383	385.500007
-27.621428	230.651856	385.257502
-27.617205	230.383203	385.006433
-27.612366	230.109424	384.746800
-27.606913	229.830522	384.478601
-27.600845	229.546499	384.201834
-27.594162	229.257357	383.916500
-27.586862	228.963097	383.622596
-27.578946	228.663722	383.320121
-27.570414	228.359234	383.009075
-27.561264	228.049635	382.689456
-27.551497	227.734926	382.361263
-27.541112	227.415110	382.024494
-27.530108	227.090188	381.679150
-27.518486	226.760164	381.325228
-27.506245	226.425037	380.962727
-27.500535	226.273973	380.797964
-27.494205	226.117811	380.624620
-27.487255	225.956551	380.442695
-27.479685	225.790194	380.252189
-27.471495	225.618742	380.053101
-27.462685	225.442194	379.845430
-27.453254	225.260553	379.629177
-27.443203	225.073818	379.404340
-27.432530	224.881991	379.170920
-27.421237	224.685073	378.928915
-27.409322	224.483064	378.678325
-27.396786	224.275966	378.419150
-27.383628	224.063780	378.151388
-27.369848	223.846505	377.875040
-27.355447	223.624144	377.590105
-27.340423	223.396697	377.296583
-27.324777	223.164164	376.994472
-27.308508	222.926548	376.683773
-27.291617	222.683848	376.364484
-27.274103	222.436067	376.036606
-27.255966	222.183204	375.700138
-27.237205	221.925260	375.355078
-27.217822	221.662237	375.001428
-27.197814	221.394135	374.639186
-27.177183	221.120956	374.268351
-27.155928	220.842700	373.888924
-27.134049	220.559368	373.500903
-27.111545	220.270961	373.104288
-27.101219	220.139938	372.923384
-27.090269	220.003841	372.733886
-27.078695	219.862671	372.535792
-27.066495	219.716429	372.329103
-27.053671	219.565114	372.113819
-27.040221	219.408727	371.889939
-27.026147	219.247269	371.657463
-27.011448	219.080739	371.416391
-26.996123	218.909139	371.166722
-26.980173	218.732469	370.908457
-26.963598	218.550730	370.641595
-26.946398	218.363920	370.366136
-26.928571	218.172042	370.082079
-26.910120	217.975096	369.789425
-26.891042	217.773081	369.488173
-26.871339	217.565999	369.178323
-26.851010	217.353849	368.859874
-26.830055	217.136633	368.532827
-26.808474	216.914350	368.197181
-26.786267	216.687002	367.852936
-26.763434	216.454588	367.500092
-26.739974	216.217108	367.138648
-26.715889	215.974564	366.768605
-26.691176	215.726956	366.389961
-26.665838	215.474284	366.002717
-26.639872	215.216549	365.606872
-26.613280	214.953751	365.202426
-26.586061	214.685890	364.789380
-26.573683	214.564573	364.601953
-26.560679	214.438194	364.405924
-26.547047	214.306754	364.201294
-26.532788	214.170251	363.988062
-26.517903	214.028688	363.766229
-26.502390	213.882064	363.535793
-26.486250	213.730378	363.296756
-26.469483	213.573632	363.049116
-26.452089	213.411826	362.792875
-26.434068	213.244959	362.528031
-26.415419	213.073032	362.254584
-26.396144	212.896045	361.972535
-26.376240	212.713998	361.681883
-26.355710	212.526892	361.382629
-26.334552	212.334727	361.074771
-26.312766	212.137503	360.758311
-26.290353	211.935219	360.433247
-26.267313	211.727877	360.099581
-26.243645	211.515477	359.757311
-26.219349	211.298018	359.406437
-26.194426	211.075501	359.046960
-26.168875	210.847926	358.678879
-26.142696	210.615293	358.302194
-26.115890	210.377603	357.916906
-26.088456	210.134855	357.523013
-26.060394	209.887051	357.120517
-26.031704	209.634189	356.709416
-26.002386	209.376271	356.289710
-25.989086	209.259480	356.099492
-25.975159	209.137633	355.900669
-25.960604	209.010730	355.693241
-25.945420	208.878770	355.477209
-25.929609	208.741754	355.252572
-25.913169	208.599682	355.019330
-25.896102	208.452555	354.777484
-25.878406	208.300371	354.527032
-25.860083	208.143131	354.267976
-25.841131	207.980836	354.000315
-25.821551	207.813485	353.724048
-25.801342	207.641079	353.439177
-25.780506	207.463618	353.145700
-25.759042	207.281101	352.843619
-25.736949	207.093528	352.532932
-25.714228	206.900901	352.213640
-25.690878	206.703219	351.885742
-25.666901	206.500481	351.549239
-25.642295	206.292689	351.204131
-25.617061	206.079842	350.850417
-25.591198	205.861941	350.488097
-25.564708	205.638985	350.117172
-25.537588	205.410974	349.737641
-25.509841	205.177909	349.349505
-25.481465	204.939790	348.952763
-25.452461	204.696616	348.547415
-25.422828	204.448389	348.133461
-25.392566	204.195107	347.710901
-25.378850	204.080398	347.519449
-25.364506	203.960635	347.319392
-25.349533	203.835818	347.110728
-25.333931	203.705947	346.893459
-25.317701	203.571023	346.667583
-25.300843	203.431045	346.433101
-25.283356	203.286013	346.190014
-25.265240	203.135927	345.938320
-25.246496	202.980788	345.678019
-25.227123	202.820596	345.409113
-25.207122	202.655350	345.131600
-25.186492	202.485050	344.845481
-25.165234	202.309697	344.550756
-25.143347	202.129291	344.247425
-25.120831	201.943832	343.935487
-25.097687	201.753319	343.614943
-25.073914	201.557753	343.285792
-25.049513	201.357133	342.948035
-25.024483	201.151461	342.601672
-24.998824	200.940736	342.246702
-24.972537	200.724957	341.883126
-24.945621	200.504125	341.510943
-24.918076	200.278241	341.130154
-24.889903	200.047304	340.740758
-24.861101	199.811313	340.342755
-24.831670	199.570270	339.936146
-24.801610	199.324174	339.520931
-24.770922	199.073025	339.097108
-24.757017	198.959268	338.905103
-24.742483	198.840458	338.704492
-24.727321	198.716595	338.495273
-24.711530	198.587680	338.277448
-24.695109	198.453712	338.051016
-24.678061	198.314692	337.815978
-24.660383	198.170619	337.572332
-24.642077	198.021493	337.320080
-24.623142	197.867315	337.059221
-24.603578	197.708084	336.789756
-24.583386	197.543801	336.511683
-24.562564	197.374465	336.225004
-24.541114	197.200077	335.929718
-24.519036	197.020636	335.625825
-24.496328	196.836143	335.313326
-24.472992	196.646598	334.992219
-24.449027	196.452000	334.662506
-24.424433	196.252350	334.324185
-24.399210	196.047647	333.977258
-24.373359	195.837892	333.621724
-24.346878	195.623085	333.257583
-24.319769	195.403225	332.884835
-24.292031	195.178314	332.503481
-24.263665	194.948350	332.113519
-24.234669	194.713333	331.714950
-24.205045	194.473265	331.307774
-24.174792	194.228144	330.891992
-24.143910	193.977972	330.467602
-24.129919	193.864649	330.275347
-24.115299	193.746274	330.074484
-24.100050	193.622847	329.865015
-24.084173	193.494368	329.646938
-24.067666	193.360836	329.420254
-24.050531	193.222253	329.184964
-24.032767	193.078618	328.941066
-24.014374	192.929930	328.688561
-23.995352	192.776190	328.427450
-23.975701	192.617399	328.157731
-23.955422	192.453555	327.879405
-23.934513	192.284659	327.592472
-23.912976	192.110712	327.296932
-23.890810	191.931712	326.992785
-23.868015	191.747660	326.680031
-23.844591	191.558556	326.358670
-23.820539	191.364400	326.028702
-23.795857	191.165193	325.690126
-23.770547	190.960933	325.342944
-23.744608	190.751621	324.987154
-23.718040	190.537258	324.622758
-23.690843	190.317842	324.249754
-23.663017	190.093374	323.868143
-23.634563	189.863855	323.477925
-23.605479	189.629284	323.079100
-23.575767	189.389660	322.671668
-23.545425	189.144985	322.255628
-23.514455	188.895258	321.830982
-23.500425	188.782133	321.638612
-23.485766	188.663957	321.437636
-23.470478	188.540729	321.228052
-23.454561	188.412448	321.009861
-23.438015	188.279116	320.783063
-23.420840	188.140732	320.547658
-23.403037	187.997297	320.303646
-23.384604	187.848809	320.051026
-23.365543	187.695270	319.789800
-23.345852	187.536678	319.519966
-23.325533	187.373035	319.241525
-23.304585	187.204340	318.954477
-23.283008	187.030593	318.658821
-23.260803	186.851795	318.354559
-23.237968	186.667944	318.041689
-23.214504	186.479042	317.720212
-23.190412	186.285088	317.390128
-23.165690	186.086082	317.051436
-23.140340	185.882025	316.704138
-23.114361	185.672915	316.348232
-23.087753	185.458754	315.983719
-23.060516	185.239541	315.610599
-23.032650	185.015276	315.228872
-23.004155	184.785960	314.838537
-22.975032	184.551591	314.439596
-22.945279	184.312171	314.032047
-22.914898	184.067699	313.615890
-22.883887	183.818176	313.191127
-22.869839	183.705141	312.998706
-22.855162	183.587056	312.797677
-22.839856	183.463918	312.588042
-22.823921	183.335728	312.369799
-22.807358	183.202487	312.142949
-22.790165	183.064194	311.907491
-22.772343	182.920850	311.663427
-22.753893	182.772453	311.410755
-22.734813	182.619005	311.149476
-22.715105	182.460505	310.879590
-22.694768	182.296954	310.601096
-22.673802	182.128350	310.313995
-22.652207	181.954695	310.018287
-22.629983	181.775988	309.713972
-22.607130	181.592230	309.401050
-22.583648	181.403420	309.079520
-22.559538	181.209558	308.749383
-22.534798	181.010644	308.410639
-22.509430	180.806679	308.063288
-22.483432	180.597662	307.707329
-22.456806	180.383593	307.342763
-22.429551	180.164472	306.969590
-22.401667	179.940300	306.587810
-22.373153	179.711076	306.197422
-22.344012	179.476801	305.798427
-22.314241	179.237473	305.390825
-22.283841	178.993094	304.974615
-22.252812	178.743663	304.549799
-22.238756	178.630671	304.357354
-22.224071	178.512626	304.156302
-22.208757	178.389530	303.946642
-22.192813	178.261382	303.728376
-22.176241	178.128182	303.501502
-22.159041	177.989931	303.266021
-22.141211	177.846628	303.021932
-22.122752	177.698273	302.769237
-22.103664	177.544866	302.507934
-22.083948	177.386408	302.238024
-22.063602	177.222898	301.959506
-22.042628	177.054337	301.672381
-22.021025	176.880724	301.376650
-21.998793	176.702059	301.072310
-21.975931	176.518342	300.759364
-21.952441	176.329574	300.437810
-21.928322	176.135754	300.107649
-21.903575	175.936883	299.768881
-21.878198	175.732959	299.421505
-21.852192	175.523985	299.065522
-21.825557	175.309958	298.700932
-21.798294	175.090880	298.327735
-21.770401	174.866750	297.945930
-21.741880	174.637568	297.555518
-21.712730	174.403335	297.156499
-21.682950	174.164050	296.748873
-21.652542	173.919713	296.332639
-21.621505	173.670325	295.907798
-21.607445	173.557351	295.715343
-21.592756	173.439325	295.514280
-21.577438	173.316248	295.304609
-21.561492	173.188119	295.086332
-21.544916	173.054938	294.859447
-21.527711	172.916706	294.623955
-21.509878	172.773422	294.379856
-21.491415	172.625086	294.127149
-21.472324	172.471698	293.865836
-21.452603	172.313259	293.595914
-21.432254	172.149769	293.317386
-21.411276	171.981226	293.030250
-21.389669	171.807632	292.734507
-21.367433	171.628987	292.430157
-21.344568	171.445289	292.117200
-21.321074	171.256540	291.795635
-21.296951	171.062740	291.465463
-21.272200	170.863887	291.126684
-21.246819	170.659983	290.779297
-21.220810	170.451028	290.423303
-21.194171	170.237020	290.058702
-21.166904	170.017961	289.685494
-21.139008	169.793851	289.303678
-21.110482	169.564688	288.913255
-21.081328	169.330475	288.514225
-21.051545	169.091209	288.106587
-21.021133	168.846892	287.690342
-20.990092	168.597523	287.265490
-20.976031	168.484557	287.073030
-20.961340	168.366540	286.871962
-20.946020	168.243472	286.662287
-20.930072	168.115351	286.444004
-20.913494	167.982179	286.217115
-20.896288	167.843955	285.981618
-20.878453	167.700680	285.737513
-20.859989	167.552353	285.484802
-20.840896	167.398974	285.223483
-20.821173	167.240544	284.953557
-20.800823	167.077062	284.675024
-20.779843	166.908528	284.387883
-20.758234	166.734943	284.092135
-20.735996	166.556306	283.787780
-20.713129	166.372618	283.474817
-20.689634	166.183877	283.153248
-20.665509	165.990086	282.823070
-20.640756	165.791242	282.484286
-20.615374	165.587347	282.136894
-20.589362	165.378400	281.780896
-20.562722	165.164402	281.416289
-20.535453	164.945351	281.043076
-20.507555	164.721250	280.661255
-20.479028	164.492096	280.270827
-20.449872	164.257891	279.871792
-20.420087	164.018634	279.464149
-20.389674	163.774326	279.047899
-20.358631	163.524966	278.623042
-20.344569	163.412005	278.430579
-20.329877	163.293991	278.229509
-20.314557	163.170927	278.019832
-20.298607	163.042810	277.801547
-20.282029	162.909642	277.574655
-20.264822	162.771422	277.339156
-20.246986	162.628151	277.095049
-20.228521	162.479828	276.842336
-20.209427	162.326453	276.581014
-20.189704	162.168027	276.311086
-20.169353	162.004549	276.032550
-20.148372	161.836019	275.745407
-20.126762	161.662438	275.449657
-20.104524	161.483805	275.145300
-20.081656	161.300121	274.832335
-20.058160	161.111384	274.510763
-20.034035	160.917596	274.180583
-20.009281	160.718757	273.841797
-19.983897	160.514866	273.494403
-19.957885	160.305923	273.138402
-19.931244	160.091929	272.773793
-19.903974	159.872883	272.400577
-19.876076	159.648785	272.018754
-19.847548	159.419635	271.628324
-19.818391	159.185434	271.229286
-19.788606	158.946182	270.821641
-19.758191	158.701877	270.405389
-19.727148	158.452521	269.980530
-19.713085	158.339562	269.788066
-19.698393	158.221550	269.586995
-19.683072	158.098487	269.377316
-19.667123	157.970373	269.159031
-19.650544	157.837207	268.932138
-19.633337	157.698989	268.696637
-19.615500	157.555719	268.452530
-19.597035	157.407398	268.199815
-19.577941	157.254025	267.938493
-19.558217	157.095601	267.668563
-19.537865	156.932124	267.390026
-19.516884	156.763597	267.102882
-19.495274	156.590017	266.807131
-19.473035	156.411386	266.502773
-19.450168	156.227703	266.189807
-19.426671	156.038969	265.868234
-19.402545	155.845183	265.538053
-19.377791	155.646345	265.199266
-19.352407	155.442456	264.851871
-19.326395	155.233515	264.495868
-19.299753	155.019522	264.131259
-19.272483	154.800478	263.758042
-19.244584	154.576382	263.376218
-19.216056	154.347235	262.985786
-19.186899	154.113036	262.586748
-19.157113	153.873785	262.179102
-19.126698	153.629482	261.762848
-19.095654	153.380128	261.337988
-19.081591	153.267169	261.145523
-19.066899	153.149159	260.944452
-19.051578	153.026097	260.734773
-19.035628	152.897983	260.516487
-19.019050	152.764818	260.289593
-19.001842	152.626601	260.054092
-18.984005	152.483332	259.809984
-18.965540	152.335011	259.557269
-18.946445	152.181639	259.295946
-18.926722	152.023216	259.026017
-18.906370	151.859740	258.747479
-18.885389	151.691213	258.460335
-18.863778	151.517635	258.164583
-18.841549	151.338996	257.860228
-18.818753	151.155250	257.547294
-18.795444	150.966348	257.225806
-18.771679	150.772239	256.895789
-18.747516	150.572872	256.557268
-18.723012	150.368195	256.210271
-18.698229	150.158153	255.854825
-18.673229	149.942691	255.490958
-18.648074	149.721752	255.118699
-18.622829	149.495278	254.738076
-18.597562	149.263210	254.349121
-18.572339	149.025486	253.951863
-18.547230	148.782045	253.546334
-18.522306	148.532823	253.132567
-18.497638	148.277756	252.710593
-18.486835	148.161904	252.519644
-18.476395	148.040110	252.320537
-18.466354	147.912344	252.113288
-18.456748	147.778572	251.897913
-18.447615	147.638761	251.674429
-18.438994	147.492877	251.442855
-18.430925	147.340882	251.203207
-18.423451	147.182738	250.955506
-18.416615	147.018407	250.699770
-18.410463	146.847848	250.436021
-18.405040	146.671019	250.164279
-18.400395	146.487878	249.884565
-18.396577	146.298379	249.596902
-18.393637	146.102479	249.301312
-18.391626	145.900128	248.997820
-18.390600	145.691280	248.686448
-18.390612	145.475884	248.367222
-18.391720	145.253890	248.040167
-18.393981	145.025246	247.705309
-18.397455	144.789898	247.362674
-18.402203	144.547791	247.012290
-18.408287	144.298869	246.654183
-18.415770	144.043075	246.288383
-18.424718	143.780350	245.914918
-18.435197	143.510635	245.533818
-18.447276	143.233867	245.145113
-18.461023	142.949984	244.748832
-18.476509	142.658922	244.345009
-18.484117	142.527723	244.164097
-18.493568	142.389251	243.975688
-18.504898	142.243474	243.779796
-18.518140	142.090363	243.576437
-18.533331	141.929882	243.365625
-18.550509	141.761998	243.147379
-18.569714	141.586675	242.921714
-18.590987	141.403877	242.688649
-18.614369	141.213564	242.448202
-18.639904	141.015697	242.200391
-18.667637	140.810236	241.945235
-18.697614	140.597138	241.682755
-18.729883	140.376359	241.412971
-18.764494	140.147856	241.135904
-18.801495	139.911581	240.851574
-18.840940	139.667488	240.560004
-18.882882	139.415528	240.261217
-18.927375	139.155650	239.955235
-18.974474	138.887804	239.642082
-19.024238	138.611938	239.321781
-19.076725	138.327997	238.994357
-19.131995	138.035926	238.659834
-19.190109	137.735668	238.318238
-19.251130	137.427167	237.969595
-19.315121	137.110363	237.613930
-19.382150	136.785195	237.251270
-19.413337	136.636844	237.086895
-19.447658	136.480041	236.915563
-19.485144	136.314755	236.737288
-19.525828	136.140956	236.552084
-19.569744	135.958612	236.359962
-19.616927	135.767691	236.160939
-19.667415	135.568157	235.955027
-19.721246	135.359976	235.742242
-19.778459	135.143109	235.522600
-19.839096	134.917520	235.296115
-19.903199	134.683167	235.062805
-19.970811	134.440011	234.822685
-20.041978	134.188010	234.575774
-20.116744	133.927119	234.322087
-20.195159	133.657294	234.061644
-20.277271	133.378489	233.794461
-20.363129	133.090657	233.520559
-20.452786	132.793749	233.239954
-20.546294	132.487715	232.952667
-20.643707	132.172504	232.658717
-20.745080	131.848063	232.358124
-20.850470	131.514339	232.050907
-20.959935	131.171276	231.737088
-21.073533	130.818819	231.416686
-21.126027	130.657534	231.270975
-21.182743	130.486770	231.118712
-21.243708	130.306500	230.959907
-21.308954	130.116693	230.794569
-21.378512	129.917322	230.622710
-21.452413	129.708353	230.444339
-21.530693	129.489754	230.259468
-21.613386	129.261491	230.068108
-21.700528	129.023529	229.870271
-21.792157	128.775830	229.665969
-21.888313	128.518358	229.455213
-21.989034	128.251073	229.238017
-22.094363	127.973934	229.014394
-22.204343	127.686900	228.784355
-22.319017	127.389927	228.547914
-22.438430	127.082971	228.305085
-22.562628	126.765987	228.055881
-22.691660	126.438927	227.800315
-22.825574	126.101743	227.538402
-22.964420	125.754386	227.270156
-23.108249	125.396804	226.995590
-23.257113	125.028945	226.714719
-23.411067	124.650756	226.427557
-23.480515	124.481138	226.299467
-23.555131	124.301112	226.165107
-23.634941	124.110649	226.024483
-23.719972	123.909724	225.877603
-23.810252	123.698309	225.724471
-23.905810	123.476372	225.565097
-24.006676	123.243884	225.399487
-24.112883	123.000813	225.227648
-24.224463	122.747123	225.049587
-24.341451	122.482782	224.865314
-24.463882	122.207752	224.674834
-24.591791	121.921996	224.478157
-24.725218	121.625475	224.275289
-24.864201	121.318149	224.066240
-25.008779	120.999978	223.851016
-25.158995	120.670917	223.629626
-25.314678	120.330933	223.402097
-25.475534	119.979997	223.168466
-25.641272	119.618079	222.928771
-25.811606	119.245146	222.683051
-25.986208	118.861168	222.431348
-26.065378	118.686005	222.317112
-26.148957	118.499721	222.196899
-26.236636	118.302308	222.070745
-26.328125	118.093756	221.938683
-26.423134	117.874055	221.800747
-26.521362	117.643193	221.656971
-26.622507	117.401157	221.507393
-26.726261	117.147934	221.352049
-26.832285	116.883512	221.190979
-26.940227	116.607877	221.024227
-27.049760	116.321014	220.851833
-27.160563	116.022906	220.673837
-27.272335	115.713535	220.490280
-27.384743	115.392881	220.301203
-27.497429	115.060928	220.106654
-27.610056	114.717654	219.906677
-27.722263	114.363041	219.701320
-27.833707	113.997066	219.490629
-27.944063	113.619705	219.274650
-28.053024	113.230934	219.053427
-28.160298	112.830724	218.827003
-28.265588	112.419046	218.595422
-28.368604	111.995873	218.358730
-28.412929	111.804335	218.252200
-28.457525	111.601099	218.140317
-28.502309	111.386147	218.023095
-28.547199	111.159460	217.900549
-28.592122	110.921019	217.772693
-28.637003	110.670800	217.639542
-28.681768	110.408782	217.501112
-28.726344	110.134940	217.357416
-28.770660	109.849248	217.208470
-28.814644	109.551682	217.054290
-28.858230	109.242212	216.894891
-28.901355	108.920810	216.730287
-28.943955	108.587446	216.560494
-28.985972	108.242087	216.385527
-29.027350	107.884701	216.205401
-29.068041	107.515254	216.020129
-29.107988	107.133710	215.829728
-29.147138	106.740032	215.634211
-29.185441	106.334183	215.433594
-29.222852	105.916125	215.227890
-29.259333	105.485815	215.017114
-29.294843	105.043212	214.801280
-29.310061	104.842526	214.703844
-29.325952	104.629394	214.601182
-29.342412	104.403800	214.493310
-29.359342	104.165725	214.380242
-29.376649	103.915152	214.261994
-29.394243	103.652061	214.138579
-29.412034	103.376429	214.010013
-29.429939	103.088235	213.876310
-29.447876	102.787453	213.737483
-29.465766	102.474060	213.593546
-29.483536	102.148028	213.444513
-29.501114	101.809328	213.290396
-29.518431	101.457933	213.131208
-29.535419	101.093812	212.966963
-29.552008	100.716932	212.797674
-29.568140	100.327262	212.623351
-29.583756	99.924766	212.444008
-29.598800	99.509408	212.259655
-29.613220	99.081153	212.070304
-29.626966	98.639962	211.875966
-29.639995	98.185794	211.676649
-29.645375	97.980977	211.587090
-29.651352	97.763051	211.492407
-29.657826	97.532002	211.392616
-29.664698	97.287812	211.287730
-29.671871	97.030465	211.177762
-29.679255	96.759942	211.062723
-29.686762	96.476221	210.942628
-29.694308	96.179282	210.817486
-29.701814	95.869100	210.687310
-29.709205	95.545653	210.552110
-29.716412	95.208913	210.411896
-29.723375	94.858853	210.266678
-29.730029	94.495445	210.116463
-29.736309	94.118660	209.961262
-29.742154	93.728466	209.801083
-29.747507	93.324831	209.635935
-29.752316	92.907723	209.465824
-29.756531	92.477105	209.290759
-29.760103	92.032943	209.110744
-29.762983	91.575198	208.925788
-29.761535	91.367713	208.842437
-29.755181	91.146806	208.754648
-29.744051	90.912485	208.662393
-29.728281	90.664771	208.565633
-29.707997	90.403689	208.464331
-29.683311	90.129264	208.358451
-29.654327	89.841519	208.247956
-29.621148	89.540482	208.132810
-29.583871	89.226179	208.012975
-29.542578	88.898638	207.888416
-29.497347	88.557883	207.759099
-29.448263	88.203939	207.624987
-29.395414	87.836827	207.486047
-29.338881	87.456568	207.342243
-29.278708	87.063180	207.193547
-29.214933	86.656683	207.039930
-29.147599	86.237091	206.881364
-29.076757	85.804417	206.717820
-29.002462	85.358673	206.549268
-28.924764	84.899868	206.375681
-28.889303	84.693395	206.297507
-28.849770	84.473572	206.214484
-28.806300	84.240450	206.126562
-28.759023	83.994079	206.033694
-28.708068	83.734511	205.935831
-28.653547	83.461798	205.832925
-28.595571	83.175994	205.724928
-28.534233	82.877150	205.611795
-28.469599	82.565318	205.493484
-28.401745	82.240546	205.369952
-28.330737	81.902883	205.241159
-28.256621	81.552375	205.107065
-28.179463	81.189069	204.967629
-28.099332	80.813009	204.822811
-28.016300	80.424238	204.672569
-27.930443	80.022796	204.516861
-27.841836	79.608725	204.355645
-27.750562	79.182066	204.188878
-27.656694	78.742861	204.016518
-27.560308	78.291147	203.838523
-27.516879	78.087185	203.757818
-27.469781	77.870061	203.671859
-27.419146	77.639853	203.580589
-27.365085	77.396634	203.483955
-27.307685	77.140485	203.381905
-27.247027	76.871481	203.274390
-27.183210	76.589701	203.161354
-27.116346	76.295220	203.042744
-27.046540	75.988115	202.918504
-26.973885	75.668460	202.788583
-26.898492	75.336327	202.652926
-26.820477	74.991787	202.511478
-26.739945	74.634913	202.364186
-26.657003	74.265773	202.210996
-26.571753	73.884438	202.051855
-26.484261	73.490976	201.886714
-26.394597	73.085456	201.715525
-26.302813	72.667949	201.538241
-26.208962	72.238524	201.354813
-26.113087	71.797251	201.165196
-26.069608	71.595919	201.078161
-26.022857	71.381715	200.985441
-25.972986	71.154739	200.886969
-25.920140	70.915095	200.782682
-25.864438	70.662886	200.672518
-25.805992	70.398216	200.556415
-25.744918	70.121188	200.434312
-25.681324	69.831906	200.306148
-25.615332	69.530474	200.171860
-25.547054	69.216995	200.031386
-25.476584	68.891570	199.884667
-25.403989	68.554301	199.731647
-25.329339	68.205288	199.572270
-25.252710	67.844633	199.406480
-25.174187	67.472435	199.234218
-25.093862	67.088789	199.055427
-25.011825	66.693791	198.870051
-24.928166	66.287535	198.678032
-24.842977	65.870114	198.479314
-24.756329	65.441622	198.273842
-24.668292	65.002146	198.061565
-24.629015	64.804203	197.965253
-24.587185	64.593773	197.862750
-24.542941	64.370989	197.753988
-24.496395	64.135982	197.638901
-24.447664	63.888886	197.517422
-24.396858	63.629832	197.389485
-24.344079	63.358955	197.255024
-24.289422	63.076388	197.113974
-24.232976	62.782262	196.966271
-24.174838	62.476708	196.811852
-24.115100	62.159857	196.650652
-24.053855	61.831836	196.482608
-23.991178	61.492776	196.307659
-23.927146	61.142807	196.125743
-23.861828	60.782055	195.936800
-23.795276	60.410648	195.740771
-23.727527	60.028709	195.537603
-23.658613	59.636361	195.327241
-23.588569	59.233724	195.109632
-23.517451	58.820912	194.884720
-23.445300	58.398039	194.652456
-23.412598	58.204524	194.545299
-23.378005	57.999035	194.431445
-23.341598	57.781734	194.310828
-23.303459	57.552785	194.183382
-23.263660	57.312347	194.049041
-23.222262	57.060584	193.907741
-23.179320	56.797658	193.759418
-23.134891	56.523732	193.604008
-23.089022	56.238966	193.441449
-23.041754	55.965245	193.265364
-22.993125	55.702438	193.075802
-22.943173	55.450426	192.872807
-22.891938	55.209110	192.656418
-22.841841	54.978327	192.426404
-22.792756	54.758014	192.182811
-22.744562	54.548115	191.925680
-22.697149	54.348588	191.655045
-22.650408	54.159409	191.370934
-22.604240	53.980569	191.073369
-22.558545	53.812075	190.762368
-22.513230	53.653938	190.437942
-22.468202	53.506188	190.100100
-22.423380	53.368881	189.748838
-22.378681	53.242090	189.384149
-22.334028	53.125896	189.006021
-22.289347	53.020397	188.614435
-22.244573	52.925712	188.209366
-22.199649	52.841976	187.790782
-22.154517	52.769332	187.358645
-22.109125	52.707917	186.912920
-22.061188	52.657943	186.453812
-22.013017	52.619481	185.981023
-21.964557	52.592683	185.494508
-21.941873	52.586053	185.272154
-21.916831	52.591538	185.036177
-21.889492	52.609226	184.786542
-21.859903	52.639196	184.523211
-21.828124	52.681531	184.246146
-21.794212	52.736310	183.955308
-21.758223	52.803611	183.650656
-21.720213	52.883489	183.332155
-21.680246	52.975970	182.999776
-21.638365	53.081079	182.653489
-21.594605	53.198810	182.293277
-21.548993	53.329123	181.919127
-21.501565	53.471942	181.531039
-21.452355	53.627145	181.129022
-21.401397	53.794573	180.713097
-21.348691	53.974057	180.283289
-21.294268	54.165380	179.839634
-21.269361	54.255466	179.636499
-21.242414	54.357393	179.419515
-21.213494	54.470935	179.188730
-21.182655	54.595835	178.944201
-21.149950	54.731796	178.685996
-21.115439	54.878471	178.414198
-21.079167	55.035444	178.128912
-21.041201	55.202253	177.830254
-21.001599	55.378388	177.518357
-20.960420	55.563320	177.193362
-20.917708	55.756460	176.855426
-20.873518	55.957172	176.504727
-20.827885	56.164771	176.141457
-20.780851	56.378524	175.765829
-20.732443	56.597677	175.378063
-20.682691	56.821442	174.978394
-20.631626	57.048966	174.567078
-20.579277	57.279375	174.144385
-20.525680	57.511749	173.710600
-20.501415	57.615065	173.513783
-20.475460	57.722712	173.305124
-20.447853	57.834058	173.084823
-20.418636	57.948464	172.853079
-20.387837	58.065277	172.610103
-20.355498	58.183867	172.356095
-20.321653	58.303583	172.091264
-20.286335	58.423792	171.815816
-20.249568	58.543879	171.529952
-20.211380	58.663223	171.233877
-20.171799	58.781211	170.927795
-20.130843	58.897259	170.611902
-20.088528	58.995898	170.291534
-20.044863	59.077590	169.966549
-19.999854	59.142789	169.636802
-19.953508	59.191940	169.302152
-19.905829	59.225480	168.962458
-19.856818	59.243833	168.617582
-19.806467	59.247418	168.267389
-19.754783	59.236641	167.911742
-19.701772	59.211898	167.550510
-19.647430	59.173575	167.183562
-19.591751	59.122047	166.810773
-19.534728	59.057681	166.432017
-19.476348	58.980833	166.047173
-19.416590	58.891851	165.656125
-19.355435	58.791072	165.258757
-19.292879	58.678825	164.854954
-19.228916	58.555429	164.444605
-19.163543	58.421195	164.027601
-19.096754	58.276423	163.603837
-19.028541	58.121403	163.173209
-18.958890	57.956417	162.735620
-18.887790	57.781739	162.290972
-18.815228	57.597633	161.839173
-18.782349	57.511805	161.635329
-18.747390	57.416527	161.424411
-18.710377	57.312071	161.206319
-18.671340	57.198697	160.980956
-18.630308	57.076660	160.748227
-18.587308	56.946204	160.508040
-18.542369	56.807565	160.260308
-18.495515	56.660970	160.004945
-18.446768	56.506638	159.741869
-18.396157	56.344780	159.471001
-18.343710	56.175600	159.192263
-18.289446	55.999292	158.905583
-18.233386	55.816046	158.610890
-18.175561	55.626047	158.308112
-18.116001	55.429470	157.997184
-18.054734	55.226485	157.678041
-17.991794	55.017253	157.350619
-17.927211	54.801932	157.014860
-17.861015	54.580673	156.670704
-17.793234	54.353625	156.318095
-17.723897	54.120928	155.956979
-17.653031	53.882720	155.587303
-17.580662	53.639132	155.209017
-17.506809	53.390294	154.822074
-17.431495	53.136328	154.426425
-17.354741	52.877351	154.022028
-17.276569	52.613478	153.608839
-17.241448	52.494887	153.422553
-17.204127	52.369086	153.228351
-17.164693	52.236279	153.026155
-17.123232	52.096662	152.815884
-17.079831	51.950427	152.597462
-17.034576	51.797755	152.370817
-16.987551	51.638822	152.135877
-16.938836	51.473795	151.892575
-16.888504	51.302836	151.640846
-16.836626	51.126098	151.380628
-16.783265	50.943730	151.111865
-16.728477	50.755873	150.834498
-16.672315	50.562666	150.548476
-16.614830	50.364239	150.253746
-16.556064	50.160720	149.950259
-16.496063	49.952231	149.637970
-16.434867	49.738890	149.316832
-16.372522	49.520810	148.986801
-16.309067	49.298099	148.647837
-16.244542	49.070864	148.299898
-16.178986	48.839201	147.942946
-16.112439	48.603210	147.576945
-16.044937	48.362981	147.201859
-15.976516	48.118605	146.817653
-15.907214	47.870167	146.424295
-15.837071	47.617750	146.021752
-15.766127	47.361434	145.609994
-15.734059	47.245110	145.421738
-15.700557	47.122354	145.225157
-15.665698	46.993350	145.020181
-15.629558	46.858274	144.806743
-15.592218	46.717295	144.584780
-15.553755	46.570575	144.354228
-15.514242	46.418270	144.115028
-15.473744	46.260529	143.867125
-15.432325	46.097494	143.610464
-15.390035	45.929306	143.344993
-15.346923	45.756095	143.070664
-15.303034	45.577988	142.787431
-15.258403	45.395106	142.495250
-15.213064	45.207566	142.194079
-15.167612	45.015461	141.883824
-15.121996	44.818901	141.564454
-15.076173	44.617992	141.235939
-15.030100	44.412833	140.898253
-14.983734	44.203522	140.551368
-14.937039	43.990149	140.195258
-14.889977	43.772804	139.829898
-14.842511	43.551571	139.455267
-14.794607	43.326531	139.071341
-14.746234	43.097763	138.678098
-14.697361	42.865342	138.275518
-14.647958	42.629341	137.863580
-14.598001	42.389830	137.442266
-14.547466	42.146877	137.011557
-14.524910	42.038226	136.817428
-14.501696	41.923635	136.614678
-14.477807	41.803280	136.403255
-14.453225	41.677331	136.183108
-14.427964	41.545948	135.954183
-14.402050	41.409286	135.716431
-14.375509	41.267494	135.469802
-14.348363	41.120696	135.214255
-14.320629	40.968976	134.949761
-14.292321	40.812416	134.676293
-14.263447	40.651096	134.393824
-14.234015	40.485102	134.102328
-14.204031	40.314514	133.801777
-14.173503	40.139416	133.492145
-14.142433	39.959886	133.173407
-14.110821	39.776018	132.845534
-14.078671	39.587915	132.508494
-14.045985	39.395666	132.162259
-14.012764	39.199353	131.806803
-13.979009	38.999055	131.442101
-13.944724	38.794850	131.068131
-13.909915	38.586811	130.684868
-13.874573	38.375012	130.292292
-13.838692	38.159527	129.890379
-13.802270	37.940424	129.479110
-13.765304	37.717769	129.058465
-13.727794	37.491623	128.628425
-13.689741	37.262045	128.188973
-13.672725	37.159343	127.991077
-13.655564	37.050782	127.784430
-13.638233	36.936510	127.568991
-13.620711	36.816666	127.344720
-13.602986	36.691382	127.111579
-13.585043	36.560781	126.869533
-13.566869	36.424996	126.618543
-13.548450	36.284146	126.358577
-13.529775	36.138343	126.089601
-13.510827	35.987694	125.811585
-13.491587	35.832310	125.524499
-13.472037	35.672296	125.228313
-13.452157	35.507760	124.922997
-13.431930	35.338804	124.608523
-13.411328	35.165533	124.284863
-13.390324	34.988059	123.951988
-13.368896	34.806486	123.609868
-13.347021	34.620905	123.258481
-13.324673	34.431400	122.897803
-13.301829	34.238052	122.527815
-13.278469	34.040932	122.148496
-13.254570	33.840119	121.759828
-13.230108	33.635685	121.361792
-13.205054	33.427699	120.954370
-13.179384	33.216221	120.537548
-13.153079	33.001313	120.111311
-13.126120	32.783039	119.675642
-13.098487	32.561447	119.230530
-13.086016	32.462456	119.030417
-13.073591	32.357685	118.821452
-13.061151	32.247286	118.603599
-13.048639	32.131402	118.376823
-13.036009	32.010169	118.141092
-13.023215	31.883726	117.896372
-13.010215	31.752206	117.642630
-12.996972	31.615724	117.379837
-12.983449	31.474396	117.107965
-12.969603	31.328333	116.826987
-12.955391	31.177648	116.536877
-12.940773	31.022450	116.237608
-12.925707	30.862841	115.929156
-12.910151	30.698921	115.611499
-12.894059	30.530791	115.284612
-12.877384	30.358562	114.948471
-12.860086	30.182337	114.603053
-12.842127	30.002208	114.248334
-12.823469	29.818267	113.884296
-12.804083	29.630597	113.510917
-12.783939	29.439286	113.128178
-12.763008	29.244421	112.736058
-12.741264	29.046086	112.334538
-12.718678	28.844365	111.923597
-12.695227	28.639339	111.503218
-12.670891	28.431094	111.073379
-12.645646	28.219711	110.634061
-12.619469	28.005261	110.185249
-12.607528	27.909549	109.983515
-12.595489	27.808277	109.772823
-12.583286	27.701619	109.553134
-12.570859	27.589748	109.324411
-12.558158	27.472824	109.086617
-12.545137	27.351004	108.839717
-12.531747	27.224436	108.583677
-12.517951	27.093252	108.318468
-12.503710	26.957579	108.044060
-12.488984	26.817550	107.760423
-12.473733	26.673297	107.467529
-12.457916	26.524945	107.165350
-12.441490	26.372616	106.853858
-12.424418	26.216428	106.533028
-12.406652	26.056501	106.202835
-12.388145	25.892960	105.863253
-12.373186	25.735968	105.552732
-12.361781	25.585494	105.271277
-12.353936	25.441503	105.018896
-12.349661	25.303955	104.795597
-12.348964	25.172804	104.601389
-12.351856	25.047999	104.436282
-12.358288	24.929371	104.299823
-12.367578	24.815650	104.186437
-12.379177	24.705828	104.091638
-12.392636	24.599109	104.011814
-12.407592	24.494869	103.944059
-12.423746	24.392602	103.886036
-12.440851	24.291911	103.835863
-12.458705	24.192485	103.792028
-12.477142	24.094078	103.753312
-12.496029	23.996509	103.718732
-12.515253	23.899640	103.687495
-12.534723	23.803363	103.658963
-12.554360	23.707598	103.632623
-12.574099	23.612287	103.608059
-12.593882	23.517391	103.584938
-12.613659	23.422886	103.562988
-12.633389	23.328761	103.541992
-12.653034	23.235006	103.521772
-12.672561	23.141621	103.502186
-12.691941	23.048604	103.483121
-12.711150	22.955959	103.464485
-12.730165	22.863688	103.446202
-12.748964	22.771795	103.428213
-12.767530	22.680285	103.410470
-12.785846	22.589162	103.392935
-12.803902	22.498425	103.375577
-12.821688	22.408074	103.358373
-12.839197	22.318109	103.341301
-12.856420	22.228528	103.324348
-12.873350	22.139331	103.307501
-12.889980	22.050515	103.290751
-12.906304	21.962080	103.274090
-12.922316	21.874022	103.257514
-12.938010	21.786340	103.241016
-12.953382	21.699030	103.224595
-12.968426	21.612090	103.208249
-12.983138	21.525517	103.191975
-12.997515	21.439307	103.175772
-13.011551	21.353457	103.159641
-13.025245	21.267964	103.143580
-13.038593	21.182823	103.127590
-13.051591	21.098031	103.111672
-13.064238	21.013584	103.095825
-13.076530	20.929477	103.080050
-13.088467	20.845708	103.064348
-13.100046	20.762271	103.048719
-13.111265	20.679164	103.033165
-13.122124	20.596383	103.017685
-13.132622	20.513923	103.002281
-13.142757	20.431783	102.986953
-13.152530	20.349958	102.971702
-13.161940	20.268446	102.956527
-13.170987	20.187244	102.941431
-13.179672	20.106350	102.926412
-13.187995	20.025760	102.911472
-13.195958	19.945474	102.896611
-13.203560	19.865488	102.881828
-13.210804	19.785802	102.867124
-13.217691	19.706414	102.852499
-13.224223	19.627322	102.837953
-13.230402	19.548527	102.823486
-13.236230	19.470026	102.809097
-13.241709	19.391819	102.794786
-13.246842	19.313906	102.780553
-13.251632	19.236287	102.766398
-13.256081	19.158961	102.752320
-13.260193	19.081929	102.738319
-13.263971	19.005191	102.724393
-13.267419	18.928748	102.710543
-13.270539	18.852600	102.696768
-13.273336	18.776748	102.683067
-13.275814	18.701193	102.669439
-13.277975	18.625936	102.655884
-13.279826	18.550978	102.642400
-13.281369	18.476321	102.628988
-13.282609	18.401966	102.615645
-13.283552	18.327913	102.602371
-13.284200	18.254166	102.589165
-13.284559	18.180725	102.576027
-13.284633	18.107591	102.562955
-13.284427	18.034768	102.549947
-13.283945	17.962255	102.537005
-13.283192	17.890056	102.524125
-13.282171	17.818172	102.511308
-13.280888	17.746604	102.498553
-13.279347	17.675354	102.485858
-13.277552	17.604425	102.473222
-13.275508	17.533817	102.460646
-13.273219	17.463534	102.448126
-13.270690	17.393575	102.435664
-13.267925	17.323944	102.423257
-13.264929	17.254641	102.410906
-13.261706	17.185669	102.398608
-13.258260	17.117028	102.386364
-13.254596	17.048721	102.374171
-13.250719	16.980749	102.362031
-13.246632	16.913114	102.349940
-13.242340	16.845816	102.337900
-13.237848	16.778856	102.325909
-13.233159	16.712238	102.313965
-13.228278	16.645960	102.302070
-13.223209	16.580025	102.290221
-13.217957	16.514433	102.278418
-13.212525	16.449185	102.266660
-13.206918	16.384283	102.254946
-13.201139	16.319726	102.243277
-13.195193	16.255516	102.231651
-13.189084	16.191653	102.220067
-13.182816	16.128137	102.208526
-13.176393	16.064969	102.197026
-13.169819	16.002149	102.185567
-13.163098	15.939678	102.174148
-13.156234	15.877555	102.162769
-13.149232	15.815781	102.151429
-13.142095	15.754356	102.140127
-13.134827	15.693280	102.128864
-13.127433	15.632553	102.117638
-13.119916	15.572175	102.106449
-13.112281	15.512146	102.095297
-13.104531	15.452466	102.084181
-13.096670	15.393135	102.073100
-13.088703	15.334151	102.062054
-13.080633	15.275516	102.051043
-13.072463	15.217228	102.040067
-13.064198	15.159286	102.029124
-13.055840	15.101690	102.018215
-13.047393	15.044438	102.007339
-13.038861	14.987530	101.996496
-13.030247	14.930964	101.985686
-13.021553	14.874740	101.974908
-13.012783	14.818855	101.964163
-13.003940	14.763308	101.953450
-12.995027	14.708097	101.942769
-12.986046	14.653222	101.932120
-12.977000	14.598679	101.921503
-12.967892	14.544468	101.910918
-12.958724	14.490586	101.900364
-12.949499	14.437032	101.889842
-12.940220	14.383804	101.879351
-12.930887	14.330899	101.868892
-12.921505	14.278315	101.858464
-12.912074	14.226051	101.848068
-12.902597	14.174105	101.837703
-12.893076	14.122473	101.827369
-12.883513	14.071154	101.817067
-12.873910	14.020145	101.806797
-12.864269	13.969445	101.796558
-12.854591	13.919051	101.786350
-12.844878	13.868960	101.776175
-12.835131	13.819171	101.766030
-12.825354	13.769681	101.755918
-12.815545	13.720487	101.745838
-12.805709	13.671587	101.735789
-12.795845	13.622979	101.725772
-12.785955	13.574661	101.715787
-12.776041	13.526630	101.705835
-12.766104	13.478883	101.695914
-12.756146	13.431418	101.686026
-12.746166	13.384234	101.676170
-12.736167	13.337326	101.666346
-12.726150	13.290694	101.656555
-12.716116	13.244335	101.646797
-12.706066	13.198246	101.637071
-12.696001	13.152426	101.627378
-12.685922	13.106871	101.617717
-12.675830	13.061580	101.608089
-12.665726	13.016550	101.598495
-12.655611	12.971779	101.588933
-12.645486	12.927265	101.579404
-12.635352	12.883005	101.569909
-12.625209	12.838997	101.560446
-12.615058	12.795240	101.551017
-12.604901	12.751731	101.541621
-12.594737	12.708468	101.532259
-12.584568	12.665448	101.522930
-12.574394	12.622670	101.513634
-12.564217	12.580132	101.504372
-12.554036	12.537831	101.495143
-12.543852	12.495766	101.485948
-12.533666	12.453934	101.476787
-12.523478	12.412334	101.467659
-12.513290	12.370964	101.458565
-12.503101	12.329822	101.449505
-12.492912	12.288906	101.440479
-12.482724	12.248214	101.431486
-12.472537	12.207744	101.422527
-12.462352	12.167495	101.413602
-12.452169	12.127464	101.404711
-12.441988	12.087651	101.395854
-12.431810	12.048053	101.387030
-12.421636	12.008669	101.378240
-12.411465	11.969496	101.369484
-12.401298	11.930534	101.360763
-12.391136	11.891781	101.352074
-12.380979	11.853235	101.343420
-12.370826	11.814894	101.334800
-12.360679	11.776758	101.326213
-12.350538	11.738824	101.317661
-12.340403	11.701090	101.309142
-12.330274	11.663557	101.300657
-12.320152	11.626221	101.292206
-12.310036	11.589081	101.283788
-12.299928	11.552137	101.275404
-12.289827	11.515387	101.267054
-12.279733	11.478828	101.258738
-12.269648	11.442461	101.250456
-12.259570	11.406283	101.242207
-12.249501	11.370293	101.233991
-12.239441	11.334490	101.225809
-12.229389	11.298873	101.217661
-12.219347	11.263441	101.209546
-12.209314	11.228192	101.201465
-12.199290	11.193126	101.193416
-12.189277	11.158241	101.185401
-12.179273	11.123537	101.177419
-12.169280	11.089012	101.169470
-12.159298	11.054665	101.161554
-12.149326	11.020496	101.153671
-12.139366	10.986503	101.145821
-12.129417	10.952686	101.138004
-12.119480	10.919044	101.130219
-12.109554	10.885576	101.122466
-12.099641	10.852281	101.114746
-12.089740	10.819158	101.107058
-12.079852	10.786206	101.099403
-12.069977	10.753424	101.091779
-12.060114	10.720813	101.084188
-12.050265	10.688370	101.076628
-12.040430	10.656095	101.069101
-12.030608	10.623987	101.061605
-12.020801	10.592045	101.054140
-12.011008	10.560268	101.046707
-12.001229	10.528656	101.039306
-11.991465	10.497207	101.031936
-11.981715	10.465921	101.024597
-11.971981	10.434796	101.017289
-11.962261	10.403832	101.010013
-11.952558	10.373027	101.002768
-11.942870	10.342381	100.995553
-11.933197	10.311892	100.988370
-11.923541	10.281560	100.981217
-11.913900	10.251382	100.974095
-11.904276	10.221359	100.967003
-11.894669	10.191489	100.959943
-11.885079	10.161771	100.952912
-11.875505	10.132204	100.945913
-11.865948	10.102787	100.938943
-11.856409	10.073519	100.932004
-11.846888	10.044399	100.925095
-11.837384	10.015426	100.918216
-11.827898	9.986598	100.911368
-11.818430	9.957916	100.904549
-11.808980	9.929376	100.897760
-11.799549	9.900980	100.891001
-11.790136	9.872725	100.884272
-11.780742	9.844611	100.877572
-11.771367	9.816636	100.870902
-11.762011	9.788800	100.864262
-11.752675	9.761101	100.857651
-11.743358	9.733539	100.851069
-11.734060	9.706112	100.844517
-11.724781	9.678820	100.837994
-11.715523	9.651662	100.831500
-11.706285	9.624636	100.825035
-11.697066	9.597742	100.818599
-11.687868	9.570979	100.812192
-11.678690	9.544345	100.805814
-11.669532	9.517842	100.799464
-11.660395	9.491466	100.793143
-11.651279	9.465219	100.786850
-11.642184	9.439098	100.780586
-11.633109	9.413104	100.774350
-11.624055	9.387235	100.768142
-11.615022	9.361491	100.761963
-11.606011	9.335871	100.755811
-11.597020	9.310375	100.749687
-11.588051	9.285001	100.743591
-11.579104	9.259749	100.737523
-11.570178	9.234619	100.731482
-11.561273	9.209608	100.725469
-11.552390	9.184718	100.719484
-11.543529	9.159946	100.713525
-11.534690	9.135293	100.707594
-11.525872	9.110757	100.701690
-11.517077	9.086338	100.695813
-11.508303	9.062034	100.689963
-11.499552	9.037846	100.684140
-11.490822	9.013773	100.678343
-11.482115	8.989813	100.672574
-11.473430	8.965966	100.666831
-11.464767	8.942232	100.661114
-11.456127	8.918609	100.655424
-11.447509	8.895097	100.649760
-11.438913	8.871695	100.644122
-11.430340	8.848403	100.638511
-11.421789	8.825221	100.632925
-11.413260	8.802146	100.627366
-11.404755	8.779180	100.621832
-11.396272	8.756321	100.616324
-11.387811	8.733569	100.610841
-11.379373	8.710923	100.605384
-11.370958	8.688383	100.599953
-11.362565	8.665948	100.594547
-11.354195	8.643617	100.589166
-11.345847	8.621391	100.583810
-11.337523	8.599268	100.578479
-11.329220	8.577247	100.573173
-11.320941	8.555329	100.567892
-11.312684	8.533513	100.562636
-11.304450	8.511798	100.557404
-11.296238	8.490183	100.552198
-11.288049	8.468669	100.547015
-11.279883	8.447254	100.541857
-11.271739	8.425938	100.536723
-11.263618	8.404720	100.531613
-11.255520	8.383601	100.526528
-11.247444	8.362579	100.521466
-11.239390	8.341654	100.516429
-11.231359	8.320826	100.511415
-11.223351	8.300093	100.506425
-11.215365	8.279457	100.501458
-11.207401	8.258916	100.496515
-11.199460	8.238470	100.491596
-11.191541	8.218118	100.486699
-11.183645	8.197861	100.481826
-11.175771	8.177697	100.476976
-11.167919	8.157626	100.472149
-11.160089	8.137648	100.467345
-11.152282	8.117762	100.462564
-11.144496	8.097967	100.457806
-11.136733	8.078265	100.453070
-11.128992	8.058653	100.448357
-11.121273	8.039132	100.443667
-11.113576	8.019701	100.438998
-11.105900	8.000360	100.434352
-11.098247	7.981109	100.429728
-11.090616	7.961947	100.425127
-11.083006	7.942874	100.420547
-11.075418	7.923890	100.415989
-11.067852	7.904993	100.411453
-11.060307	7.886185	100.406938
-11.052785	7.867464	100.402446
-11.045283	7.848829	100.397974
-11.037804	7.830282	100.393525
-11.030345	7.811821	100.389096
-11.022909	7.793446	100.384689
-11.015493	7.775157	100.380303
-11.008099	7.756953	100.375938
-11.000726	7.738834	100.371594
-10.993374	7.720799	100.367270
-10.986043	7.702849	100.362968
-10.978734	7.684984	100.358686
-10.971445	7.667202	100.354425
-10.964177	7.649503	100.350185
-10.956929	7.631888	100.345964
-10.949701	7.614356	100.341765
-10.942494	7.596906	100.337585
-10.935306	7.579538	100.333426
-10.928138	7.562253	100.329287
-10.920989	7.545049	100.325168
-10.913860	7.527927	100.321070
-10.906749	7.510886	100.316991
-10.899657	7.493926	100.312932
-10.892583	7.477047	100.308893
-10.885528	7.460248	100.304873
-10.878491	7.443529	100.300873
-10.871471	7.426890	100.296893
-10.864469	7.410331	100.292932
-10.857484	7.393850	100.288991
-10.850517	7.377449	100.285070
-10.843566	7.361127	100.281167
-10.836632	7.344883	100.277284
-10.829714	7.328717	100.273420
-10.822812	7.312629	100.269575
-10.815927	7.296619	100.265749
-10.809058	7.280686	100.261942
-10.802204	7.264831	100.258154
-10.795365	7.249052	100.254385
-10.788543	7.233350	100.250635
-10.781735	7.217724	100.246903
-10.774942	7.202175	100.243190
-10.768164	7.186701	100.239495
-10.761402	7.171302	100.235819
-10.754654	7.155980	100.232161
-10.747921	7.140732	100.228522
-10.741202	7.125559	100.224901
-10.734499	7.110461	100.221297
-10.727810	7.095436	100.217712
-10.721137	7.080486	100.214145
-10.714478	7.065610	100.210595
-10.707834	7.050808	100.207064
-10.701205	7.036078	100.203550
-10.694592	7.021422	100.200053
-10.687993	7.006839	100.196574
-10.681410	6.992328	100.193112
-10.674842	6.977889	100.189668
-10.668290	6.963522	100.186240
-10.661753	6.949227	100.182830
-10.655231	6.935003	100.179437
-10.648725	6.920851	100.176061
-10.642234	6.906769	100.172701
-10.635759	6.892758	100.169359
-10.629299	6.878817	100.166033
-10.622854	6.864946	100.162724
-10.616424	6.851145	100.159431
-10.610010	6.837414	100.156155
-10.603611	6.823752	100.152895
-10.597227	6.810159	100.149651
-10.590858	6.796635	100.146424
-10.584504	6.783179	100.143213
-10.578166	6.769792	100.140018
-10.571842	6.756472	100.136839
-10.565532	6.743220	100.133676
-10.559238	6.730035	100.130529
-10.552958	6.716918	100.127398
-10.546693	6.703867	100.124282
-10.540443	6.690883	100.121182
-10.534207	6.677965	100.118098
-10.527985	6.665113	100.115030
-10.521778	6.652327	100.111976
-10.515585	6.639606	100.108939
-10.509407	6.626950	100.105916
-10.503242	6.614359	100.102909
-10.497092	6.601832	100.099918
-10.490956	6.589370	100.096941
-10.484835	6.576971	100.093979
-10.478727	6.564635	100.091033
-10.472634	6.552363	100.088101
-10.466556	6.540153	100.085185
-10.460491	6.528007	100.082283
-10.454442	6.515922	100.079395
-10.448407	6.503899	100.076523
-10.442387	6.491939	100.073665
-10.436381	6.480039	100.070821
-10.430391	6.468201	100.067992
-10.424415	6.456423	100.065177
-10.418454	6.444706	100.062376
-10.412508	6.433050	100.059590
-10.406577	6.421453	100.056818
-10.400661	6.409916	100.054059
-10.394760	6.398438	100.051315
-10.388874	6.387020	100.048585
-10.383004	6.375661	100.045868
-10.377148	6.364360	100.043166
-10.371307	6.353117	100.040476
-10.365481	6.341933	100.037801
-10.359671	6.330806	100.035139
-10.353875	6.319737	100.032491
-10.348094	6.308725	100.029856
-10.342329	6.297770	100.027235
-10.336579	6.286872	100.024626
-10.330843	6.276030	100.022031
-10.325123	6.265245	100.019450
-10.319418	6.254515	100.016881
-10.313729	6.243841	100.014325
-10.308055	6.233223	100.011783
-10.302396	6.222659	100.009253
-10.296753	6.212151	100.006736
-10.291125	6.201698	100.004232
-10.285513	6.191298	100.001740
-10.279916	6.180953	99.999261
-10.274335	6.170662	99.996795
-10.268770	6.160425	99.994341
-10.263220	6.150241	99.991900
-10.257686	6.140110	99.989471
-10.252167	6.130033	99.987054
-10.246664	6.120008	99.984649
