-30.600125	249.900575	35.180929
-30.605502	249.840341	35.181375
-30.616627	249.775282	35.188429
-30.633502	249.705396	35.202090
-30.656126	249.630686	35.222359
-30.684502	249.551152	35.249235
-30.718629	249.466795	35.282719
-30.758508	249.377616	35.322810
-30.804141	249.283616	35.369508
-30.855529	249.184795	35.422813
-30.912671	249.081155	35.482725
-30.975569	248.972696	35.549244
-31.044224	248.859420	35.622369
-31.118637	248.741326	35.702102
-31.198808	248.618416	35.788440
-31.284738	248.490692	35.881386
-31.376428	248.358153	35.980937
-31.473879	248.220800	36.087095
-31.577092	248.078635	36.199859
-31.686067	247.931658	36.319229
-31.800805	247.779870	36.445205
-31.921308	247.623272	36.577788
-32.047576	247.461866	36.716976
-32.179609	247.295651	36.862770
-32.317409	247.124628	37.015169
-32.460976	246.948799	37.174175
-32.610312	246.768165	37.339786
-32.765416	246.582725	37.512002
-32.926290	246.392482	37.690824
-33.092935	246.197436	37.876252
-33.265351	245.997588	38.068285
-33.443538	245.792938	38.266924
-33.627499	245.583488	38.472168
-33.817233	245.369239	38.684017
-34.012742	245.150191	38.902472
-34.214026	244.926345	39.127532
-34.421085	244.697703	39.359197
-34.633921	244.464264	39.597468
-34.852535	244.226031	39.842344
-35.076926	243.983003	40.093825
-35.307097	243.735182	40.351911
-35.543046	243.482569	40.616603
-35.784776	243.225164	40.887900
-36.032287	242.962969	41.165803
-36.285580	242.695984	41.450311
-36.544655	242.424210	41.741424
-36.809513	242.147649	42.039143
-37.080155	241.866300	42.343467
-37.202568	241.739588	42.481160
-37.330766	241.608090	42.625458
-37.464748	241.471807	42.776361
-37.604517	241.330740	42.933870
-37.750070	241.184887	43.097985
-37.901410	241.034251	43.268705
-38.058536	240.878831	43.446032
-38.221449	240.718628	43.629963
-38.390148	240.553642	43.820501
-38.564635	240.383873	44.017645
-38.744909	240.209322	44.221394
-38.930971	240.029990	44.431749
-39.122821	239.845877	44.648710
-39.320460	239.656982	44.872277
-39.523887	239.463308	45.102450
-39.733103	239.264853	45.339229
-39.948108	239.061619	45.582614
-40.168903	238.853605	45.832605
-40.395488	238.640813	46.089203
-40.627862	238.423242	46.352406
-40.866028	238.200894	46.622216
-41.109983	237.973767	46.898632
-41.359730	237.741864	47.181655
-41.615268	237.505184	47.471284
-41.876597	237.263728	47.767519
-42.143719	237.017496	48.070361
-42.416632	236.766488	48.379809
-42.695338	236.510705	48.695865
-42.821827	236.394859	48.839322
-42.954110	236.274239	48.989387
-43.092185	236.148845	49.146058
-43.236054	236.018677	49.309336
-43.385715	235.883734	49.479221
-43.541170	235.744018	49.655712
-43.702418	235.599529	49.838811
-43.869459	235.450266	50.028516
-44.042294	235.296230	50.224829
-44.220923	235.137421	50.427748
-44.405345	234.973839	50.637274
-44.595562	234.805484	50.853408
-44.791572	234.632358	51.076148
-44.993377	234.454459	51.305496
-45.200976	234.271788	51.541451
-45.414369	234.084345	51.784012
-45.633556	233.892130	52.033182
-45.858539	233.695144	52.288958
-46.089316	233.493387	52.551342
-46.325888	233.286859	52.820333
-46.568254	233.075559	53.095931
-46.816416	232.859490	53.378137
-47.070373	232.638649	53.666950
-47.330126	232.413038	53.962370
-47.595673	232.182658	54.264398
-47.867017	231.947507	54.573034
-48.144156	231.707586	54.888277
-48.427090	231.462896	55.210128
-48.555325	231.352103	55.356007
-48.689356	231.236541	55.508494
-48.829182	231.116209	55.667589
-48.974805	230.991109	55.833291
-49.126224	230.861239	56.005601
-49.283438	230.726600	56.184519
-49.446449	230.587193	56.370045
-49.615256	230.443017	56.562178
-49.789860	230.294072	56.760920
-49.970259	230.140359	56.966269
-50.156455	229.981877	57.178226
-50.348448	229.818627	57.396790
-50.546237	229.650608	57.621963
-50.749822	229.477821	57.853744
-50.959204	229.300266	58.092132
-51.174383	229.117943	58.337129
-51.395358	228.930852	58.588734
-51.622130	228.738994	58.846946
-51.854698	228.542367	59.111767
-52.093064	228.340973	59.383195
-52.337226	228.134811	59.661232
-52.587185	227.923881	59.945877
-52.842941	227.708185	60.237130
-53.104494	227.487720	60.534991
-53.371844	227.262489	60.839460
-53.644991	227.032490	61.150538
-53.923935	226.797725	61.468223
-54.208677	226.558192	61.792517
-54.337686	226.449714	61.939449
-54.472493	226.336470	62.092990
-54.613097	226.218458	62.253139
-54.759498	226.095680	62.419896
-54.911697	225.968135	62.593261
-55.069693	225.835823	62.773235
-55.233486	225.698745	62.959817
-55.403077	225.556900	63.153008
-55.578465	225.410289	63.352806
-55.759650	225.258911	63.559214
-55.946633	225.102766	63.772229
-56.139413	224.941855	63.991853
-56.337991	224.776178	64.218085
-56.542366	224.605734	64.450926
-56.752539	224.430524	64.690374
-56.968509	224.250547	64.936432
-57.190277	224.065805	65.189098
-57.417843	223.876296	65.448372
-57.651206	223.682021	65.714255
-57.890366	223.482979	65.986746
-58.135324	223.279172	66.265845
-58.386080	223.070599	66.551553
-58.642634	222.857259	66.843870
-58.904985	222.639154	67.142795
-59.173134	222.416283	67.448329
-59.447080	222.188646	67.760471
-59.726825	221.956243	68.079222
-60.012367	221.719074	68.404581
-60.141727	221.611651	68.551980
-60.276884	221.499463	68.705987
-60.417839	221.382508	68.866603
-60.564592	221.260788	69.033828
-60.717143	221.134303	69.207661
-60.875492	221.003051	69.388103
-61.039638	220.867034	69.575154
-61.209582	220.726252	69.768813
-61.385325	220.580704	69.969080
-61.566865	220.430390	70.175957
-61.754203	220.275310	70.389441
-61.947339	220.115465	70.609535
-62.146272	219.950855	70.836237
-62.351004	219.781479	71.069548
-62.561534	219.607337	71.309467
-62.777861	219.428430	71.555995
-62.999987	219.244758	71.809132
-63.227910	219.056320	72.068877
-63.461631	218.863117	72.335232
-63.701151	218.665148	72.608194
-63.946468	218.462414	72.887766
-64.197583	218.254914	73.173946
-64.454496	218.042649	73.466734
-64.717208	217.825619	73.766132
-64.985717	217.603824	74.072138
-65.260024	217.377263	74.384753
-65.540129	217.145937	74.703976
-65.826033	216.909846	75.029809
-65.955552	216.802902	75.177416
-66.090869	216.691194	75.331633
-66.231983	216.574720	75.492458
-66.378896	216.453482	75.659892
-66.531607	216.327478	75.833935
-66.690117	216.196708	76.014586
-66.854424	216.061174	76.201846
-67.024529	215.920874	76.395715
-67.200432	215.775810	76.596192
-67.382134	215.625980	76.803279
-67.569633	215.471385	77.016974
-67.762931	215.312025	77.237278
-67.962026	215.147899	77.464190
-68.166920	214.979009	77.697712
-68.377612	214.805353	77.937842
-68.594102	214.626933	78.184581
-68.816390	214.443747	78.437928
-69.044476	214.255796	78.697885
-69.278360	214.063080	78.964450
-69.518043	213.865599	79.237624
-69.763523	213.663353	79.517407
-70.014802	213.456342	79.803798
-70.271879	213.244566	80.096798
-70.534754	213.028024	80.396408
-70.803427	212.806718	80.702625
-71.077898	212.580647	81.015452
-71.358167	212.349811	81.334888
-71.644235	212.114209	81.660932
-71.773826	212.007484	81.808633
-71.909216	211.895994	81.962944
-72.050404	211.779739	82.123863
-72.197390	211.658719	82.291391
-72.350174	211.532933	82.465528
-72.508756	211.402383	82.646274
-72.673137	211.267068	82.833628
-72.843315	211.126988	83.027591
-73.019292	210.982143	83.228163
-73.201067	210.832533	83.435344
-73.388640	210.678158	83.649134
-73.582012	210.519018	83.869532
-73.781181	210.355113	84.096540
-73.986149	210.186444	84.330156
-74.196915	210.013009	84.570381
-74.413479	209.834809	84.817215
-74.635841	209.651845	85.070657
-74.864001	209.464115	85.330709
-75.097960	209.271621	85.597369
-75.337717	209.074361	85.870638
-75.583271	208.872337	86.150516
-75.834625	208.665548	86.437003
-76.091776	208.453994	86.730098
-76.354725	208.237675	87.029803
-76.623473	208.016591	87.336116
-76.898019	207.790742	87.649038
-77.178363	207.560129	87.968569
-77.464506	207.324750	88.294709
-77.594130	207.218124	88.442453
-77.729553	207.106733	88.596805
-77.870774	206.990577	88.757767
-78.017794	206.869656	88.925338
-78.170611	206.743970	89.099517
-78.329227	206.613520	89.280305
-78.493641	206.478304	89.467702
-78.663853	206.338324	89.661708
-78.839863	206.193579	89.862323
-79.021672	206.044068	90.069546
-79.209279	205.889794	90.283379
-79.402684	205.730754	90.503820
-79.601887	205.566949	90.730870
-79.806888	205.398380	90.964529
-80.017688	205.225045	91.204797
-80.234286	205.046946	91.451673
-80.456682	204.864082	91.705159
-80.684876	204.676453	91.965253
-80.918869	204.484059	92.231956
-81.158659	204.286901	92.505268
-81.404248	204.084977	92.785189
-81.655636	203.878289	93.071719
-81.912821	203.666836	93.364858
-82.175804	203.450618	93.664605
-82.444586	203.229635	93.970961
-82.719166	203.003888	94.283927
-82.999545	202.773375	94.603501
-83.285721	202.538098	94.929684
-83.415361	202.431517	95.077447
-83.550799	202.320170	95.231819
-83.692035	202.204060	95.392799
-83.839070	202.083184	95.560389
-83.991903	201.957543	95.734588
-84.150534	201.827138	95.915395
-84.314963	201.691968	96.102811
-84.485191	201.552033	96.296836
-84.661216	201.407333	96.497470
-84.843040	201.257868	96.704713
-85.030662	201.103639	96.918565
-85.224083	200.944644	97.139026
-85.423301	200.780885	97.366095
-85.628318	200.612361	97.599773
-85.839133	200.439073	97.840060
-86.055747	200.261019	98.086956
-86.278158	200.078201	98.340461
-86.506368	199.890617	98.600575
-86.740376	199.698269	98.867298
-86.980182	199.501157	99.140629
-87.225786	199.299279	99.420570
-87.477189	199.092637	99.707119
-87.734390	198.881229	100.000277
-87.997389	198.665057	100.300044
-88.266187	198.444121	100.606420
-88.540782	198.218419	100.919404
-88.821176	197.987953	101.238998
-89.107368	197.752721	101.565200
-89.237015	197.646160	101.712972
-89.372460	197.534835	101.867353
-89.513703	197.418744	102.028342
-89.660745	197.297889	102.195941
-89.813585	197.172269	102.370148
-89.972223	197.041884	102.550964
-90.136659	196.906735	102.738389
-90.306893	196.766820	102.932423
-90.482926	196.622141	103.133065
-90.664757	196.472697	103.340317
-90.852386	196.318488	103.554178
-91.045814	196.159515	103.774647
-91.245039	195.995776	104.001725
-91.450063	195.827273	104.235412
-91.660885	195.654005	104.475708
-91.877506	195.475972	104.722613
-92.099924	195.293175	104.976127
-92.328141	195.105612	105.236249
-92.562156	194.913285	105.502981
-92.801969	194.716193	105.776321
-93.047581	194.514336	106.056270
-93.298991	194.307715	106.342828
-93.556199	194.096329	106.635995
-93.819205	193.880177	106.935771
-94.088010	193.659262	107.242155
-94.362612	193.433581	107.555149
-94.643013	193.203135	107.874751
-94.929212	192.967925	108.200963
-95.058862	192.861373	108.348738
-95.194311	192.750057	108.503123
-95.335557	192.633976	108.664116
-95.482602	192.513130	108.831719
-95.635445	192.387520	109.005930
-95.794086	192.257144	109.186750
-95.958525	192.122004	109.374179
-96.128763	191.982099	109.568217
-96.304799	191.837429	109.768863
-96.486633	191.687994	109.976119
-96.674266	191.533795	110.189983
-96.867696	191.374831	110.410456
-97.066925	191.211102	110.637539
-97.271952	191.042608	110.871230
-97.482777	190.869349	111.111530
-97.699401	190.691326	111.358438
-97.921823	190.508538	111.611956
-98.150043	190.320985	111.872083
-98.384061	190.128667	112.138818
-98.623878	189.931585	112.412162
-98.869493	189.729738	112.692115
-99.120906	189.523126	112.978678
-99.378117	189.311749	113.271848
-99.641126	189.095607	113.571628
-99.909934	188.874701	113.878017
-100.184540	188.649029	114.191014
-100.464944	188.418593	114.510621
-100.751147	188.183393	114.836836
-100.880798	188.076845	114.984614
-101.016248	187.965533	115.139000
-101.157496	187.849457	115.299995
-101.304542	187.728615	115.467599
-101.457386	187.603008	115.641812
-101.616029	187.472637	115.822634
-101.780470	187.337501	116.010065
-101.950709	187.197601	116.204104
-102.126747	187.052935	116.404753
-102.308582	186.903505	116.612010
-102.496216	186.749310	116.825876
-102.689648	186.590350	117.046352
-102.888878	186.426625	117.273436
-103.093907	186.258135	117.507128
-103.304734	186.084881	117.747430
-103.521359	185.906862	117.994341
-103.743782	185.724078	118.247860
-103.972004	185.536530	118.507989
-104.206023	185.344216	118.774726
-104.445842	185.147138	119.048072
-104.691458	184.945295	119.328027
-104.942872	184.738687	119.614591
-105.200085	184.527315	119.907763
-105.463096	184.311178	120.207545
-105.731905	184.090276	120.513935
-106.006513	183.864609	120.826935
-106.286918	183.634177	121.146543
-106.573122	183.398981	121.472760
-106.702775	183.292435	121.620538
-106.838225	183.181125	121.774926
-106.979473	183.065050	121.935922
-107.126520	182.944211	122.103527
-107.279365	182.818606	122.277740
-107.438009	182.688237	122.458563
-107.602450	182.553103	122.645995
-107.772690	182.413204	122.840035
-107.948728	182.268540	123.040684
-108.130564	182.119112	123.247942
-108.318199	181.964919	123.461809
-108.511632	181.805961	123.682285
-108.710863	181.642238	123.909370
-108.915892	181.473751	124.143064
-109.126719	181.300498	124.383366
-109.343345	181.122481	124.630278
-109.565769	180.939699	124.883798
-109.793991	180.752153	125.143927
-110.028012	180.559841	125.410665
-110.267830	180.362765	125.684012
-110.513447	180.160924	125.963968
-110.764863	179.954318	126.250533
-111.022076	179.742948	126.543706
-111.285088	179.526812	126.843489
-111.553898	179.305912	127.149880
-111.828506	179.080247	127.462880
-112.108912	178.849818	127.782489
-112.395117	178.614623	128.108707
-112.524769	178.508079	128.256486
-112.660220	178.396770	128.410873
-112.801469	178.280696	128.571870
-112.948516	178.159857	128.739475
-113.101361	178.034253	128.913689
-113.260005	177.903885	129.094512
-113.424447	177.768752	129.281944
-113.594687	177.628854	129.475985
-113.770725	177.484191	129.676635
-113.952562	177.334763	129.883893
-114.140197	177.180571	130.097761
-114.333630	177.021614	130.318237
-114.532861	176.857892	130.545322
-114.737891	176.689406	130.779016
-114.948718	176.516154	131.019319
-115.165344	176.338138	131.266231
-115.387769	176.155357	131.519752
-115.615991	175.967811	131.779881
-115.850012	175.775501	132.046619
-116.089831	175.578425	132.319967
-116.335448	175.376585	132.599923
-116.586864	175.169981	132.886488
-116.844077	174.958611	133.179662
-117.107089	174.742476	133.479445
-117.375900	174.521577	133.785836
-117.650508	174.295913	134.098837
-117.930915	174.065484	134.418446
-118.217120	173.830291	134.744665
-118.346772	173.723747	134.892444
-118.482223	173.612438	135.046831
-118.623472	173.496364	135.207828
-118.770519	173.375526	135.375433
-118.923365	173.249923	135.549648
-119.082009	173.119555	135.730471
-119.246451	172.984422	135.917903
-119.416691	172.844524	136.111944
-119.592729	172.699862	136.312594
-119.774566	172.550435	136.519852
-119.962201	172.396243	136.733720
-120.155634	172.237287	136.954196
-120.354866	172.073565	137.181282
-120.559895	171.905079	137.414976
-120.770723	171.731828	137.655279
-120.987350	171.553812	137.902191
-121.209774	171.371032	138.155712
-121.437997	171.183486	138.415842
-121.672018	170.991176	138.682580
-121.911837	170.794101	138.955928
-122.157454	170.592262	139.235884
-122.408870	170.385657	139.522449
-122.666084	170.174288	139.815623
-122.929096	169.958154	140.115406
-123.197906	169.737255	140.421798
-123.472515	169.511591	140.734799
-123.752922	169.281163	141.054408
-124.039127	169.045970	141.380627
-124.168779	168.939426	141.528406
-124.304230	168.828117	141.682794
-124.445479	168.712044	141.843790
-124.592527	168.591206	142.011396
-124.745372	168.465603	142.185610
-124.904016	168.335235	142.366434
-125.068458	168.200102	142.553866
-125.238698	168.060205	142.747907
-125.414737	167.915543	142.948557
-125.596574	167.766116	143.155815
-125.784209	167.611924	143.369683
-125.977642	167.452968	143.590160
-126.176874	167.289247	143.817245
-126.381903	167.120760	144.050939
-126.592731	166.947510	144.291242
-126.809358	166.769494	144.538155
-127.031782	166.586714	144.791675
-127.260005	166.399169	145.051805
-127.494026	166.206859	145.318544
-127.733845	166.009784	145.591891
-127.979462	165.807944	145.871848
-128.230878	165.601340	146.158413
-128.488092	165.389971	146.451587
-128.751104	165.173837	146.751370
-129.019915	164.952939	147.057762
-129.294523	164.727275	147.370763
-129.574930	164.496847	147.690373
-129.861135	164.261654	148.016591
-129.990788	164.155110	148.164370
-130.126239	164.043802	148.318758
-130.267488	163.927728	148.479755
-130.414535	163.806890	148.647360
-130.567381	163.681287	148.821575
-130.726025	163.550920	149.002398
-130.890467	163.415787	149.189830
-131.060707	163.275890	149.383871
-131.236746	163.131228	149.584521
-131.418583	162.981801	149.791780
-131.606218	162.827609	150.005648
-131.799651	162.668653	150.226124
-131.998883	162.504932	150.453210
-132.203912	162.336446	150.686904
-132.414740	162.163195	150.927207
-132.631367	161.985180	151.174120
-132.853791	161.802399	151.427640
-133.082014	161.614854	151.687770
-133.316035	161.422544	151.954509
-133.555854	161.225470	152.227857
-133.801472	161.023630	152.507813
-134.052887	160.817026	152.794378
-134.310101	160.605657	153.087553
-134.573114	160.389523	153.387336
-134.841924	160.168625	153.693728
-135.116533	159.942962	154.006728
-135.396940	159.712534	154.326338
-135.683145	159.477341	154.652557
-135.812798	159.370797	154.800336
-135.948249	159.259488	154.954724
-136.089498	159.143415	155.115720
-136.236545	159.022577	155.283326
-136.389391	158.896974	155.457540
-136.548034	158.766606	155.638364
-136.712477	158.631474	155.825796
-136.882717	158.491577	156.019837
-137.058756	158.346915	156.220487
-137.240592	158.197488	156.427746
-137.428227	158.043296	156.641613
-137.621661	157.884340	156.862090
-137.820892	157.720619	157.089176
-138.025922	157.552133	157.322870
-138.236750	157.378882	157.563173
-138.453376	157.200867	157.810085
-138.675801	157.018087	158.063606
-138.904024	156.830542	158.323736
-139.138045	156.638232	158.590475
-139.377864	156.441157	158.863822
-139.623482	156.239318	159.143779
-139.874897	156.032714	159.430344
-140.132111	155.821345	159.723518
-140.395124	155.605211	160.023301
-140.663934	155.384313	160.329693
-140.938543	155.158649	160.642694
-141.218950	154.928221	160.962304
-141.505155	154.693028	161.288523
-141.634808	154.586485	161.436302
-141.770258	154.475176	161.590689
-141.911508	154.359103	161.751686
-142.058555	154.238265	161.919292
-142.211401	154.112662	162.093506
-142.370044	153.982294	162.274330
-142.534487	153.847162	162.461762
-142.704727	153.707265	162.655803
-142.880766	153.562603	162.856453
-143.062602	153.413176	163.063712
-143.250237	153.258984	163.277579
-143.443671	153.100028	163.498056
-143.642902	152.936307	163.725141
-143.847932	152.767821	163.958836
-144.058760	152.594570	164.199139
-144.275386	152.416555	164.446051
-144.497811	152.233775	164.699572
-144.726034	152.046230	164.959702
-144.960055	151.853920	165.226441
-145.199874	151.656845	165.499788
-145.445492	151.455006	165.779745
-145.696907	151.248402	166.066310
-145.954121	151.037033	166.359484
-146.217134	150.820899	166.659268
-146.485944	150.600001	166.965660
-146.760553	150.374337	167.278660
-147.040960	150.143909	167.598270
-147.327165	149.908717	167.924489
-147.456818	149.802173	168.072268
-147.592269	149.690864	168.226656
-147.733518	149.574791	168.387652
-147.880565	149.453953	168.555258
-148.033411	149.328350	168.729472
-148.192055	149.197982	168.910296
-148.356497	149.062850	169.097728
-148.526737	148.922953	169.291769
-148.702776	148.778291	169.492419
-148.884612	148.628864	169.699678
-149.072248	148.474673	169.913546
-149.265681	148.315716	170.134022
-149.464912	148.151995	170.361108
-149.669942	147.983509	170.594802
-149.880770	147.810259	170.835105
-150.097397	147.632243	171.082017
-150.319821	147.449463	171.335538
-150.548044	147.261918	171.595668
-150.782065	147.069608	171.862407
-151.021884	146.872534	172.135754
-151.267502	146.670694	172.415711
-151.518918	146.464090	172.702276
-151.776132	146.252721	172.995451
-152.039144	146.036587	173.295234
-152.307954	145.815689	173.601626
-152.582563	145.590026	173.914627
-152.862970	145.359598	174.234236
-153.149175	145.124405	174.560455
-153.278828	145.017861	174.708234
-153.414279	144.906553	174.862622
-153.555528	144.790479	175.023618
-153.702575	144.669641	175.191224
-153.855421	144.544038	175.365438
-154.014065	144.413671	175.546262
-154.178507	144.278538	175.733694
-154.348747	144.138641	175.927735
-154.524786	143.993979	176.128385
-154.706623	143.844552	176.335644
-154.894258	143.690361	176.549512
-155.087691	143.531405	176.769988
-155.286923	143.367684	176.997074
-155.491952	143.199198	177.230768
-155.702781	143.025947	177.471071
-155.919407	142.847932	177.717983
-156.141831	142.665151	177.971504
-156.370054	142.477606	178.231634
-156.604075	142.285297	178.498373
-156.843894	142.088222	178.771721
-157.089512	141.886383	179.051677
-157.340928	141.679779	179.338243
-157.598142	141.468410	179.631417
-157.861154	141.252276	179.931200
-158.129964	141.031377	180.237592
-158.404573	140.805714	180.550593
-158.684980	140.575286	180.870202
-158.971185	140.340093	181.196421
-159.100838	140.233550	181.344200
-159.236289	140.122241	181.498588
-159.377538	140.006168	181.659585
-159.524585	139.885330	181.827190
-159.677431	139.759727	182.001405
-159.836075	139.629359	182.182228
-160.000517	139.494227	182.369660
-160.170757	139.354330	182.563701
-160.346796	139.209668	182.764351
-160.528633	139.060241	182.971610
-160.716268	138.906049	183.185478
-160.909701	138.747093	183.405955
-161.108933	138.583372	183.633040
-161.313963	138.414886	183.866734
-161.524791	138.241636	184.107038
-161.741417	138.063620	184.353950
-161.963842	137.880840	184.607471
-162.192064	137.693295	184.867601
-162.426085	137.500985	185.134339
-162.665905	137.303911	185.407687
-162.911522	137.102071	185.687643
-163.162938	136.895467	185.974209
-163.420152	136.684098	186.267383
-163.683164	136.467965	186.567166
-163.951975	136.247066	186.873558
-164.226583	136.021403	187.186559
-164.506990	135.790975	187.506169
-164.793196	135.555782	187.832387
-164.922848	135.449238	187.980166
-165.058299	135.337930	188.134554
-165.199548	135.221856	188.295551
-165.346596	135.101018	188.463156
-165.499441	134.975416	188.637371
-165.658085	134.845048	188.818194
-165.822527	134.709915	189.005626
-165.992768	134.570018	189.199668
-166.168806	134.425356	189.400318
-166.350643	134.275930	189.607576
-166.538278	134.121738	189.821444
-166.731712	133.962782	190.041921
-166.930943	133.799061	190.269006
-167.135973	133.630575	190.502701
-167.346801	133.457324	190.743004
-167.563427	133.279309	190.989916
-167.785852	133.096528	191.243437
-168.014075	132.908983	191.503567
-168.248096	132.716674	191.770305
-168.487915	132.519599	192.043653
-168.733532	132.317760	192.323610
-168.984948	132.111156	192.610175
-169.242162	131.899787	192.903349
-169.505174	131.683653	193.203132
-169.773985	131.462755	193.509524
-170.048594	131.237091	193.822525
-170.329001	131.006663	194.142135
-170.615206	130.771471	194.468354
-170.744859	130.664927	194.616133
-170.880309	130.553618	194.770520
-171.021559	130.437545	194.931517
-171.168606	130.316707	195.099123
-171.321452	130.191104	195.273337
-171.480095	130.060736	195.454160
-171.644538	129.925604	195.641593
-171.814778	129.785707	195.835634
-171.990817	129.641045	196.036284
-172.172653	129.491618	196.243543
-172.360288	129.337427	196.457410
-172.553722	129.178470	196.677887
-172.752953	129.014749	196.904972
-172.957983	128.846263	197.138667
-173.168811	128.673013	197.378970
-173.385438	128.494997	197.625882
-173.607862	128.312217	197.879403
-173.836085	128.124672	198.139533
-174.070106	127.932362	198.406272
-174.309925	127.735288	198.679619
-174.555543	127.533448	198.959576
-174.806958	127.326844	199.246141
-175.064172	127.115475	199.539315
-175.327185	126.899342	199.839099
-175.595995	126.678443	200.145491
-175.870604	126.452780	200.458491
-176.151011	126.222352	200.778101
-176.437216	125.987159	201.104320
-176.566869	125.880615	201.252099
-176.702320	125.769307	201.406487
-176.843569	125.653234	201.567483
-176.990616	125.532396	201.735089
-177.143462	125.406793	201.909303
-177.302106	125.276425	202.090127
-177.466548	125.141293	202.277559
-177.636788	125.001395	202.471600
-177.812827	124.856733	202.672250
-177.994664	124.707307	202.879509
-178.182299	124.553115	203.093377
-178.375732	124.394159	203.313853
-178.574964	124.230438	203.540939
-178.779993	124.061952	203.774633
-178.990821	123.888701	204.014936
-179.207448	123.710686	204.261848
-179.429872	123.527906	204.515369
-179.658095	123.340361	204.775499
-179.892116	123.148051	205.042238
-180.131935	122.950976	205.315586
-180.377553	122.749137	205.595542
-180.628969	122.542533	205.882107
-180.886183	122.331164	206.175282
-181.149195	122.115030	206.475065
-181.418005	121.894132	206.781457
-181.692614	121.668469	207.094458
-181.973021	121.438041	207.414067
-182.259226	121.202848	207.740286
-182.388879	121.096304	207.888065
-182.524330	120.984995	208.042453
-182.665579	120.868922	208.203450
-182.812626	120.748084	208.371055
-182.965472	120.622481	208.545270
-183.124116	120.492114	208.726093
-183.288558	120.356981	208.913525
-183.458798	120.217084	209.107566
-183.634837	120.072422	209.308216
-183.816674	119.922995	209.515475
-184.004309	119.768804	209.729343
-184.197742	119.609847	209.949819
-184.396974	119.446126	210.176905
-184.602004	119.277640	210.410599
-184.812832	119.104390	210.650903
-185.029458	118.926374	210.897815
-185.251883	118.743594	211.151336
-185.480105	118.556049	211.411465
-185.714126	118.363739	211.678204
-185.953946	118.166665	211.951552
-186.199563	117.964826	212.231508
-186.450979	117.758221	212.518074
-186.708193	117.546853	212.811248
-186.971205	117.330719	213.111031
-187.240016	117.109820	213.417423
-187.514624	116.884157	213.730424
-187.795031	116.653729	214.050034
-188.081237	116.418536	214.376252
-188.210889	116.311993	214.524031
-188.346340	116.200684	214.678419
-188.487589	116.084611	214.839416
-188.634637	115.963773	215.007021
-188.787482	115.838170	215.181236
-188.946126	115.707802	215.362059
-189.110568	115.572670	215.549491
-189.280809	115.432773	215.743533
-189.456847	115.288111	215.944183
-189.638684	115.138684	216.151441
-189.826319	114.984492	216.365309
-190.019753	114.825536	216.585786
-190.218984	114.661815	216.812871
-190.424014	114.493329	217.046566
-190.634842	114.320078	217.286869
-190.851468	114.142063	217.533781
-191.073893	113.959283	217.787302
-191.302116	113.771738	218.047432
-191.536137	113.579428	218.314170
-191.775956	113.382353	218.587518
-192.021573	113.180514	218.867475
-192.272989	112.973910	219.154040
-192.530203	112.762541	219.447214
-192.793215	112.546407	219.746997
-193.062026	112.325509	220.053389
-193.336635	112.099846	220.366390
-193.617042	111.869418	220.686000
-193.903247	111.634225	221.012219
-194.032899	111.527681	221.159997
-194.168350	111.416373	221.314385
-194.309600	111.300299	221.475382
-194.456647	111.179461	221.642988
-194.609493	111.053858	221.817202
-194.768136	110.923491	221.998025
-194.932579	110.788358	222.185458
-195.102819	110.648461	222.379499
-195.278857	110.503799	222.580149
-195.460694	110.354372	222.787408
-195.648329	110.200181	223.001275
-195.841763	110.041225	223.221752
-196.040994	109.877504	223.448837
-196.246024	109.709018	223.682532
-196.456852	109.535767	223.922835
-196.673479	109.357752	224.169747
-196.895903	109.174971	224.423268
-197.124126	108.987426	224.683398
-197.358147	108.795117	224.950137
-197.597966	108.598042	225.223484
-197.843584	108.396203	225.503441
-198.094999	108.189599	225.790006
-198.352213	107.978230	226.083180
-198.615226	107.762096	226.382964
-198.884036	107.541198	226.689356
-199.158645	107.315534	227.002356
-199.439052	107.085106	227.321966
-199.725257	106.849913	227.648185
-199.854910	106.743370	227.795964
-199.990361	106.632061	227.950352
-200.131610	106.515988	228.111348
-200.278657	106.395150	228.278954
-200.431503	106.269547	228.453168
-200.590147	106.139179	228.633992
-200.754589	106.004047	228.821424
-200.924829	105.864150	229.015465
-201.100868	105.719488	229.216115
-201.282705	105.570061	229.423374
-201.470340	105.415870	229.637242
-201.663773	105.256913	229.857718
-201.863005	105.093192	230.084804
-202.068034	104.924706	230.318498
-202.278862	104.751456	230.558801
-202.495489	104.573440	230.805713
-202.717913	104.390660	231.059234
-202.946136	104.203115	231.319364
-203.180157	104.010805	231.586103
-203.419976	103.813731	231.859451
-203.665594	103.611891	232.139407
-203.917010	103.405287	232.425972
-204.174224	103.193918	232.719147
-204.437236	102.977785	233.018930
-204.706046	102.756886	233.325322
-204.980655	102.531223	233.638323
-205.261062	102.300795	233.957932
-205.547267	102.065602	234.284151
-205.676920	101.959058	234.431930
-205.812371	101.847750	234.586318
-205.953620	101.731677	234.747315
-206.100667	101.610838	234.914920
-206.253513	101.485236	235.089135
-206.412157	101.354868	235.269958
-206.576599	101.219736	235.457390
-206.746839	101.079838	235.651431
-206.922878	100.935176	235.852081
-207.104715	100.785750	236.059340
-207.292350	100.631558	236.273208
-207.485783	100.472602	236.493684
-207.685015	100.308881	236.720770
-207.890045	100.140395	236.954464
-208.100873	99.967144	237.194768
-208.317499	99.789129	237.441680
-208.539924	99.606349	237.695201
-208.768146	99.418804	237.955330
-209.002167	99.226494	238.222069
-209.241987	99.029419	238.495417
-209.487604	98.827580	238.775373
-209.739020	98.620976	239.061939
-209.996234	98.409607	239.355113
-210.259246	98.193473	239.654896
-210.528057	97.972575	239.961288
-210.802665	97.746911	240.274289
-211.083072	97.516483	240.593899
-211.369278	97.281291	240.920117
-211.498930	97.174747	241.067896
-211.634381	97.063438	241.222284
-211.775630	96.947365	241.383281
-211.922678	96.826527	241.550886
-212.075523	96.700924	241.725101
-212.234167	96.570557	241.905924
-212.398609	96.435424	242.093356
-212.568850	96.295527	242.287398
-212.744888	96.150865	242.488047
-212.926725	96.001438	242.695306
-213.114360	95.847247	242.909174
-213.307793	95.688290	243.129651
