-13.097378	244.714882	16.190641
-13.131174	244.639221	16.254274
-13.170568	244.559012	16.324836
-13.215554	244.474255	16.402330
-13.266128	244.384952	16.486759
-13.322286	244.291104	16.578127
-13.384023	244.192710	16.676439
-13.451336	244.089771	16.781698
-13.524220	243.982289	16.893907
-13.602672	243.870262	17.013071
-13.686686	243.753693	17.139193
-13.776260	243.632581	17.272276
-13.871389	243.506928	17.412324
-13.972069	243.376733	17.559340
-14.078297	243.241998	17.713329
-14.190069	243.102723	17.874293
-14.307381	242.958908	18.042235
-14.430229	242.810555	18.217159
-14.558610	242.657663	18.399068
-14.692521	242.500233	18.587966
-14.831958	242.338267	18.783854
-14.976918	242.171764	18.986737
-15.127397	242.000725	19.196617
-15.283393	241.825150	19.413497
-15.444901	241.645042	19.637380
-15.611920	241.460398	19.868269
-15.784446	241.271222	20.106166
-15.962476	241.077512	20.351075
-16.146007	240.879270	20.602997
-16.335037	240.676497	20.861936
-16.529562	240.469192	21.127893
-16.729581	240.257356	21.400872
-16.935091	240.040991	21.680874
-17.146088	239.820096	21.967903
-17.362572	239.594673	22.261960
-17.584538	239.364721	22.563047
-17.811986	239.130242	22.871167
-18.044912	238.891236	23.186322
-18.283316	238.647704	23.508513
-18.527193	238.399646	23.837744
-18.776544	238.147062	24.174015
-19.031365	237.889955	24.517330
-19.145739	237.774990	24.671282
-19.265582	237.655502	24.832281
-19.390892	237.531490	25.000326
-19.521667	237.402955	25.175418
-19.657908	237.269898	25.357558
-19.799614	237.132317	25.546747
-19.946783	236.990215	25.742986
-20.099415	236.843591	25.946275
-20.257509	236.692444	26.156615
-20.421065	236.536777	26.374006
-20.590081	236.376588	26.598451
-20.764558	236.211878	26.829949
-20.944494	236.042648	27.068500
-21.129888	235.868897	27.314107
-21.320740	235.690626	27.566769
-21.517050	235.507835	27.826487
-21.718817	235.320524	28.093261
-21.926039	235.128694	28.367093
-22.138717	234.932345	28.647984
-22.356850	234.731478	28.935932
-22.580437	234.526092	29.230941
-22.809478	234.316187	29.533009
-23.043972	234.101765	29.842138
-23.283919	233.882825	30.158327
-23.529317	233.659367	30.481579
-23.780167	233.431393	30.811893
-24.036469	233.198901	31.149270
-24.298220	232.961893	31.493710
-24.416939	232.854583	31.649884
-24.541107	232.742757	31.813123
-24.670726	232.626415	31.983426
-24.805793	232.505557	32.160794
-24.946310	232.380183	32.345227
-25.092276	232.250293	32.536725
-25.243690	232.115888	32.735288
-25.400553	231.976968	32.940917
-25.562865	231.833532	33.153612
-25.730625	231.685581	33.373373
-25.903833	231.533115	33.600200
-26.082489	231.376134	33.834094
-26.266593	231.214638	34.075055
-26.456144	231.048627	34.323082
-26.651142	230.878102	34.578177
-26.851588	230.703063	34.840339
-27.057481	230.523509	35.109569
-27.268821	230.339441	35.385867
-27.485607	230.150859	35.669232
-27.707840	229.957763	35.959666
-27.935519	229.760153	36.257168
-28.168645	229.558030	36.561739
-28.407216	229.351393	36.873378
-28.651234	229.140243	37.192087
-28.900697	228.924579	37.517865
-29.155606	228.704402	37.850712
-29.415961	228.479713	38.190629
-29.681761	228.250510	38.537615
-29.802213	228.146724	38.694841
-29.928110	228.038425	38.859136
-30.059452	227.925614	39.030502
-30.196239	227.808290	39.208938
-30.338471	227.686454	39.394444
-30.486148	227.560105	39.587020
-30.639270	227.429244	39.786667
-30.797838	227.293870	39.993385
-30.961849	227.153984	40.207172
-31.131306	227.009586	40.428031
-31.306208	226.860675	40.655960
-31.486554	226.707253	40.890960
-31.672345	226.549318	41.133031
-31.863580	226.386872	41.382172
-32.060260	226.219913	41.638385
-32.262384	226.048442	41.901669
-32.469953	225.872460	42.172024
-32.682967	225.691966	42.449450
-32.901424	225.506960	42.733947
-33.125326	225.317442	43.025516
-33.354673	225.123413	43.324156
-33.589463	224.924872	43.629868
-33.829698	224.721820	43.942651
-34.075377	224.514256	44.262506
-34.326500	224.302181	44.589433
-34.583067	224.085595	44.923431
-34.845078	223.864497	45.264501
-35.112534	223.638888	45.612644
-35.233707	223.536709	45.770367
-35.360324	223.430020	45.935162
-35.492386	223.318819	46.107029
-35.629891	223.203107	46.285968
-35.772840	223.082885	46.471979
-35.921233	222.958151	46.665062
-36.075070	222.828906	46.865218
-36.234351	222.695150	47.072445
-36.399076	222.556884	47.286745
-36.569244	222.414106	47.508117
-36.744857	222.266817	47.736561
-36.925913	222.115018	47.972078
-37.112413	221.958708	48.214666
-37.304357	221.797887	48.464327
-37.501745	221.632555	48.721061
-37.704576	221.462713	48.984867
-37.912851	221.288360	49.255745
-38.126570	221.109496	49.533696
-38.345733	220.926121	49.818719
-38.570339	220.738236	50.110814
-38.800389	220.545840	50.409982
-39.035883	220.348934	50.716223
-39.276821	220.147517	51.029536
-39.523202	219.941589	51.349922
-39.775027	219.731151	51.677380
-40.032295	219.516203	52.011911
-40.295007	219.296744	52.353515
-40.563163	219.072775	52.702191
-40.684645	218.971327	52.860149
-40.811570	218.865368	53.025179
-40.943939	218.754899	53.197281
-41.081752	218.639920	53.376457
-41.225008	218.520431	53.562705
-41.373708	218.396431	53.756026
-41.527851	218.267921	53.956420
-41.687438	218.134901	54.163886
-41.852469	217.997370	54.378425
-42.022943	217.855329	54.600038
-42.198861	217.708778	54.828722
-42.380223	217.557716	55.064480
-42.567028	217.402145	55.307311
-42.759276	217.242063	55.557214
-42.956969	217.077470	55.814191
-43.160104	216.908368	56.078240
-43.368684	216.734755	56.349362
-43.582707	216.556633	56.627557
-43.802173	216.374000	56.912825
-44.027083	216.186856	57.205165
-44.257437	215.995203	57.504579
-44.493234	215.799040	57.811066
-44.734475	215.598366	58.124625
-44.981159	215.393183	58.445258
-45.233287	215.183489	58.772963
-45.490859	214.969285	59.107741
-45.753874	214.750571	59.449593
-46.022332	214.527347	59.798517
-46.143948	214.426231	59.956584
-46.271007	214.320604	60.121724
-46.403510	214.210468	60.293937
-46.541456	214.095821	60.473222
-46.684846	213.976665	60.659581
-46.833679	213.852998	60.853013
-46.987956	213.724822	61.053518
-47.147676	213.592135	61.261096
-47.312840	213.454939	61.475747
-47.483447	213.313232	61.697471
-47.659498	213.167015	61.926268
-47.840993	213.016289	62.162138
-48.027931	212.861052	62.405081
-48.220313	212.701306	62.655097
-48.418138	212.537049	62.912187
-48.621406	212.368283	63.176349
-48.830118	212.195007	63.447584
-49.044274	212.017220	63.725893
-49.263873	211.834924	64.011274
-49.488916	211.648118	64.303729
-49.719403	211.456802	64.603257
-49.955332	211.260976	64.909857
-50.196706	211.060640	65.223531
-50.443523	210.855794	65.544278
-50.695783	210.646438	65.872098
-50.953487	210.432572	66.206992
-51.216634	210.214197	66.548958
-51.485225	209.991311	66.897997
-51.606900	209.890345	67.056115
-51.734018	209.784869	67.221306
-51.866579	209.674884	67.393570
-52.004584	209.560388	67.572907
-52.148032	209.441383	67.759317
-52.296924	209.317867	67.952801
-52.451259	209.189842	68.153357
-52.611038	209.057307	68.360987
-52.776261	208.920262	68.575690
-52.946927	208.778707	68.797466
-53.123036	208.632642	69.026315
-53.304590	208.482068	69.262237
-53.491586	208.326984	69.505232
-53.684026	208.167389	69.755301
-53.881910	208.003285	70.012442
-54.085237	207.834671	70.276657
-54.294008	207.661548	70.547945
-54.508222	207.483914	70.826306
-54.727880	207.301770	71.111740
-54.952981	207.115117	71.404248
-55.183526	206.923954	71.703828
-55.419514	206.728281	72.010482
-55.660946	206.528098	72.324209
-55.907821	206.323406	72.645008
-56.160140	206.114203	72.972882
-56.417903	205.900491	73.307828
-56.681108	205.682269	73.649847
-56.949758	205.459537	73.998940
-57.071458	205.358640	74.157081
-57.198602	205.253232	74.322296
-57.331189	205.143315	74.494584
-57.469220	205.028888	74.673945
-57.612694	204.909951	74.860379
-57.761612	204.786504	75.053886
-57.915973	204.658547	75.254466
-58.075778	204.526081	75.462120
-58.241027	204.389105	75.676847
-58.411719	204.247619	75.898647
-58.587854	204.101623	76.127520
-58.769433	203.951118	76.363466
-58.956456	203.796102	76.606485
-59.148922	203.636577	76.856578
-59.346831	203.472542	77.113744
-59.550184	203.303998	77.377983
-59.758981	203.130943	77.649295
-59.973221	202.953379	77.927680
-60.192905	202.771305	78.213139
-60.418032	202.584721	78.505671
-60.648603	202.393627	78.805275
-60.884617	202.198024	79.111954
-61.126075	201.997911	79.425705
-61.372976	201.793288	79.746529
-61.625321	201.584155	80.074427
-61.883109	201.370512	80.409398
-62.146341	201.152360	80.751442
-62.415016	200.929698	81.100559
-62.536728	200.828831	81.258711
-62.663883	200.723455	81.423937
-62.796482	200.613568	81.596235
-62.934525	200.499172	81.775607
-63.078010	200.380266	81.962052
-63.226940	200.256851	82.155570
-63.381313	200.128926	82.356162
-63.541129	199.996490	82.563826
-63.706389	199.859545	82.778564
-63.877092	199.718091	83.000375
-64.053239	199.572126	83.229259
-64.234830	199.421652	83.465217
-64.421864	199.266668	83.708247
-64.614342	199.107174	83.958351
-64.812263	198.943171	84.215528
-65.015627	198.774658	84.479778
-65.224435	198.601635	84.751102
-65.438687	198.424102	85.029498
-65.658382	198.242059	85.314968
-65.883521	198.055507	85.607511
-66.114103	197.864445	85.907127
-66.350129	197.668873	86.213816
-66.591598	197.468791	86.527579
-66.838511	197.264200	86.848414
-67.090868	197.055099	87.176323
-67.348668	196.841488	87.511305
-67.611911	196.623367	87.853361
-67.880598	196.400737	88.202489
-68.002315	196.299884	88.360646
-68.129475	196.194522	88.525877
-68.262079	196.084650	88.698181
-68.400127	195.970268	88.877558
-68.543618	195.851376	89.064008
-68.692552	195.727974	89.257531
-68.846930	195.600063	89.458128
-69.006752	195.467642	89.665797
-69.172017	195.330712	89.880540
-69.342725	195.189271	90.102356
-69.518878	195.043321	90.331246
-69.700473	194.892861	90.567208
-69.887512	194.737891	90.810244
-70.079995	194.578412	91.060353
-70.277921	194.414422	91.317535
-70.481291	194.245923	91.581790
-70.690105	194.072915	91.853119
-70.904361	193.895396	92.131520
-71.124062	193.713368	92.416995
-71.349206	193.526830	92.709543
-71.579793	193.335782	93.009164
-71.815824	193.140225	93.315859
-72.057299	192.940157	93.629627
-72.304217	192.735580	93.950467
-72.556578	192.526494	94.278382
-72.814383	192.312897	94.613369
-73.077632	192.094791	94.955429
-73.346324	191.872175	95.304563
-73.468043	191.771328	95.462723
-73.595206	191.665972	95.627955
-73.727812	191.556107	95.800261
-73.865862	191.441731	95.979641
-74.009355	191.322846	96.166093
-74.158292	191.199451	96.359619
-74.312672	191.071546	96.560218
-74.472496	190.939132	96.767890
-74.637763	190.802207	96.982635
-74.808474	190.660773	97.204453
-74.984629	190.514829	97.433345
-75.166227	190.364376	97.669310
-75.353268	190.209413	97.912348
-75.545753	190.049940	98.162459
-75.743682	189.885957	98.419644
-75.947054	189.717464	98.683901
-76.155870	189.544462	98.955232
-76.370129	189.366950	99.233636
-76.589831	189.184928	99.519113
-76.814978	188.998397	99.811664
-77.045567	188.807356	100.111287
-77.281601	188.611805	100.417984
-77.523078	188.411744	100.731754
-77.769998	188.207173	101.052598
-78.022362	187.998093	101.380514
-78.280169	187.784503	101.715504
-78.543420	187.566403	102.057567
-78.812114	187.343794	102.406703
-78.933835	187.242951	102.564863
-79.060998	187.137597	102.730097
-79.193606	187.027735	102.902404
-79.331656	186.913362	103.081785
-79.475151	186.794480	103.268238
-79.624089	186.671088	103.461765
-79.778470	186.543186	103.662365
-79.938295	186.410774	103.870038
-80.103563	186.273853	104.084784
-80.274275	186.132422	104.306604
-80.450431	185.986481	104.535496
-80.632030	185.836030	104.771462
-80.819072	185.681070	105.014502
-81.011558	185.521600	105.264614
-81.209488	185.357620	105.521799
-81.412861	185.189131	105.786058
-81.621678	185.016131	106.057390
-81.835938	184.838622	106.335795
-82.055642	184.656603	106.621273
-82.280789	184.470075	106.913825
-82.511380	184.279037	107.213450
-82.747414	184.083488	107.520148
-82.988892	183.883431	107.833919
-83.235813	183.678863	108.154763
-83.488178	183.469786	108.482681
-83.745987	183.256199	108.817671
-84.009239	183.038102	109.159735
-84.277934	182.815496	109.508873
-84.399655	182.714654	109.667034
-84.526819	182.609302	109.832268
-84.659427	182.499440	110.004576
-84.797478	182.385069	110.183957
-84.940973	182.266188	110.370411
-85.089911	182.142797	110.563938
-85.244293	182.014897	110.764538
-85.404118	181.882486	110.972212
-85.569387	181.745566	111.186959
-85.740099	181.604137	111.408779
-85.916255	181.458197	111.637672
-86.097855	181.307748	111.873638
-86.284898	181.152789	112.116678
-86.477384	180.993320	112.366791
-86.675315	180.829342	112.623977
-86.878688	180.660854	112.888236
-87.087505	180.487856	113.159568
-87.301766	180.310348	113.437974
-87.521470	180.128330	113.723453
-87.746618	179.941803	114.016005
-87.977209	179.750766	114.315630
-88.213244	179.555220	114.622328
-88.454722	179.355163	114.936100
-88.701644	179.150597	115.256945
-88.954009	178.941521	115.584863
-89.211818	178.727935	115.919854
-89.475071	178.509840	116.261919
-89.743767	178.287235	116.611056
-89.865488	178.186393	116.769218
-89.992652	178.081042	116.934452
-90.125260	177.971181	117.106760
-90.263311	177.856811	117.286141
-90.406806	177.737930	117.472595
-90.555745	177.614540	117.666123
-90.710127	177.486640	117.866724
-90.869952	177.354230	118.074397
-91.035222	177.217311	118.289144
-91.205934	177.075882	118.510965
-91.382090	176.929943	118.739858
-91.563690	176.779494	118.975825
-91.750733	176.624536	119.218865
-91.943220	176.465068	119.468978
-92.141150	176.301090	119.726164
-92.344524	176.132602	119.990423
-92.553341	175.959605	120.261756
-92.767602	175.782098	120.540162
-92.987307	175.600081	120.825641
-93.212455	175.413555	121.118193
-93.443046	175.222518	121.417819
-93.679081	175.026972	121.724517
-93.920560	174.826916	122.038289
-94.167482	174.622351	122.359134
-94.419847	174.413275	122.687052
-94.677656	174.199690	123.022044
-94.940909	173.981596	123.364109
-95.209605	173.758991	123.713246
-95.331326	173.658150	123.871408
-95.458491	173.552799	124.036643
-95.591099	173.442938	124.208951
-95.729150	173.328568	124.388332
-95.872645	173.209688	124.574786
-96.021584	173.086298	124.768314
-96.175966	172.958398	124.968914
-96.335792	172.825989	125.176588
-96.501061	172.689070	125.391335
-96.671774	172.547641	125.613156
-96.847930	172.401702	125.842049
-97.029530	172.251254	126.078016
-97.216573	172.096296	126.321056
-97.409060	171.936828	126.571169
-97.606990	171.772850	126.828356
-97.810364	171.604363	127.092615
-98.019182	171.431366	127.363948
-98.233443	171.253859	127.642354
-98.453147	171.071843	127.927833
-98.678295	170.885316	128.220385
-98.908887	170.694280	128.520011
-99.144922	170.498735	128.826710
-99.386400	170.298679	129.140482
-99.633322	170.094114	129.461327
-99.885688	169.885039	129.789245
-100.143497	169.671454	130.124237
-100.406750	169.453359	130.466302
-100.675446	169.230755	130.815440
-100.797167	169.129914	130.973601
-100.924332	169.024563	131.138836
-101.056940	168.914703	131.311144
-101.194992	168.800332	131.490525
-101.338487	168.681452	131.676979
-101.487425	168.558063	131.870507
-101.641808	168.430163	132.071108
-101.801633	168.297754	132.278782
-101.966902	168.160835	132.493529
-102.137615	168.019406	132.715349
-102.313772	167.873468	132.944243
-102.495371	167.723020	133.180210
-102.682415	167.568062	133.423250
-102.874902	167.408594	133.673363
-103.072832	167.244616	133.930549
-103.276206	167.076129	134.194809
-103.485023	166.903132	134.466142
-103.699284	166.725626	134.744548
-103.918989	166.543609	135.030027
-104.144137	166.357083	135.322579
-104.374729	166.166047	135.622205
-104.610764	165.970501	135.928904
-104.852243	165.770446	136.242676
-105.099165	165.565881	136.563521
-105.351530	165.356806	136.891439
-105.609340	165.143221	137.226431
-105.872592	164.925127	137.568496
-106.141289	164.702523	137.917634
-106.263010	164.601682	138.075796
-106.390174	164.496331	138.241030
-106.522782	164.386471	138.413338
-106.660834	164.272100	138.592720
-106.804329	164.153220	138.779174
-106.953268	164.029831	138.972702
-107.107650	163.901931	139.173302
-107.267476	163.769522	139.380976
-107.432745	163.632603	139.595724
-107.603458	163.491174	139.817544
-107.779614	163.345236	140.046438
-107.961214	163.194788	140.282404
-108.148257	163.039830	140.525444
-108.340744	162.880362	140.775558
-108.538675	162.716385	141.032744
-108.742049	162.547898	141.297004
-108.950866	162.374901	141.568337
-109.165127	162.197394	141.846743
-109.384832	162.015378	142.132222
-109.609980	161.828852	142.424774
-109.840572	161.637816	142.724400
-110.076607	161.442270	143.031099
-110.318085	161.242215	143.344871
-110.565008	161.037650	143.665716
-110.817373	160.828575	143.993634
-111.075183	160.614990	144.328626
-111.338435	160.396896	144.670691
-111.607132	160.174292	145.019829
-111.728853	160.073451	145.177991
-111.856017	159.968100	145.343225
-111.988625	159.858240	145.515533
-112.126677	159.743870	145.694915
-112.270172	159.624990	145.881369
-112.419111	159.501600	146.074897
-112.573493	159.373701	146.275497
-112.733319	159.241291	146.483171
-112.898588	159.104373	146.697919
-113.069301	158.962944	146.919739
-113.245457	158.817005	147.148633
-113.427057	158.666557	147.384600
-113.614100	158.511599	147.627640
-113.806587	158.352132	147.877753
-114.004518	158.188154	148.134939
-114.207892	158.019667	148.399199
-114.416709	157.846670	148.670532
-114.630970	157.669164	148.948938
-114.850675	157.487148	149.234417
-115.075823	157.300621	149.526969
-115.306415	157.109586	149.826595
-115.542450	156.914040	150.133294
-115.783928	156.713985	150.447066
-116.030851	156.509420	150.767911
-116.283216	156.300345	151.095830
-116.541026	156.086760	151.430821
-116.804279	155.868666	151.772886
-117.072975	155.646062	152.122024
-117.194696	155.545221	152.280186
-117.321860	155.439870	152.445421
-117.454469	155.330010	152.617729
-117.592520	155.215640	152.797110
-117.736015	155.096760	152.983564
-117.884954	154.973370	153.177092
-118.039336	154.845471	153.377693
-118.199162	154.713062	153.585367
-118.364431	154.576143	153.800114
-118.535144	154.434714	154.021934
-118.711300	154.288776	154.250828
-118.892900	154.138327	154.486795
-119.079944	153.983370	154.729835
-119.272431	153.823902	154.979948
-119.470361	153.659925	155.237135
-119.673735	153.491437	155.501394
-119.882553	153.318441	155.772727
-120.096814	153.140934	156.051133
-120.316518	152.958918	156.336612
-120.541666	152.772392	156.629165
-120.772258	152.581356	156.928790
-121.008293	152.385810	157.235489
-121.249772	152.185755	157.549261
-121.496694	151.981190	157.870107
-121.749060	151.772115	158.198025
-122.006869	151.558531	158.533017
-122.270122	151.340436	158.875082
-122.538818	151.117832	159.224220
-122.660539	151.016991	159.382381
-122.787704	150.911641	159.547616
-122.920312	150.801780	159.719924
-123.058363	150.687410	159.899305
-123.201859	150.568530	160.085760
-123.350797	150.445140	160.279287
-123.505180	150.317241	160.479888
-123.665005	150.184832	160.687562
-123.830275	150.047913	160.902309
-124.000987	149.906484	161.124130
-124.177144	149.760546	161.353024
-124.358744	149.610098	161.588990
-124.545787	149.455140	161.832030
-124.738274	149.295672	162.082144
-124.936204	149.131695	162.339330
-125.139578	148.963208	162.603590
-125.348396	148.790211	162.874923
-125.562657	148.612704	163.153329
-125.782361	148.430688	163.438808
-126.007510	148.244162	163.731360
-126.238101	148.053126	164.030986
-126.474136	147.857581	164.337685
-126.715615	147.657525	164.651457
-126.962537	147.452960	164.972302
-127.214903	147.243886	165.300221
-127.472712	147.030301	165.635212
-127.735965	146.812207	165.977277
-128.004661	146.589603	166.326415
-128.126383	146.488762	166.484577
-128.253547	146.383411	166.649812
-128.386155	146.273551	166.822120
-128.524207	146.159180	167.001501
-128.667702	146.040301	167.187955
-128.816641	145.916911	167.381483
-128.971023	145.789011	167.582084
-129.130849	145.656602	167.789758
-129.296118	145.519683	168.004505
-129.466831	145.378255	168.226325
-129.642987	145.232316	168.455219
-129.824587	145.081868	168.691186
-130.011630	144.926910	168.934226
-130.204117	144.767443	169.184339
-130.402048	144.603465	169.441526
-130.605422	144.434978	169.705785
-130.814239	144.261982	169.977118
-131.028500	144.084475	170.255524
-131.248205	143.902459	170.541003
-131.473353	143.715933	170.833556
-131.703945	143.524897	171.133181
-131.939980	143.329351	171.439880
-132.181458	143.129296	171.753652
-132.428381	142.924731	172.074498
-132.680746	142.715656	172.402416
-132.938556	142.502071	172.737408
-133.201809	142.283977	173.079473
-133.470505	142.061373	173.428611
-133.592226	141.960532	173.586772
-133.719390	141.855182	173.752007
-133.851999	141.745321	173.924315
-133.990050	141.630951	174.103696
-134.133545	141.512071	174.290151
-134.282484	141.388681	174.483678
-134.436866	141.260782	174.684279
-134.596692	141.128373	174.891953
-134.761961	140.991454	175.106700
-134.932674	140.850025	175.328521
-135.108830	140.704087	175.557415
-135.290430	140.553639	175.793381
-135.477474	140.398681	176.036421
-135.669961	140.239213	176.286535
-135.867891	140.075236	176.543721
-136.071265	139.906749	176.807981
-136.280083	139.733752	177.079314
-136.494344	139.556245	177.357720
-136.714048	139.374229	177.643199
-136.939196	139.187703	177.935751
-137.169788	138.996667	178.235377
-137.405823	138.801122	178.542076
-137.647302	138.601066	178.855848
-137.894224	138.396501	179.176693
-138.146590	138.187427	179.504612
-138.404399	137.973842	179.839603
-138.667652	137.755748	180.181668
-138.936348	137.533144	180.530806
-139.058069	137.432303	180.688968
-139.185234	137.326952	180.854203
-139.317842	137.217092	181.026511
-139.455894	137.102722	181.205892
-139.599389	136.983842	181.392346
-139.748327	136.860452	181.585874
-139.902710	136.732553	181.786475
-140.062535	136.600143	181.994149
-140.227805	136.463225	182.208896
-140.398517	136.321796	182.430716
-140.574674	136.175858	182.659610
-140.756274	136.025409	182.895577
-140.943317	135.870452	183.138617
-141.135804	135.710984	183.388730
-141.333734	135.547007	183.645917
-141.537108	135.378519	183.910176
-141.745926	135.205523	184.181509
-141.960187	135.028016	184.459915
-142.179892	134.846000	184.745394
-142.405040	134.659474	185.037947
-142.635631	134.468438	185.337572
-142.871666	134.272892	185.644271
-143.113145	134.072837	185.958043
-143.360067	133.868272	186.278889
-143.612433	133.659197	186.606807
-143.870242	133.445613	186.941799
-144.133495	133.227518	187.283864
-144.402192	133.004914	187.633002
-144.523913	132.904073	187.791163
-144.651077	132.798723	187.956398
-144.783685	132.688862	188.128706
-144.921737	132.574492	188.308087
-145.065232	132.455612	188.494542
-145.214171	132.332223	188.688069
-145.368553	132.204323	188.888670
-145.528379	132.071914	189.096344
-145.693648	131.934995	189.311092
-145.864361	131.793566	189.532912
-146.040517	131.647628	189.761806
-146.222117	131.497180	189.997772
-146.409160	131.342222	190.240812
-146.601647	131.182754	190.490926
-146.799578	131.018777	190.748112
-147.002952	130.850290	191.012372
-147.211769	130.677293	191.283705
-147.426030	130.499787	191.562111
-147.645735	130.317770	191.847590
-147.870883	130.131244	192.140142
-148.101475	129.940208	192.439768
-148.337510	129.744663	192.746467
-148.578989	129.544608	193.060239
-148.825911	129.340042	193.381084
-149.078277	129.130968	193.709003
-149.336086	128.917383	194.043994
-149.599339	128.699289	194.386059
-149.868035	128.476685	194.735197
-149.989756	128.375844	194.893359
-150.116921	128.270493	195.058594
-150.249529	128.160633	195.230902
-150.387580	128.046263	195.410283
-150.531075	127.927383	195.596737
-150.680014	127.803993	195.790265
-150.834396	127.676094	195.990866
-150.994222	127.543685	196.198540
-151.159491	127.406766	196.413287
-151.330204	127.265337	196.635107
-151.506361	127.119399	196.864001
-151.687960	126.968951	197.099968
-151.875004	126.813993	197.343008
-152.067491	126.654525	197.593121
-152.265421	126.490548	197.850308
-152.468795	126.322061	198.114567
-152.677613	126.149064	198.385900
-152.891874	125.971557	198.664306
-153.111578	125.789541	198.949785
-153.336726	125.603015	199.242338
-153.567318	125.411979	199.541964
-153.803353	125.216433	199.848662
-154.044832	125.016378	200.162434
-154.291754	124.811813	200.483280
-154.544120	124.602738	200.811198
-154.801929	124.389154	201.146190
-155.065182	124.171059	201.488255
-155.333878	123.948455	201.837393
-155.455599	123.847615	201.995554
-155.582764	123.742264	202.160789
-155.715372	123.632403	202.333097
-155.853424	123.518033	202.512478
-155.996919	123.399153	202.698933
-156.145858	123.275764	202.892461
-156.300240	123.147864	203.093061
-156.460065	123.015455	203.300735
-156.625335	122.878536	203.515483
-156.796048	122.737108	203.737303
-156.972204	122.591169	203.966197
-157.153804	122.440721	204.202163
-157.340847	122.285763	204.445204
-157.533334	122.126296	204.695317
-157.731265	121.962318	204.952503
-157.934639	121.793831	205.216763
-158.143456	121.620834	205.488096
-158.357717	121.443328	205.766502
-158.577422	121.261311	206.051981
-158.802570	121.074785	206.344533
-159.033161	120.883750	206.644159
-159.269197	120.688204	206.950858
-159.510675	120.488149	207.264630
-159.757598	120.283584	207.585475
-160.009963	120.074509	207.913394
-160.267773	119.860924	208.248385
-160.531025	119.642830	208.590450
-160.799722	119.420226	208.939588
-160.921443	119.319385	209.097750
-161.048607	119.214034	209.262985
-161.181215	119.104174	209.435293
-161.319267	118.989804	209.614674
-161.462762	118.870924	209.801128
-161.611701	118.747534	209.994656
-161.766083	118.619635	210.195257
-161.925909	118.487226	210.402931
-162.091178	118.350307	210.617678
-162.261891	118.208878	210.839499
-162.438047	118.062940	211.068392
-162.619647	117.912492	211.304359
-162.806691	117.757534	211.547399
-162.999177	117.598066	211.797512
-163.197108	117.434089	212.054699
-163.400482	117.265602	212.318958
-163.609299	117.092605	212.590291
-163.823560	116.915098	212.868697
-164.043265	116.733082	213.154177
-164.268413	116.546556	213.446729
-164.499005	116.355520	213.746355
-164.735040	116.159975	214.053053
-164.976519	115.959919	214.366826
-165.223441	115.755354	214.687671
-165.475807	115.546279	215.015589
-165.733616	115.332695	215.350581
-165.996869	115.114601	215.692646
-166.265565	114.891997	216.041784
-166.387286	114.791156	216.199945
-166.514451	114.685805	216.365180
-166.647059	114.575945	216.537488
-166.785110	114.461574	216.716870
-166.928606	114.342694	216.903324
-167.077544	114.219305	217.096852
-167.231927	114.091405	217.297452
-167.391752	113.958996	217.505126
-167.557022	113.822077	217.719874
-167.727734	113.680649	217.941694
-167.903891	113.534710	218.170588
-168.085491	113.384262	218.406555
-168.272534	113.229304	218.649595
-168.465021	113.069837	218.899708
-168.662951	112.905859	219.156894
-168.866325	112.737372	219.421154
-169.075143	112.564376	219.692487
-169.289404	112.386869	219.970893
-169.509108	112.204853	220.256372
-169.734257	112.018327	220.548925
-169.964848	111.827291	220.848550
-170.200883	111.631745	221.155249
-170.442362	111.431690	221.469021
-170.689284	111.227125	221.789866
-170.941650	111.018050	222.117785
-171.199459	110.804465	222.452776
-171.462712	110.586371	222.794841
-171.731409	110.363767	223.143979
-171.853130	110.262926	223.302141
-171.980294	110.157576	223.467376
-172.112902	110.047715	223.639684
-172.250954	109.933345	223.819065
-172.394449	109.814465	224.005519
-172.543388	109.691075	224.199047
-172.697770	109.563176	224.399648
-172.857596	109.430767	224.607322
-173.022865	109.293848	224.822069
-173.193578	109.152419	225.043890
-173.369734	109.006481	225.272783
-173.551334	108.856033	225.508750
-173.738377	108.701075	225.751790
-173.930864	108.541607	226.001903
-174.128795	108.377630	226.259090
-174.332169	108.209143	226.523349
-174.540986	108.036146	226.794682
-174.755247	107.858640	227.073088
-174.974952	107.676623	227.358568
-175.200100	107.490097	227.651120
-175.430692	107.299061	227.950746
-175.666727	107.103516	228.257445
-175.908205	106.903460	228.571217
-176.155128	106.698895	228.892062
-176.407493	106.489821	229.219980
-176.665303	106.276236	229.554972
-176.928556	106.058142	229.897037
-177.197252	105.835538	230.246175
-177.318973	105.734697	230.404337
-177.446137	105.629346	230.569571
-177.578746	105.519486	230.741879
-177.716797	105.405116	230.921261
-177.860292	105.286236	231.107715
-178.009231	105.162846	231.301243
-178.163613	105.034947	231.501843
-178.323439	104.902537	231.709517
-178.488708	104.765619	231.924265
-178.659421	104.624190	232.146085
-178.835577	104.478252	232.374979
-179.017177	104.327803	232.610946
-179.204221	104.172846	232.853986
-179.396708	104.013378	233.104099
-179.594638	103.849401	233.361285
-179.798012	103.680914	233.625545
-180.006830	103.507917	233.896878
-180.221091	103.330410	234.175284
-180.440795	103.148394	234.460763
-180.665943	102.961868	234.753316
-180.896535	102.770832	235.052941
-181.132570	102.575286	235.359640
-181.374049	102.375231	235.673412
-181.620971	102.170666	235.994257
-181.873337	101.961591	236.322176
-182.131146	101.748007	236.657168
-182.394399	101.529912	236.999232
-182.663095	101.307308	237.348370
-182.784816	101.206467	237.506532
-182.911981	101.101117	237.671767
-183.044589	100.991256	237.844075
-183.182641	100.876886	238.023456
-183.326136	100.758006	238.209911
-183.475074	100.634617	238.403438
-183.629457	100.506717	238.604039
-183.789282	100.374308	238.811713
-183.954552	100.237389	239.026460
-184.125264	100.095961	239.248281
-184.301421	99.950022	239.477174
-184.483021	99.799574	239.713141
-184.670064	99.644616	239.956181
-184.862551	99.485149	240.206294
-185.060481	99.321171	240.463481
-185.263855	99.152684	240.727741
-185.472673	98.979687	240.999073
-185.686934	98.802181	241.277479
