43.727043	241.738079	38.603487
43.781269	241.666581	38.621905
43.842074	241.590281	38.646126
43.909460	241.509182	38.676148
43.983430	241.423283	38.711969
44.063985	241.332586	38.753586
44.151129	241.237091	38.800998
44.244863	241.136799	38.854202
44.345191	241.031710	38.913195
44.452114	240.921826	38.977977
44.565635	240.807146	39.048544
44.685756	240.687671	39.124894
44.812480	240.563403	39.207025
44.945809	240.434341	39.294936
45.085745	240.300487	39.388623
45.232291	240.161841	39.488086
45.385448	240.018405	39.593321
45.545218	239.870179	39.704328
45.711605	239.717165	39.821104
45.884608	239.559364	39.943648
46.064232	239.396780	40.071959
46.250476	239.229413	40.206034
46.443344	239.057268	40.345873
46.642839	238.880346	40.491473
46.848963	238.698650	40.642832
47.061719	238.512183	40.799948
47.281112	238.320944	40.962817
47.507144	238.124934	41.131438
47.739818	237.924151	41.305806
47.979136	237.718593	41.485921
48.225101	237.508261	41.671779
48.477713	237.293151	41.863379
48.736975	237.073264	42.060718
49.002888	236.848598	42.263796
49.275454	236.619155	42.472610
49.554674	236.384933	42.687159
49.840550	236.145934	42.907442
50.133085	235.902158	43.133455
50.432279	235.653605	43.365198
50.738135	235.400276	43.602670
51.050654	235.142172	43.845867
51.369839	234.879293	44.094790
51.695692	234.611640	44.349435
51.843639	234.490430	44.465279
51.998257	234.364448	44.586844
52.159545	234.233692	44.714129
52.327505	234.098164	44.847133
52.502138	233.957864	44.985856
52.683444	233.812792	45.130297
52.871424	233.662949	45.280455
53.066079	233.508334	45.436330
53.267410	233.348948	45.597920
53.475417	233.184791	45.765226
53.690102	233.015865	45.938247
53.911465	232.842168	46.116982
54.139507	232.663701	46.301429
54.374229	232.480465	46.491590
54.615631	232.292459	46.687462
54.863714	232.099685	46.889046
55.118479	231.902143	47.096340
55.379927	231.699832	47.309345
55.648058	231.492753	47.528059
55.922874	231.280907	47.752482
56.204374	231.064293	47.982613
56.492560	230.842912	48.218452
56.787433	230.616765	48.459998
57.088993	230.385851	48.707250
57.397240	230.150172	48.960209
57.712176	229.909726	49.218873
58.033801	229.664515	49.483241
58.362117	229.414539	49.753314
58.510994	229.301332	49.875869
58.666561	229.183361	50.004128
58.828821	229.060624	50.138090
58.997771	228.933124	50.277755
59.173414	228.800859	50.423123
59.355748	228.663830	50.574194
59.544775	228.522037	50.730966
59.740495	228.375481	50.893441
59.942908	228.224160	51.061618
60.152014	228.068076	51.235496
60.367813	227.907229	51.415075
60.590307	227.741619	51.600356
60.819495	227.571245	51.791338
61.055377	227.396108	51.988020
61.297954	227.216209	52.190403
61.547226	227.031547	52.398486
61.803193	226.842122	52.612270
62.065856	226.647935	52.831753
62.335215	226.448986	53.056936
62.611270	226.245275	53.287818
62.894021	226.036801	53.524400
63.183469	225.823566	53.766680
63.479614	225.605569	54.014660
63.782456	225.382811	54.268338
64.091996	225.155291	54.527715
64.408234	224.923010	54.792790
64.731169	224.685968	55.063563
65.060803	224.444165	55.340034
65.210164	224.334670	55.465341
65.366224	224.220413	55.596346
65.528982	224.101396	55.733049
65.698439	223.977618	55.875449
65.874596	223.849079	56.023547
66.057451	223.715781	56.177342
66.247006	223.577721	56.336834
66.443260	223.434902	56.502023
66.646213	223.287322	56.672910
66.855867	223.134982	56.849493
67.072219	222.977881	57.031773
67.295272	222.816021	57.219751
67.525024	222.649401	57.413425
67.761477	222.478020	57.612795
68.004630	222.301880	57.817863
68.254482	222.120980	58.028627
68.511036	221.935320	58.245087
68.774289	221.744901	58.467244
69.044244	221.549721	58.695097
69.320898	221.349783	58.928647
69.604254	221.145084	59.167893
69.894311	220.935627	59.412835
70.191068	220.721410	59.663473
70.494527	220.502434	59.919807
70.804686	220.278698	60.181837
71.121547	220.050203	60.449563
71.445110	219.816950	60.722984
71.775374	219.578937	61.002102
71.924995	219.471140	61.128566
72.081318	219.358584	61.260726
72.244343	219.241269	61.398582
72.414070	219.119196	61.542133
72.590498	218.992363	61.691380
72.773628	218.860772	61.846323
72.963460	218.724422	62.006961
73.159994	218.583313	62.173295
73.363229	218.437446	62.345324
73.573167	218.286820	62.523048
73.789807	218.131435	62.706468
74.013149	217.971292	62.895584
74.243193	217.806389	63.090394
74.479939	217.636729	63.290901
74.723387	217.462310	63.497102
74.973538	217.283132	63.708999
75.230390	217.099196	63.926591
75.493946	216.910502	64.149878
75.764203	216.717049	64.378861
76.041163	216.518837	64.613539
76.324825	216.315868	64.853912
76.615190	216.108140	65.099980
76.912258	215.895653	65.351743
77.216028	215.678409	65.609202
77.526501	215.456406	65.872355
77.843676	215.229645	66.141204
78.167554	214.998126	66.415748
78.498135	214.761849	66.695986
78.647893	214.654826	66.822945
78.804354	214.543045	66.955598
78.967519	214.426506	67.093947
79.137386	214.305209	67.237990
79.313955	214.179153	67.387729
79.497228	214.048340	67.543162
79.687204	213.912769	67.704291
79.883882	213.772440	67.871114
80.087263	213.627352	68.043633
80.297348	213.477507	68.221846
80.514135	213.322904	68.405754
80.737625	213.163543	68.595357
80.967819	212.999424	68.790655
81.204715	212.830547	68.991648
81.448314	212.656912	69.198336
81.698616	212.478519	69.410719
81.955622	212.295369	69.628797
82.219330	212.107460	69.852569
82.489742	211.914794	70.082037
82.766856	211.717370	70.317199
83.050674	211.515188	70.558056
83.341195	211.308248	70.804608
83.638419	211.096550	71.056855
83.942346	210.880095	71.314796
84.252977	210.658882	71.578433
84.570310	210.432911	71.847764
84.894347	210.202182	72.122790
85.225087	209.966696	72.403511
85.374916	209.860025	72.530683
85.531448	209.748596	72.663549
85.694683	209.632410	72.802111
85.864622	209.511466	72.946367
86.041263	209.385764	73.096318
86.224608	209.255305	73.251963
86.414657	209.120088	73.413304
86.611408	208.980113	73.580339
86.814863	208.835381	73.753069
87.025022	208.685890	73.931494
87.241883	208.531643	74.115614
87.465448	208.372638	74.305428
87.695716	208.208875	74.500937
87.932688	208.040354	74.702141
88.176363	207.867076	74.909039
88.426741	207.689040	75.121633
88.683823	207.506247	75.339921
88.947608	207.318696	75.563904
89.218097	207.126387	75.793581
89.495289	206.929321	76.028953
89.779184	206.727498	76.270021
90.069782	206.520917	76.516782
90.367084	206.309578	76.769239
90.671090	206.093482	77.027390
90.981799	205.872628	77.291236
91.299211	205.647016	77.560777
91.623327	205.416647	77.836012
91.954146	205.181521	78.116942
92.104010	205.075010	78.244207
92.260577	204.963741	78.377166
92.423848	204.847715	78.515820
92.593822	204.726932	78.660169
92.770499	204.601391	78.810212
92.953880	204.471092	78.965950
93.143965	204.336036	79.127383
93.340753	204.196222	79.294511
93.544244	204.051651	79.467333
93.754439	203.902323	79.645850
93.971337	203.748237	79.830061
94.194939	203.589393	80.019968
94.425245	203.425792	80.215569
94.662253	203.257434	80.416865
94.905966	203.084318	80.623855
95.156382	202.906444	80.836540
95.413501	202.723814	81.054920
95.677324	202.536425	81.278995
95.947850	202.344279	81.508764
96.225080	202.147376	81.744228
96.509013	201.945716	81.985387
96.799650	201.739297	82.232240
97.096990	201.528122	82.484789
97.401034	201.312189	82.743031
97.711782	201.091498	83.006969
98.029233	200.866050	83.276601
98.353387	200.635845	83.551928
98.684245	200.400882	83.832950
98.834126	200.294444	83.960255
98.990710	200.183248	84.093255
99.153998	200.067295	84.231949
99.323990	199.946584	84.376338
99.500685	199.821116	84.526422
99.684083	199.690891	84.682201
99.874186	199.555908	84.843674
100.070991	199.416168	85.010842
100.274500	199.271670	85.183705
100.484713	199.122415	85.362262
100.701629	198.968402	85.546514
100.925249	198.809632	85.736461
101.155573	198.646105	85.932102
101.392600	198.477820	86.133438
101.636330	198.304778	86.340469
101.886764	198.126979	86.553195
102.143902	197.944422	86.771615
102.407743	197.757107	86.995730
102.678287	197.565035	87.225539
102.955536	197.368206	87.461044
103.239488	197.166620	87.702243
103.530143	196.960276	87.949136
103.827502	196.749174	88.201725
104.131564	196.533315	88.460008
104.442330	196.312699	88.723985
104.759800	196.087326	88.993658
105.083973	195.857195	89.269025
105.414850	195.622306	89.550087
105.564739	195.515901	89.677410
105.721332	195.404738	89.810427
105.884628	195.288818	89.949140
106.054628	195.168141	90.093547
106.231332	195.042706	90.243648
106.414739	194.912514	90.399445
106.604849	194.777564	90.560936
106.801664	194.637857	90.728122
107.005181	194.493393	90.901002
107.215403	194.344171	91.079577
107.432328	194.190192	91.263847
107.655956	194.031456	91.453812
107.886288	193.867962	91.649471
108.123324	193.699711	91.850825
108.367063	193.526702	92.057873
108.617506	193.348936	92.270617
108.874652	193.166413	92.489055
109.138502	192.979132	92.713187
109.409056	192.787094	92.943014
109.686313	192.590298	93.178537
109.970273	192.388745	93.419753
110.260938	192.182435	93.666665
110.558305	191.971367	93.919271
110.862377	191.755542	94.177572
111.173152	191.534960	94.441567
111.490630	191.309620	94.711257
111.814812	191.079523	94.986642
112.145698	190.844669	95.267721
112.295591	190.738279	95.395052
112.452188	190.627131	95.528078
112.615488	190.511226	95.666798
112.785492	190.390564	95.811213
112.962200	190.265144	95.961322
113.145611	190.134967	96.117127
113.335726	190.000032	96.278626
113.532544	189.860341	96.445819
113.736066	189.715892	96.618708
113.946292	189.566685	96.797291
114.163221	189.412721	96.981568
114.386853	189.254000	97.171541
114.617189	189.090521	97.367208
114.854229	188.922285	97.568569
115.097973	188.749292	97.775626
115.348420	188.571541	97.988377
115.605570	188.389033	98.206823
115.869424	188.201768	98.430963
116.139982	188.009745	98.660799
116.417243	187.812965	98.896328
116.701208	187.611427	99.137553
116.991877	187.405132	99.384472
117.289249	187.194080	99.637086
117.593324	186.978270	99.895395
117.904103	186.757703	100.159398
118.221586	186.532379	100.429096
118.545773	186.302297	100.704489
118.876663	186.067458	100.985576
119.026558	185.961075	101.112911
119.183156	185.849934	101.245939
119.346459	185.734036	101.384663
119.516465	185.613381	101.529082
119.693174	185.487968	101.679195
119.876587	185.357798	101.835002
120.066704	185.222870	101.996505
120.263524	185.083185	102.163702
120.467048	184.938743	102.336594
120.677275	184.789543	102.515180
120.894206	184.635586	102.699461
121.117841	184.476872	102.889437
121.348179	184.313400	103.085108
121.585221	184.145171	103.286473
121.828966	183.972185	103.493533
122.079415	183.794441	103.706288
122.336568	183.611940	103.924737
122.600424	183.424682	104.148881
122.870984	183.232666	104.378719
123.148247	183.035893	104.614253
123.432214	182.834362	104.855481
123.722884	182.628074	105.102404
124.020258	182.417029	105.355021
124.324336	182.201226	105.613333
124.635117	181.980666	105.877340
124.952602	181.755349	106.147041
125.276790	181.525274	106.422438
125.607682	181.290442	106.703529
125.757578	181.184062	106.830864
125.914178	181.072924	106.963895
126.077481	180.957029	107.102620
126.247488	180.836377	107.247040
126.424198	180.710967	107.397155
126.607612	180.580800	107.552964
126.797730	180.445876	107.714468
126.994551	180.306194	107.881667
127.198076	180.161755	108.054560
127.408304	180.012559	108.233148
127.625236	179.858605	108.417431
127.848872	179.699894	108.607408
128.079211	179.536425	108.803080
128.316253	179.368199	109.004447
128.560000	179.195216	109.211508
128.810450	179.017476	109.424265
129.067603	178.834978	109.642715
129.331460	178.647722	109.866861
129.602021	178.455710	110.096701
129.879285	178.258940	110.332236
130.163253	178.057412	110.573466
130.453924	177.851128	110.820390
130.751299	177.640085	111.073009
131.055378	177.424286	111.331323
131.366160	177.203729	111.595331
131.683646	176.978415	111.865034
132.007835	176.748344	112.140432
132.338728	176.513515	112.421524
132.488624	176.407136	112.548861
132.645224	176.296000	112.681892
132.808528	176.180106	112.820618
132.978535	176.059455	112.965039
133.155246	175.934047	113.115154
133.338661	175.803882	113.270964
133.528779	175.668959	113.432468
133.725600	175.529278	113.599668
133.929125	175.384841	113.772562
134.139354	175.235646	113.951151
134.356287	175.081693	114.135434
134.579922	174.922983	114.325412
134.810262	174.759516	114.521085
135.047305	174.591292	114.722452
135.291052	174.418310	114.929515
135.541502	174.240571	115.142271
135.798656	174.058075	115.360723
136.062514	173.870821	115.584869
136.333075	173.678810	115.814710
136.610339	173.482041	116.050246
136.894308	173.280515	116.291476
137.184979	173.074232	116.538401
137.482355	172.863191	116.791021
137.786434	172.647393	117.049335
138.097216	172.426838	117.313344
138.414703	172.201525	117.583048
138.738893	171.971455	117.858446
139.069786	171.736628	118.139539
139.219683	171.630250	118.266876
139.376283	171.519114	118.399908
139.539587	171.403221	118.538634
139.709594	171.282571	118.683055
139.886305	171.157163	118.833170
140.069720	171.026998	118.988981
140.259838	170.892076	119.150486
140.456660	170.752396	119.317685
140.660185	170.607959	119.490580
140.870414	170.458765	119.669169
141.087347	170.304813	119.853452
141.310983	170.146104	120.043431
141.541323	169.982638	120.239104
141.778366	169.814414	120.440472
142.022113	169.641433	120.647534
142.272563	169.463695	120.860291
142.529717	169.281199	121.078743
142.793575	169.093946	121.302890
143.064136	168.901935	121.532731
143.341401	168.705167	121.768267
143.625370	168.503642	122.009498
143.916042	168.297359	122.256423
144.213417	168.086319	122.509043
144.517497	167.870522	122.767358
144.828280	167.649967	123.031367
145.145766	167.424655	123.301071
145.469956	167.194586	123.576470
145.800850	166.959759	123.857563
145.950746	166.853381	123.984900
146.107347	166.742246	124.117932
146.270651	166.626354	124.256658
146.440658	166.505704	124.401079
146.617369	166.380296	124.551195
146.800784	166.250132	124.707005
146.990902	166.115210	124.868510
147.187724	165.975530	125.035710
147.391250	165.831094	125.208605
147.601479	165.681900	125.387194
147.818411	165.527948	125.571478
148.042048	165.369239	125.761456
148.272387	165.205773	125.957130
148.509431	165.037550	126.158497
148.753178	164.864569	126.365560
149.003629	164.686831	126.578317
149.260783	164.504335	126.796769
149.524641	164.317082	127.020916
149.795202	164.125072	127.250757
150.072467	163.928305	127.486294
150.356435	163.726780	127.727524
150.647108	163.520497	127.974450
150.944483	163.309458	128.227070
151.248563	163.093661	128.485385
151.559346	162.873106	128.749394
151.876832	162.647795	129.019098
152.201022	162.417726	129.294497
152.531916	162.182899	129.575591
152.681813	162.076521	129.702928
152.838413	161.965386	129.835960
153.001717	161.849494	129.974686
153.171725	161.728844	130.119107
153.348436	161.603437	130.269223
153.531851	161.473272	130.425033
153.721969	161.338350	130.586539
153.918791	161.198671	130.753738
154.122316	161.054235	130.926633
154.332545	160.905041	131.105222
154.549478	160.751089	131.289506
154.773114	160.592381	131.479485
155.003454	160.428915	131.675158
155.240498	160.260692	131.876526
155.484245	160.087711	132.083589
155.734696	159.909973	132.296346
155.991850	159.727477	132.514798
156.255708	159.540225	132.738945
156.526269	159.348215	132.968786
156.803534	159.151447	133.204322
157.087503	158.949922	133.445553
157.378175	158.743640	133.692479
157.675551	158.532601	133.945099
157.979630	158.316804	134.203414
158.290413	158.096250	134.467423
158.607900	157.870938	134.737128
158.932090	157.640869	135.012526
159.262983	157.406043	135.293620
159.412880	157.299665	135.420957
159.569481	157.188530	135.553989
159.732785	157.072638	135.692715
159.902792	156.951988	135.837137
160.079504	156.826581	135.987252
160.262918	156.696416	136.143063
160.453037	156.561495	136.304568
160.649859	156.421815	136.471768
160.853384	156.277379	136.644663
161.063613	156.128185	136.823252
161.280546	155.974234	137.007536
161.504182	155.815525	137.197514
161.734522	155.652059	137.393188
161.971566	155.483836	137.594556
162.215313	155.310855	137.801618
162.465763	155.133118	138.014376
162.722918	154.950622	138.232828
162.986776	154.763370	138.456975
163.257337	154.571359	138.686816
163.534602	154.374592	138.922352
163.818571	154.173067	139.163583
164.109243	153.966785	139.410509
164.406619	153.755746	139.663129
164.710698	153.539949	139.921444
165.021481	153.319395	140.185453
165.338968	153.094083	140.455158
165.663158	152.864015	140.730557
165.994052	152.629188	141.011650
166.143948	152.522811	141.138987
166.300549	152.411676	141.272019
166.463853	152.295783	141.410746
166.633861	152.175134	141.555167
166.810572	152.049726	141.705283
166.993987	151.919562	141.861093
167.184105	151.784640	142.022598
167.380927	151.644961	142.189798
167.584452	151.500525	142.362693
167.794682	151.351331	142.541282
168.011614	151.197380	142.725566
168.235251	151.038671	142.915545
168.465591	150.875205	143.111218
168.702634	150.706982	143.312586
168.946381	150.534001	143.519649
169.196832	150.356263	143.732406
169.453986	150.173768	143.950858
169.717844	149.986515	144.175005
169.988405	149.794505	144.404847
170.265670	149.597738	144.640383
170.549639	149.396213	144.881614
170.840311	149.189931	145.128539
171.137687	148.978892	145.381159
171.441767	148.763095	145.639474
171.752550	148.542541	145.903484
172.070036	148.317230	146.173188
172.394226	148.087161	146.448587
172.725120	147.852335	146.729681
172.875017	147.745957	146.857018
173.031617	147.634822	146.990050
173.194921	147.518930	147.128776
173.364929	147.398280	147.273197
173.541640	147.272873	147.423313
173.725055	147.142708	147.579124
173.915173	147.007787	147.740629
174.111995	146.868108	147.907829
174.315521	146.723671	148.080723
174.525750	146.574477	148.259313
174.742683	146.420526	148.443597
174.966319	146.261818	148.633575
175.196659	146.098352	148.829249
175.433703	145.930128	149.030617
175.677450	145.757148	149.237679
175.927900	145.579410	149.450437
176.185055	145.396915	149.668889
176.448912	145.209662	149.893036
176.719474	145.017652	150.122877
176.996739	144.820885	150.358413
177.280708	144.619360	150.599644
177.571380	144.413078	150.846570
177.868756	144.202039	151.099190
178.172835	143.986242	151.357505
178.483618	143.765688	151.621515
178.801105	143.540376	151.891219
179.125295	143.310307	152.166618
179.456189	143.075481	152.447711
179.606086	142.969104	152.575049
179.762686	142.857969	152.708080
179.925990	142.742076	152.846807
180.095998	142.621427	152.991228
180.272709	142.496020	153.141344
180.456124	142.365855	153.297154
180.646242	142.230933	153.458660
180.843064	142.091254	153.625859
181.046589	141.946818	153.798754
181.256819	141.797624	153.977343
181.473751	141.643673	154.161627
181.697388	141.484964	154.351606
181.927728	141.321498	154.547279
182.164771	141.153275	154.748647
182.408518	140.980295	154.955710
182.658969	140.802557	155.168468
182.916123	140.620061	155.386920
183.179981	140.432809	155.611066
183.450543	140.240799	155.840908
183.727808	140.044031	156.076444
184.011776	139.842507	156.317675
184.302449	139.636225	156.564601
184.599824	139.425185	156.817221
184.903904	139.209389	157.075536
185.214687	138.988834	157.339545
185.532173	138.763523	157.609250
185.856364	138.533454	157.884649
186.187257	138.298628	158.165742
186.337154	138.192250	158.293079
186.493755	138.081115	158.426111
186.657059	137.965223	158.564838
186.827066	137.844573	158.709259
187.003777	137.719166	158.859375
187.187192	137.589002	159.015185
187.377311	137.454080	159.176690
187.574133	137.314401	159.343890
187.777658	137.169965	159.516785
187.987887	137.020771	159.695374
188.204820	136.866820	159.879658
188.428456	136.708111	160.069637
188.658796	136.544645	160.265310
188.895840	136.376422	160.466678
189.139587	136.203441	160.673741
189.390038	136.025704	160.886498
189.647192	135.843208	161.104950
189.911050	135.655956	161.329097
190.181611	135.463946	161.558939
190.458876	135.267178	161.794475
190.742845	135.065654	162.035706
191.033517	134.859372	162.282631
191.330893	134.648332	162.535252
191.634972	134.432535	162.793566
191.945755	134.211981	163.057576
192.263242	133.986670	163.327280
192.587432	133.756601	163.602679
192.918326	133.521775	163.883773
193.068223	133.415397	164.011110
193.224823	133.304262	164.144142
193.388127	133.188370	164.282868
193.558135	133.067720	164.427290
193.734846	132.942313	164.577405
193.918261	132.812149	164.733216
194.108379	132.677227	164.894721
194.305201	132.537548	165.061921
194.508727	132.393112	165.234816
194.718956	132.243918	165.413405
194.935889	132.089967	165.597689
195.159525	131.931258	165.787668
195.389865	131.767792	165.983341
195.626908	131.599569	166.184709
195.870656	131.426588	166.391772
196.121106	131.248850	166.604529
196.378261	131.066355	166.822981
196.642118	130.879103	167.047128
196.912680	130.687093	167.276970
197.189945	130.490325	167.512506
197.473914	130.288801	167.753737
197.764586	130.082519	168.000662
198.061962	129.871479	168.253282
198.366041	129.655682	168.511597
198.676824	129.435128	168.775607
198.994311	129.209817	169.045311
199.318501	128.979748	169.320710
199.649395	128.744922	169.601804
199.799291	128.638544	169.729141
199.955892	128.527409	169.862173
200.119196	128.411517	170.000899
200.289204	128.290867	170.145320
200.465915	128.165460	170.295436
200.649330	128.035296	170.451247
200.839448	127.900374	170.612752
201.036270	127.760695	170.779952
201.239795	127.616258	170.952846
201.450025	127.467065	171.131436
201.666957	127.313113	171.315720
201.890594	127.154405	171.505698
202.120934	126.990939	171.701372
202.357977	126.822716	171.902740
202.601724	126.649735	172.109803
202.852175	126.471997	172.322560
203.109329	126.289502	172.541012
203.373187	126.102249	172.765159
203.643749	125.910240	172.995000
203.921014	125.713472	173.230536
204.204982	125.511947	173.471767
204.495655	125.305665	173.718693
204.793030	125.094626	173.971313
205.097110	124.878829	174.229628
205.407893	124.658275	174.493638
205.725379	124.432964	174.763342
206.049570	124.202895	175.038741
206.380463	123.968069	175.319835
206.530360	123.861691	175.447172
206.686961	123.750556	175.580203
206.850265	123.634664	175.718930
207.020272	123.514014	175.863351
207.196983	123.388607	176.013467
207.380398	123.258443	176.169278
207.570517	123.123521	176.330783
207.767339	122.983842	176.497983
207.970864	122.839405	176.670877
208.181093	122.690212	176.849467
208.398026	122.536260	177.033751
208.621662	122.377552	177.223729
208.852002	122.214086	177.419403
209.089046	122.045863	177.620771
209.332793	121.872882	177.827833
209.583244	121.695144	178.040591
209.840398	121.512649	178.259043
210.104256	121.325396	178.483190
210.374817	121.133386	178.713031
210.652082	120.936619	178.948567
210.936051	120.735094	179.189798
211.226723	120.528812	179.436724
211.524099	120.317773	179.689344
211.828178	120.101976	179.947659
212.138961	119.881422	180.211668
212.456448	119.656111	180.481373
212.780638	119.426042	180.756772
213.111532	119.191216	181.037865
213.261429	119.084838	181.165203
213.418029	118.973703	181.298234
213.581333	118.857811	181.436961
213.751341	118.737161	181.581382
213.928052	118.611754	181.731498
214.111467	118.481590	181.887308
214.301585	118.346668	182.048814
214.498407	118.206989	182.216013
214.701933	118.062552	182.388908
214.912162	117.913359	182.567497
215.129095	117.759407	182.751781
215.352731	117.600699	182.941760
215.583071	117.437233	183.137433
215.820114	117.269010	183.338801
216.063862	117.096029	183.545864
216.314312	116.918291	183.758622
216.571467	116.735796	183.977074
216.835324	116.548543	184.201220
217.105886	116.356533	184.431062
217.383151	116.159766	184.666598
217.667120	115.958241	184.907829
217.957792	115.751959	185.154755
218.255168	115.540920	185.407375
218.559247	115.325123	185.665690
218.870030	115.104569	185.929699
219.187517	114.879258	186.199404
219.511707	114.649189	186.474803
219.842601	114.414363	186.755896
219.992498	114.307985	186.883233
220.149098	114.196850	187.016265
220.312402	114.080958	187.154992
220.482410	113.960308	187.299413
220.659121	113.834901	187.449529
220.842536	113.704737	187.605339
221.032654	113.569815	187.766844
221.229476	113.430136	187.934044
221.433001	113.285699	188.106939
221.643231	113.136506	188.285528
221.860163	112.982554	188.469812
222.083800	112.823846	188.659791
222.314140	112.660380	188.855464
222.551183	112.492157	189.056832
222.794930	112.319176	189.263895
223.045381	112.141438	189.476652
223.302535	111.958943	189.695104
223.566393	111.771690	189.919251
223.836955	111.579680	190.149093
224.114220	111.382913	190.384629
224.398188	111.181388	190.625860
224.688861	110.975106	190.872785
224.986236	110.764067	191.125406
225.290316	110.548270	191.383720
225.601099	110.327716	191.647730
225.918585	110.102405	191.917434
226.242776	109.872336	192.192833
226.573669	109.637510	192.473927
226.723566	109.531132	192.601264
226.880167	109.419997	192.734296
227.043471	109.304105	192.873022
227.213478	109.183455	193.017444
227.390189	109.058048	193.167559
227.573604	108.927884	193.323370
227.763723	108.792962	193.484875
227.960545	108.653283	193.652075
228.164070	108.508846	193.824970
228.374299	108.359652	194.003559
228.591232	108.205701	194.187843
228.814868	108.046993	194.377822
229.045208	107.883527	194.573495
229.282252	107.715304	194.774863
229.525999	107.542323	194.981926
229.776450	107.364585	195.194683
230.033604	107.182090	195.413135
230.297462	106.994837	195.637282
230.568023	106.802827	195.867124
230.845288	106.606060	196.102660
231.129257	106.404535	196.343891
231.419929	106.198253	196.590816
231.717305	105.987214	196.843436
232.021384	105.771417	197.101751
232.332167	105.550863	197.365761
232.649654	105.325552	197.635465
232.973844	105.095483	197.910864
233.304738	104.860657	198.191958
233.454635	104.754279	198.319295
233.611235	104.643144	198.452327
233.774539	104.527252	198.591053
233.944547	104.406602	198.735474
234.121258	104.281195	198.885590
234.304673	104.151031	199.041401
234.494791	104.016109	199.202906
234.691613	103.876430	199.370106
234.895139	103.731993	199.543001
235.105368	103.582799	199.721590
235.322301	103.428848	199.905874
235.545937	103.270140	200.095852
235.776277	103.106674	200.291526
236.013321	102.938451	200.492894
236.257068	102.765470	200.699957
236.507518	102.587732	200.912714
236.764673	102.405237	201.131166
237.028530	102.217984	201.355313
237.299092	102.025974	201.585154
237.576357	101.829207	201.820691
237.860326	101.627682	202.061921
238.150998	101.421400	202.308847
238.448374	101.210361	202.561467
238.752453	100.994564	202.819782
239.063236	100.774010	203.083792
239.380723	100.548699	203.353496
239.704913	100.318630	203.628895
240.035807	100.083804	203.909989
240.185704	99.977426	204.037326
240.342304	99.866291	204.170358
240.505608	99.750399	204.309084
240.675616	99.629749	204.453505
240.852327	99.504342	204.603621
241.035742	99.374178	204.759432
241.225860	99.239256	204.920937
241.422682	99.099577	205.088137
241.626208	98.955140	205.261031
241.836437	98.805946	205.439621
242.053369	98.651995	205.623905
242.277006	98.493287	205.813883
242.507346	98.329821	206.009557
242.744389	98.161598	206.210925
242.988136	97.988617	206.417987
243.238587	97.810879	206.630745
243.495741	97.628384	206.849197
243.759599	97.441131	207.073344
244.030161	97.249121	207.303185
244.307426	97.052354	207.538721
244.591394	96.850829	207.779952
244.882067	96.644547	208.026878
245.179442	96.433508	208.279498
245.483522	96.217711	208.537813
245.794305	95.997157	208.801823
246.111791	95.771846	209.071527
246.435982	95.541777	209.346926
246.766875	95.306951	209.628019
246.916772	95.200573	209.755357
247.073373	95.089438	209.888388
247.236677	94.973546	210.027115
247.406684	94.852896	210.171536
247.583396	94.727489	210.321652
247.766810	94.597324	210.477462
247.956929	94.462403	210.638968
248.153751	94.322724	210.806168
248.357276	94.178287	210.979062
248.567505	94.029093	211.157651
248.784438	93.875142	211.341935
249.008074	93.716434	211.531914
249.238414	93.552968	211.727587
249.475458	93.384745	211.928955
249.719205	93.211764	212.136018
249.969656	93.034026	212.348776
250.226810	92.851531	212.567228
250.490668	92.664278	212.791375
250.761229	92.472268	213.021216
251.038494	92.275501	213.256752
251.322463	92.073976	213.497983
251.613135	91.867694	213.744909
251.910511	91.656655	213.997529
252.214591	91.440858	214.255844
252.525374	91.220304	214.519853
252.842860	90.994992	214.789558
253.167050	90.764924	215.064957
253.497944	90.530098	215.346050
253.647841	90.423720	215.473387
253.804441	90.312585	215.606419
253.967745	90.196693	215.745146
254.137753	90.076043	215.889567
254.314464	89.950636	216.039683
254.497879	89.820471	216.195493
254.687997	89.685550	216.356998
254.884819	89.545871	216.524198
255.088345	89.401434	216.697093
255.298574	89.252240	216.875682
255.515507	89.098289	217.059966
255.739143	88.939581	217.249945
255.969483	88.776115	217.445618
256.206527	88.607892	217.646986
256.450274	88.434911	217.854049
256.700724	88.257173	218.066806
256.957879	88.074678	218.285259
