-49.610630	212.162344	31.080230
-49.587316	212.039235	31.123723
-49.571637	211.911797	31.172007
-49.563590	211.780032	31.225091
-49.563171	211.643941	31.282981
-49.570378	211.503526	31.345684
-49.585207	211.358790	31.413208
-49.607654	211.209735	31.485558
-49.637718	211.056362	31.562742
-49.675393	210.898673	31.644767
-49.720678	210.736672	31.731639
-49.773569	210.570359	31.823365
-49.834062	210.399736	31.919953
-49.902156	210.224806	32.021408
-49.977845	210.045571	32.127738
-50.061127	209.862033	32.238949
-50.152000	209.674193	32.355048
-50.250459	209.482054	32.476042
-50.356502	209.285618	32.601937
-50.470126	209.084886	32.732740
-50.591327	208.879862	32.868458
-50.720102	208.670546	33.009097
-50.856449	208.456941	33.154663
-51.000363	208.239049	33.305163
-51.151843	208.016872	33.460603
-51.310885	207.790412	33.620990
-51.477486	207.559672	33.786331
-51.651644	207.324652	33.956630
-51.833354	207.085355	34.131896
-52.022615	206.841784	34.312133
-52.219423	206.593940	34.497348
-52.423776	206.341825	34.687548
-52.635671	206.085442	34.882737
-52.855104	205.824792	35.082923
-53.082074	205.559877	35.288111
-53.316577	205.290701	35.498306
-53.558610	205.017263	35.713516
-53.808171	204.739568	35.933746
-54.065258	204.457616	36.159001
-54.329867	204.171411	36.389287
-54.601997	203.880953	36.624610
-54.881644	203.586246	36.864975
-55.168805	203.287290	37.110389
-55.463480	202.984089	37.360855
-55.598316	202.846906	37.474872
-55.740661	202.705480	37.593951
-55.890514	202.559812	37.718092
-56.047874	202.409903	37.847300
-56.212740	202.255755	37.981576
-56.385110	202.097368	38.120923
-56.564984	201.934743	38.265343
-56.752360	201.767881	38.414838
-56.947238	201.596782	38.569411
-57.149617	201.421449	38.729064
-57.359495	201.241882	38.893800
-57.576871	201.058081	39.063619
-57.801745	200.870049	39.238526
-58.034116	200.677785	39.418522
-58.273982	200.481290	39.603608
-58.521343	200.280567	39.793789
-58.776197	200.075615	39.989065
-59.038545	199.866435	40.189438
-59.308384	199.653029	40.394912
-59.585714	199.435398	40.605487
-59.870534	199.213542	40.821167
-60.162843	198.987463	41.041953
-60.462641	198.757161	41.267848
-60.769926	198.522637	41.498853
-61.084697	198.283893	41.734970
-61.406955	198.040929	41.976202
-61.736697	197.793746	42.222550
-62.073923	197.542345	42.474017
-62.228081	197.428030	42.588766
-62.389723	197.309499	42.708636
-62.558846	197.186752	42.833629
-62.735452	197.059789	42.963744
-62.919541	196.928612	43.098984
-63.111110	196.793219	43.239348
-63.310161	196.653613	43.384838
-63.516693	196.509793	43.535454
-63.730705	196.361760	43.691198
-63.952198	196.209514	43.852070
-64.181171	196.053056	44.018070
-64.417623	195.892386	44.189201
-64.661554	195.727504	44.365462
-64.912965	195.558412	44.546855
-65.171854	195.385109	44.733380
-65.438222	195.207596	44.925039
-65.712068	195.025873	45.121831
-65.993391	194.839941	45.323757
-66.282192	194.649800	45.530820
-66.578470	194.455451	45.743018
-66.882226	194.256894	45.960354
-67.193458	194.054130	46.182827
-67.512166	193.847159	46.410440
-67.838350	193.635981	46.643191
-68.172010	193.420597	46.881083
-68.513146	193.201008	47.124115
-68.861757	192.977213	47.372289
-69.217844	192.749214	47.625606
-69.379499	192.645966	47.740528
-69.548630	192.538514	47.860595
-69.725235	192.426858	47.985805
-69.909314	192.310998	48.116159
-70.100868	192.190935	48.251657
-70.299897	192.066669	48.392300
-70.506399	191.938200	48.538088
-70.720376	191.805528	48.689022
-70.941826	191.668654	48.845101
-71.170751	191.527577	49.006326
-71.407149	191.382298	49.172697
-71.651021	191.232817	49.344215
-71.902367	191.079134	49.520880
-72.161186	190.921250	49.702692
-72.427479	190.759164	49.889651
-72.701245	190.592878	50.081758
-72.982484	190.422390	50.279014
-73.271196	190.247702	50.481417
-73.567382	190.068813	50.688970
-73.871040	189.885724	50.901671
-74.182171	189.698435	51.119522
-74.500775	189.506945	51.342522
-74.826852	189.311257	51.570673
-75.160402	189.111368	51.803973
-75.501424	188.907281	52.042424
-75.849918	188.698995	52.286025
-76.205885	188.486509	52.534778
-76.569324	188.269825	52.788681
-76.734060	188.171723	52.903738
-76.906269	188.069422	53.023946
-77.085949	187.962924	53.149306
-77.273102	187.852227	53.279817
-77.467727	187.737332	53.415481
-77.669824	187.618239	53.556297
-77.879393	187.494948	53.702266
-78.096434	187.367460	53.853386
-78.320947	187.235774	54.009660
-78.552932	187.099890	54.171086
-78.792389	186.959809	54.337664
-79.039318	186.815531	54.509396
-79.293719	186.667056	54.686281
-79.555592	186.514383	54.868318
-79.824937	186.357513	55.055509
-80.101754	186.196446	55.247854
-80.386042	186.031183	55.445351
-80.677803	185.861722	55.648003
-80.977035	185.688065	55.855808
-81.283738	185.510212	56.068767
-81.597914	185.328162	56.286879
-81.919561	185.141915	56.510146
-82.248680	184.951472	56.738567
-82.585270	184.756833	56.972142
-82.929333	184.557998	57.210872
-83.280866	184.354968	57.454756
-83.639872	184.147741	57.703795
-84.006349	183.936318	57.957988
-84.172395	183.840576	58.073148
-84.345914	183.740637	58.193463
-84.526904	183.636504	58.318933
-84.715365	183.528175	58.449558
-84.911298	183.415650	58.585338
-85.114703	183.298930	58.726273
-85.325579	183.178014	58.872362
-85.543926	183.052903	59.023607
-85.769745	182.923597	59.180008
-86.003035	182.790095	59.341563
-86.243797	182.652398	59.508274
-86.492031	182.510506	59.680140
-86.747736	182.364419	59.857161
-87.010912	182.214136	60.039338
-87.281560	182.059659	60.226671
-87.559679	181.900987	60.419158
-87.845270	181.738119	60.616802
-88.138332	181.571057	60.819601
-88.438866	181.399800	61.027555
-88.746871	181.224347	61.240666
-89.062347	181.044701	61.458932
-89.385295	180.860859	61.682353
-89.715714	180.672823	61.910931
-90.053605	180.480592	62.144664
-90.398967	180.284166	62.383554
-90.751800	180.083546	62.627599
-91.112105	179.878731	62.876800
-91.479881	179.669722	63.131158
-91.646497	179.575056	63.246386
-91.820585	179.476196	63.366770
-92.002143	179.373141	63.492310
-92.191174	179.265892	63.623007
-92.387675	179.154449	63.758859
-92.591648	179.038811	63.899868
-92.803092	178.918979	64.046033
-93.022008	178.794953	64.197354
-93.248395	178.666733	64.353832
-93.482253	178.534318	64.515465
-93.723583	178.397709	64.682255
-93.972384	178.256906	64.854201
-94.228656	178.111908	65.031304
-94.492400	177.962717	65.213563
-94.763615	177.809331	65.400978
-95.042302	177.651751	65.593549
-95.328460	177.489977	65.791277
-95.622089	177.324009	65.994161
-95.923190	177.153847	66.202202
-96.231762	176.979491	66.415399
-96.547805	176.800941	66.633753
-96.871320	176.618197	66.857263
-97.202306	176.431259	67.085929
-97.540764	176.240127	67.319752
-97.886693	176.044801	67.558732
-98.240093	175.845281	67.802868
-98.600964	175.641567	68.052160
-98.969307	175.433660	68.306609
-99.136173	175.339484	68.421877
-99.310511	175.241115	68.542302
-99.492319	175.138551	68.667883
-99.681599	175.031794	68.798621
-99.878351	174.920844	68.934515
-100.082574	174.805699	69.075566
-100.294268	174.686360	69.221774
-100.513433	174.562828	69.373138
-100.740070	174.435102	69.529659
-100.974179	174.303183	69.691337
-101.215758	174.167069	69.858171
-101.464809	174.026762	70.030162
-101.721332	173.882261	70.207309
-101.985325	173.733566	70.389614
-102.256790	173.580678	70.577075
-102.535727	173.423596	70.769692
-102.822135	173.262320	70.967467
-103.116014	173.096850	71.170398
-103.417365	172.927187	71.378486
-103.726186	172.753330	71.591730
-104.042480	172.575280	71.810131
-104.366244	172.393036	72.033689
-104.697481	172.206598	72.262404
-105.036188	172.015967	72.496276
-105.382367	171.821142	72.735304
-105.736017	171.622123	72.979489
-106.097138	171.418911	73.228831
-106.465731	171.211505	73.483329
-106.632708	171.117553	73.598619
-106.807156	171.019407	73.719066
-106.989075	170.917067	73.844669
-107.178466	170.810534	73.975429
-107.375328	170.699807	74.111346
-107.579662	170.584887	74.252420
-107.791467	170.465774	74.398651
-108.010743	170.342466	74.550038
-108.237491	170.214965	74.706583
-108.471710	170.083271	74.868284
-108.713400	169.947383	75.035142
-108.962562	169.807302	75.207156
-109.219195	169.663027	75.384328
-109.483300	169.514558	75.566656
-109.754876	169.361896	75.754141
-110.033923	169.205041	75.946784
-110.320442	169.043992	76.144582
-110.614432	168.878749	76.347538
-110.915893	168.709313	76.555651
-111.224826	168.535684	76.768920
-111.541230	168.357861	76.987346
-111.865106	168.175844	77.210930
-112.196453	167.989634	77.439670
-112.535271	167.799231	77.673566
-112.881561	167.604634	77.912620
-113.235322	167.405844	78.156831
-113.596555	167.202860	78.406198
-113.965259	166.995683	78.660723
-114.132285	166.901832	78.776024
-114.306782	166.803788	78.896482
-114.488750	166.701550	79.022097
-114.678190	166.595119	79.152869
-114.875102	166.484494	79.288798
-115.079485	166.369676	79.429883
-115.291339	166.250665	79.576126
-115.510664	166.127460	79.727525
-115.737461	166.000061	79.884082
-115.971730	165.868470	80.045795
-116.213470	165.732685	80.212665
-116.462681	165.592706	80.384692
-116.719363	165.448534	80.561876
-116.983517	165.300168	80.744216
-117.255143	165.147609	80.931714
-117.534239	164.990857	81.124369
-117.820807	164.829911	81.322180
-118.114847	164.664772	81.525148
-118.416358	164.495440	81.733274
-118.725340	164.321914	81.946556
-119.041794	164.144194	82.164995
-119.365719	163.962282	82.388591
-119.697115	163.776176	82.617344
-120.035983	163.585876	82.851253
-120.382322	163.391383	83.090320
-120.736133	163.192697	83.334544
-121.097415	162.989817	83.583924
-121.466168	162.782744	83.838461
-121.633216	162.688939	83.953768
-121.807736	162.590941	84.074232
-121.989726	162.488750	84.199853
-122.179188	162.382365	84.330631
-122.376122	162.271787	84.466566
-122.580527	162.157016	84.607657
-122.792403	162.038051	84.753906
-123.011750	161.914892	84.905311
-123.238569	161.787541	85.061874
-123.472860	161.655996	85.223593
-123.714622	161.520257	85.390469
-123.963855	161.380325	85.562502
-124.220559	161.236200	85.739692
-124.484735	161.087882	85.922039
-124.756383	160.935370	86.109543
-125.035502	160.778665	86.302204
-125.322092	160.617766	86.500022
-125.616154	160.452674	86.702996
-125.917687	160.283388	86.911128
-126.226691	160.109910	87.124416
-126.543167	159.932238	87.342862
-126.867114	159.750372	87.566464
-127.198533	159.564313	87.795223
-127.537423	159.374061	88.029139
-127.883784	159.179615	88.268213
-128.237617	158.980976	88.512443
-128.598921	158.778144	88.761830
-128.967697	158.571118	89.016373
-129.134754	158.477335	89.131683
-129.309283	158.379358	89.252150
-129.491284	158.277188	89.377774
-129.680756	158.170824	89.508555
-129.877699	158.060267	89.644492
-130.082114	157.945517	89.785587
-130.294000	157.826573	89.931838
-130.513357	157.703436	90.083247
-130.740186	157.576106	90.239812
-130.974487	157.444582	90.401534
-131.216258	157.308865	90.568414
-131.465501	157.168954	90.740450
-131.722216	157.024851	90.917643
-131.986402	156.876553	91.099993
-132.258059	156.724063	91.287500
-132.537188	156.567379	91.480164
-132.823788	156.406502	91.677985
-133.117859	156.241431	91.880962
-133.419402	156.072167	92.089097
-133.728417	155.898710	92.302388
-134.044902	155.721059	92.520837
-134.368860	155.539216	92.744442
-134.700288	155.353178	92.973205
-135.039188	155.162948	93.207124
-135.385559	154.968523	93.446200
-135.739402	154.769906	93.690434
-136.100716	154.567095	93.939824
-136.469502	154.360091	94.194371
-136.636564	154.266317	94.309682
-136.811097	154.168350	94.430150
-136.993102	154.066190	94.555776
-137.182579	153.959836	94.686558
-137.379526	153.849288	94.822497
-137.583945	153.734548	94.963593
-137.795836	153.615614	95.109846
-138.015198	153.492486	95.261256
-138.242031	153.365166	95.417823
-138.476336	153.233652	95.579546
-138.718112	153.097944	95.746427
-138.967360	152.958044	95.918465
-139.224079	152.813950	96.095659
-139.488269	152.665662	96.278011
-139.759931	152.513181	96.465519
-140.039064	152.356507	96.658184
-140.325669	152.195640	96.856007
-140.619745	152.030579	97.058986
-140.921292	151.861325	97.267122
-141.230311	151.687877	97.480415
-141.546801	151.510237	97.698865
-141.870762	151.328403	97.922472
-142.202196	151.142375	98.151236
-142.541100	150.952154	98.385157
-142.887476	150.757740	98.624235
-143.241323	150.559132	98.868470
-143.602642	150.356332	99.117861
-143.971432	150.149337	99.372410
-144.138496	150.055568	99.487722
-144.313031	149.957605	99.608191
-144.495038	149.855449	99.733817
-144.684516	149.749099	99.864599
-144.881466	149.638556	100.000539
-145.085887	149.523820	100.141636
-145.297780	149.404891	100.287890
-145.517144	149.281768	100.439300
-145.743979	149.154451	100.595868
-145.978286	149.022942	100.757592
-146.220064	148.887239	100.924474
-146.469313	148.747343	101.096512
-146.726034	148.603253	101.273707
-146.990227	148.454970	101.456059
-147.261891	148.302494	101.643569
-147.541026	148.145824	101.836235
-147.827632	147.984961	102.034058
-148.121710	147.819905	102.237038
-148.423260	147.650655	102.445175
-148.732281	147.477212	102.658468
-149.048773	147.299576	102.876919
-149.372736	147.117746	103.100527
-149.704171	146.931723	103.329291
-150.043078	146.741507	103.563213
-150.389456	146.547097	103.802292
-150.743305	146.348494	104.046527
-151.104625	146.145698	104.295919
-151.473418	145.938708	104.550469
-151.640483	145.844941	104.665781
-151.815019	145.746980	104.786250
-151.997027	145.644826	104.911877
-152.186506	145.538478	105.042660
-152.383457	145.427937	105.178600
-152.587879	145.313203	105.319697
-152.799772	145.194275	105.465951
-153.019137	145.071154	105.617362
-153.245973	144.943840	105.773930
-153.480281	144.812333	105.935655
-153.722060	144.676632	106.102536
-153.971310	144.536738	106.274575
-154.228032	144.392650	106.451771
-154.492225	144.244369	106.634123
-154.763890	144.091895	106.821633
-155.043026	143.935227	107.014299
-155.329634	143.774366	107.212122
-155.623712	143.609312	107.415103
-155.925263	143.440064	107.623240
-156.234285	143.266623	107.836534
-156.550778	143.088989	108.054985
-156.874742	142.907162	108.278593
-157.206178	142.721141	108.507358
-157.545085	142.530926	108.741280
-157.891464	142.336519	108.980359
-158.245314	142.137918	109.224595
-158.606636	141.935123	109.473988
-158.975429	141.728136	109.728537
-159.142494	141.634369	109.843850
-159.317031	141.536409	109.964319
-159.499039	141.434256	110.089946
-159.688519	141.327909	110.220729
-159.885470	141.217369	110.356669
-160.089892	141.102636	110.497767
-160.301786	140.983709	110.644021
-160.521151	140.860589	110.795432
-160.747988	140.733276	110.952000
-160.982296	140.601770	111.113725
-161.224075	140.466070	111.280607
-161.473326	140.326176	111.452645
-161.730049	140.182090	111.629841
-161.994242	140.033810	111.812194
-162.265907	139.881336	111.999704
-162.545044	139.724670	112.192370
-162.831652	139.563810	112.390194
-163.125731	139.398756	112.593174
-163.427282	139.229510	112.801312
-163.736304	139.056070	113.014606
-164.052797	138.878436	113.233057
-164.376762	138.696610	113.456665
-164.708199	138.510590	113.685431
-165.047106	138.320376	113.919353
-165.393486	138.125970	114.158432
-165.747336	137.927370	114.402668
-166.108658	137.724576	114.652061
-166.477452	137.517589	114.906611
-166.644517	137.423823	115.021923
-166.819054	137.325864	115.142393
-167.001062	137.223711	115.268019
-167.190542	137.117365	115.398803
-167.387493	137.006825	115.534743
-167.591916	136.892092	115.675840
-167.803810	136.773166	115.822094
-168.023176	136.650047	115.973506
-168.250012	136.522734	116.130074
-168.484321	136.391227	116.291799
-168.726100	136.255528	116.458681
-168.975351	136.115635	116.630720
-169.232074	135.971549	116.807915
-169.496268	135.823269	116.990268
-169.767933	135.670796	117.177778
-170.047070	135.514130	117.370445
-170.333678	135.353270	117.568268
-170.627757	135.188218	117.771249
-170.929308	135.018971	117.979386
-171.238330	134.845532	118.192681
-171.554824	134.667899	118.411132
-171.878789	134.486073	118.634740
-172.210226	134.300053	118.863506
-172.549134	134.109840	119.097428
-172.895513	133.915434	119.336507
-173.249364	133.716834	119.580743
-173.610686	133.514041	119.830136
-173.979479	133.307055	120.084686
-174.146545	133.213289	120.199999
-174.321082	133.115330	120.320468
-174.503091	133.013177	120.446095
-174.692570	132.906831	120.576878
-174.889522	132.796292	120.712818
-175.093944	132.681559	120.853916
-175.305839	132.562633	121.000170
-175.525204	132.439514	121.151581
-175.752041	132.312201	121.308149
-175.986349	132.180695	121.469874
-176.228129	132.044996	121.636756
-176.477380	131.905103	121.808795
-176.734103	131.761017	121.985991
-176.998297	131.612737	122.168344
-177.269962	131.460265	122.355854
-177.549099	131.303599	122.548521
-177.835707	131.142739	122.746344
-178.129787	130.977687	122.949325
-178.431338	130.808441	123.157462
-178.740360	130.635001	123.370757
-179.056854	130.457369	123.589208
-179.380819	130.275542	123.812816
-179.712256	130.089523	124.041582
-180.051164	129.899310	124.275504
-180.397543	129.704904	124.514583
-180.751394	129.506305	124.758819
-181.112716	129.303512	125.008212
-181.481510	129.096526	125.262762
-181.648575	129.002760	125.378075
-181.823112	128.904801	125.498544
-182.005121	128.802648	125.624171
-182.194601	128.696302	125.754954
-182.391552	128.585763	125.890895
-182.595975	128.471031	126.031992
-182.807869	128.352105	126.178246
-183.027235	128.228985	126.329658
-183.254072	128.101673	126.486226
-183.488380	127.970167	126.647951
-183.730160	127.834468	126.814833
-183.979411	127.694575	126.986872
-184.236133	127.550489	127.164068
-184.500327	127.402210	127.346421
-184.771993	127.249737	127.533930
-185.051130	127.093071	127.726597
-185.337738	126.932212	127.924421
-185.631817	126.767159	128.127401
-185.933369	126.597913	128.335539
-186.242391	126.424474	128.548833
-186.558885	126.246841	128.767285
-186.882850	126.065015	128.990893
-187.214287	125.878996	129.219659
-187.553195	125.688784	129.453581
-187.899574	125.494378	129.692660
-188.253425	125.295778	129.936896
-188.614747	125.092986	130.186289
-188.983541	124.886000	130.440839
-189.150607	124.792234	130.556152
-189.325144	124.694275	130.676621
-189.507152	124.592122	130.802248
-189.696632	124.485776	130.933031
-189.893584	124.375237	131.068972
-190.098006	124.260504	131.210069
-190.309901	124.141578	131.356323
-190.529266	124.018459	131.507735
-190.756103	123.891147	131.664303
-190.990411	123.759641	131.826028
-191.232191	123.623942	131.992910
-191.481442	123.484049	132.164949
-191.738165	123.339963	132.342145
-192.002359	123.191684	132.524498
-192.274024	123.039211	132.712007
-192.553161	122.882545	132.904674
-192.839769	122.721686	133.102498
-193.133849	122.556634	133.305478
-193.435400	122.387388	133.513616
-193.744423	122.213948	133.726910
-194.060916	122.036316	133.945362
-194.384882	121.854490	134.168970
-194.716318	121.668471	134.397736
-195.055226	121.478258	134.631658
-195.401606	121.283852	134.870737
-195.755457	121.085253	135.114973
-196.116779	120.882460	135.364366
-196.485573	120.675474	135.618916
-196.652639	120.581708	135.734229
-196.827176	120.483749	135.854698
-197.009184	120.381597	135.980325
-197.198664	120.275251	136.111108
-197.395615	120.164712	136.247049
-197.600038	120.049979	136.388146
-197.811932	119.931053	136.534400
-198.031298	119.807934	136.685812
-198.258135	119.680622	136.842380
-198.492443	119.549116	137.004105
-198.734223	119.413416	137.170987
-198.983474	119.273524	137.343026
-199.240197	119.129438	137.520222
-199.504391	118.981159	137.702575
-199.776056	118.828686	137.890085
-200.055193	118.672020	138.082751
-200.341801	118.511161	138.280575
-200.635881	118.346109	138.483556
-200.937432	118.176863	138.691693
-201.246455	118.003423	138.904988
-201.562948	117.825791	139.123439
-201.886914	117.643965	139.347047
-202.218350	117.457946	139.575813
-202.557258	117.267733	139.809735
-202.903638	117.073327	140.048814
-203.257489	116.874728	140.293050
-203.618811	116.671935	140.542443
-203.987605	116.464950	140.796993
-204.154671	116.371184	140.912306
-204.329208	116.273224	141.032776
-204.511216	116.171072	141.158402
-204.700696	116.064726	141.289186
-204.897648	115.954187	141.425126
-205.102070	115.839454	141.566223
-205.313964	115.720529	141.712478
-205.533330	115.597409	141.863889
-205.760167	115.470097	142.020457
-205.994475	115.338591	142.182182
-206.236255	115.202892	142.349064
-206.485506	115.062999	142.521103
-206.742229	114.918913	142.698299
-207.006423	114.770634	142.880652
-207.278088	114.618162	143.068162
-207.557225	114.461496	143.260828
-207.843834	114.300636	143.458652
-208.137913	114.135584	143.661633
-208.439464	113.966338	143.869770
-208.748487	113.792899	144.083065
-209.064981	113.615266	144.301516
-209.388946	113.433440	144.525125
-209.720382	113.247421	144.753890
-210.059291	113.057209	144.987812
-210.405670	112.862803	145.226891
-210.759521	112.664203	145.471128
-211.120843	112.461411	145.720521
-211.489637	112.254425	145.975071
-211.656703	112.160659	146.090383
-211.831240	112.062700	146.210853
-212.013248	111.960547	146.336479
-212.202728	111.854202	146.467263
-212.399680	111.743662	146.603203
-212.604102	111.628930	146.744301
-212.815997	111.510004	146.890555
-213.035362	111.386885	147.041966
-213.262199	111.259572	147.198534
-213.496508	111.128066	147.360259
-213.738287	110.992367	147.527141
-213.987539	110.852475	147.699180
-214.244261	110.708389	147.876376
-214.508455	110.560110	148.058729
-214.780121	110.407637	148.246239
-215.059257	110.250971	148.438906
-215.345866	110.090112	148.636729
-215.639945	109.925059	148.839710
-215.941496	109.755814	149.047848
-216.250519	109.582374	149.261142
-216.567013	109.404742	149.479594
-216.890978	109.222916	149.703202
-217.222415	109.036897	149.931967
-217.561323	108.846684	150.165889
-217.907702	108.652278	150.404969
-218.261553	108.453679	150.649205
-218.622875	108.250886	150.898598
-218.991669	108.043901	151.153148
-219.158735	107.950135	151.268460
-219.333272	107.852176	151.388930
-219.515281	107.750023	151.514557
-219.704761	107.643677	151.645340
-219.901712	107.533138	151.781280
-220.106135	107.418405	151.922378
-220.318029	107.299480	152.068632
-220.537394	107.176360	152.220043
-220.764231	107.049048	152.376612
-220.998540	106.917542	152.538337
-221.240320	106.781843	152.705219
-221.489571	106.641950	152.877258
-221.746293	106.497864	153.054454
-222.010487	106.349585	153.236806
-222.282153	106.197113	153.424316
-222.561290	106.040447	153.616983
-222.847898	105.879588	153.814807
-223.141978	105.714535	154.017787
-223.443529	105.545289	154.225925
-223.752551	105.371850	154.439219
-224.069045	105.194217	154.657671
-224.393010	105.012392	154.881279
-224.724447	104.826372	155.110044
-225.063355	104.636160	155.343967
-225.409734	104.441754	155.583046
-225.763585	104.243155	155.827282
-226.124908	104.040362	156.076675
-226.493701	103.833376	156.331225
-226.660767	103.739610	156.446538
-226.835304	103.641651	156.567007
-227.017313	103.539499	156.692634
-227.206793	103.433153	156.823417
-227.403744	103.322614	156.959358
-227.608167	103.207881	157.100455
-227.820061	103.088955	157.246709
-228.039427	102.965836	157.398121
-228.266264	102.838524	157.554689
-228.500572	102.707018	157.716414
-228.742352	102.571318	157.883296
-228.991603	102.431426	158.055335
-229.248326	102.287340	158.232531
-229.512520	102.139061	158.414884
-229.784185	101.986588	158.602394
-230.063322	101.829922	158.795060
-230.349930	101.669063	158.992884
-230.644010	101.504011	159.195865
-230.945561	101.334765	159.404002
-231.254583	101.161326	159.617297
-231.571077	100.983693	159.835748
-231.895042	100.801867	160.059356
-232.226479	100.615848	160.288122
-232.565387	100.425635	160.522044
-232.911767	100.231229	160.761123
-233.265618	100.032630	161.005359
-233.626940	99.829838	161.254752
-233.995734	99.622852	161.509302
-234.162799	99.529086	161.624615
-234.337336	99.431127	161.745085
-234.519345	99.328974	161.870711
-234.708825	99.222628	162.001495
-234.905776	99.112089	162.137435
-235.110199	98.997357	162.278532
-235.322093	98.878431	162.424787
-235.541459	98.755312	162.576198
-235.768296	98.627999	162.732766
-236.002604	98.496493	162.894491
-236.244384	98.360794	163.061373
-236.493635	98.220902	163.233412
-236.750358	98.076816	163.410608
-237.014552	97.928536	163.592961
-237.286217	97.776064	163.780471
-237.565354	97.619398	163.973138
-237.851962	97.458539	164.170961
-238.146042	97.293486	164.373942
-238.447593	97.124240	164.582079
-238.756615	96.950801	164.795374
-239.073109	96.773169	165.013825
-239.397075	96.591343	165.237434
-239.728511	96.405324	165.466199
-240.067419	96.215111	165.700121
-240.413799	96.020705	165.939200
-240.767650	95.822106	166.183437
-241.128972	95.619313	166.432830
-241.497766	95.412327	166.687380
-241.664832	95.318562	166.802692
-241.839369	95.220602	166.923162
-242.021377	95.118450	167.048788
-242.210857	95.012104	167.179572
-242.407809	94.901565	167.315512
-242.612231	94.786832	167.456610
-242.824125	94.667907	167.602864
-243.043491	94.544787	167.754275
-243.270328	94.417475	167.910843
-243.504636	94.285969	168.072568
-243.746416	94.150270	168.239450
-243.995667	94.010377	168.411489
-244.252390	93.866291	168.588685
-244.516584	93.718012	168.771038
-244.788249	93.565540	168.958548
-245.067386	93.408874	169.151215
-245.353995	93.248015	169.349038
-245.648074	93.082962	169.552019
-245.949625	92.913716	169.760157
-246.258648	92.740277	169.973451
-246.575142	92.562644	170.191903
-246.899107	92.380818	170.415511
-247.230544	92.194799	170.644276
-247.569452	92.004587	170.878199
-247.915831	91.810181	171.117278
-248.269682	91.611582	171.361514
-248.631004	91.408789	171.610907
-248.999798	91.201803	171.865457
-249.166864	91.108037	171.980770
-249.341401	91.010078	172.101239
-249.523409	90.907926	172.226866
-249.712889	90.801580	172.357649
-249.909841	90.691041	172.493590
-250.114263	90.576308	172.634687
-250.326158	90.457382	172.780941
-250.545523	90.334263	172.932352
-250.772360	90.206950	173.088921
-251.006669	90.075445	173.250646
-251.248448	89.939745	173.417528
-251.497700	89.799853	173.589567
-251.754422	89.655767	173.766763
-252.018616	89.507488	173.949116
-252.290282	89.355015	174.136625
-252.569419	89.198349	174.329292
-252.856027	89.037490	174.527116
-253.150106	88.872438	174.730096
-253.451657	88.703192	174.938234
-253.760680	88.529753	175.151528
-254.077174	88.352120	175.369980
-254.401139	88.170294	175.593588
-254.732576	87.984275	175.822354
-255.071484	87.794062	176.056276
-255.417863	87.599656	176.295355
-255.771714	87.401057	176.539591
-256.133037	87.198265	176.788984
-256.501830	86.991279	177.043534
-256.668896	86.897513	177.158847
-256.843433	86.799554	177.279316
-257.025442	86.697401	177.404943
-257.214922	86.591055	177.535726
-257.411873	86.480516	177.671667
-257.616296	86.365784	177.812764
-257.828190	86.246858	177.959018
-258.047555	86.123739	178.110430
-258.274392	85.996426	178.266998
-258.508701	85.864920	178.428723
-258.750481	85.729221	178.595605
-258.999732	85.589329	178.767644
-259.256454	85.445243	178.944840
-259.520648	85.296963	179.127193
-259.792314	85.144491	179.314703
-260.071451	84.987825	179.507369
-260.358059	84.826966	179.705193
-260.652139	84.661913	179.908174
-260.953690	84.492667	180.116311
-261.262712	84.319228	180.329606
-261.579206	84.141596	180.548057
-261.903171	83.959770	180.771666
-262.234608	83.773751	181.000431
-262.573516	83.583538	181.234353
-262.919896	83.389132	181.473432
-263.273746	83.190533	181.717668
-263.635069	82.987740	181.967061
-264.003862	82.780754	182.221611
-264.170928	82.686989	182.336924
-264.345465	82.589029	182.457394
-264.527474	82.486877	182.583020
-264.716954	82.380531	182.713804
-264.913905	82.269992	182.849744
-265.118328	82.155259	182.990841
-265.330222	82.036333	183.137096
-265.549588	81.913214	183.288507
-265.776425	81.785902	183.445075
-266.010733	81.654396	183.606800
-266.252513	81.518697	183.773682
-266.501764	81.378804	183.945721
-266.758487	81.234718	184.122917
-267.022681	81.086439	184.305270
-267.294346	80.933967	184.492780
-267.573483	80.777301	184.685447
-267.860091	80.616441	184.883270
-268.154171	80.451389	185.086251
-268.455722	80.282143	185.294388
-268.764744	80.108704	185.507683
-269.081238	79.931071	185.726134
-269.405203	79.749245	185.949743
-269.736640	79.563226	186.178508
-270.075548	79.373014	186.412430
-270.421928	79.178608	186.651510
-270.775779	78.980009	186.895746
-271.137101	78.777216	187.145139
-271.505895	78.570230	187.399689
-271.672960	78.476464	187.515001
-271.847498	78.378505	187.635471
-272.029506	78.276353	187.761098
-272.218986	78.170007	187.891881
-272.415937	78.059467	188.027821
-272.620360	77.944735	188.168919
-272.832254	77.825809	188.315173
-273.051620	77.702690	188.466584
-273.278457	77.575377	188.623152
-273.512765	77.443872	188.784878
-273.754545	77.308172	188.951760
-274.003796	77.168280	189.123799
-274.260519	77.024194	189.300995
-274.524713	76.875915	189.483347
-274.796378	76.723442	189.670857
-275.075515	76.566776	189.863524
-275.362123	76.405917	190.061348
-275.656203	76.240865	190.264328
-275.957754	76.071619	190.472466
-276.266777	75.898180	190.685760
-276.583270	75.720547	190.904212
-276.907236	75.538721	191.127820
-277.238672	75.352702	191.356585
-277.577580	75.162489	191.590508
-277.923960	74.968083	191.829587
-278.277811	74.769484	192.073823
-278.639133	74.566692	192.323216
-279.007927	74.359706	192.577766
-279.174993	74.265940	192.693079
-279.349530	74.167981	192.813548
-279.531538	74.065828	192.939175
-279.721018	73.959482	193.069958
-279.917970	73.848943	193.205899
-280.122392	73.734211	193.346996
-280.334287	73.615285	193.493250
-280.553652	73.492166	193.644662
-280.780489	73.364853	193.801230
-281.014798	73.233347	193.962955
-281.256577	73.097648	194.129837
-281.505829	72.957755	194.301876
-281.762551	72.813670	194.479072
-282.026745	72.665390	194.661425
-282.298411	72.512918	194.848934
-282.577547	72.356252	195.041601
