39.075702	239.589547	39.515807
39.091600	239.458133	39.512566
39.113689	239.321975	39.515583
39.141973	239.181076	39.524857
39.176452	239.035438	39.540389
39.217130	238.885062	39.562176
39.264008	238.729950	39.590218
39.317089	238.570104	39.624514
39.376375	238.405527	39.665064
39.441869	238.236221	39.711867
39.513572	238.062186	39.764922
39.591487	237.883425	39.824229
39.675616	237.699941	39.889786
39.765962	237.511734	39.961593
39.862526	237.318808	40.039649
39.965310	237.121164	40.123953
40.074318	236.918803	40.214505
40.189551	236.711729	40.311304
40.311011	236.499942	40.414349
40.438701	236.283445	40.523640
40.572622	236.062240	40.639176
40.712778	235.836328	40.760956
40.859169	235.605713	40.888979
41.011799	235.370395	41.023245
41.170669	235.130377	41.163753
41.335782	234.885660	41.310503
41.507140	234.636247	41.463494
41.684744	234.382140	41.622724
41.868597	234.123341	41.788195
42.058701	233.859851	41.959904
42.255058	233.591672	42.137852
42.457671	233.318808	42.322038
42.666541	233.041259	42.512461
42.881670	232.759027	42.709121
43.103060	232.472116	42.912017
43.330714	232.180526	43.121148
43.564633	231.884259	43.336515
43.804820	231.583318	43.558116
44.051275	231.277705	43.785951
44.304003	230.967422	44.020020
44.563003	230.652470	44.260323
44.828279	230.332853	44.506858
45.099833	230.008571	44.759625
45.223472	229.862186	44.874884
45.353392	229.711139	44.996375
45.489593	229.555432	45.124097
45.632075	229.395066	45.258050
45.780840	229.230041	45.398235
45.935888	229.060359	45.544651
46.097221	228.886020	45.697298
46.264839	228.707025	45.856176
46.438742	228.523376	46.021284
46.618932	228.335072	46.192623
46.805410	228.142116	46.370193
46.998176	227.944507	46.553993
47.197231	227.742247	46.744023
47.402576	227.535337	46.940284
47.614212	227.323777	47.142774
47.832139	227.107570	47.351495
48.056359	226.886714	47.566446
48.286871	226.661212	47.787627
48.523678	226.431065	48.015038
48.766778	226.196273	48.248679
49.016174	225.956837	48.488550
49.271866	225.712758	48.734652
49.533855	225.464038	48.986983
49.802141	225.210676	49.245545
50.076725	224.952675	49.510337
50.357608	224.690036	49.781360
50.644790	224.422758	50.058613
50.938273	224.150844	50.342097
51.072264	224.027237	50.471588
51.212556	223.898995	50.607309
51.359149	223.766119	50.749262
51.512045	223.628607	50.897446
51.671242	223.486463	51.051860
51.836742	223.339684	51.212506
52.008545	223.188273	51.379383
52.186651	223.032229	51.552491
52.371060	222.871553	51.731831
52.561773	222.706246	51.917402
52.758790	222.536307	52.109204
52.962112	222.361738	52.307238
53.171738	222.182538	52.511503
53.387670	221.998709	52.721999
53.609907	221.810250	52.938727
53.838449	221.617163	53.161687
54.073298	221.419447	53.390878
54.314453	221.217104	53.626301
54.561915	221.010133	53.867955
54.815684	220.798535	54.115842
55.075760	220.582310	54.369959
55.342144	220.361460	54.630309
55.614836	220.135984	54.896890
55.893836	219.905882	55.169703
56.179146	219.671157	55.448748
56.470764	219.431806	55.734025
56.768691	219.187833	56.025533
57.072929	218.939236	56.323273
57.210995	218.826656	56.458416
57.355372	218.709455	56.599791
57.506059	218.587631	56.747397
57.663056	218.461184	56.901236
57.826364	218.330116	57.061306
57.995983	218.194426	57.227608
58.171912	218.054114	57.400142
58.354153	217.909181	57.578907
58.542705	217.759626	57.763904
58.737568	217.605451	57.955133
58.938743	217.446655	58.152594
59.146229	217.283238	58.356287
59.360027	217.115201	58.566211
59.580137	216.942543	58.782367
59.806559	216.765266	59.004755
60.039293	216.583368	59.233374
60.278340	216.396851	59.468225
60.523699	216.205715	59.709308
60.775370	216.009959	59.956622
61.033355	215.809585	60.210168
61.297652	215.604591	60.469946
61.568262	215.394979	60.735955
61.845186	215.180748	61.008195
62.128422	214.961899	61.286667
62.417972	214.738431	61.571371
62.713836	214.510346	61.862306
63.016013	214.277643	62.159473
63.324504	214.040323	62.462871
63.464312	213.932876	62.600380
63.610434	213.820811	62.744121
63.762870	213.704130	62.894094
63.921621	213.582831	63.050297
64.086685	213.456916	63.212732
64.258064	213.326383	63.381399
64.435757	213.191234	63.556297
64.619764	213.051468	63.737426
64.810086	212.907085	63.924786
65.006722	212.758085	64.118378
65.209673	212.604469	64.318201
65.418939	212.446236	64.524256
65.634519	212.283388	64.736542
65.856413	212.115922	64.955059
66.084623	211.943841	65.179807
66.319147	211.767143	65.410786
66.559986	211.585830	65.647997
66.807141	211.399900	65.891439
67.060610	211.209354	66.141112
67.320394	211.014193	66.397016
67.586493	210.814416	66.659152
67.858908	210.610023	66.927518
68.137637	210.401014	67.202116
68.422682	210.187390	67.482944
68.714042	209.969151	67.770004
69.011718	209.746296	68.063295
69.315709	209.518826	68.362817
69.626015	209.286740	68.668570
69.766602	209.181641	68.807096
69.913503	209.071926	68.951854
70.066721	208.957597	69.102843
70.226253	208.838652	69.260062
70.392102	208.715092	69.423513
70.564266	208.586918	69.593195
70.742746	208.454128	69.769107
70.927541	208.316724	69.951251
71.118653	208.174704	70.139625
71.316080	208.028070	70.334230
71.519823	207.876821	70.535067
71.729881	207.720958	70.742134
71.946256	207.560479	70.955432
72.168946	207.395386	71.174961
72.397952	207.225678	71.400721
72.633274	207.051355	71.632711
72.874912	206.872418	71.870933
73.122866	206.688867	72.115385
73.377136	206.500700	72.366068
73.637722	206.307919	72.622982
73.904623	206.110524	72.886127
74.177841	205.908514	73.155502
74.457375	205.701890	73.431109
74.743225	205.490652	73.712946
75.035391	205.274799	74.001013
75.333874	205.054332	74.295312
75.638672	204.829250	74.595841
75.949787	204.599554	74.902601
76.090727	204.495519	75.041570
76.237984	204.386870	75.186770
76.391557	204.273607	75.338201
76.551447	204.155730	75.495862
76.717652	204.033238	75.659754
76.890174	203.906132	75.829877
77.069012	203.774412	76.006230
77.254167	203.638078	76.188814
77.445638	203.497130	76.377629
77.643425	203.351568	76.572674
77.847528	203.201391	76.773950
78.057947	203.046601	76.981456
78.274683	202.887196	77.195193
78.497735	202.723178	77.415161
78.727104	202.554545	77.641359
78.962789	202.381298	77.873787
79.204790	202.203437	78.112447
79.453108	202.020962	78.357337
79.707742	201.833874	78.608457
79.968692	201.642171	78.865808
80.235959	201.445854	79.129389
80.509542	201.244923	79.399201
80.789442	201.039378	79.675244
81.075658	200.829220	79.957517
81.368190	200.614447	80.246020
81.667039	200.395060	80.540754
81.972205	200.171060	80.841718
82.283687	199.942446	81.148913
82.424791	199.838891	81.288075
82.572211	199.730723	81.433468
82.725948	199.617941	81.585091
82.886001	199.500545	81.742945
83.052371	199.378535	81.907029
83.225058	199.251911	82.077343
83.404061	199.120673	82.253888
83.589380	198.984822	82.436664
83.781016	198.844356	82.625669
83.978969	198.699277	82.820905
84.183238	198.549584	83.022372
84.393823	198.395277	83.230069
84.610726	198.236356	83.443996
84.833944	198.072822	83.664153
85.063480	197.904673	83.890541
85.299331	197.731911	84.123160
85.541500	197.554535	84.362008
85.789985	197.372545	84.607087
86.044786	197.185942	84.858397
86.305904	196.994724	85.115936
86.573339	196.798893	85.379706
86.847090	196.598448	85.649707
87.127158	196.393389	85.925937
87.413542	196.183717	86.208398
87.706243	195.969430	86.497090
88.005261	195.750530	86.792011
88.310595	195.527016	87.093163
88.622246	195.298889	87.400545
88.763426	195.195550	87.539791
88.910922	195.087597	87.685267
89.064735	194.975031	87.836974
89.224864	194.857851	87.994910
89.391310	194.736057	88.159077
89.564073	194.609650	88.329474
89.743152	194.478629	88.506102
89.928549	194.342994	88.688959
90.120261	194.202745	88.878047
90.318291	194.057882	89.073366
90.522636	193.908406	89.274914
90.733299	193.754316	89.482693
90.950278	193.595612	89.696701
91.173574	193.432295	89.916940
91.403187	193.264364	90.143410
91.639116	193.091819	90.376109
91.881362	192.914660	90.615039
92.129924	192.732887	90.860199
92.384804	192.546501	91.111589
92.645999	192.355501	91.369209
92.913512	192.159887	91.633059
93.187341	191.959660	91.903140
93.467487	191.754819	92.179450
93.753950	191.545364	92.461991
94.046729	191.331295	92.750762
94.345825	191.112613	93.045764
94.651238	190.889317	93.346995
94.962967	190.661407	93.654456
95.104182	190.558165	93.793738
95.251713	190.450309	93.939250
95.405562	190.337839	94.090992
95.565727	190.220755	94.248964
95.732209	190.099058	94.413166
95.905007	189.972747	94.583598
96.084122	189.841822	94.760260
96.269554	189.706284	94.943153
96.461303	189.566132	95.132275
96.659368	189.421366	95.327628
96.863750	189.271986	95.529211
97.074448	189.117993	95.737024
97.291464	188.959386	95.951067
97.514796	188.796165	96.171340
97.744445	188.628331	96.397843
97.980410	188.455882	96.630576
98.222692	188.278820	96.869540
98.471291	188.097145	97.114733
98.726207	187.910855	97.366157
98.987439	187.719952	97.623810
99.254988	187.524435	97.887694
99.528854	187.324305	98.157808
99.809037	187.119560	98.434152
100.095536	186.910202	98.716726
100.388352	186.696231	99.005530
100.687485	186.477645	99.300564
100.992934	186.254446	99.601828
101.304700	186.026633	99.909322
101.445932	185.923433	100.048618
101.593480	185.815620	100.194145
101.747345	185.703193	100.345901
101.907527	185.586152	100.503888
102.074026	185.464498	100.668104
102.246841	185.338230	100.838551
102.425973	185.207348	101.015227
102.611422	185.071852	101.198134
102.803188	184.931743	101.387271
103.001270	184.787020	101.582637
103.205669	184.637683	101.784234
103.416385	184.483733	101.992061
103.633417	184.325168	102.206118
103.856766	184.161990	102.426404
104.086432	183.994199	102.652921
104.322415	183.821793	102.885668
104.564715	183.644774	103.124645
104.813331	183.463141	103.369852
105.068264	183.276894	103.621289
105.329514	183.086034	103.878955
105.597080	182.890560	104.142852
105.870963	182.690472	104.412979
106.151163	182.485770	104.689336
106.437680	182.276455	104.971923
106.730513	182.062526	105.260740
107.029664	181.843983	105.555787
107.335131	181.620827	105.857063
107.646914	181.393057	106.164570
107.788154	181.289876	106.303872
107.935711	181.182081	106.449404
108.089584	181.069673	106.601167
108.249774	180.952651	106.759159
108.416280	180.831016	106.923381
108.589104	180.704766	107.093833
108.768244	180.573903	107.270515
108.953701	180.438426	107.453427
109.145475	180.298336	107.642569
109.343565	180.153631	107.837941
109.547973	180.004313	108.039543
109.758697	179.850381	108.247375
109.975737	179.691836	108.461437
110.199095	179.528677	108.681728
110.428769	179.360904	108.908250
110.664760	179.188517	109.141002
110.907068	179.011516	109.379984
111.155693	178.829902	109.625195
111.410634	178.643674	109.876637
111.671893	178.452832	110.134309
111.939467	178.257377	110.398210
112.213359	178.057308	110.668342
112.493568	177.852625	110.944703
112.780093	177.643328	111.227294
113.072935	177.429418	111.516116
113.372094	177.210894	111.811167
113.677569	176.987756	112.112448
113.989361	176.760004	112.419960
114.130605	176.656831	112.559264
114.278166	176.549045	112.704798
114.432043	176.436645	112.856562
114.592237	176.319631	113.014556
114.758747	176.198004	113.178780
114.931575	176.071763	113.349234
115.110719	175.940908	113.525918
115.296180	175.805439	113.708831
115.487958	175.665356	113.897975
115.686053	175.520660	114.093349
115.890464	175.371350	114.294952
116.101192	175.217426	114.502786
116.318237	175.058889	114.716849
116.541599	174.895738	114.937143
116.771277	174.727973	115.163666
117.007272	174.555594	115.396419
117.249584	174.378601	115.635402
117.498213	174.196995	115.880615
117.753159	174.010775	116.132058
118.014421	173.819942	116.389731
118.282000	173.624494	116.653634
118.555896	173.424433	116.923767
118.836109	173.219758	117.200130
119.122639	173.010469	117.482722
119.415485	172.796567	117.771545
119.714648	172.578051	118.066597
120.020128	172.354921	118.367880
120.331924	172.127177	118.675392
120.473170	172.024008	118.814697
120.620732	171.916225	118.960231
120.774612	171.803829	119.111996
120.934807	171.686818	119.269990
121.101320	171.565194	119.434215
121.274150	171.438956	119.604669
121.453296	171.308105	119.781353
121.638759	171.172639	119.964267
121.830539	171.032560	120.153412
122.028636	170.887868	120.348785
122.233049	170.738561	120.550389
122.443779	170.584641	120.758223
122.660827	170.426107	120.972287
122.884190	170.262959	121.192580
123.113871	170.095197	121.419104
123.349868	169.922822	121.651857
123.592183	169.745833	121.890841
123.840814	169.564230	122.136054
124.095761	169.378013	122.387497
124.357026	169.187183	122.645170
124.624607	168.991739	122.909073
124.898505	168.791681	123.179206
125.178720	168.587009	123.455568
125.465252	168.377724	123.738161
125.758100	168.163825	124.026983
126.057266	167.945312	124.322036
126.362748	167.722186	124.623318
126.674547	167.494445	124.930830
126.815793	167.391278	125.070135
126.963357	167.283496	125.215670
127.117237	167.171101	125.367434
127.277434	167.054092	125.525429
127.443948	166.932469	125.689653
127.616778	166.806233	125.860107
127.795926	166.675383	126.036791
127.981390	166.539919	126.219705
128.173171	166.399841	126.408849
128.371269	166.255150	126.604223
128.575683	166.105845	126.805827
128.786415	165.951926	127.013660
129.003463	165.793393	127.227724
129.226828	165.630247	127.448017
129.456510	165.462486	127.674540
129.692508	165.290112	127.907293
129.934823	165.113125	128.146277
130.183456	164.931523	128.391489
130.438404	164.745308	128.642932
130.699670	164.554479	128.900605
130.967253	164.359036	129.164508
131.241152	164.158980	129.434640
131.521368	163.954309	129.711002
131.807901	163.745025	129.993595
132.100751	163.531128	130.282417
132.399917	163.312616	130.577469
132.705400	163.089491	130.878751
133.017200	162.861752	131.186262
133.158448	162.758585	131.325567
133.306012	162.650804	131.471101
133.459892	162.538409	131.622866
133.620090	162.421401	131.780860
133.786605	162.299779	131.945084
133.959436	162.173543	132.115538
134.138584	162.042693	132.292222
134.324049	161.907230	132.475136
134.515830	161.767153	132.664280
134.713929	161.622462	132.859653
134.918344	161.473157	133.061257
135.129076	161.319239	133.269090
135.346124	161.160707	133.483153
135.569490	160.997561	133.703446
135.799172	160.829801	133.929969
136.035172	160.657428	134.162722
136.277488	160.480440	134.401705
136.526120	160.298840	134.646917
136.781070	160.112625	134.898360
137.042336	159.921796	135.156032
137.309919	159.726354	135.419934
137.583819	159.526298	135.690066
137.864036	159.321628	135.966428
138.150570	159.112345	136.249020
138.443420	158.898448	136.537842
138.742587	158.679937	136.832893
139.048071	158.456812	137.134175
139.359872	158.229073	137.441686
139.501119	158.125906	137.580991
139.648684	158.018126	137.726525
139.802565	157.905731	137.878289
139.962763	157.788723	138.036283
140.129278	157.667101	138.200507
140.302109	157.540866	138.370961
140.481257	157.410016	138.547645
140.666723	157.274553	138.730558
140.858505	157.134476	138.919701
141.056603	156.989785	139.115075
141.261019	156.840481	139.316678
141.471751	156.686563	139.524511
141.688800	156.528031	139.738574
141.912166	156.364885	139.958867
142.141849	156.197125	140.185389
142.377848	156.024752	140.418142
142.620165	155.847765	140.657124
142.868798	155.666164	140.902337
143.123748	155.479950	141.153779
143.385015	155.289121	141.411451
143.652598	155.093679	141.675353
143.926498	154.893624	141.945485
144.206716	154.688954	142.221846
144.493249	154.479671	142.504438
144.786100	154.265773	142.793259
145.085268	154.047263	143.088310
145.390752	153.824138	143.389591
145.702553	153.596400	143.697102
145.843801	153.493233	143.836407
145.991365	153.385452	143.981941
146.145247	153.273058	144.133705
146.305445	153.156050	144.291699
146.471960	153.034428	144.455923
146.644792	152.908192	144.626376
146.823940	152.777343	144.803060
147.009406	152.641880	144.985973
147.201188	152.501803	145.175116
147.399287	152.357112	145.370489
147.603702	152.207808	145.572092
147.814435	152.053890	145.779925
148.031484	151.895358	145.993988
148.254850	151.732212	146.214281
148.484533	151.564453	146.440803
148.720533	151.392079	146.673555
148.962850	151.215092	146.912538
149.211483	151.033492	147.157750
149.466433	150.847277	147.409192
149.727700	150.656449	147.666863
149.995284	150.461007	147.930765
150.269184	150.260951	148.200897
150.549402	150.056281	148.477258
150.835936	149.846998	148.759849
151.128787	149.633101	149.048670
151.427955	149.414590	149.343721
151.733439	149.191466	149.645002
152.045241	148.963727	149.952513
152.186488	148.860560	150.091817
152.334053	148.752780	150.237351
152.487935	148.640386	150.389115
152.648133	148.523377	150.547109
152.814648	148.401756	150.711333
152.987480	148.275520	150.881786
153.166628	148.144671	151.058470
153.352094	148.009208	151.241383
153.543876	147.869131	151.430526
153.741975	147.724440	151.625899
153.946391	147.575136	151.827502
154.157124	147.421217	152.035334
154.374173	147.262685	152.249397
154.597539	147.099540	152.469690
154.827223	146.931780	152.696212
155.063222	146.759407	152.928964
155.305539	146.582420	153.167946
155.554173	146.400819	153.413158
155.809123	146.214605	153.664600
156.070390	146.023777	153.922271
156.337974	145.828334	154.186173
156.611875	145.628279	154.456304
156.892092	145.423609	154.732666
157.178626	145.214326	155.015257
157.471477	145.000429	155.304078
157.770645	144.781918	155.599128
158.076130	144.558793	155.900409
158.387932	144.331055	156.207920
158.529179	144.227888	156.347224
158.676744	144.120108	156.492758
158.830626	144.007713	156.644522
158.990824	143.890705	156.802515
159.157339	143.769083	156.966739
159.330171	143.642848	157.137192
159.509320	143.511998	157.313876
159.694785	143.376535	157.496789
159.886568	143.236458	157.685932
160.084667	143.091768	157.881305
160.289083	142.942463	158.082907
160.499816	142.788545	158.290740
160.716865	142.630013	158.504803
160.940232	142.466867	158.725095
161.169915	142.299108	158.951617
161.405915	142.126735	159.184369
161.648231	141.949748	159.423351
161.896865	141.768147	159.668563
162.151815	141.581932	159.920005
162.413082	141.391104	160.177676
162.680666	141.195662	160.441578
162.954567	140.995606	160.711709
163.234785	140.790937	160.988070
163.521319	140.581653	161.270661
163.814170	140.367756	161.559482
164.113338	140.149245	161.854533
164.418823	139.926121	162.155813
164.730625	139.698382	162.463324
164.871873	139.595215	162.602628
165.019438	139.487435	162.748162
165.173319	139.375040	162.899925
165.333517	139.258032	163.057919
165.500033	139.136411	163.222142
165.672865	139.010175	163.392596
165.852013	138.879325	163.569279
166.037479	138.743862	163.752192
166.229261	138.603785	163.941335
166.427361	138.459095	164.136708
166.631777	138.309790	164.338311
166.842509	138.155872	164.546143
167.059559	137.997340	164.760206
167.282925	137.834194	164.980498
167.512609	137.666435	165.207020
167.748609	137.494062	165.439772
167.990925	137.317075	165.678754
168.239559	137.135474	165.923966
168.494509	136.949259	166.175407
168.755777	136.758431	166.433079
169.023361	136.562989	166.696980
169.297262	136.362933	166.967111
169.577479	136.158264	167.243472
169.864014	135.948980	167.526063
170.156865	135.735083	167.814884
170.456033	135.516572	168.109935
170.761518	135.293448	168.411215
171.073319	135.065709	168.718726
171.214567	134.962542	168.858030
171.362132	134.854762	169.003564
171.516014	134.742367	169.155327
171.676212	134.625359	169.313321
171.842727	134.503737	169.477544
172.015559	134.377502	169.647998
172.194708	134.246652	169.824681
172.380174	134.111189	170.007594
172.571956	133.971112	170.196737
172.770055	133.826422	170.392110
172.974472	133.677117	170.593712
173.185204	133.523199	170.801545
173.402254	133.364667	171.015607
173.625620	133.201521	171.235899
173.855304	133.033762	171.462422
174.091304	132.861388	171.695174
174.333621	132.684401	171.934155
174.582254	132.502801	172.179367
174.837205	132.316586	172.430809
175.098472	132.125758	172.688480
175.366056	131.930316	172.952381
175.639957	131.730260	173.222512
175.920175	131.525590	173.498873
176.206709	131.316307	173.781464
176.499560	131.102410	174.070285
176.798728	130.883899	174.365336
177.104213	130.660774	174.666616
177.416015	130.433036	174.974126
177.557263	130.329869	175.113430
177.704828	130.222088	175.258964
177.858709	130.109694	175.410728
178.018908	129.992686	175.568722
178.185423	129.871064	175.732945
178.358255	129.744828	175.903398
178.537404	129.613979	176.080082
178.722869	129.478516	176.262995
178.914652	129.338439	176.452137
179.112751	129.193748	176.647510
179.317167	129.044444	176.849113
179.527900	128.890525	177.056945
179.744950	128.731993	177.271008
179.968316	128.568848	177.491300
180.197999	128.401088	177.717822
180.434000	128.228715	177.950574
180.676316	128.051728	178.189556
180.924950	127.870127	178.434767
181.179901	127.683913	178.686209
181.441168	127.493084	178.943880
181.708752	127.297642	179.207782
181.982653	127.097586	179.477913
182.262870	126.892917	179.754274
182.549405	126.683633	180.036865
182.842256	126.469736	180.325685
183.141424	126.251225	180.620736
183.446909	126.028101	180.922016
183.758711	125.800362	181.229527
183.899959	125.697195	181.368830
184.047524	125.589415	181.514364
184.201405	125.477020	181.666128
184.361604	125.360012	181.824122
184.528119	125.238390	181.988345
184.700951	125.112155	182.158798
184.880100	124.981305	182.335481
185.065566	124.845842	182.518395
185.257348	124.705765	182.707537
185.455447	124.561074	182.902910
185.659863	124.411770	183.104513
185.870596	124.257852	183.312345
186.087646	124.099320	183.526408
186.311012	123.936174	183.746700
186.540696	123.768415	183.973222
186.776696	123.596041	184.205974
187.019013	123.419054	184.444956
187.267646	123.237453	184.690167
187.522597	123.051239	184.941609
187.783864	122.860411	185.199280
188.051448	122.664968	185.463181
188.325349	122.464913	185.733312
188.605567	122.260243	186.009673
188.892101	122.050960	186.292264
189.184953	121.837062	186.581085
189.484121	121.618552	186.876135
189.789606	121.395427	187.177416
190.101407	121.167688	187.484926
190.242655	121.064522	187.624230
190.390220	120.956741	187.769764
190.544102	120.844347	187.921528
190.704300	120.727339	188.079521
190.870816	120.605717	188.243745
191.043648	120.479481	188.414198
191.222796	120.348632	188.590881
191.408262	120.213168	188.773794
191.600045	120.073091	188.962937
191.798144	119.928401	189.158310
192.002560	119.779096	189.359912
192.213293	119.625178	189.567745
192.430342	119.466646	189.781807
192.653709	119.303500	190.002099
192.883392	119.135741	190.228621
193.119392	118.963367	190.461373
193.361709	118.786380	190.700355
193.610343	118.604780	190.945567
193.865293	118.418565	191.197008
194.126561	118.227737	191.454679
194.394145	118.032295	191.718581
194.668046	117.832239	191.988712
194.948263	117.627569	192.265073
195.234798	117.418286	192.547663
195.527649	117.204389	192.836484
195.826817	116.985878	193.131535
196.132302	116.762753	193.432815
196.444104	116.535015	193.740325
196.585352	116.431848	193.879629
196.732917	116.324067	194.025163
196.886799	116.211673	194.176927
197.046997	116.094665	194.334920
197.213512	115.973043	194.499144
197.386344	115.846807	194.669597
197.565493	115.715958	194.846280
197.750959	115.580495	195.029193
197.942741	115.440418	195.218336
198.140841	115.295727	195.413709
198.345257	115.146422	195.615311
198.555989	114.992504	195.823144
198.773039	114.833972	196.037206
198.996406	114.670826	196.257498
199.226089	114.503067	196.484020
199.462089	114.330694	196.716772
199.704406	114.153707	196.955754
199.953040	113.972106	197.200966
200.207990	113.785891	197.452407
200.469257	113.595063	197.710079
200.736842	113.399621	197.973980
201.010742	113.199565	198.244111
201.290960	112.994895	198.520472
201.577495	112.785612	198.803063
201.870346	112.571715	199.091883
202.169514	112.353204	199.386934
202.474999	112.130079	199.688214
202.786801	111.902341	199.995724
202.928049	111.799174	200.135028
203.075614	111.691393	200.280562
203.229495	111.578999	200.432326
203.389694	111.461991	200.590319
203.556209	111.340369	200.754543
203.729041	111.214133	200.924996
203.908190	111.083284	201.101679
204.093656	110.947821	201.284592
204.285438	110.807744	201.473735
204.483537	110.663053	201.669108
204.687953	110.513749	201.870710
204.898686	110.359830	202.078543
205.115736	110.201298	202.292605
205.339102	110.038153	202.512897
205.568786	109.870393	202.739419
205.804786	109.698020	202.972171
206.047103	109.521033	203.211153
206.295736	109.339432	203.456365
206.550687	109.153217	203.707806
206.811954	108.962389	203.965477
207.079538	108.766947	204.229379
207.353439	108.566891	204.499510
207.633657	108.362221	204.775871
207.920192	108.152938	205.058462
208.213043	107.939041	205.347282
208.512211	107.720530	205.642333
208.817696	107.497405	205.943613
209.129498	107.269667	206.251123
209.270746	107.166500	206.390427
209.418311	107.058719	206.535961
209.572192	106.946325	206.687725
209.732391	106.829317	206.845718
209.898906	106.707695	207.009942
210.071738	106.581459	207.180395
210.250887	106.450610	207.357078
210.436353	106.315147	207.539991
210.628135	106.175070	207.729134
210.826234	106.030379	207.924507
211.030650	105.881075	208.126109
211.241383	105.727156	208.333942
211.458433	105.568624	208.548004
211.681799	105.405479	208.768296
211.911483	105.237719	208.994818
212.147483	105.065346	209.227570
212.389800	104.888359	209.466552
212.638433	104.706758	209.711764
212.893384	104.520543	209.963205
213.154651	104.329715	210.220876
213.422235	104.134273	210.484778
213.696136	103.934217	210.754909
213.976354	103.729548	211.031270
214.262889	103.520264	211.313860
214.555740	103.306367	211.602681
214.854908	103.087856	211.897732
215.160393	102.864731	212.199012
215.472195	102.636993	212.506522
215.613443	102.533826	212.645826
215.761008	102.426046	212.791360
215.914889	102.313651	212.943124
216.075088	102.196643	213.101117
216.241603	102.075021	213.265341
216.414435	101.948785	213.435794
216.593584	101.817936	213.612477
216.779049	101.682473	213.795390
216.970832	101.542396	213.984533
217.168931	101.397705	214.179906
217.373347	101.248401	214.381508
217.584080	101.094482	214.589341
217.801130	100.935950	214.803403
218.024496	100.772805	215.023695
218.254180	100.605045	215.250217
218.490180	100.432672	215.482969
218.732497	100.255685	215.721951
218.981130	100.074084	215.967162
219.236081	99.887869	216.218604
219.497348	99.697041	216.476275
219.764932	99.501599	216.740176
220.038833	99.301543	217.010307
220.319051	99.096874	217.286668
220.605586	98.887590	217.569259
220.898437	98.673693	217.858080
221.197605	98.455182	218.153130
221.503090	98.232057	218.454411
221.814892	98.004319	218.761921
221.956140	97.901152	218.901225
222.103705	97.793372	219.046759
222.257586	97.680977	219.198522
222.417785	97.563969	219.356516
222.584300	97.442347	219.520739
222.757132	97.316112	219.691193
222.936281	97.185262	219.867876
223.121746	97.049799	220.050789
223.313529	96.909722	220.239932
223.511628	96.765031	220.435304
223.716044	96.615727	220.636907
223.926777	96.461809	220.844739
224.143827	96.303277	221.058802
224.367193	96.140131	221.279094
224.596877	95.972371	221.505616
224.832877	95.799998	221.738368
225.075194	95.623011	221.977350
225.323827	95.441410	222.222561
225.578778	95.255196	222.474003
225.840045	95.064367	222.731674
226.107629	94.868925	222.995575
226.381530	94.668869	223.265706
226.661748	94.464200	223.542067
226.948283	94.254916	223.824658
227.241134	94.041019	224.113479
227.540302	93.822508	224.408529
227.845787	93.599384	224.709810
228.157589	93.371645	225.017320
228.298837	93.268478	225.156624
228.446402	93.160698	225.302158
228.600283	93.048303	225.453921
228.760482	92.931295	225.611915
228.926997	92.809673	225.776138
229.099829	92.683438	225.946591
229.278978	92.552588	226.123275
229.464443	92.417125	226.306188
229.656226	92.277048	226.495330
229.854325	92.132357	226.690703
230.058741	91.983053	226.892306
230.269474	91.829135	227.100138
230.486524	91.670603	227.314200
230.709890	91.507457	227.534493
230.939574	91.339697	227.761015
231.175574	91.167324	227.993767
231.417891	90.990337	228.232748
231.666524	90.808736	228.477960
231.921475	90.622522	228.729401
232.182742	90.431693	228.987073
232.450326	90.236251	229.250974
232.724227	90.036195	229.521105
233.004445	89.831526	229.797466
233.290980	89.622242	230.080057
233.583831	89.408345	230.368877
233.882999	89.189834	230.663928
234.188484	88.966710	230.965208
234.500286	88.738971	231.272719
234.641534	88.635804	231.412022
234.789099	88.528024	231.557556
234.942980	88.415629	231.709320
235.103179	88.298621	231.867314
235.269694	88.176999	232.031537
235.442526	88.050764	232.201990
235.621675	87.919914	232.378673
235.807141	87.784451	232.561586
235.998923	87.644374	232.750729
236.197022	87.499683	232.946102
236.401438	87.350379	233.147704
236.612171	87.196461	233.355537
236.829221	87.037929	233.569599
237.052587	86.874783	233.789891
237.282271	86.707023	234.016413
237.518271	86.534650	234.249165
237.760588	86.357663	234.488147
