-27.157339	205.569911	33.161080
-27.118972	205.463553	33.201014
-27.086376	205.353095	33.248012
-27.059540	205.238539	33.302083
-27.038458	205.119887	33.363233
-27.023119	204.997141	33.431471
-27.013517	204.870302	33.506805
-27.009641	204.739372	33.589243
-27.011484	204.604353	33.678793
-27.019037	204.465246	33.775462
-27.032292	204.322053	33.879259
-27.051240	204.174776	33.990190
-27.075872	204.023417	34.108264
-27.106181	203.867977	34.233489
-27.142157	203.708458	34.365872
-27.183793	203.544862	34.505420
-27.231080	203.377190	34.652142
-27.284010	203.205445	34.806044
-27.342574	203.029628	34.967135
-27.406765	202.849740	35.135420
-27.476575	202.665783	35.310909
-27.551995	202.477760	35.493608
-27.633017	202.285671	35.683524
-27.719633	202.089519	35.880664
-27.811836	201.889306	36.085035
-27.909618	201.685032	36.296645
-28.012971	201.476700	36.515500
-28.121888	201.264312	36.741608
-28.236360	201.047869	36.974974
-28.356381	200.827373	37.215605
-28.481943	200.602825	37.463509
-28.613038	200.374228	37.718692
-28.749660	200.141584	37.981159
-28.891802	199.904893	38.250918
-29.039455	199.664158	38.527976
-29.192614	199.419380	38.812337
-29.351271	199.170562	39.104008
-29.515420	198.917705	39.402996
-29.685054	198.660810	39.709306
-29.860166	198.399880	40.022944
-30.040750	198.134917	40.343917
-30.226799	197.865921	40.672229
-30.418307	197.592895	41.007887
-30.615268	197.315841	41.350896
-30.817676	197.034760	41.701261
-30.910176	196.907879	41.860462
-31.008113	196.776973	42.027028
-31.111486	196.642044	42.200960
-31.220292	196.503093	42.382261
-31.334527	196.360120	42.570934
-31.454191	196.213126	42.766981
-31.579279	196.062113	42.970404
-31.709790	195.907080	43.181205
-31.845721	195.748028	43.399388
-31.987069	195.584959	43.624953
-32.133833	195.417873	43.857903
-32.286009	195.246771	44.098241
-32.443595	195.071654	44.345969
-32.606590	194.892522	44.601089
-32.774990	194.709377	44.863602
-32.948793	194.522219	45.133512
-33.127997	194.331049	45.410819
-33.312599	194.135868	45.695528
-33.502598	193.936676	45.987638
-33.697992	193.733475	46.287153
-33.898777	193.526265	46.594075
-34.104952	193.315047	46.908405
-34.316516	193.099823	47.230145
-34.533464	192.880591	47.559298
-34.755797	192.657355	47.895865
-34.983511	192.430113	48.239848
-35.216605	192.198868	48.591250
-35.455076	191.963620	48.950071
-35.563946	191.856802	49.113587
-35.678190	191.745983	49.284525
-35.797809	191.631162	49.462887
-35.922801	191.512340	49.648673
-36.053165	191.389518	49.841885
-36.188901	191.262695	50.042522
-36.330008	191.131872	50.250586
-36.476484	190.997050	50.466077
-36.628329	190.858228	50.688997
-36.785543	190.715408	50.919345
-36.948125	190.568589	51.157124
-37.116073	190.417772	51.402333
-37.289387	190.262957	51.654973
-37.468066	190.104145	51.915046
-37.652109	189.941336	52.182551
-37.841516	189.774530	52.457490
-38.036287	189.603728	52.739863
-38.236419	189.428931	53.029672
-38.441913	189.250138	53.326916
-38.652767	189.067349	53.631597
-38.868982	188.880566	53.943714
-39.090556	188.689789	54.263270
-39.317489	188.495018	54.590264
-39.549780	188.296253	54.924698
-39.787428	188.093495	55.266572
-40.030432	187.886744	55.615886
-40.278793	187.676001	55.972642
-40.532509	187.461266	56.336839
-40.647663	187.364044	56.502029
-40.768172	187.262831	56.674661
-40.894034	187.157627	56.854737
-41.025251	187.048432	57.042256
-41.161821	186.935246	57.237220
-41.303744	186.818069	57.439627
-41.451021	186.696901	57.649478
-41.603650	186.571743	57.866775
-41.761632	186.442594	58.091516
-41.924967	186.309456	58.323703
-42.093653	186.172327	58.563335
-42.267692	186.031209	58.810412
-42.447081	185.886101	59.064936
-42.631823	185.737004	59.326907
-42.821915	185.583918	59.596323
-43.017358	185.426842	59.873187
-43.218152	185.265778	60.157498
-43.424296	185.100725	60.449256
-43.635790	184.931683	60.748462
-43.852634	184.758653	61.055116
-44.074828	184.581635	61.369218
-44.302371	184.400629	61.690769
-44.535263	184.215635	62.019768
-44.773504	184.026653	62.356217
-45.017094	183.833684	62.700114
-45.266033	183.636728	63.051461
-45.520320	183.435784	63.410258
-45.779955	183.230854	63.776504
-45.897635	183.138073	63.942465
-46.020663	183.041305	64.115876
-46.149039	182.940550	64.296738
-46.282763	182.835809	64.485050
-46.421834	182.727082	64.680813
-46.566252	182.614368	64.884026
-46.716018	182.497668	65.094690
-46.871131	182.376981	65.312806
-47.031591	182.252309	65.538372
-47.197399	182.123650	65.771389
-47.368553	181.991006	66.011858
-47.545054	181.854375	66.259778
-47.726903	181.713759	66.515150
-47.914098	181.569157	66.777973
-48.106639	181.420570	67.048248
-48.304528	181.267997	67.325975
-48.507762	181.111438	67.611154
-48.716343	180.950894	67.903784
-48.930271	180.786365	68.203867
-49.149545	180.617850	68.511402
-49.374165	180.445351	68.826389
-49.604131	180.268866	69.148828
-49.839444	180.088396	69.478720
-50.080102	179.903941	69.816065
-50.326106	179.715502	70.160862
-50.577456	179.523078	70.513112
-50.834152	179.326669	70.872815
-51.096193	179.126275	71.239971
-51.214921	179.035525	71.406308
-51.338995	178.940791	71.580099
-51.468414	178.842072	71.761343
-51.603178	178.739369	71.950040
-51.743288	178.632682	72.146190
-51.888744	178.522010	72.349793
-52.039545	178.407354	72.560850
-52.195691	178.288713	72.779360
-52.357183	178.166089	73.005323
-52.524020	178.039480	73.238740
-52.696203	177.908887	73.479610
-52.873731	177.774311	73.727934
-53.056604	177.635750	73.983712
-53.244822	177.493205	74.246942
-53.438386	177.346676	74.517627
-53.637294	177.196163	74.795765
-53.841548	177.041666	75.081357
-54.051147	176.883185	75.374403
-54.266092	176.720721	75.674902
-54.486381	176.554273	75.982855
-54.712015	176.383841	76.298262
-54.942995	176.209425	76.621123
-55.179319	176.031026	76.951438
-55.420989	175.848643	77.289207
-55.668003	175.662276	77.634430
-55.920363	175.471926	77.987107
-56.178067	175.277592	78.347238
-56.441116	175.079275	78.714823
-56.560287	174.989451	78.881346
-56.684803	174.895643	79.055323
-56.814663	174.797852	79.236755
-56.949869	174.696077	79.425640
-57.090419	174.590319	79.621980
-57.236314	174.480578	79.825774
-57.387554	174.366853	80.037022
-57.544139	174.249145	80.255724
-57.706068	174.127453	80.481881
-57.873343	174.001779	80.715492
-58.045962	173.872121	80.956558
-58.223926	173.738480	81.205077
-58.407234	173.600855	81.461051
-58.595888	173.459248	81.724480
-58.789886	173.313657	81.995363
-58.989228	173.164083	82.273700
-59.193916	173.010526	82.559491
-59.403948	172.852985	82.852738
-59.619325	172.691462	83.153438
-59.840047	172.525956	83.461593
-60.066113	172.356466	83.777203
-60.297524	172.182993	84.100266
-60.534280	172.005537	84.430785
-60.776381	171.824099	84.768758
-61.023826	171.638677	85.114185
-61.276615	171.449272	85.467068
-61.534750	171.255884	85.827404
-61.798229	171.058513	86.195195
-61.917589	170.969110	86.361809
-62.042295	170.875723	86.535877
-62.172345	170.778354	86.717400
-62.307739	170.677002	86.906377
-62.448479	170.571667	87.102809
-62.594563	170.462349	87.306695
-62.745991	170.349048	87.518037
-62.902764	170.231764	87.736832
-63.064882	170.110497	87.963083
-63.232344	169.985248	88.196788
-63.405151	169.856015	88.437948
-63.583302	169.722800	88.686562
-63.766798	169.585602	88.942631
-63.955639	169.444421	89.206155
-64.149824	169.299257	89.477134
-64.349354	169.150110	89.755567
-64.554228	168.996980	90.041455
-64.764447	168.839868	90.334798
-64.980010	168.678773	90.635595
-65.200919	168.513695	90.943847
-65.427171	168.344634	91.259554
-65.658768	168.171590	91.582716
-65.895710	167.994564	91.913332
-66.137996	167.813555	92.251403
-66.385627	167.628563	92.596929
-66.638603	167.439589	92.949909
-66.896923	167.246631	93.310345
-67.160587	167.049691	93.678235
-67.280030	166.960479	93.844892
-67.404817	166.867285	94.019004
-67.534949	166.770107	94.200571
-67.670426	166.668947	94.389592
-67.811247	166.563804	94.586069
-67.957413	166.454679	94.790000
-68.108923	166.341571	95.001386
-68.265778	166.224480	95.220226
-68.427977	166.103406	95.446522
-68.595521	165.978350	95.680272
-68.768409	165.849311	95.921477
-68.946642	165.716289	96.170137
-69.130219	165.579285	96.426252
-69.319141	165.438298	96.689822
-69.513407	165.293328	96.960846
-69.713018	165.144376	97.239325
-69.917974	164.991441	97.525259
-70.128274	164.834523	97.818648
-70.343918	164.673623	98.119492
-70.564907	164.508740	98.427791
-70.791241	164.339874	98.743544
-71.022919	164.167026	99.066752
-71.259942	163.990195	99.397415
-71.502309	163.809381	99.735533
-71.750021	163.624585	100.081106
-72.003077	163.435806	100.434133
-72.261477	163.243045	100.794616
-72.525223	163.046301	101.162553
-72.644701	162.957176	101.329231
-72.769525	162.864069	101.503364
-72.899692	162.766978	101.684952
-73.035205	162.665906	101.873995
-73.176062	162.560851	102.070492
-73.322263	162.451813	102.274445
-73.473809	162.338792	102.485852
-73.630699	162.221789	102.704714
-73.792934	162.100803	102.931031
-73.960513	161.975835	103.164803
-74.133437	161.846884	103.406030
-74.311706	161.713951	103.654712
-74.495318	161.577034	103.910848
-74.684276	161.436136	104.174439
-74.878578	161.291254	104.445486
-75.078224	161.142390	104.723987
-75.283215	160.989544	105.009943
-75.493551	160.832715	105.303354
-75.709231	160.671903	105.604219
-75.930255	160.507109	105.912540
-76.156624	160.338332	106.228315
-76.388338	160.165573	106.551546
-76.625396	159.988831	106.882231
-76.867798	159.808106	107.220371
-77.115545	159.623399	107.565966
-77.368637	159.434709	107.919016
-77.627073	159.242037	108.279521
-77.890854	159.045382	108.647480
-78.010348	158.956297	108.814168
-78.135187	158.863229	108.988311
-78.265371	158.766179	109.169909
-78.400898	158.665146	109.358962
-78.541771	158.560130	109.555470
-78.687988	158.451132	109.759432
-78.839549	158.338152	109.970850
-78.996455	158.221189	110.189722
-79.158706	158.100243	110.416049
-79.326301	157.975315	110.649831
-79.499240	157.846404	110.891068
-79.677524	157.713510	111.139760
-79.861153	157.576634	111.395907
-80.050126	157.435776	111.659508
-80.244444	157.290935	111.930565
-80.444106	157.142111	112.209076
-80.649112	156.989305	112.495043
-80.859463	156.832516	112.788464
-81.075159	156.671745	113.089340
-81.296199	156.506991	113.397671
-81.522584	156.338254	113.713457
-81.754313	156.165535	114.036698
-81.991386	155.988834	114.367394
-82.233804	155.808150	114.705544
-82.481567	155.623483	115.051150
-82.734674	155.434834	115.404210
-82.993126	155.242202	115.764725
-83.256922	155.045588	116.132696
-83.376423	154.956521	116.299388
-83.501269	154.863471	116.473536
-83.631459	154.766439	116.655139
-83.766994	154.665424	116.844196
-83.907874	154.560427	117.040708
-84.054098	154.451447	117.244676
-84.205666	154.338485	117.456098
-84.362579	154.221540	117.674975
-84.524836	154.100612	117.901307
-84.692438	153.975702	118.135094
-84.865385	153.846809	118.376336
-85.043675	153.713934	118.625032
-85.227311	153.577077	118.881184
-85.416291	153.436236	119.144790
-85.610615	153.291414	119.415852
-85.810284	153.142608	119.694368
-86.015298	152.989820	119.980339
-86.225656	152.833050	120.273765
-86.441358	152.672297	120.574646
-86.662405	152.507562	120.882982
-86.888797	152.338844	121.198773
-87.120533	152.166143	121.522019
-87.357613	151.989460	121.852720
-87.600038	151.808794	122.190875
-87.847808	151.624146	122.536486
-88.100922	151.435516	122.889551
-88.359380	151.242902	123.250071
-88.623183	151.046306	123.618046
-88.742688	150.957248	123.784741
-88.867536	150.864206	123.958891
-88.997730	150.767182	124.140496
-89.133268	150.666176	124.329556
-89.274150	150.561187	124.526070
-89.420377	150.452215	124.730040
-89.571949	150.339261	124.941464
-89.728864	150.222324	125.160343
-89.891125	150.101405	125.386678
-90.058730	149.976503	125.620467
-90.231679	149.847619	125.861711
-90.409973	149.714752	126.110410
-90.593612	149.577903	126.366564
-90.782595	149.437071	126.630172
-90.976922	149.292256	126.901236
-91.176594	149.143460	127.179755
-91.381611	148.990680	127.465728
-91.591972	148.833918	127.759157
-91.807677	148.673173	128.060040
-92.028727	148.508446	128.368378
-92.255122	148.339737	128.684171
-92.486861	148.167045	129.007419
-92.723944	147.990370	129.338122
-92.966373	147.809713	129.676280
-93.214145	147.625073	130.021893
-93.467262	147.436451	130.374960
-93.725724	147.243846	130.735483
-93.989530	147.047258	131.103460
-94.109036	146.958203	131.270156
-94.233886	146.865166	131.444307
-94.364081	146.768145	131.625913
-94.499620	146.667143	131.814974
-94.640504	146.562157	132.011490
-94.786732	146.453190	132.215460
-94.938305	146.340239	132.426886
-95.095222	146.223306	132.645766
-95.257484	146.102391	132.872101
-95.425090	145.977493	133.105891
-95.598041	145.848612	133.347136
-95.776336	145.715749	133.595836
-95.959976	145.578904	133.851991
-96.148960	145.438076	134.115601
-96.343289	145.293265	134.386666
-96.542963	145.144472	134.665186
-96.747981	144.991696	134.951160
-96.958343	144.834938	135.244590
-97.174050	144.674197	135.545474
-97.395101	144.509474	135.853813
-97.621497	144.340768	136.169607
-97.853237	144.168080	136.492857
-98.090322	143.991409	136.823561
-98.332752	143.810756	137.161719
-98.580526	143.626120	137.507333
-98.833644	143.437501	137.860402
-99.092107	143.244901	138.220926
-99.355915	143.048317	138.588904
-99.475421	142.959264	138.755601
-99.600272	142.866228	138.929752
-99.730467	142.769209	139.111358
-99.866007	142.668208	139.300420
-100.006891	142.563224	139.496936
-100.153120	142.454258	139.700907
-100.304694	142.341310	139.912333
-100.461611	142.224379	140.131214
-100.623874	142.103465	140.357549
-100.791481	141.978569	140.591340
-100.964432	141.849690	140.832586
-101.142728	141.716829	141.081286
-101.326369	141.579985	141.337442
-101.515354	141.439158	141.601052
-101.709683	141.294350	141.872117
-101.909357	141.145558	142.150637
-102.114375	140.992784	142.436612
-102.324738	140.836028	142.730042
-102.540446	140.675289	143.030927
-102.761498	140.510567	143.339267
-102.987894	140.341863	143.655062
-103.219635	140.169177	143.978311
-103.456721	139.992508	144.309016
-103.699151	139.811856	144.647175
-103.946925	139.627222	144.992790
-104.200045	139.438605	145.345859
-104.458508	139.246006	145.706383
-104.722316	139.049424	146.074362
-104.841823	138.960371	146.241059
-104.966674	138.867336	146.415210
-105.096869	138.770319	146.596817
-105.232410	138.669318	146.785878
-105.373294	138.564335	146.982395
-105.519523	138.455370	147.186366
-105.671097	138.342422	147.397792
-105.828015	138.225492	147.616673
-105.990278	138.104579	147.843009
-106.157885	137.979684	148.076800
-106.330837	137.850806	148.318046
-106.509133	137.717945	148.566747
-106.692774	137.581102	148.822902
-106.881759	137.440277	149.086513
-107.076089	137.295468	149.357578
-107.275763	137.146678	149.636099
-107.480782	136.993905	149.922074
-107.691145	136.837149	150.215504
-107.906853	136.676411	150.516389
-108.127905	136.511690	150.824729
-108.354302	136.342987	151.140524
-108.586043	136.170301	151.463774
-108.823129	135.993633	151.794479
-109.065559	135.812982	152.132638
-109.313334	135.628349	152.478253
-109.566453	135.439733	152.831322
-109.824917	135.247134	153.191847
-110.088725	135.050553	153.559826
-110.208232	134.961501	153.726523
-110.333083	134.868466	153.900675
-110.463279	134.771449	154.082281
-110.598819	134.670449	154.271343
-110.739704	134.565467	154.467859
-110.885933	134.456502	154.671831
-111.037507	134.343554	154.883257
-111.194425	134.226624	155.102138
-111.356688	134.105712	155.328474
-111.524295	133.980816	155.562265
-111.697247	133.851939	155.803511
-111.875544	133.719079	156.052212
-112.059184	133.582236	156.308368
-112.248170	133.441411	156.571978
-112.442500	133.296603	156.843044
-112.642174	133.147813	157.121564
-112.847193	132.995040	157.407540
-113.057556	132.838285	157.700970
-113.273264	132.677547	158.001855
-113.494316	132.512827	158.310195
-113.720713	132.344124	158.625990
-113.952455	132.171438	158.949240
-114.189541	131.994770	159.279945
-114.431971	131.814120	159.618105
-114.679746	131.629487	159.963720
-114.932865	131.440872	160.316789
-115.191329	131.248273	160.677314
-115.455138	131.051693	161.045293
-115.574645	130.962641	161.211990
-115.699496	130.869606	161.386142
-115.829692	130.772589	161.567748
-115.965232	130.671589	161.756810
-116.106117	130.566607	161.953327
-116.252346	130.457642	162.157298
-116.403920	130.344695	162.368724
-116.560838	130.227765	162.587606
-116.723101	130.106852	162.813942
-116.890709	129.981958	163.047733
-117.063660	129.853080	163.288979
-117.241957	129.720220	163.537680
-117.425598	129.583378	163.793835
-117.614583	129.442553	164.057446
-117.808913	129.297745	164.328512
-118.008587	129.148955	164.607032
-118.213606	128.996182	164.893008
-118.423970	128.839427	165.186438
-118.639678	128.678690	165.487323
-118.860730	128.513969	165.795663
-119.087127	128.345267	166.111459
-119.318868	128.172582	166.434709
-119.555954	127.995914	166.765413
-119.798385	127.815263	167.103573
-120.046160	127.630631	167.449188
-120.299279	127.442015	167.802258
-120.557743	127.249417	168.162782
-120.821552	127.052837	168.530762
-120.941059	126.963785	168.697459
-121.065910	126.870750	168.871610
-121.196106	126.773733	169.053217
-121.331646	126.672733	169.242279
-121.472531	126.567751	169.438795
-121.618760	126.458787	169.642767
-121.770334	126.345839	169.854193
-121.927253	126.228910	170.073074
-122.089515	126.107997	170.299410
-122.257123	125.983102	170.533201
-122.430075	125.854225	170.774447
-122.608371	125.721365	171.023148
-122.792012	125.584523	171.279304
-122.980997	125.443698	171.542915
-123.175327	125.298890	171.813981
-123.375002	125.150100	172.092501
-123.580021	124.997328	172.378477
-123.790384	124.840573	172.671907
-124.006092	124.679835	172.972792
-124.227145	124.515115	173.281132
-124.453542	124.346412	173.596928
-124.685283	124.173727	173.920178
-124.922369	123.997060	174.250882
-125.164800	123.816409	174.589042
-125.412575	123.631777	174.934657
-125.665694	123.443161	175.287727
-125.924158	123.250564	175.648251
-126.187967	123.053983	176.016231
-126.307473	122.964931	176.182928
-126.432325	122.871897	176.357079
-126.562521	122.774879	176.538686
-126.698061	122.673880	176.727748
-126.838946	122.568898	176.924264
-126.985175	122.459933	177.128236
-127.136749	122.346986	177.339662
-127.293667	122.230056	177.558543
-127.455930	122.109144	177.784880
-127.623538	121.984249	178.018671
-127.796490	121.855372	178.259917
-127.974786	121.722512	178.508618
-128.158427	121.585669	178.764773
-128.347412	121.444845	179.028384
-128.541742	121.300037	179.299450
-128.741417	121.151247	179.577970
-128.946436	120.998475	179.863946
-129.156799	120.841720	180.157376
-129.372507	120.680982	180.458262
-129.593560	120.516262	180.766602
-129.819957	120.347559	181.082397
-130.051698	120.174874	181.405647
-130.288784	119.998207	181.736352
-130.531215	119.817556	182.074512
-130.778990	119.632924	182.420126
-131.032109	119.444308	182.773196
-131.290573	119.251711	183.133721
-131.554382	119.055130	183.501700
-131.673889	118.966078	183.668397
-131.798740	118.873044	183.842549
-131.928936	118.776027	184.024156
-132.064476	118.675027	184.213217
-132.205361	118.570045	184.409734
-132.351590	118.461080	184.613705
-132.503164	118.348133	184.825132
-132.660083	118.231203	185.044013
-132.822345	118.110291	185.270349
-132.989953	117.985396	185.504140
-133.162905	117.856519	185.745386
-133.341201	117.723659	185.994087
-133.524842	117.586817	186.250243
-133.713828	117.445992	186.513854
-133.908157	117.301185	186.784919
-134.107832	117.152395	187.063440
-134.312851	116.999622	187.349415
-134.523214	116.842867	187.642846
-134.738922	116.682130	187.943731
-134.959975	116.517410	188.252071
-135.186372	116.348707	188.567866
-135.418113	116.176022	188.891116
-135.655199	115.999354	189.221821
-135.897630	115.818704	189.559981
-136.145405	115.634071	189.905596
-136.398524	115.445456	190.258666
-136.656988	115.252858	190.619190
-136.920797	115.056278	190.987170
-137.040304	114.967226	191.153867
-137.165155	114.874191	191.328019
-137.295351	114.777174	191.509625
-137.430891	114.676175	191.698687
-137.571776	114.571193	191.895203
-137.718006	114.462228	192.099175
-137.869579	114.349281	192.310601
-138.026498	114.232351	192.529482
-138.188761	114.111439	192.755819
-138.356368	113.986544	192.989610
-138.529320	113.857667	193.230856
-138.707616	113.724807	193.479557
-138.891257	113.587965	193.735713
-139.080243	113.447140	193.999323
-139.274573	113.302332	194.270389
-139.474247	113.153542	194.548909
-139.679266	113.000770	194.834885
-139.889630	112.844015	195.128315
-140.105338	112.683277	195.429201
-140.326390	112.518557	195.737541
-140.552787	112.349855	196.053336
-140.784529	112.177170	196.376586
-141.021615	112.000502	196.707291
-141.264045	111.819852	197.045451
-141.511820	111.635219	197.391066
-141.764940	111.446604	197.744135
-142.023404	111.254006	198.104660
-142.287212	111.057426	198.472639
-142.406719	110.968374	198.639336
-142.531570	110.875339	198.813488
-142.661766	110.778322	198.995095
-142.797307	110.677323	199.184156
-142.938191	110.572341	199.380673
-143.084421	110.463376	199.584644
-143.235995	110.350429	199.796071
-143.392913	110.233499	200.014952
-143.555176	110.112587	200.241288
-143.722783	109.987692	200.475079
-143.895735	109.858815	200.716325
-144.074032	109.725955	200.965026
-144.257673	109.589112	201.221182
-144.446658	109.448288	201.484793
-144.640988	109.303480	201.755859
-144.840662	109.154690	202.034379
-145.045681	109.001918	202.320355
-145.256045	108.845163	202.613785
-145.471753	108.684425	202.914670
-145.692805	108.519705	203.223011
-145.919202	108.351003	203.538806
-146.150944	108.178318	203.862056
-146.388030	108.001650	204.192761
-146.630460	107.821000	204.530921
-146.878235	107.636367	204.876535
-147.131355	107.447752	205.229605
-147.389819	107.255154	205.590130
-147.653628	107.058574	205.958109
-147.773134	106.969522	206.124806
-147.897986	106.876487	206.298958
-148.028182	106.779470	206.480565
-148.163722	106.678471	206.669626
-148.304607	106.573488	206.866143
-148.450836	106.464524	207.070114
-148.602410	106.351577	207.281541
-148.759328	106.234647	207.500422
-148.921591	106.113735	207.726758
-149.089199	105.988840	207.960549
-149.262151	105.859963	208.201795
-149.440447	105.727103	208.450496
-149.624088	105.590260	208.706652
-149.813073	105.449436	208.970263
-150.007403	105.304628	209.241328
-150.207078	105.155838	209.519849
-150.412097	105.003066	209.805824
-150.622460	104.846311	210.099255
-150.838168	104.685573	210.400140
-151.059221	104.520853	210.708480
-151.285618	104.352151	211.024275
-151.517359	104.179466	211.347525
-151.754445	104.002798	211.678230
-151.996876	103.822148	212.016390
-152.244651	103.637515	212.362005
-152.497770	103.448900	212.715075
-152.756234	103.256302	213.075599
-153.020043	103.059722	213.443579
-153.139550	102.970670	213.610276
-153.264401	102.877635	213.784427
-153.394597	102.780618	213.966034
-153.530137	102.679619	214.155096
-153.671022	102.574636	214.351612
-153.817251	102.465672	214.555584
-153.968825	102.352725	214.767010
-154.125744	102.235795	214.985891
-154.288007	102.114883	215.212228
-154.455614	101.989988	215.446019
-154.628566	101.861111	215.687265
-154.806862	101.728251	215.935966
-154.990503	101.591408	216.192122
-155.179489	101.450584	216.455732
-155.373819	101.305776	216.726798
-155.573493	101.156986	217.005318
-155.778512	101.004214	217.291294
-155.988876	100.847459	217.584724
-156.204583	100.686721	217.885610
-156.425636	100.522001	218.193950
-156.652033	100.353299	218.509745
-156.883774	100.180614	218.832995
-157.120860	100.003946	219.163700
-157.363291	99.823296	219.501860
-157.611066	99.638663	219.847475
-157.864186	99.450048	220.200544
-158.122650	99.257450	220.561069
-158.386458	99.060870	220.929048
-158.505965	98.971818	221.095745
-158.630816	98.878783	221.269897
-158.761012	98.781766	221.451504
-158.896553	98.680767	221.640566
-159.037437	98.575785	221.837082
-159.183667	98.466820	222.041054
-159.335241	98.353873	222.252480
-159.492159	98.236943	222.471361
-159.654422	98.116031	222.697697
-159.822029	97.991136	222.931488
-159.994981	97.862259	223.172734
-160.173278	97.729399	223.421435
-160.356919	97.592556	223.677591
-160.545904	97.451732	223.941202
-160.740234	97.306924	224.212268
-160.939908	97.158134	224.490788
-161.144927	97.005362	224.776764
-161.355291	96.848607	225.070194
-161.570999	96.687869	225.371079
-161.792051	96.523149	225.679420
-162.018448	96.354447	225.995215
-162.250190	96.181762	226.318465
-162.487276	96.005094	226.649170
-162.729706	95.824444	226.987330
-162.977481	95.639811	227.332944
-163.230601	95.451196	227.686014
-163.489065	95.258598	228.046539
-163.752873	95.062018	228.414518
-163.872380	94.972966	228.581215
-163.997232	94.879931	228.755367
-164.127427	94.782914	228.936974
-164.262968	94.681915	229.126035
-164.403853	94.576933	229.322552
-164.550082	94.467968	229.526523
-164.701656	94.355021	229.737950
-164.858574	94.238091	229.956831
-165.020837	94.117179	230.183167
-165.188445	93.992284	230.416958
-165.361397	93.863407	230.658204
-165.539693	93.730547	230.906905
-165.723334	93.593704	231.163061
-165.912319	93.452880	231.426672
-166.106649	93.308072	231.697737
-166.306324	93.159282	231.976258
-166.511343	93.006510	232.262233
-166.721706	92.849755	232.555664
-166.937414	92.689017	232.856549
-167.158467	92.524297	233.164889
-167.384864	92.355595	233.480684
-167.616605	92.182910	233.803934
-167.853691	92.006242	234.134639
-168.096122	91.825592	234.472799
-168.343897	91.640959	234.818414
-168.597016	91.452344	235.171484
-168.855480	91.259746	235.532008
-169.119289	91.063166	235.899988
-169.238796	90.974114	236.066685
-169.363647	90.881079	236.240837
-169.493843	90.784062	236.422443
-169.629383	90.683063	236.611505
-169.770268	90.578081	236.808021
-169.916497	90.469116	237.011993
-170.068071	90.356169	237.223419
-170.224990	90.239239	237.442301
-170.387253	90.118327	237.668637
-170.554860	89.993432	237.902428
-170.727812	89.864555	238.143674
-170.906108	89.731695	238.392375
-171.089749	89.594853	238.648531
-171.278735	89.454028	238.912141
-171.473065	89.309220	239.183207
-171.672739	89.160430	239.461728
-171.877758	89.007658	239.747703
-172.088121	88.850903	240.041133
-172.303829	88.690165	240.342019
-172.524882	88.525445	240.650359
-172.751279	88.356743	240.966154
-172.983020	88.184058	241.289404
-173.220106	88.007390	241.620109
-173.462537	87.826740	241.958269
-173.710312	87.642107	242.303884
-173.963432	87.453492	242.656953
-174.221896	87.260894	243.017478
-174.485704	87.064314	243.385458
-174.605211	86.975262	243.552154
-174.730062	86.882227	243.726306
-174.860258	86.785210	243.907913
-174.995798	86.684211	244.096975
-175.136683	86.579229	244.293491
-175.282913	86.470264	244.497463
-175.434487	86.357317	244.708889
-175.591405	86.240387	244.927770
-175.753668	86.119475	245.154106
-175.921275	85.994580	245.387897
-176.094227	85.865703	245.629144
-176.272524	85.732843	245.877844
-176.456165	85.596001	246.134000
-176.645150	85.455176	246.397611
-176.839480	85.310368	246.668677
-177.039154	85.161578	246.947197
-177.244173	85.008806	247.233173
-177.454537	84.852051	247.526603
-177.670245	84.691313	247.827488
-177.891297	84.526593	248.135829
-178.117694	84.357891	248.451624
-178.349436	84.185206	248.774874
-178.586522	84.008538	249.105579
-178.828952	83.827888	249.443739
-179.076727	83.643255	249.789353
-179.329847	83.454640	250.142423
-179.588311	83.262042	250.502948
-179.852119	83.065462	250.870927
-179.971626	82.976410	251.037624
-180.096478	82.883375	251.211776
-180.226673	82.786358	251.393383
-180.362214	82.685359	251.582444
-180.503099	82.580377	251.778961
-180.649328	82.471412	251.982932
-180.800902	82.358465	252.194359
-180.957820	82.241535	252.413240
-181.120083	82.120623	252.639576
-181.287691	81.995728	252.873367
-181.460643	81.866851	253.114613
-181.638939	81.733991	253.363314
-181.822580	81.597149	253.619470
-182.011565	81.456324	253.883081
-182.205895	81.311516	254.154146
-182.405570	81.162726	254.432667
-182.610589	81.009954	254.718642
-182.820952	80.853199	255.012073
-183.036660	80.692461	255.312958
-183.257713	80.527741	255.621298
-183.484110	80.359039	255.937093
-183.715851	80.186354	256.260343
-183.952937	80.009686	256.591048
-184.195368	79.829036	256.929208
-184.443143	79.644403	257.274823
-184.696262	79.455788	257.627893
-184.954726	79.263190	257.988417
-185.218535	79.066610	258.356397
-185.338042	78.977558	258.523094
-185.462893	78.884523	258.697246
-185.593089	78.787506	258.878852
-185.728629	78.686507	259.067914
-185.869514	78.581525	259.264430
-186.015743	78.472560	259.468402
-186.167317	78.359613	259.679828
-186.324236	78.242683	259.898710
-186.486499	78.121771	260.125046
-186.654106	77.996876	260.358837
-186.827058	77.867999	260.600083
-187.005354	77.735139	260.848784
-187.188995	77.598297	261.104940
-187.377981	77.457472	261.368550
-187.572311	77.312664	261.639616
-187.771985	77.163874	261.918137
-187.977004	77.011102	262.204112
-188.187367	76.854347	262.497542
-188.403075	76.693609	262.798428
-188.624128	76.528889	263.106768
-188.850525	76.360187	263.422563
-189.082266	76.187502	263.745813
-189.319352	76.010834	264.076518
-189.561783	75.830184	264.414678
-189.809558	75.645551	264.760293
-190.062677	75.456936	265.113362
-190.321142	75.264338	265.473887
-190.584950	75.067758	265.841867
-190.704457	74.978706	266.008563
-190.829308	74.885671	266.182715
-190.959504	74.788654	266.364322
-191.095044	74.687655	266.553384
-191.235929	74.582673	266.749900
-191.382159	74.473708	266.953872
-191.533733	74.360761	267.165298
-191.690651	74.243831	267.384179
-191.852914	74.122919	267.610515
-192.020521	73.998024	267.844307
-192.193473	73.869147	268.085553
-192.371770	73.736287	268.334253
-192.555411	73.599445	268.590409
-192.744396	73.458620	268.854020
-192.938726	73.313812	269.125086
