8.736260	209.574825	-42.104400
8.767489	209.500382	-42.136861
8.800570	209.421771	-42.178223
8.835507	209.338994	-42.228483
8.872306	209.252051	-42.287642
8.910972	209.160943	-42.355699
8.951510	209.065672	-42.432652
8.993925	208.966238	-42.518503
9.038221	208.862642	-42.613249
9.084405	208.754884	-42.716890
9.132479	208.642967	-42.829426
9.182450	208.526891	-42.950857
9.234323	208.406657	-43.081180
9.288102	208.282265	-43.220397
9.343791	208.153717	-43.368506
9.401397	208.021014	-43.525507
9.460923	207.884156	-43.691399
9.522374	207.743145	-43.866182
9.585754	207.597981	-44.049854
9.651070	207.448666	-44.242416
9.718324	207.295200	-44.443867
9.787522	207.137585	-44.654207
9.858668	206.975821	-44.873434
9.931766	206.809909	-45.101548
10.006822	206.639850	-45.338549
10.083838	206.465646	-45.584437
10.162821	206.287296	-45.839210
10.243773	206.104803	-46.102868
10.326699	205.918166	-46.375412
10.411604	205.727388	-46.656839
10.498491	205.532468	-46.947150
10.587365	205.333409	-47.246344
10.678229	205.130210	-47.554422
10.771087	204.922873	-47.871381
10.865944	204.711398	-48.197223
10.962804	204.495788	-48.531946
11.061669	204.276042	-48.875550
11.162545	204.052161	-49.228035
11.265434	203.824147	-49.589401
11.370340	203.592001	-49.959646
11.477268	203.355724	-50.338771
11.586220	203.115316	-50.726775
11.697199	202.870778	-51.123658
11.810211	202.622112	-51.529419
11.925257	202.369318	-51.944059
11.976692	202.256452	-52.130112
12.030167	202.139460	-52.325043
12.085683	202.018342	-52.528851
12.143242	201.893099	-52.741537
12.202845	201.763731	-52.963100
12.264493	201.630239	-53.193540
12.328188	201.492623	-53.432858
12.393931	201.350883	-53.681052
12.461723	201.205020	-53.938124
12.531566	201.055034	-54.204072
12.603462	200.900927	-54.478897
12.677411	200.742697	-54.762599
12.753415	200.580346	-55.055177
12.831475	200.413874	-55.356631
12.911593	200.243282	-55.666962
12.993769	200.068569	-55.986169
13.078005	199.889737	-56.314252
13.164303	199.706786	-56.651211
13.252663	199.519716	-56.997046
13.343088	199.328528	-57.351757
13.435577	199.133222	-57.715343
13.530132	198.933799	-58.087806
13.626754	198.730259	-58.469144
13.725445	198.522602	-58.859357
13.826206	198.310829	-59.258446
13.929038	198.094940	-59.666410
14.033941	197.874937	-60.083250
14.140918	197.650818	-60.508965
14.189411	197.549327	-60.702221
14.239979	197.443721	-60.904352
14.292622	197.334001	-61.115359
14.347341	197.220168	-61.335241
14.404135	197.102221	-61.563997
14.463007	196.980161	-61.801630
14.523955	196.853988	-62.048137
14.586980	196.723703	-62.303519
14.652084	196.589304	-62.567777
14.719266	196.450793	-62.840909
14.788527	196.308170	-63.122917
14.859867	196.161434	-63.413800
14.933286	196.010587	-63.713558
15.008786	195.855628	-64.022191
15.086367	195.696558	-64.339700
15.166028	195.533377	-64.666083
15.247771	195.366084	-65.001341
15.331596	195.194681	-65.345475
15.417503	195.019167	-65.698483
15.505493	194.839542	-66.060367
15.595566	194.655808	-66.431125
15.687723	194.467963	-66.810759
15.781963	194.276009	-67.199268
15.878288	194.079945	-67.596652
15.976698	193.879771	-68.002910
16.077192	193.675488	-68.418044
16.179773	193.467097	-68.842053
16.284439	193.254596	-69.274938
16.331852	193.158391	-69.471143
16.381352	193.058077	-69.676223
16.432939	192.953654	-69.890178
16.486612	192.845123	-70.113008
16.542372	192.732484	-70.344714
16.600219	192.615737	-70.585294
16.660154	192.494882	-70.834750
16.722176	192.369919	-71.093081
16.786285	192.240848	-71.360287
16.852483	192.107669	-71.636368
16.920768	191.970383	-71.921324
16.991141	191.828989	-72.215155
17.063602	191.683488	-72.517862
17.138152	191.533879	-72.829443
17.214790	191.380164	-73.149900
17.293517	191.222341	-73.479232
17.374332	191.060411	-73.817439
17.457237	190.894374	-74.164522
17.542231	190.724230	-74.520479
17.629314	190.549979	-74.885312
17.718486	190.371622	-75.259020
17.809748	190.189158	-75.641604
17.903099	190.002587	-76.033062
17.998540	189.811910	-76.433396
18.096072	189.617127	-76.842605
18.195693	189.418238	-77.260689
18.297405	189.215242	-77.687649
18.401206	189.008141	-78.123484
18.448227	188.914357	-78.320952
18.497337	188.816467	-78.527295
18.548539	188.714471	-78.742514
18.601831	188.608370	-78.966608
18.657214	188.498162	-79.199578
18.714687	188.383849	-79.441422
18.774252	188.265431	-79.692143
18.835907	188.142907	-79.951738
18.899653	188.016277	-80.220209
18.965490	187.885541	-80.497555
19.033419	187.750701	-80.783777
19.103438	187.611754	-81.078874
19.175549	187.468703	-81.382846
19.249751	187.321545	-81.695694
19.326044	187.170283	-82.017417
19.404428	187.014915	-82.348016
19.484904	186.855443	-82.687490
19.567472	186.691865	-83.035840
19.652131	186.524181	-83.393065
19.738881	186.352393	-83.759165
19.827723	186.176500	-84.134141
19.918657	185.996502	-84.517992
20.011682	185.812398	-84.910719
20.106799	185.624190	-85.312321
20.204008	185.431877	-85.722799
20.303309	185.235459	-86.142152
20.404702	185.034936	-86.570381
20.508187	184.830309	-87.007485
20.555065	184.737629	-87.205508
20.604034	184.640843	-87.412405
20.655096	184.539954	-87.628179
20.708250	184.434959	-87.852827
20.763496	184.325860	-88.086352
20.820834	184.212657	-88.328752
20.880265	184.095349	-88.580027
20.941787	183.973936	-88.840178
21.005402	183.848419	-89.109205
21.071109	183.718797	-89.387107
21.138908	183.585071	-89.673885
21.208799	183.447240	-89.969538
21.280783	183.305305	-90.274067
21.354859	183.159265	-90.587472
21.431027	183.009121	-90.909752
21.509288	182.854873	-91.240907
21.589641	182.696520	-91.580939
21.672086	182.534063	-91.929846
21.756623	182.367501	-92.287628
21.843254	182.196836	-92.654286
21.931976	182.022066	-93.029820
22.022791	181.843191	-93.414229
22.115698	181.660213	-93.807514
22.210698	181.473130	-94.209675
22.307791	181.281943	-94.620711
22.406976	181.086652	-95.040623
22.508253	180.887256	-95.469410
22.611623	180.683757	-95.907073
22.658450	180.591578	-96.105342
22.707369	180.495296	-96.312486
22.758381	180.394909	-96.528506
22.811485	180.290418	-96.753401
22.866682	180.181824	-96.987172
22.923972	180.069125	-97.229819
22.983354	179.952322	-97.481342
23.044829	179.831415	-97.741740
23.108397	179.706404	-98.011014
23.174057	179.577288	-98.289163
23.241810	179.444069	-98.576189
23.311655	179.306746	-98.872089
23.383593	179.165319	-99.176866
23.457624	179.019788	-99.490518
23.533748	178.870152	-99.813046
23.611964	178.716413	-100.144450
23.692273	178.558570	-100.484729
23.774675	178.396623	-100.833884
23.859169	178.230572	-101.191915
23.945756	178.060417	-101.558821
24.034436	177.886158	-101.934604
24.125209	177.707795	-102.319262
24.218074	177.525328	-102.712795
24.313032	177.338758	-103.115204
24.410083	177.148083	-103.526489
24.509227	176.953304	-103.946650
24.610463	176.754422	-104.375687
24.713792	176.551436	-104.813599
24.760601	176.459486	-105.011978
24.809502	176.363432	-105.219232
24.860496	176.263274	-105.435362
24.913583	176.159012	-105.660368
24.968763	176.050646	-105.894250
25.026035	175.938177	-106.137007
25.085400	175.821603	-106.388640
25.146859	175.700926	-106.649149
25.210410	175.576145	-106.918534
25.276053	175.447260	-107.196794
25.343790	175.314272	-107.483930
25.413619	175.177179	-107.779942
25.485542	175.035983	-108.084829
25.559557	174.890683	-108.398593
25.635664	174.741279	-108.721232
25.713865	174.587772	-109.052747
25.794159	174.430160	-109.393137
25.876545	174.268445	-109.742404
25.961024	174.102626	-110.100546
26.047597	173.932703	-110.467563
26.136262	173.758677	-110.843457
26.227019	173.580547	-111.228226
26.319870	173.398313	-111.621871
26.414814	173.211975	-112.024392
26.511850	173.021533	-112.435789
26.610979	172.826988	-112.856061
26.712201	172.628339	-113.285209
26.815516	172.425586	-113.723233
26.862319	172.333740	-113.921662
26.911214	172.237789	-114.128966
26.962202	172.137735	-114.345145
27.015282	172.033578	-114.570201
27.070456	171.925316	-114.804132
27.127723	171.812951	-115.046939
27.187082	171.696482	-115.298622
27.248535	171.575910	-115.559181
27.312080	171.451233	-115.828615
27.377718	171.322453	-116.106925
27.445449	171.189569	-116.394111
27.515273	171.052582	-116.690173
27.587190	170.911491	-116.995111
27.661199	170.766296	-117.308924
27.737302	170.616997	-117.631613
27.815497	170.463595	-117.963178
27.895786	170.306089	-118.303618
27.978167	170.144479	-118.652935
28.062641	169.978766	-119.011127
28.149208	169.808949	-119.378195
28.237868	169.635028	-119.754139
28.328621	169.457003	-120.138958
28.421467	169.274875	-120.532653
28.516405	169.088643	-120.935224
28.613437	168.898308	-121.346671
28.712561	168.703869	-121.766994
28.813779	168.505326	-122.196192
28.917089	168.302679	-122.634267
28.963889	168.210880	-122.832717
29.012782	168.114977	-123.040043
29.063768	168.014970	-123.256246
29.116847	167.910860	-123.481324
29.172019	167.802646	-123.715277
29.229283	167.690328	-123.958107
29.288641	167.573907	-124.209812
29.350091	167.453382	-124.470393
29.413635	167.328753	-124.739850
29.479271	167.200020	-125.018183
29.547000	167.067184	-125.305391
29.616822	166.930245	-125.601475
29.688737	166.789201	-125.906435
29.762745	166.644054	-126.220271
29.838846	166.494803	-126.542983
29.917040	166.341449	-126.874570
29.997326	166.183991	-127.215033
30.079706	166.022429	-127.564372
30.164178	165.856764	-127.922587
30.250744	165.686995	-128.289678
30.339402	165.513122	-128.665644
30.430153	165.335146	-129.050486
30.522998	165.153066	-129.444204
30.617935	164.966882	-129.846798
30.714965	164.776595	-130.258268
30.814088	164.582204	-130.678613
30.915303	164.383709	-131.107834
31.018612	164.181111	-131.545931
31.065412	164.089333	-131.744392
31.114304	163.993452	-131.951728
31.165289	163.893466	-132.167940
31.218367	163.789378	-132.393028
31.273539	163.681185	-132.626992
31.330803	163.568889	-132.869832
31.390160	163.452489	-133.121547
31.451610	163.331986	-133.382138
31.515152	163.207379	-133.651605
31.580788	163.078668	-133.929948
31.648517	162.945854	-134.217167
31.718338	162.808936	-134.513261
31.790253	162.667914	-134.818232
31.864260	162.522789	-135.132078
31.940361	162.373560	-135.454799
32.018554	162.220227	-135.786397
32.098840	162.062791	-136.126870
32.181219	161.901251	-136.476220
32.265691	161.735608	-136.834445
32.352256	161.565860	-137.201545
32.440914	161.392010	-137.577522
32.531665	161.214055	-137.962374
32.624508	161.031997	-138.356103
32.719445	160.845835	-138.758707
32.816475	160.655570	-139.170186
32.915597	160.461201	-139.590542
33.016812	160.262728	-140.019773
33.120121	160.060152	-140.457881
33.166920	159.968384	-140.656346
33.215812	159.872512	-140.863687
33.266797	159.772537	-141.079904
33.319875	159.668458	-141.304996
33.375046	159.560275	-141.538965
33.432310	159.447989	-141.781809
33.491667	159.331599	-142.033529
33.553117	159.211105	-142.294125
33.616659	159.086508	-142.563596
33.682295	158.957807	-142.841944
33.750024	158.825003	-143.129167
33.819845	158.688095	-143.425266
33.891759	158.547083	-143.730241
33.965767	158.401968	-144.044091
34.041867	158.252749	-144.366818
34.120060	158.099426	-144.698420
34.200346	157.942000	-145.038898
34.282725	157.780470	-145.388252
34.367197	157.614836	-145.746482
34.453762	157.445099	-146.113587
34.542420	157.271258	-146.489568
34.633170	157.093314	-146.874425
34.726014	156.911266	-147.268158
34.820950	156.725114	-147.670767
34.917980	156.534859	-148.082251
35.017102	156.340500	-148.502611
35.118318	156.142037	-148.931848
35.221626	155.939471	-149.369959
35.268425	155.847707	-149.568427
35.317317	155.751840	-149.775770
35.368302	155.651869	-149.991989
35.421380	155.547794	-150.217083
35.476551	155.439616	-150.451054
35.533815	155.327334	-150.693900
35.593172	155.210949	-150.945622
35.654622	155.090460	-151.206220
35.718164	154.965867	-151.475694
35.783800	154.837171	-151.754043
35.851528	154.704371	-152.041269
35.921350	154.567467	-152.337370
35.993264	154.426460	-152.642347
36.067271	154.281349	-152.956199
36.143372	154.132135	-153.278928
36.221565	153.978817	-153.610532
36.301851	153.821395	-153.951012
36.384230	153.659870	-154.300368
36.468702	153.494240	-154.658600
36.555266	153.324508	-155.025708
36.643924	153.150672	-155.401691
36.734675	152.972732	-155.786550
36.827518	152.790688	-156.180285
36.922455	152.604541	-156.582896
37.019484	152.414290	-156.994382
37.118607	152.219936	-157.414745
37.219822	152.021478	-157.843983
37.323130	151.818916	-158.282097
37.369930	151.727154	-158.480565
37.418822	151.631289	-158.687909
37.469807	151.531320	-158.904129
37.522885	151.427248	-159.129225
37.578056	151.319072	-159.363196
37.635320	151.206792	-159.606043
37.694677	151.090408	-159.857766
37.756126	150.969921	-160.118365
37.819669	150.845331	-160.387840
37.885305	150.716636	-160.666190
37.953033	150.583839	-160.953416
38.022854	150.446937	-161.249519
38.094769	150.305932	-161.554496
38.168776	150.160823	-161.868350
38.244876	150.011611	-162.191080
38.323069	149.858295	-162.522685
38.403356	149.700875	-162.863166
38.485735	149.539352	-163.212523
38.570206	149.373725	-163.570755
38.656771	149.203994	-163.937864
38.745429	149.030160	-164.313848
38.836180	148.852222	-164.698708
38.929023	148.670181	-165.092444
39.023960	148.484035	-165.495056
39.120989	148.293787	-165.906543
39.220112	148.099434	-166.326907
39.321327	147.900978	-166.756146
39.424635	147.698419	-167.194261
39.471435	147.606658	-167.392729
39.520327	147.510794	-167.600074
39.571312	147.410826	-167.816294
39.624390	147.306754	-168.041390
39.679561	147.198579	-168.275362
39.736825	147.086300	-168.518210
39.796182	146.969918	-168.769933
39.857631	146.849432	-169.030532
39.921174	146.724842	-169.300008
39.986810	146.596149	-169.578358
40.054538	146.463352	-169.865585
40.124360	146.326451	-170.161688
40.196274	146.185447	-170.466666
40.270281	146.040339	-170.780520
40.346381	145.891127	-171.103250
40.424575	145.737812	-171.434856
40.504861	145.580394	-171.775337
40.587240	145.418871	-172.124694
40.671712	145.253245	-172.482928
40.758276	145.083516	-172.850037
40.846934	144.909682	-173.226021
40.937685	144.731745	-173.610882
41.030529	144.549705	-174.004618
41.125465	144.363561	-174.407230
41.222495	144.173313	-174.818718
41.321617	143.978962	-175.239082
41.422832	143.780507	-175.668321
41.526141	143.577948	-176.106437
41.572940	143.486188	-176.304906
41.621832	143.390324	-176.512250
41.672817	143.290356	-176.728471
41.725895	143.186285	-176.953567
41.781066	143.078110	-177.187539
41.838330	142.965832	-177.430387
41.897687	142.849450	-177.682111
41.959137	142.728964	-177.942710
42.022679	142.604375	-178.212185
42.088315	142.475682	-178.490536
42.156043	142.342885	-178.777763
42.225865	142.205985	-179.073866
42.297779	142.064981	-179.378845
42.371787	141.919874	-179.692699
42.447887	141.770663	-180.015429
42.526080	141.617348	-180.347035
42.606366	141.459930	-180.687517
42.688745	141.298408	-181.036874
42.773217	141.132782	-181.395107
42.859782	140.963053	-181.762217
42.948440	140.789220	-182.138201
43.039190	140.611284	-182.523062
43.132034	140.429244	-182.916799
43.226971	140.243100	-183.319411
43.324000	140.052853	-183.730899
43.423123	139.858502	-184.151263
43.524338	139.660047	-184.580503
43.627646	139.457489	-185.018618
43.674445	139.365729	-185.217087
43.723338	139.269865	-185.424432
43.774323	139.169898	-185.640653
43.827401	139.065827	-185.865749
43.882572	138.957652	-186.099721
43.939836	138.845374	-186.342569
43.999193	138.728992	-186.594293
44.060642	138.608507	-186.854892
44.124185	138.483918	-187.124368
44.189821	138.355225	-187.402719
44.257549	138.222429	-187.689946
44.327371	138.085529	-187.986049
44.399285	137.944525	-188.291027
44.473292	137.799418	-188.604882
44.549392	137.650207	-188.927612
44.627586	137.496893	-189.259218
44.707872	137.339474	-189.599700
44.790251	137.177953	-189.949057
44.874723	137.012327	-190.307291
44.961288	136.842598	-190.674400
45.049945	136.668766	-191.050385
45.140696	136.490829	-191.435246
45.233540	136.308790	-191.828982
45.328476	136.122646	-192.231595
45.425506	135.932399	-192.643083
45.524628	135.738048	-193.063447
45.625844	135.539594	-193.492687
45.729152	135.337036	-193.930802
45.775951	135.245276	-194.129271
45.824843	135.149412	-194.336616
45.875828	135.049445	-194.552837
45.928907	134.945374	-194.777933
45.984077	134.837200	-195.011905
46.041341	134.724921	-195.254753
46.100698	134.608540	-195.506477
46.162148	134.488054	-195.767077
46.225691	134.363465	-196.036552
46.291326	134.234773	-196.314903
46.359055	134.101976	-196.602130
46.428876	133.965076	-196.898233
46.500791	133.824073	-197.203212
46.574798	133.678966	-197.517066
46.650898	133.529755	-197.839797
46.729091	133.376441	-198.171403
46.809377	133.219023	-198.511884
46.891756	133.057501	-198.861242
46.976228	132.891876	-199.219475
47.062793	132.722147	-199.586585
47.151451	132.548314	-199.962570
47.242202	132.370378	-200.347431
47.335045	132.188338	-200.741167
47.429982	132.002195	-201.143780
47.527012	131.811948	-201.555268
47.626134	131.617597	-201.975632
47.727349	131.419143	-202.404872
47.830658	131.216585	-202.842988
47.877457	131.124825	-203.041457
47.926349	131.028961	-203.248801
47.977334	130.928994	-203.465022
48.030412	130.824923	-203.690118
48.085583	130.716749	-203.924091
48.142847	130.604471	-204.166939
48.202204	130.488089	-204.418663
48.263654	130.367604	-204.679262
48.327196	130.243015	-204.948738
48.392832	130.114322	-205.227089
48.460561	129.981526	-205.514316
48.530382	129.844626	-205.810419
48.602296	129.703623	-206.115397
48.676304	129.558516	-206.429252
48.752404	129.409305	-206.751982
48.830597	129.255990	-207.083588
48.910883	129.098572	-207.424070
48.993262	128.937051	-207.773428
49.077734	128.771426	-208.131661
49.164299	128.601697	-208.498770
49.252957	128.427864	-208.874755
49.343708	128.249928	-209.259616
49.436551	128.067888	-209.653353
49.531488	127.881745	-210.055965
49.628517	127.691498	-210.467454
49.727640	127.497147	-210.887818
49.828855	127.298693	-211.317058
49.932163	127.096135	-211.755173
49.978963	127.004375	-211.953642
50.027855	126.908512	-212.160987
50.078840	126.808545	-212.377208
50.131918	126.704474	-212.602304
50.187089	126.596299	-212.836276
50.244353	126.484021	-213.079125
50.303710	126.367640	-213.330848
50.365160	126.247154	-213.591448
50.428702	126.122565	-213.860923
50.494338	125.993873	-214.139275
50.562066	125.861077	-214.426502
50.631888	125.724177	-214.722605
50.703802	125.583173	-215.027583
50.777810	125.438066	-215.341438
50.853910	125.288855	-215.664168
50.932103	125.135541	-215.995774
51.012389	124.978123	-216.336256
51.094768	124.816602	-216.685613
51.179240	124.650976	-217.043847
51.265805	124.481247	-217.410956
51.354463	124.307415	-217.786941
51.445213	124.129479	-218.171802
51.538057	123.947439	-218.565539
51.632994	123.761296	-218.968151
51.730023	123.571049	-219.379640
51.829146	123.376698	-219.800004
51.930361	123.178244	-220.229244
52.033669	122.975686	-220.667359
52.080469	122.883926	-220.865828
52.129361	122.788063	-221.073173
52.180346	122.688095	-221.289394
52.233424	122.584025	-221.514490
52.288595	122.475850	-221.748462
52.345859	122.363572	-221.991311
52.405216	122.247190	-222.243034
52.466665	122.126705	-222.503634
52.530208	122.002116	-222.773109
52.595844	121.873424	-223.051461
52.663572	121.740627	-223.338688
52.733394	121.603728	-223.634791
52.805308	121.462724	-223.939769
52.879315	121.317617	-224.253624
52.955416	121.168406	-224.576354
53.033609	121.015092	-224.907960
53.113895	120.857674	-225.248442
53.196274	120.696153	-225.597800
53.280746	120.530527	-225.956033
53.367311	120.360798	-226.323142
53.455969	120.186966	-226.699127
53.546719	120.009030	-227.083988
53.639563	119.826990	-227.477725
53.734500	119.640847	-227.880337
53.831529	119.450600	-228.291826
53.930652	119.256249	-228.712190
54.031867	119.057795	-229.141430
54.135175	118.855237	-229.579545
54.181974	118.763477	-229.778015
54.230867	118.667614	-229.985359
54.281852	118.567647	-230.201580
54.334930	118.463576	-230.426676
54.390101	118.355401	-230.660649
54.447365	118.243123	-230.903497
54.506722	118.126742	-231.155220
54.568171	118.006256	-231.415820
54.631714	117.881667	-231.685296
54.697350	117.752975	-231.963647
54.765078	117.620179	-232.250874
54.834900	117.483279	-232.546977
54.906814	117.342275	-232.851955
54.980821	117.197168	-233.165810
55.056922	117.047958	-233.488540
55.135115	116.894643	-233.820146
55.215401	116.737225	-234.160628
55.297780	116.575704	-234.509986
55.382252	116.410078	-234.868219
55.468817	116.240350	-235.235328
55.557474	116.066517	-235.611314
55.648225	115.888581	-235.996174
55.741069	115.706541	-236.389911
55.836005	115.520398	-236.792524
55.933035	115.330151	-237.204012
56.032157	115.135800	-237.624376
56.133373	114.937346	-238.053616
56.236681	114.734788	-238.491732
56.283480	114.643028	-238.690201
56.332372	114.547165	-238.897545
56.383358	114.447198	-239.113766
56.436436	114.343127	-239.338862
56.491607	114.234952	-239.572835
56.548871	114.122674	-239.815683
56.608227	114.006293	-240.067407
56.669677	113.885807	-240.328006
56.733220	113.761219	-240.597482
56.798855	113.632526	-240.875833
56.866584	113.499730	-241.163060
56.936405	113.362830	-241.459163
57.008320	113.221827	-241.764141
57.082327	113.076719	-242.077996
57.158427	112.927509	-242.400726
57.236621	112.774194	-242.732332
57.316907	112.616776	-243.072814
57.399286	112.455255	-243.422172
57.483758	112.289630	-243.780405
57.570322	112.119901	-244.147515
57.658980	111.946068	-244.523500
57.749731	111.768132	-244.908361
57.842575	111.586093	-245.302097
57.937511	111.399949	-245.704710
58.034541	111.209702	-246.116198
58.133663	111.015352	-246.536562
58.234879	110.816897	-246.965802
58.338187	110.614340	-247.403918
58.384986	110.522580	-247.602387
58.433878	110.426716	-247.809732
58.484863	110.326749	-248.025952
58.537942	110.222678	-248.251049
58.593113	110.114504	-248.485021
58.650376	110.002226	-248.727869
58.709733	109.885844	-248.979593
58.771183	109.765359	-249.240192
58.834726	109.640770	-249.509668
58.900361	109.512077	-249.788019
58.968090	109.379281	-250.075246
59.037911	109.242381	-250.371349
59.109826	109.101378	-250.676328
59.183833	108.956271	-250.990182
59.259933	108.807060	-251.312912
59.338126	108.653746	-251.644518
59.418413	108.496328	-251.985000
59.500792	108.334806	-252.334358
59.585263	108.169181	-252.692591
59.671828	107.999452	-253.059701
59.760486	107.825620	-253.435686
59.851237	107.647684	-253.820547
59.944081	107.465644	-254.214283
60.039017	107.279501	-254.616896
60.136047	107.089254	-255.028384
60.235169	106.894903	-255.448748
60.336384	106.696449	-255.877988
60.439693	106.493891	-256.316104
60.486492	106.402131	-256.514573
60.535384	106.306267	-256.721918
60.586369	106.206300	-256.938138
60.639447	106.102229	-257.163235
60.694618	105.994055	-257.397207
60.751882	105.881777	-257.640055
60.811239	105.765395	-257.891779
60.872689	105.644910	-258.152379
60.936232	105.520321	-258.421854
61.001867	105.391629	-258.700205
61.069596	105.258832	-258.987432
61.139417	105.121933	-259.283535
61.211332	104.980929	-259.588514
61.285339	104.835822	-259.902368
61.361439	104.686611	-260.225099
61.439632	104.533297	-260.556705
61.519918	104.375879	-260.897186
61.602297	104.214357	-261.246544
61.686769	104.048732	-261.604778
61.773334	103.879003	-261.971887
61.861992	103.705171	-262.347872
61.952743	103.527235	-262.732733
62.045586	103.345195	-263.126470
62.140523	103.159052	-263.529082
62.237553	102.968805	-263.940570
62.336675	102.774454	-264.360935
62.437890	102.576000	-264.790174
62.541199	102.373442	-265.228290
62.587998	102.281682	-265.426759
62.636890	102.185819	-265.634104
62.687875	102.085852	-265.850325
62.740953	101.981781	-266.075421
62.796124	101.873606	-266.309393
62.853388	101.761328	-266.552241
62.912745	101.644947	-266.803965
62.974195	101.524461	-267.064565
63.037737	101.399872	-267.334040
63.103373	101.271180	-267.612391
63.171102	101.138384	-267.899618
63.240923	101.001484	-268.195721
63.312837	100.860480	-268.500700
63.386845	100.715373	-268.814554
63.462945	100.566163	-269.137285
63.541138	100.412848	-269.468891
63.621424	100.255430	-269.809373
63.703803	100.093909	-270.158730
63.788275	99.928284	-270.516964
63.874840	99.758555	-270.884073
63.963498	99.584722	-271.260058
64.054249	99.406786	-271.644919
64.147092	99.224746	-272.038656
64.242029	99.038603	-272.441268
64.339058	98.848356	-272.852757
64.438181	98.654005	-273.273121
64.539396	98.455551	-273.702361
64.642704	98.252993	-274.140476
64.689504	98.161234	-274.338945
64.738396	98.065370	-274.546290
64.789381	97.965403	-274.762511
64.842459	97.861332	-274.987607
64.897630	97.753158	-275.221579
64.954894	97.640880	-275.464427
65.014251	97.524498	-275.716151
65.075701	97.404013	-275.976751
65.139243	97.279424	-276.246226
65.204879	97.150731	-276.524578
65.272607	97.017935	-276.811805
65.342429	96.881035	-277.107908
65.414343	96.740032	-277.412886
65.488351	96.594925	-277.726741
65.564451	96.445714	-278.049471
65.642644	96.292400	-278.381077
65.722930	96.134982	-278.721559
65.805309	95.973460	-279.070917
65.889781	95.807835	-279.429150
65.976346	95.638106	-279.796259
66.065004	95.464274	-280.172244
66.155754	95.286337	-280.557105
66.248598	95.104298	-280.950842
66.343535	94.918154	-281.353454
66.440564	94.727907	-281.764943
66.539687	94.533557	-282.185307
66.640902	94.335103	-282.614547
66.744210	94.132545	-283.052663
66.791010	94.040785	-283.251132
66.839902	93.944921	-283.458476
66.890887	93.844954	-283.674697
66.943965	93.740883	-283.899793
66.999136	93.632709	-284.133766
67.056400	93.520431	-284.376614
67.115757	93.404049	-284.628337
67.177206	93.283564	-284.888937
67.240749	93.158975	-285.158413
67.306385	93.030282	-285.436764
67.374113	92.897486	-285.723991
67.443935	92.760586	-286.020094
67.515849	92.619583	-286.325072
67.589856	92.474476	-286.638927
67.665957	92.325265	-286.961657
67.744150	92.171951	-287.293263
67.824436	92.014533	-287.633745
67.906815	91.853011	-287.983103
67.991287	91.687386	-288.341336
68.077852	91.517657	-288.708445
68.166510	91.343825	-289.084431
68.257260	91.165889	-289.469291
68.350104	90.983849	-289.863028
68.445041	90.797706	-290.265641
68.542070	90.607459	-290.677129
68.641193	90.413108	-291.097493
68.742408	90.214654	-291.526733
68.845716	90.012096	-291.964849
68.892515	89.920336	-292.163318
68.941408	89.824473	-292.370663
68.992393	89.724505	-292.586883
69.045471	89.620435	-292.811980
69.100642	89.512260	-293.045952
69.157906	89.399982	-293.288800
69.217263	89.283600	-293.540524
69.278712	89.163115	-293.801123
69.342255	89.038526	-294.070599
69.407891	88.909834	-294.348950
69.475619	88.777037	-294.636177
69.545441	88.640138	-294.932280
69.617355	88.499134	-295.237259
69.691362	88.354027	-295.551113
69.767463	88.204816	-295.873843
69.845656	88.051502	-296.205449
69.925942	87.894084	-296.545931
70.008321	87.732563	-296.895289
70.092793	87.566937	-297.253522
70.179358	87.397209	-297.620632
70.268015	87.223376	-297.996617
70.358766	87.045440	-298.381478
70.451610	86.863400	-298.775214
70.546546	86.677257	-299.177827
70.643576	86.487010	-299.589315
70.742698	86.292659	-300.009679
70.843914	86.094205	-300.438919
70.947222	85.891647	-300.877035
70.994021	85.799887	-301.075504
71.042914	85.704024	-301.282849
71.093899	85.604057	-301.499069
71.146977	85.499986	-301.724166
71.202148	85.391811	-301.958138
71.259412	85.279533	-302.200986
71.318768	85.163152	-302.452710
71.380218	85.042666	-302.713309
71.443761	84.918078	-302.982785
71.509396	84.789385	-303.261136
71.577125	84.656589	-303.548363
71.646946	84.519689	-303.844466
71.718861	84.378686	-304.149445
71.792868	84.233578	-304.463299
71.868968	84.084368	-304.786029
71.947162	83.931053	-305.117635
72.027448	83.773635	-305.458117
72.109827	83.612114	-305.807475
72.194299	83.446489	-306.165709
72.280864	83.276760	-306.532818
72.369521	83.102927	-306.908803
72.460272	82.924991	-307.293664
72.553116	82.742952	-307.687400
72.648052	82.556808	-308.090013
72.745082	82.366561	-308.501501
72.844204	82.172211	-308.921865
72.945420	81.973756	-309.351105
73.048728	81.771199	-309.789221
73.095527	81.679439	-309.987690
73.144419	81.583575	-310.195035
73.195404	81.483608	-310.411255
73.248483	81.379537	-310.636352
73.303654	81.271363	-310.870324
73.360917	81.159085	-311.113172
73.420274	81.042703	-311.364896
73.481724	80.922218	-311.625496
73.545267	80.797629	-311.894971
73.610902	80.668936	-312.173322
73.678631	80.536140	-312.460549
73.748452	80.399240	-312.756652
73.820367	80.258237	-313.061631
73.894374	80.113130	-313.375485
73.970474	79.963919	-313.698216
74.048667	79.810605	-314.029822
74.128954	79.653187	-314.370304
74.211333	79.491665	-314.719661
74.295804	79.326040	-315.077895
74.382369	79.156311	-315.445004
74.471027	78.982479	-315.820989
74.561778	78.804543	-316.205850
74.654622	78.622503	-316.599587
74.749558	78.436360	-317.002199
74.846588	78.246113	-317.413687
74.945710	78.051762	-317.834052
75.046925	77.853308	-318.263292
75.150234	77.650750	-318.701407
75.197033	77.558990	-318.899876
75.245925	77.463126	-319.107221
75.296910	77.363159	-319.323442
75.349988	77.259088	-319.548538
75.405159	77.150914	-319.782510
75.462423	77.038636	-320.025358
75.521780	76.922254	-320.277082
75.583230	76.801769	-320.537682
75.646773	76.677180	-320.807157
75.712408	76.548488	-321.085509
75.780137	76.415691	-321.372736
75.849958	76.278792	-321.668838
75.921873	76.137788	-321.973817
75.995880	75.992681	-322.287672
76.071980	75.843470	-322.610402
