41.773569	227.569074	-38.409549
41.761179	227.502689	-38.453983
41.755334	227.431738	-38.504443
41.756030	227.356222	-38.560935
41.763262	227.276141	-38.623462
41.777026	227.191496	-38.692032
41.797319	227.102288	-38.766647
41.824137	227.008518	-38.847314
41.857475	226.910187	-38.934038
41.897330	226.807296	-39.026822
41.943696	226.699846	-39.125673
41.996572	226.587837	-39.230595
42.055952	226.471270	-39.341594
42.121833	226.350147	-39.458673
42.194210	226.224468	-39.581838
42.273080	226.094234	-39.711095
42.358439	225.959446	-39.846446
42.450282	225.820105	-39.987898
42.548607	225.676211	-40.135455
42.653409	225.527766	-40.289122
42.764685	225.374771	-40.448904
42.882430	225.217226	-40.614804
43.006641	225.055133	-40.786829
43.137314	224.888491	-40.964982
43.274445	224.717303	-41.149269
43.418031	224.541569	-41.339693
43.568068	224.361289	-41.536259
43.724552	224.176466	-41.738972
43.887480	223.987099	-41.947836
44.056849	223.793189	-42.162856
44.232653	223.594738	-42.384035
44.414891	223.391746	-42.611379
44.603559	223.184215	-42.844891
44.798653	222.972145	-43.084576
45.000169	222.755536	-43.330438
45.208105	222.534391	-43.582481
45.422457	222.308710	-43.840710
45.643221	222.078493	-44.105128
45.870395	221.843742	-44.375739
46.103975	221.604458	-44.652548
46.343959	221.360641	-44.935558
46.590342	221.112293	-45.224774
46.843121	220.859413	-45.520199
47.102295	220.602004	-45.821837
47.367859	220.340067	-46.129692
47.639811	220.073601	-46.443767
47.763424	219.953249	-46.586017
47.893421	219.828370	-46.734494
48.029800	219.698965	-46.889197
48.172559	219.565035	-47.050130
48.321698	219.426579	-47.217294
48.477216	219.283598	-47.390690
48.639110	219.136092	-47.570320
48.807380	218.984063	-47.756186
48.982024	218.827509	-47.948289
49.163042	218.666432	-48.146631
49.350431	218.500833	-48.351213
49.544192	218.330711	-48.562037
49.744322	218.156066	-48.779104
49.950820	217.976901	-49.002416
50.163686	217.793214	-49.231974
50.382917	217.605006	-49.467780
50.608514	217.412277	-49.709835
50.840474	217.215029	-49.958141
51.078797	217.013261	-50.212700
51.323482	216.806974	-50.473512
51.574527	216.596168	-50.740579
51.831931	216.380844	-51.013902
52.095694	216.161002	-51.293484
52.365813	215.936642	-51.579325
52.642289	215.707766	-51.871426
52.925120	215.474372	-52.169790
53.214305	215.236463	-52.474416
53.509843	214.994038	-52.785308
53.644127	214.884195	-52.926384
53.784763	214.769838	-53.073726
53.931751	214.650965	-53.227335
54.085089	214.527578	-53.387213
54.244777	214.399676	-53.553358
54.410815	214.267260	-53.725773
54.583203	214.130330	-53.904457
54.761939	213.988885	-54.089411
54.947024	213.842927	-54.280636
55.138458	213.692455	-54.478132
55.336239	213.537469	-54.681899
55.540367	213.377970	-54.891939
55.750842	213.213959	-55.108252
55.967664	213.045434	-55.330838
56.190832	212.872397	-55.559698
56.420346	212.694847	-55.794832
56.656205	212.512784	-56.036242
56.898409	212.326210	-56.283927
57.146958	212.135124	-56.537888
57.401851	211.939526	-56.798126
57.663087	211.739416	-57.064641
57.930667	211.534796	-57.337433
58.204591	211.325664	-57.616504
58.484856	211.112021	-57.901853
58.771465	210.893867	-58.193481
59.064415	210.671203	-58.491389
59.363707	210.444028	-58.795577
59.669340	210.212344	-59.106046
59.807908	210.107435	-59.246734
59.952816	209.998016	-59.393704
60.104064	209.884087	-59.546955
60.261654	209.765649	-59.706488
60.425583	209.642701	-59.872303
60.595853	209.515244	-60.044401
60.772463	209.383277	-60.222780
60.955413	209.246801	-60.407442
61.144703	209.105816	-60.598387
61.340332	208.960321	-60.795615
61.542301	208.810317	-60.999126
61.750609	208.655805	-61.208921
61.965257	208.496783	-61.424999
62.186244	208.333253	-61.647361
62.413569	208.165214	-61.876007
62.647233	207.992666	-62.110938
62.887237	207.815610	-62.352152
63.133578	207.634045	-62.599652
63.386258	207.447972	-62.853436
63.645277	207.257391	-63.113505
63.910633	207.062301	-63.379860
64.182328	206.862704	-63.652499
64.460360	206.658598	-63.931425
64.744730	206.449984	-64.216636
65.035438	206.236863	-64.508133
65.332484	206.019234	-64.805917
65.635867	205.797097	-65.109986
65.945587	205.570453	-65.420342
66.085929	205.467812	-65.560945
66.232608	205.360664	-65.707834
66.385625	205.249009	-65.861009
66.544978	205.132846	-66.020472
66.710669	205.012176	-66.186222
66.882696	204.886998	-66.358259
67.061060	204.757314	-66.536583
67.245761	204.623122	-66.721195
67.436799	204.484423	-66.912094
67.634174	204.341217	-67.109280
67.837885	204.193504	-67.312754
68.047933	204.041284	-67.522515
68.264318	203.884557	-67.738564
68.487039	203.723323	-67.960901
68.716096	203.557583	-68.189525
68.951490	203.387335	-68.424438
69.193221	203.212580	-68.665638
69.441288	203.033319	-68.913127
69.695691	202.849551	-69.166903
69.956430	202.661277	-69.426968
70.223506	202.468496	-69.693321
70.496918	202.271208	-69.965963
70.776666	202.069413	-70.244893
71.062750	201.863113	-70.530111
71.355170	201.652305	-70.821618
71.653926	201.436991	-71.119414
71.959018	201.217171	-71.423498
72.270446	200.992845	-71.733871
72.411539	200.891239	-71.874474
72.558967	200.785127	-72.021366
72.712731	200.674509	-72.174547
72.872831	200.559385	-72.334017
73.039267	200.439755	-72.499776
73.212039	200.315618	-72.671824
73.391146	200.186975	-72.850161
73.576590	200.053826	-73.034787
73.768369	199.916171	-73.225702
73.966483	199.774009	-73.422906
74.170934	199.627342	-73.626399
74.381720	199.476168	-73.836182
74.598842	199.320489	-74.052254
74.822299	199.160303	-74.274615
75.052093	198.995611	-74.503265
75.288221	198.826414	-74.738205
75.530686	198.652710	-74.979434
75.779486	198.474500	-75.226952
76.034622	198.291785	-75.480760
76.296093	198.104563	-75.740857
76.563900	197.912836	-76.007244
76.838042	197.716602	-76.279920
77.118520	197.515863	-76.558886
77.405333	197.310618	-76.844141
77.698482	197.100867	-77.135686
77.997967	196.886610	-77.433520
78.303787	196.667848	-77.737644
78.615942	196.444579	-78.048058
78.757356	196.343445	-78.188678
78.905105	196.237805	-78.335588
79.059190	196.127659	-78.488787
79.219610	196.013007	-78.648276
79.386365	195.893850	-78.814055
79.559456	195.770187	-78.986124
79.738882	195.642018	-79.164482
79.924644	195.509344	-79.349131
80.116741	195.372164	-79.540069
80.315174	195.230478	-79.737296
80.519942	195.084286	-79.940814
80.731045	194.933589	-80.150621
80.948484	194.778387	-80.366719
81.172258	194.618678	-80.589106
81.402367	194.454464	-80.817783
81.638812	194.285744	-81.052750
81.881592	194.112519	-81.294006
82.130708	193.934788	-81.541553
82.386158	193.752552	-81.795390
82.647945	193.565810	-82.055516
82.916066	193.374562	-82.321932
83.190523	193.178809	-82.594639
83.471315	192.978550	-82.873635
83.758443	192.773786	-83.158921
84.051906	192.564516	-83.450497
84.351704	192.350740	-83.748364
84.657837	192.132459	-84.052520
84.970306	191.909673	-84.362966
85.111859	191.808753	-84.503600
85.259747	191.703327	-84.650525
85.413970	191.593396	-84.803739
85.574528	191.478959	-84.963244
85.741422	191.360017	-85.129038
85.914651	191.236570	-85.301123
86.094215	191.108617	-85.479497
86.280115	190.976158	-85.664162
86.472349	190.839194	-85.855116
86.670920	190.697724	-86.052361
86.875825	190.551749	-86.255896
87.087066	190.401269	-86.465721
87.304642	190.246283	-86.681836
87.528553	190.086792	-86.904241
87.758800	189.922795	-87.132936
87.995381	189.754293	-87.367921
88.238298	189.581285	-87.609196
88.487551	189.403772	-87.856762
88.743138	189.221754	-88.110617
89.005061	189.035230	-88.370763
89.273319	188.844200	-88.637199
89.547913	188.648665	-88.909925
89.828842	188.448625	-89.188941
90.116106	188.244080	-89.474247
90.409705	188.035029	-89.765843
90.709639	187.821472	-90.063730
91.015909	187.603410	-90.367906
91.328514	187.380843	-90.678373
91.470127	187.280020	-90.819016
91.618075	187.174692	-90.965950
91.772358	187.064859	-91.119174
91.932977	186.950520	-91.278688
92.099931	186.831676	-91.444492
92.273220	186.708326	-91.616586
92.452844	186.580471	-91.794970
92.638804	186.448111	-91.979645
92.831099	186.311245	-92.170610
93.029729	186.169874	-92.367865
93.234694	186.023998	-92.571410
93.445995	185.873616	-92.781245
93.663631	185.718728	-92.997370
93.887602	185.559336	-93.219786
94.117908	185.395438	-93.448492
94.354550	185.227035	-93.683488
94.597527	185.054126	-93.924774
94.846839	184.876712	-94.172350
95.102486	184.694793	-94.426217
95.364469	184.508368	-94.686374
95.632786	184.317438	-94.952821
95.907439	184.122002	-95.225558
96.188428	183.922062	-95.504585
96.475751	183.717616	-95.789903
96.769410	183.508664	-96.081510
97.069404	183.295207	-96.379408
97.375733	183.077245	-96.683597
97.688398	182.854778	-96.994075
97.830037	182.753999	-97.134724
97.978012	182.648716	-97.281662
98.132321	182.538927	-97.434891
98.292966	182.424632	-97.594411
98.459947	182.305833	-97.760220
98.633262	182.182528	-97.932320
98.812913	182.054717	-98.110710
98.998899	181.922402	-98.295390
99.191220	181.785581	-98.486360
99.389876	181.644254	-98.683621
99.594868	181.498423	-98.887171
99.806195	181.348086	-99.097012
100.023857	181.193243	-99.313144
100.247854	181.033896	-99.535565
100.478187	180.870043	-99.764277
100.714855	180.701684	-99.999279
100.957858	180.528821	-100.240571
101.207196	180.351452	-100.488153
101.462869	180.169578	-100.742026
101.724878	179.983198	-101.002188
101.993222	179.792313	-101.268641
102.267901	179.596923	-101.541384
102.548916	179.397027	-101.820418
102.836265	179.192627	-102.105742
103.129950	178.983721	-102.397355
103.429971	178.770309	-102.695260
103.736326	178.552392	-102.999454
104.049017	178.329970	-103.309939
104.190667	178.229212	-103.450590
104.338654	178.123949	-103.597532
104.492975	178.014180	-103.750763
104.653631	177.899906	-103.910286
104.820623	177.781126	-104.076098
104.993950	177.657842	-104.248200
105.173613	177.530052	-104.426593
105.359610	177.397756	-104.611276
105.551943	177.260956	-104.802250
105.750611	177.119650	-104.999513
105.955614	176.973838	-105.203067
106.166952	176.823522	-105.412911
106.384626	176.668700	-105.629045
106.608635	176.509373	-105.851469
106.838979	176.345540	-106.080184
107.075658	176.177202	-106.315189
107.318673	176.004359	-106.556484
107.568023	175.827011	-106.804070
107.823708	175.645157	-107.057945
108.085728	175.458798	-107.318111
108.354084	175.267934	-107.584567
108.628774	175.072564	-107.857314
108.909800	174.872690	-108.136350
109.197162	174.668309	-108.421677
109.490858	174.459424	-108.713294
109.790890	174.246033	-109.011201
110.097257	174.028137	-109.315399
110.409959	173.805736	-109.625887
110.551615	173.704987	-109.766540
110.699606	173.599732	-109.913483
110.853932	173.489973	-110.066716
111.014594	173.375708	-110.226239
111.181591	173.256938	-110.392053
111.354923	173.133662	-110.564157
111.534591	173.005881	-110.742552
111.720593	172.873595	-110.927236
111.912931	172.736804	-111.118211
112.111604	172.595507	-111.315476
112.316612	172.449705	-111.519031
112.527956	172.299398	-111.728877
112.745635	172.144585	-111.945012
112.969649	171.985268	-112.167438
113.199998	171.821445	-112.396155
113.436682	171.653116	-112.631161
113.679702	171.480282	-112.872458
113.929057	171.302943	-113.120045
114.184747	171.121099	-113.373922
114.446773	170.934749	-113.634089
114.715133	170.743894	-113.900547
114.989829	170.548534	-114.173295
115.270860	170.348669	-114.452333
115.558226	170.144298	-114.737662
115.851928	169.935422	-115.029280
116.151965	169.722040	-115.327189
116.458337	169.504154	-115.631388
116.771044	169.281762	-115.941878
116.912702	169.181017	-116.082531
117.060696	169.075767	-116.229475
117.215024	168.966012	-116.382709
117.375688	168.851751	-116.542233
117.542688	168.732985	-116.708048
117.716022	168.609714	-116.880153
117.895692	168.481937	-117.058548
118.081696	168.349655	-117.243233
118.274037	168.212868	-117.434209
118.472712	168.071576	-117.631474
118.677722	167.925778	-117.835030
118.889068	167.775475	-118.044877
119.106749	167.620667	-118.261013
119.330766	167.461353	-118.483440
119.561117	167.297534	-118.712157
119.797804	167.129210	-118.947164
120.040826	166.956380	-119.188462
120.290183	166.779046	-119.436049
120.545875	166.597206	-119.689927
120.807903	166.410860	-119.950096
121.076266	166.220010	-120.216554
121.350964	166.024654	-120.489303
121.631997	165.824792	-120.768342
121.919366	165.620426	-121.053671
122.213070	165.411554	-121.345290
122.513109	165.198177	-121.643200
122.819483	164.980295	-121.947400
123.132192	164.757907	-122.257890
123.273852	164.657164	-122.398544
123.421846	164.551916	-122.545488
123.576176	164.442162	-122.698723
123.736841	164.327904	-122.858247
123.903841	164.209140	-123.024062
124.077176	164.085870	-123.196167
124.256847	163.958096	-123.374563
124.442853	163.825816	-123.559248
124.635194	163.689030	-123.750224
124.833870	163.547740	-123.947491
125.038882	163.401944	-124.151047
125.250229	163.251643	-124.360894
125.467911	163.096837	-124.577030
125.691928	162.937525	-124.799458
125.922281	162.773708	-125.028175
126.158968	162.605386	-125.263183
126.401991	162.432558	-125.504480
126.651350	162.255225	-125.752068
126.907043	162.073387	-126.005947
127.169072	161.887044	-126.266115
127.437435	161.696195	-126.532574
127.712135	161.500841	-126.805323
127.993169	161.300982	-127.084363
128.280539	161.096617	-127.369692
128.574243	160.887748	-127.661312
128.874283	160.674373	-127.959222
129.180659	160.456492	-128.263423
129.493369	160.234106	-128.573913
129.635029	160.133364	-128.714567
129.783024	160.028117	-128.861512
129.937354	159.918364	-129.014746
130.098019	159.804107	-129.174271
130.265020	159.685343	-129.340086
130.438356	159.562075	-129.512191
130.618027	159.434301	-129.690587
130.804033	159.302022	-129.875273
130.996375	159.165238	-130.066249
131.195052	159.023948	-130.263515
131.400064	158.878153	-130.467072
131.611411	158.727853	-130.676919
131.829093	158.573048	-130.893056
132.053111	158.413737	-131.115483
132.283464	158.249921	-131.344201
132.520152	158.081599	-131.579208
132.763176	157.908773	-131.820506
133.012534	157.731441	-132.068095
133.268228	157.549604	-132.321973
133.530257	157.363261	-132.582142
133.798622	157.172413	-132.848601
134.073321	156.977060	-133.121350
134.354356	156.777202	-133.400390
134.641726	156.572838	-133.685720
134.935431	156.363969	-133.977340
135.235472	156.150595	-134.275250
135.541847	155.932715	-134.579451
135.854558	155.710331	-134.889941
135.996218	155.609589	-135.030596
136.144213	155.504342	-135.177540
136.298544	155.394590	-135.330775
136.459209	155.280332	-135.490300
136.626210	155.161570	-135.656115
136.799546	155.038301	-135.828220
136.979218	154.910528	-136.006616
137.165224	154.778249	-136.191302
137.357566	154.641466	-136.382278
137.556243	154.500176	-136.579544
137.761255	154.354382	-136.783101
137.972603	154.204082	-136.992948
138.190285	154.049277	-137.209085
138.414303	153.889967	-137.431512
138.644656	153.726151	-137.660230
138.881345	153.557830	-137.895238
139.124368	153.385004	-138.136536
139.373727	153.207672	-138.384124
139.629421	153.025835	-138.638003
139.891450	152.839493	-138.898172
140.159815	152.648646	-139.164631
140.434515	152.453293	-139.437380
140.715550	152.253435	-139.716420
141.002920	152.049072	-140.001750
141.296625	151.840203	-140.293370
141.596666	151.626830	-140.591280
141.903042	151.408950	-140.895481
142.215753	151.186566	-141.205972
142.357413	151.085825	-141.346626
142.505408	150.980578	-141.493571
142.659739	150.870826	-141.646805
142.820405	150.756569	-141.806330
142.987406	150.637806	-141.972145
143.160742	150.514538	-142.144251
143.340413	150.386765	-142.322647
143.526420	150.254486	-142.507333
143.718762	150.117703	-142.698309
143.917439	149.976414	-142.895575
144.122451	149.830619	-143.099132
144.333798	149.680320	-143.308979
144.551481	149.525515	-143.525116
144.775499	149.366205	-143.747543
145.005852	149.202389	-143.976261
145.242541	149.034068	-144.211269
145.485565	148.861242	-144.452567
145.734924	148.683911	-144.700156
145.990618	148.502074	-144.954034
146.252647	148.315732	-145.214203
146.521012	148.124885	-145.480662
146.795712	147.929533	-145.753412
147.076747	147.729675	-146.032452
147.364117	147.525312	-146.317781
147.657823	147.316444	-146.609402
147.957863	147.103070	-146.907312
148.264239	146.885191	-147.211513
148.576951	146.662807	-147.522004
148.718611	146.562065	-147.662658
148.866606	146.456819	-147.809602
149.020936	146.347067	-147.962837
149.181602	146.232810	-148.122362
149.348603	146.114047	-148.288177
149.521939	145.990779	-148.460283
149.701611	145.863006	-148.638678
149.887617	145.730728	-148.823364
150.079959	145.593944	-149.014341
150.278636	145.452655	-149.211607
150.483649	145.306861	-149.415164
150.694996	145.156561	-149.625011
150.912679	145.001757	-149.841148
151.136697	144.842446	-150.063575
151.367050	144.678631	-150.292293
151.603739	144.510310	-150.527301
151.846763	144.337484	-150.768599
152.096122	144.160153	-151.016188
152.351816	143.978317	-151.270066
152.613845	143.791975	-151.530235
152.882210	143.601128	-151.796695
153.156910	143.405775	-152.069444
153.437945	143.205918	-152.348484
153.725315	143.001555	-152.633814
154.019021	142.792686	-152.925434
154.319062	142.579313	-153.223344
154.625438	142.361434	-153.527545
154.938149	142.139050	-153.838036
155.079809	142.038308	-153.978690
155.227804	141.933062	-154.125635
155.382135	141.823310	-154.278869
155.542801	141.709053	-154.438394
155.709802	141.590290	-154.604210
155.883138	141.467022	-154.776315
156.062809	141.339249	-154.954711
156.248816	141.206971	-155.139397
156.441158	141.070187	-155.330373
156.639835	140.928899	-155.527639
156.844847	140.783104	-155.731196
157.056195	140.632805	-155.941043
157.273878	140.478000	-156.157180
157.497896	140.318690	-156.379608
157.728249	140.154875	-156.608325
157.964938	139.986554	-156.843333
158.207961	139.813728	-157.084632
158.457320	139.636397	-157.332220
158.713015	139.454560	-157.586099
158.975044	139.268219	-157.846268
159.243409	139.077371	-158.112727
159.518109	138.882019	-158.385476
159.799144	138.682161	-158.664516
160.086514	138.477799	-158.949846
160.380220	138.268930	-159.241466
160.680261	138.055557	-159.539377
160.986637	137.837678	-159.843577
161.299348	137.615294	-160.154068
161.441008	137.514553	-160.294723
161.589003	137.409306	-160.441667
161.743334	137.299554	-160.594902
161.904000	137.185297	-160.754427
162.071001	137.066534	-160.920242
162.244337	136.943267	-161.092348
162.424008	136.815494	-161.270743
162.610015	136.683215	-161.455429
162.802357	136.546432	-161.646405
163.001034	136.405143	-161.843672
163.206046	136.259349	-162.047229
163.417394	136.109049	-162.257076
163.635077	135.954244	-162.473213
163.859095	135.794934	-162.695640
164.089448	135.631119	-162.924358
164.326137	135.462798	-163.159366
164.569161	135.289972	-163.400664
164.818520	135.112641	-163.648253
165.074214	134.930805	-163.902131
165.336243	134.744463	-164.162300
165.604608	134.553616	-164.428760
165.879308	134.358264	-164.701509
166.160343	134.158406	-164.980549
166.447713	133.954043	-165.265879
166.741419	133.745175	-165.557499
167.041460	133.531801	-165.855409
167.347836	133.313923	-166.159610
167.660547	133.091538	-166.470101
167.802207	132.990797	-166.610755
167.950203	132.885551	-166.757700
168.104533	132.775799	-166.910935
168.265199	132.661542	-167.070460
168.432200	132.542779	-167.236275
168.605536	132.419511	-167.408380
168.785208	132.291738	-167.586776
168.971214	132.159460	-167.771462
169.163556	132.022676	-167.962438
169.362233	131.881388	-168.159705
169.567246	131.735593	-168.363261
169.778593	131.585294	-168.573108
169.996276	131.430489	-168.789246
170.220294	131.271179	-169.011673
170.450648	131.107364	-169.240391
170.687336	130.939043	-169.475399
170.930360	130.766217	-169.716697
171.179719	130.588886	-169.964285
171.435413	130.407050	-170.218164
171.697443	130.220708	-170.478333
171.965807	130.029861	-170.744792
172.240507	129.834508	-171.017542
172.521542	129.634651	-171.296582
172.808913	129.430288	-171.581911
173.102618	129.221420	-171.873532
173.402659	129.008046	-172.171442
173.709035	128.790167	-172.475643
174.021747	128.567783	-172.786134
174.163407	128.467042	-172.926788
174.311402	128.361795	-173.073733
174.465733	128.252044	-173.226967
174.626398	128.137786	-173.386492
174.793399	128.019024	-173.552307
174.966736	127.895756	-173.724413
175.146407	127.767983	-173.902809
175.332414	127.635705	-174.087495
175.524756	127.498921	-174.278471
175.723433	127.357632	-174.475737
175.928445	127.211838	-174.679294
176.139793	127.061539	-174.889141
176.357476	126.906734	-175.105278
176.581494	126.747424	-175.327706
176.811847	126.583609	-175.556424
177.048536	126.415288	-175.791431
177.291559	126.242462	-176.032730
177.540918	126.065131	-176.280318
177.796613	125.883294	-176.534197
178.058642	125.696953	-176.794366
178.327007	125.506106	-177.060825
178.601707	125.310753	-177.333575
178.882742	125.110896	-177.612614
179.170112	124.906533	-177.897944
179.463818	124.697665	-178.189564
179.763859	124.484291	-178.487475
180.070235	124.266412	-178.791676
180.382946	124.044028	-179.102167
180.524606	123.943287	-179.242821
180.672601	123.838040	-179.389765
180.826932	123.728289	-179.543000
180.987598	123.614031	-179.702525
181.154599	123.495269	-179.868340
181.327935	123.372001	-180.040446
181.507606	123.244228	-180.218841
181.693613	123.111950	-180.403527
181.885955	122.975166	-180.594504
182.084632	122.833877	-180.791770
182.289645	122.688083	-180.995327
182.500992	122.537784	-181.205174
182.718675	122.382979	-181.421311
182.942693	122.223669	-181.643739
183.173046	122.059854	-181.872456
183.409735	121.891533	-182.107464
183.652759	121.718707	-182.348762
183.902118	121.541376	-182.596351
184.157812	121.359539	-182.850230
184.419841	121.173198	-183.110399
184.688206	120.982351	-183.376858
184.962906	120.786998	-183.649607
185.243941	120.587141	-183.928647
185.531312	120.382778	-184.213977
185.825017	120.173910	-184.505597
186.125058	119.960536	-184.803508
186.431434	119.742657	-185.107708
186.744145	119.520273	-185.418199
186.885805	119.419532	-185.558854
187.033801	119.314285	-185.705798
187.188131	119.204534	-185.859033
187.348797	119.090276	-186.018558
187.515798	118.971514	-186.184373
187.689134	118.848246	-186.356478
187.868806	118.720473	-186.534874
188.054812	118.588195	-186.719560
188.247154	118.451411	-186.910536
188.445832	118.310122	-187.107803
188.650844	118.164328	-187.311360
188.862192	118.014029	-187.521207
189.079874	117.859224	-187.737344
189.303892	117.699914	-187.959771
189.534246	117.536099	-188.188489
189.770934	117.367778	-188.423497
190.013958	117.194952	-188.664795
190.263317	117.017621	-188.912384
190.519011	116.835784	-189.166262
190.781041	116.649443	-189.426431
191.049405	116.458596	-189.692891
191.324105	116.263243	-189.965640
191.605141	116.063386	-190.244680
191.892511	115.859023	-190.530010
192.186217	115.650155	-190.821630
192.486257	115.436781	-191.119540
192.792633	115.218902	-191.423741
193.105345	114.996518	-191.734232
193.247005	114.895777	-191.874886
193.395000	114.790530	-192.021831
193.549331	114.680779	-192.175066
193.709996	114.566521	-192.334591
193.876997	114.447759	-192.500406
194.050334	114.324491	-192.672511
194.230005	114.196718	-192.850907
194.416012	114.064440	-193.035593
194.608354	113.927656	-193.226569
194.807031	113.786367	-193.423836
195.012043	113.640573	-193.627392
195.223391	113.490274	-193.837239
195.441074	113.335469	-194.053377
195.665092	113.176159	-194.275804
195.895445	113.012344	-194.504522
196.132134	112.844023	-194.739530
196.375157	112.671197	-194.980828
196.624516	112.493866	-195.228416
196.880211	112.312030	-195.482295
197.142240	112.125688	-195.742464
197.410605	111.934841	-196.008923
197.685305	111.739488	-196.281673
197.966340	111.539631	-196.560713
198.253710	111.335268	-196.846042
198.547416	111.126400	-197.137663
198.847457	110.913026	-197.435573
199.153833	110.695147	-197.739774
199.466544	110.472763	-198.050265
199.608204	110.372022	-198.190919
199.756200	110.266775	-198.337864
199.910530	110.157024	-198.491098
200.071196	110.042766	-198.650623
200.238197	109.924004	-198.816439
200.411533	109.800736	-198.988544
200.591205	109.672963	-199.166940
200.777211	109.540685	-199.351626
200.969553	109.403901	-199.542602
201.168230	109.262612	-199.739868
201.373243	109.116818	-199.943425
201.584590	108.966519	-200.153272
201.802273	108.811714	-200.369409
202.026291	108.652404	-200.591837
202.256645	108.488589	-200.820555
202.493333	108.320268	-201.055563
202.736357	108.147442	-201.296861
202.985716	107.970111	-201.544449
203.241410	107.788275	-201.798328
203.503440	107.601933	-202.058497
203.771804	107.411086	-202.324956
204.046504	107.215733	-202.597706
204.327539	107.015876	-202.876745
204.614910	106.811513	-203.162075
204.908615	106.602645	-203.453695
205.208656	106.389271	-203.751606
205.515032	106.171392	-204.055807
205.827744	105.949008	-204.366298
205.969404	105.848267	-204.506952
206.117399	105.743020	-204.653896
206.271730	105.633269	-204.807131
206.432395	105.519011	-204.966656
206.599396	105.400249	-205.132471
206.772733	105.276981	-205.304577
206.952404	105.149208	-205.482972
207.138411	105.016930	-205.667658
207.330753	104.880146	-205.858635
207.529430	104.738857	-206.055901
207.734442	104.593063	-206.259458
207.945790	104.442764	-206.469305
208.163473	104.287959	-206.685442
208.387491	104.128649	-206.907870
208.617844	103.964834	-207.136587
208.854533	103.796513	-207.371595
209.097556	103.623687	-207.612894
209.346915	103.446356	-207.860482
209.602610	103.264520	-208.114361
209.864639	103.078178	-208.374530
210.133004	102.887331	-208.640989
210.407704	102.691978	-208.913738
210.688739	102.492121	-209.192778
210.976109	102.287758	-209.478108
211.269815	102.078890	-209.769728
211.569856	101.865516	-210.067639
211.876232	101.647637	-210.371839
212.188943	101.425253	-210.682330
212.330603	101.324512	-210.822985
212.478598	101.219266	-210.969929
212.632929	101.109514	-211.123164
212.793595	100.995256	-211.282689
212.960596	100.876494	-211.448504
213.133932	100.753226	-211.620610
213.313603	100.625453	-211.799005
213.499610	100.493175	-211.983691
213.691952	100.356391	-212.174667
213.890629	100.215103	-212.371934
214.095642	100.069308	-212.575491
214.306989	99.919009	-212.785338
214.524672	99.764204	-213.001475
214.748690	99.604894	-213.223902
214.979043	99.441079	-213.452620
215.215732	99.272758	-213.687628
215.458756	99.099932	-213.928926
215.708115	98.922601	-214.176515
215.963809	98.740765	-214.430393
216.225838	98.554423	-214.690562
216.494203	98.363576	-214.957022
216.768903	98.168223	-215.229771
217.049938	97.968366	-215.508811
217.337309	97.764003	-215.794141
217.631014	97.555135	-216.085761
217.931055	97.341761	-216.383671
218.237431	97.123882	-216.687872
218.550142	96.901498	-216.998363
218.691803	96.800757	-217.139017
218.839798	96.695511	-217.285962
218.994128	96.585759	-217.439197
219.154794	96.471502	-217.598722
219.321795	96.352739	-217.764537
219.495131	96.229471	-217.936642
219.674803	96.101698	-218.115038
219.860810	95.969420	-218.299724
220.053151	95.832636	-218.490700
220.251829	95.691348	-218.687967
220.456841	95.545553	-218.891523
220.668189	95.395254	-219.101370
220.885871	95.240449	-219.317508
221.109890	95.081139	-219.539935
221.340243	94.917324	-219.768653
221.576931	94.749003	-220.003661
221.819955	94.576177	-220.244959
222.069314	94.398846	-220.492548
222.325008	94.217010	-220.746426
222.587038	94.030668	-221.006595
222.855403	93.839821	-221.273054
223.130102	93.644469	-221.545804
223.411138	93.444611	-221.824844
223.698508	93.240248	-222.110174
223.992214	93.031380	-222.401794
224.292255	92.818006	-222.699704
224.598631	92.600128	-223.003905
224.911342	92.377743	-223.314396
225.053002	92.277002	-223.455050
225.200997	92.171756	-223.601995
225.355328	92.062004	-223.755229
225.515994	91.947747	-223.914754
225.682995	91.828984	-224.080570
225.856331	91.705716	-224.252675
226.036002	91.577943	-224.431071
226.222009	91.445665	-224.615757
226.414351	91.308881	-224.806733
226.613028	91.167593	-225.003999
226.818040	91.021798	-225.207556
227.029388	90.871499	-225.417403
227.247071	90.716694	-225.633540
227.471089	90.557384	-225.855968
227.701442	90.393569	-226.084686
227.938131	90.225248	-226.319694
228.181155	90.052422	-226.560992
228.430514	89.875091	-226.808580
228.686208	89.693255	-227.062459
228.948237	89.506913	-227.322628
229.216602	89.316066	-227.589087
229.491302	89.120714	-227.861837
229.772337	88.920856	-228.140876
230.059707	88.716493	-228.426206
230.353413	88.507625	-228.717827
230.653454	88.294251	-229.015737
230.959830	88.076373	-229.319938
231.272541	87.853988	-229.630429
231.414201	87.753247	-229.771083
231.562197	87.648001	-229.918027
231.716527	87.538249	-230.071262
231.877193	87.423992	-230.230787
232.044194	87.305229	-230.396602
232.217530	87.181961	-230.568708
232.397202	87.054188	-230.747104
232.583208	86.921910	-230.931790
232.775550	86.785126	-231.122766
232.974227	86.643838	-231.320032
233.179240	86.498043	-231.523589
233.390587	86.347744	-231.733436
233.608270	86.192939	-231.949573
233.832288	86.033629	-232.172001
234.062642	85.869814	-232.400718
234.299330	85.701493	-232.635726
234.542354	85.528667	-232.877025
234.791713	85.351336	-233.124613
235.047407	85.169500	-233.378492
235.309437	84.983158	-233.638661
235.577801	84.792311	-233.905120
235.852501	84.596959	-234.177869
236.133536	84.397101	-234.456909
236.420907	84.192738	-234.742239
236.714612	83.983870	-235.033859
237.014653	83.770496	-235.331770
237.321029	83.552618	-235.635970
237.633741	83.330234	-235.946461
237.775401	83.229492	-236.087116
237.923396	83.124246	-236.234060
238.077727	83.014494	-236.387295
238.238392	82.900237	-236.546820
238.405393	82.781474	-236.712635
238.578730	82.658206	-236.884741
238.758401	82.530433	-237.063136
238.944408	82.398155	-237.247822
239.136750	82.261372	-237.438799
239.335427	82.120083	-237.636065
239.540439	81.974288	-237.839622
239.751787	81.823989	-238.049469
239.969470	81.669184	-238.265606
240.193488	81.509874	-238.488033
