28.525825	223.170625	10.206394
28.522644	223.041540	10.175804
28.527971	222.908166	10.148251
28.541810	222.770505	10.123726
28.564166	222.628558	10.102221
28.595040	222.482328	10.083729
28.634438	222.331817	10.068243
28.682363	222.177027	10.055755
28.738819	222.017960	10.046258
28.803808	221.854619	10.039744
28.877335	221.687005	10.036206
28.959403	221.515121	10.035637
29.050017	221.338968	10.038029
29.149178	221.158550	10.043374
29.256892	220.973868	10.051666
29.373162	220.784924	10.062898
29.497990	220.591720	10.077061
29.631381	220.394259	10.094150
29.773338	220.192543	10.114157
29.923865	219.986573	10.137075
30.082964	219.776353	10.162898
30.250640	219.561883	10.191617
30.426896	219.343167	10.223227
30.611734	219.120207	10.257721
30.805159	218.893004	10.295092
31.007173	218.661560	10.335334
31.217780	218.425879	10.378440
31.436983	218.185961	10.424403
31.664785	217.941810	10.473219
31.901189	217.693427	10.524879
32.146198	217.440815	10.579378
32.399816	217.183976	10.636710
32.662045	216.922911	10.696870
32.932889	216.657624	10.759851
33.212350	216.388116	10.825647
33.500431	216.114389	10.894253
33.797136	215.836446	10.965663
34.102466	215.554288	11.039872
34.416425	215.267919	11.116874
34.739016	214.977340	11.196664
35.070241	214.682554	11.279238
35.410103	214.383562	11.364589
35.758605	214.080366	11.452713
36.115750	213.772970	11.543605
36.481539	213.461376	11.637260
36.855976	213.145584	11.733673
37.024301	213.004985	11.777247
37.201277	212.860193	11.823572
37.386905	212.711209	11.872647
37.581187	212.558033	11.924470
37.784124	212.400667	11.979039
37.995716	212.239111	12.036353
38.215964	212.073367	12.096408
38.444871	211.903436	12.159204
38.682436	211.729318	12.224739
38.928661	211.551015	12.293010
39.183546	211.368527	12.364016
39.447094	211.181856	12.437756
39.719305	210.991002	12.514227
40.000179	210.795967	12.593427
40.289719	210.596752	12.675356
40.587924	210.393357	12.760011
40.894796	210.185783	12.847391
41.210337	209.974032	12.937494
41.534546	209.758105	13.030318
41.867425	209.538002	13.125862
42.208975	209.313725	13.224125
42.559197	209.085274	13.325105
42.918092	208.852650	13.428800
43.285660	208.615856	13.535209
43.661903	208.374891	13.644330
44.046822	208.129756	13.756163
44.440417	207.880453	13.870705
44.842690	207.626982	13.987956
45.253641	207.369346	14.107913
45.437775	207.254466	14.161738
45.630590	207.135422	14.218269
45.832084	207.012213	14.277504
46.042259	206.884840	14.339443
46.261114	206.753304	14.404085
46.488651	206.617604	14.471431
46.724869	206.477742	14.541479
46.969769	206.333718	14.614229
47.223351	206.185532	14.689680
47.485616	206.033184	14.767832
47.756564	205.876676	14.848685
48.036195	205.716007	14.932237
48.324510	205.551179	15.018489
48.621510	205.382191	15.107440
48.927193	205.209043	15.199089
49.241562	205.031738	15.293436
49.564616	204.850274	15.390481
49.896356	204.664652	15.490223
50.236781	204.474874	15.592661
50.585893	204.280938	15.697795
50.943692	204.082846	15.805625
51.310178	203.880599	15.916150
51.685351	203.674196	16.029370
52.069212	203.463638	16.145284
52.461761	203.248925	16.263893
52.862998	203.030059	16.385195
53.272924	202.807039	16.509189
53.691540	202.579866	16.635877
53.881560	202.476997	16.693412
54.080270	202.369976	16.753639
54.287669	202.258802	16.816557
54.503759	202.143476	16.882168
54.728539	202.023999	16.950471
54.962009	201.900370	17.021465
55.204169	201.772589	17.095150
55.455020	201.640658	17.171526
55.714561	201.504575	17.250594
55.982794	201.364342	17.332352
56.259717	201.219959	17.416802
56.545332	201.071425	17.503942
56.839638	200.918741	17.593772
57.142635	200.761907	17.686292
57.454324	200.600924	17.781503
57.774704	200.435791	17.879404
58.103777	200.266508	17.979994
58.441541	200.093077	18.083274
58.787998	199.915497	18.189244
59.143147	199.733769	18.297904
59.506988	199.547892	18.409252
59.879522	199.357867	18.523290
60.260749	199.163694	18.640017
60.650668	198.965373	18.759432
61.049281	198.762905	18.881537
61.456586	198.556289	19.006330
61.872585	198.345526	19.133811
62.297278	198.130617	19.263981
62.489766	198.033323	19.322990
62.690949	197.931882	19.384688
62.900824	197.826295	19.449073
63.119394	197.716562	19.516147
63.346657	197.602682	19.585908
63.582615	197.484657	19.658358
63.827266	197.362485	19.733496
64.080611	197.236167	19.811321
64.342651	197.105703	19.891835
64.613384	196.971094	19.975036
64.892812	196.832338	20.060925
65.180934	196.689438	20.149502
65.477750	196.542391	20.240767
65.783261	196.391200	20.334719
66.097466	196.235863	20.431359
66.420366	196.076380	20.530686
66.751960	195.912753	20.632701
67.092248	195.744981	20.737403
67.441232	195.573063	20.844793
67.798910	195.397001	20.954870
68.165283	195.216795	21.067634
68.540351	195.032443	21.183086
68.924114	194.843947	21.301225
69.316572	194.651307	21.422051
69.717724	194.454522	21.545565
70.127572	194.253593	21.671765
70.546115	194.048521	21.800653
70.973354	193.839304	21.932228
71.166925	193.744563	21.991845
71.369192	193.645678	22.054149
71.580154	193.542650	22.119141
71.799812	193.435478	22.186819
72.028165	193.324162	22.257185
72.265213	193.208703	22.330237
72.510957	193.089099	22.405976
72.765397	192.965353	22.484402
73.028531	192.837462	22.565515
73.300362	192.705428	22.649315
73.580887	192.569251	22.735802
73.870109	192.428930	22.824976
74.168026	192.284466	22.916836
74.474639	192.135859	23.011384
74.789947	191.983108	23.108618
75.113951	191.826214	23.208539
75.446650	191.665176	23.311146
75.788046	191.499996	23.416441
76.138137	191.330673	23.524422
76.496924	191.157206	23.635090
76.864406	190.979597	23.748444
77.240585	190.797844	23.864486
77.625459	190.611949	23.983214
78.019029	190.421910	24.104628
78.421296	190.227729	24.228730
78.832258	190.029405	24.355518
79.251916	189.826938	24.484993
79.680270	189.620329	24.617154
79.874327	189.526752	24.677029
80.077081	189.429032	24.739590
80.288530	189.327169	24.804838
80.508676	189.221164	24.872772
80.737517	189.111016	24.943394
80.975055	188.996726	25.016701
81.221289	188.878293	25.092696
81.476218	188.755718	25.171377
81.739844	188.629000	25.252744
82.012166	188.498139	25.336798
82.293184	188.363137	25.423539
82.582899	188.223992	25.512966
82.881309	188.080704	25.605080
83.188416	187.933274	25.699881
83.504218	187.781702	25.797368
83.828717	187.625987	25.897541
84.161912	187.466130	26.000401
84.503804	187.302131	26.105948
84.854391	187.133990	26.214181
85.213675	186.961706	26.325100
85.581655	186.785280	26.438707
85.958331	186.604712	26.554999
86.343704	186.420002	26.673979
86.737772	186.231149	26.795644
87.140537	186.038155	26.919997
87.551999	185.841018	27.047036
87.972156	185.639739	27.176761
88.401010	185.434318	27.309173
88.595288	185.341269	27.369158
88.798262	185.244079	27.431830
89.009932	185.142746	27.497188
89.230298	185.037272	27.565233
89.459361	184.927655	27.635964
89.697120	184.813897	27.709382
89.943576	184.695996	27.785486
90.198728	184.573953	27.864277
90.462576	184.447769	27.945754
90.735121	184.317442	28.029918
91.016362	184.182974	28.116768
91.306299	184.044363	28.206304
91.604933	183.901611	28.298528
91.912263	183.754717	28.393437
92.228290	183.603680	28.491033
92.553013	183.448502	28.591316
92.886432	183.289182	28.694285
93.228548	183.125720	28.799941
93.579360	182.958117	28.908283
93.938869	182.786371	29.019311
94.307074	182.610483	29.133026
94.683976	182.430454	29.249428
95.069574	182.246283	29.368516
95.463868	182.057969	29.490290
95.866859	181.865515	29.614751
96.278546	181.668918	29.741898
96.698930	181.468179	29.871732
97.128010	181.263299	30.004252
97.322388	181.170491	30.064285
97.525462	181.073541	30.127005
97.737232	180.972449	30.192411
97.957699	180.867216	30.260504
98.186863	180.757841	30.331283
98.424723	180.644324	30.404749
98.671279	180.526665	30.480901
98.926532	180.404865	30.559739
99.190482	180.278922	30.641264
99.463128	180.148839	30.725476
99.744470	180.014613	30.812374
100.034509	179.876245	30.901958
100.333245	179.733736	30.994229
100.640676	179.587085	31.089186
100.956805	179.436293	31.186830
101.281630	179.281359	31.287160
101.615151	179.122283	31.390177
101.957369	178.959065	31.495880
102.308284	178.791705	31.604269
102.667894	178.620204	31.715345
103.036202	178.444562	31.829108
103.413206	178.264777	31.945557
103.798906	178.080851	32.064692
104.193303	177.892783	32.186514
104.596397	177.700573	32.311022
105.008187	177.504222	32.438217
105.428674	177.303729	32.568098
105.857857	177.099095	32.700666
106.052280	177.006396	32.760720
106.255400	176.909556	32.823461
106.467216	176.808573	32.888888
106.687729	176.703450	32.957002
106.916938	176.594184	33.027802
107.154844	176.480777	33.101289
107.401447	176.363228	33.177462
107.656746	176.241538	33.256321
107.920741	176.115706	33.337867
108.193433	175.985732	33.422099
108.474822	175.851617	33.509018
108.764907	175.713360	33.598623
109.063689	175.570961	33.690915
109.371167	175.424421	33.785893
109.687342	175.273739	33.883558
110.012213	175.118916	33.983909
110.345781	174.959951	34.086947
110.688046	174.796844	34.192671
111.039007	174.629596	34.301081
111.398664	174.458206	34.412178
111.767018	174.282674	34.525961
112.144069	174.103001	34.642431
112.529816	173.919186	34.761587
112.924260	173.731230	34.883430
113.327400	173.539132	35.007959
113.739237	173.342893	35.135175
114.159770	173.142511	35.265077
114.589000	172.937989	35.397666
114.783444	172.845339	35.457729
114.986585	172.748549	35.520479
115.198422	172.647616	35.585916
115.418956	172.542542	35.654038
115.648186	172.433327	35.724848
115.886113	172.319970	35.798344
116.132737	172.202471	35.874526
116.388057	172.080830	35.953395
116.652073	171.955048	36.034950
116.924786	171.825125	36.119191
117.206196	171.691060	36.206119
117.496302	171.552853	36.295734
117.795105	171.410505	36.388035
118.102605	171.264015	36.483022
118.418800	171.113384	36.580696
118.743693	170.958611	36.681057
119.077282	170.799696	36.784103
119.419568	170.636640	36.889837
119.770550	170.469442	36.998256
120.130229	170.298103	37.109362
120.498604	170.122622	37.223155
120.875676	169.942999	37.339634
121.261445	169.759235	37.458799
121.655910	169.571330	37.580651
122.059071	169.379282	37.705190
122.470930	169.183094	37.832415
122.891484	168.982763	37.962326
123.320736	168.778291	38.094924
123.515189	168.685665	38.154991
123.718339	168.588896	38.217745
123.930186	168.487987	38.283186
124.150729	168.382935	38.351313
124.379969	168.273742	38.422126
124.617906	168.160408	38.495626
124.864539	168.042932	38.571813
125.119868	167.921314	38.650685
125.383894	167.795555	38.732245
125.656617	167.665655	38.816490
125.938036	167.531612	38.903423
126.228152	167.393428	38.993041
126.526965	167.251103	39.085346
126.834474	167.104636	39.180338
127.150679	166.954027	39.278016
127.475582	166.799277	39.378380
127.809180	166.640386	39.481431
128.151476	166.477353	39.587168
128.502468	166.310178	39.695592
128.862156	166.138861	39.806702
129.230541	165.963404	39.920499
129.607623	165.783804	40.036982
129.993401	165.600063	40.156152
130.387876	165.412180	40.278008
130.791047	165.220156	40.402550
131.202915	165.023991	40.529779
131.623480	164.823683	40.659695
132.052741	164.619235	40.792297
132.247199	164.526618	40.852366
132.450353	164.429860	40.915122
132.662204	164.328961	40.980564
132.882752	164.223920	41.048693
133.111996	164.114737	41.119508
133.349937	164.001413	41.193010
133.596574	163.883948	41.269198
133.851908	163.762340	41.348073
134.115939	163.636592	41.429634
134.388666	163.506701	41.513881
134.670090	163.372669	41.600815
134.960210	163.234496	41.690436
135.259027	163.092181	41.782743
135.566540	162.945724	41.877736
135.882750	162.795126	41.975416
136.207657	162.640387	42.075782
136.541260	162.481505	42.178835
136.883560	162.318483	42.284574
137.234556	162.151318	42.393000
137.594249	161.980013	42.504112
137.962639	161.804565	42.617910
138.339725	161.624976	42.734395
138.725507	161.441246	42.853567
139.119987	161.253374	42.975424
139.523162	161.061360	43.099969
139.935035	160.865205	43.227199
140.355604	160.664908	43.357117
140.784869	160.460470	43.489720
140.979329	160.367858	43.549791
141.182486	160.271105	43.612547
141.394339	160.170210	43.677991
141.614888	160.065174	43.746120
141.844135	159.955996	43.816936
142.082077	159.842677	43.890439
142.328717	159.725216	43.966628
142.584053	159.603613	44.045503
142.848085	159.477869	44.127065
143.120814	159.347983	44.211313
143.402240	159.213956	44.298248
143.692362	159.075788	44.387869
143.991181	158.933477	44.480177
144.298697	158.787026	44.575171
144.614909	158.636432	44.672852
144.939817	158.481697	44.773219
145.273422	158.322821	44.876272
145.615724	158.159803	44.982012
145.966723	157.992643	45.090439
146.326418	157.821342	45.201552
146.694809	157.645900	45.315351
147.071897	157.466315	45.431837
147.457682	157.282590	45.551009
147.852163	157.094722	45.672868
148.255341	156.902714	45.797413
148.667215	156.706563	45.924644
149.087786	156.506271	46.054562
149.517054	156.301838	46.187167
149.711515	156.209228	46.247238
149.914672	156.112477	46.309995
150.126526	156.011585	46.375438
150.347077	155.906551	46.443568
150.576324	155.797375	46.514385
150.814267	155.684058	46.587887
151.060908	155.566599	46.664077
151.316245	155.444998	46.742953
151.580278	155.319256	46.824515
151.853008	155.189373	46.908764
152.134435	155.055348	46.995699
152.424558	154.917181	47.085320
152.723378	154.774873	47.177628
153.030894	154.628424	47.272623
153.347107	154.477833	47.370304
153.672017	154.323100	47.470671
154.005623	154.164226	47.573725
154.347925	154.001210	47.679466
154.698925	153.834052	47.787892
155.058620	153.662753	47.899006
155.427013	153.487313	48.012805
155.804102	153.307731	48.129291
156.189888	153.124007	48.248464
156.584370	152.936142	48.370323
156.987549	152.744136	48.494869
157.399424	152.547988	48.622100
157.819996	152.347698	48.752019
158.249264	152.143267	48.884624
158.443726	152.050658	48.944695
158.646883	151.953908	49.007452
158.858738	151.853016	49.072895
159.079289	151.747983	49.141026
159.308536	151.638808	49.211842
159.546480	151.525492	49.285345
159.793121	151.408034	49.361535
160.048458	151.286435	49.440411
160.312492	151.160694	49.521973
160.585223	151.030811	49.606222
160.866650	150.896787	49.693157
161.156773	150.758622	49.782779
161.455593	150.616315	49.875087
161.763110	150.469866	49.970082
162.079324	150.319276	50.067763
162.404234	150.164544	50.168131
162.737840	150.005671	50.271185
163.080143	149.842656	50.376925
163.431143	149.675500	50.485352
163.790839	149.504202	50.596466
164.159232	149.328762	50.710265
164.536322	149.149181	50.826752
164.922108	148.965459	50.945924
165.316590	148.777595	51.067784
165.719769	148.585589	51.192329
166.131645	148.389442	51.319561
166.552218	148.189153	51.449480
166.981487	147.984723	51.582085
167.175948	147.892115	51.642156
167.379106	147.795365	51.704913
167.590960	147.694474	51.770357
167.811512	147.589441	51.838487
168.040759	147.480267	51.909304
168.278704	147.366951	51.982807
168.525344	147.249494	52.058997
168.780682	147.127895	52.137873
169.044716	147.002154	52.219435
169.317447	146.872272	52.303684
169.598874	146.738249	52.390619
169.888998	146.600083	52.480241
170.187818	146.457777	52.572550
170.495335	146.311329	52.667544
170.811549	146.160739	52.765226
171.136459	146.006008	52.865593
171.470065	145.847135	52.968647
171.812369	145.684120	53.074388
172.163369	145.516964	53.182815
172.523065	145.345667	53.293928
172.891458	145.170228	53.407728
173.268548	144.990647	53.524215
173.654334	144.806925	53.643388
174.048817	144.619062	53.765247
174.451996	144.427057	53.889793
174.863872	144.230910	54.017025
175.284445	144.030622	54.146943
175.713714	143.826192	54.279548
175.908176	143.733584	54.339619
176.111334	143.636834	54.402377
176.323188	143.535943	54.467821
176.543739	143.430911	54.535951
176.772987	143.321737	54.606767
177.010932	143.208421	54.680271
177.257573	143.090964	54.756460
177.512910	142.969365	54.835336
177.776944	142.843625	54.916899
178.049675	142.713743	55.001148
178.331102	142.579720	55.088083
178.621226	142.441555	55.177705
178.920047	142.299248	55.270013
179.227564	142.152800	55.365008
179.543777	142.002211	55.462689
179.868688	141.847480	55.563057
180.202294	141.688607	55.666111
180.544598	141.525593	55.771852
180.895598	141.358437	55.880279
181.255294	141.187140	55.991392
181.623688	141.011701	56.105192
182.000777	140.832121	56.221679
182.386564	140.648399	56.340852
182.781047	140.460536	56.462711
183.184226	140.268531	56.587257
183.596102	140.072384	56.714489
184.016675	139.872096	56.844408
184.445944	139.667666	56.977013
184.640406	139.575059	57.037084
184.843564	139.478309	57.099841
185.055418	139.377418	57.165285
185.275970	139.272386	57.233415
185.505217	139.163212	57.304232
185.743162	139.049896	57.377735
185.989803	138.932439	57.453925
186.245140	138.810841	57.532801
186.509175	138.685100	57.614363
186.781905	138.555219	57.698612
187.063333	138.421195	57.785548
187.353457	138.283031	57.875170
187.652277	138.140724	57.967478
187.959794	137.994276	58.062473
188.276008	137.843687	58.160154
188.600918	137.688956	58.260522
188.934525	137.530083	58.363576
189.276829	137.367069	58.469316
189.627829	137.199914	58.577744
189.987525	137.028617	58.688857
190.355918	136.853178	58.802657
190.733008	136.673598	58.919143
191.118794	136.489876	59.038316
191.513277	136.302012	59.160176
191.916457	136.110008	59.284721
192.328333	135.913861	59.411954
192.748906	135.713573	59.541872
193.178175	135.509144	59.674478
193.372637	135.416536	59.734548
193.575795	135.319787	59.797306
193.787649	135.218896	59.862750
194.008201	135.113863	59.930880
194.237449	135.004689	60.001697
194.475393	134.891374	60.075200
194.722034	134.773917	60.151389
194.977372	134.652318	60.230266
195.241406	134.526578	60.311828
195.514137	134.396696	60.396077
195.795564	134.262673	60.483013
196.085688	134.124508	60.572634
196.384508	133.982202	60.664943
196.692026	133.835754	60.759938
197.008239	133.685165	60.857619
197.333150	133.530434	60.957987
197.666756	133.371561	61.061041
198.009060	133.208547	61.166781
198.360060	133.041392	61.275208
198.719757	132.870095	61.386322
199.088150	132.694656	61.500122
199.465240	132.515076	61.616608
199.851026	132.331354	61.735781
200.245509	132.143491	61.857641
200.648689	131.951486	61.982186
201.060565	131.755339	62.109419
201.481137	131.555052	62.239337
201.910407	131.350622	62.371942
202.104868	131.258014	62.432013
202.308026	131.161265	62.494771
202.519881	131.060374	62.560215
202.740432	130.955342	62.628345
202.969680	130.846168	62.699162
203.207625	130.732852	62.772665
203.454266	130.615395	62.848854
203.709603	130.493797	62.927731
203.973638	130.368057	63.009293
204.246368	130.238175	63.093542
204.527796	130.104152	63.180478
204.817920	129.965987	63.270099
205.116740	129.823681	63.362408
205.424257	129.677233	63.457403
205.740471	129.526644	63.555084
206.065381	129.371913	63.655452
206.398988	129.213040	63.758506
206.741292	129.050026	63.864246
207.092292	128.882871	63.972673
207.451988	128.711574	64.083787
207.820382	128.536135	64.197587
208.197471	128.356555	64.314073
208.583258	128.172833	64.433246
208.977741	127.984970	64.555106
209.380920	127.792965	64.679651
209.792796	127.596818	64.806884
210.213369	127.396531	64.936802
210.642639	127.192101	65.069407
210.837100	127.099493	65.129478
211.040258	127.002744	65.192236
211.252113	126.901853	65.257680
211.472664	126.796821	65.325810
211.701912	126.687647	65.396627
211.939856	126.574331	65.470130
212.186498	126.456874	65.546319
212.441835	126.335276	65.625196
212.705869	126.209536	65.706758
212.978600	126.079654	65.791007
213.260028	125.945631	65.877943
213.550152	125.807466	65.967564
213.848972	125.665160	66.059873
214.156489	125.518712	66.154868
214.472703	125.368123	66.252549
214.797613	125.213392	66.352917
215.131220	125.054519	66.455971
215.473524	124.891505	66.561711
215.824524	124.724350	66.670138
216.184220	124.553053	66.781252
216.552614	124.377614	66.895052
216.929703	124.198034	67.011538
217.315490	124.014312	67.130711
217.709973	123.826449	67.252571
218.113152	123.634444	67.377116
218.525028	123.438298	67.504349
218.945601	123.238010	67.634267
219.374870	123.033580	67.766873
219.569332	122.940973	67.826943
219.772490	122.844223	67.889701
219.984345	122.743333	67.955145
220.204896	122.638300	68.023275
220.434144	122.529126	68.094092
220.672088	122.415811	68.167595
220.918729	122.298354	68.243785
221.174067	122.176755	68.322661
221.438101	122.051015	68.404223
221.710832	121.921133	68.488472
221.992260	121.787110	68.575408
222.282383	121.648946	68.665030
222.581204	121.506639	68.757338
222.888721	121.360191	68.852333
223.204935	121.209602	68.950014
223.529845	121.054871	69.050382
223.863452	120.895999	69.153436
224.205756	120.732985	69.259176
224.556756	120.565829	69.367604
224.916452	120.394532	69.478717
225.284845	120.219093	69.592517
225.661935	120.039513	69.709003
226.047722	119.855792	69.828176
226.442205	119.667928	69.950036
226.845384	119.475923	70.074582
227.257260	119.279777	70.201814
227.677833	119.079489	70.331732
228.107102	118.875060	70.464338
228.301564	118.782452	70.524409
228.504722	118.685703	70.587166
228.716577	118.584812	70.652610
228.937128	118.479780	70.720740
229.166376	118.370606	70.791557
229.404320	118.257290	70.865060
229.650961	118.139833	70.941250
229.906299	118.018235	71.020126
230.170333	117.892495	71.101688
230.443064	117.762613	71.185937
230.724492	117.628590	71.272873
231.014615	117.490425	71.362495
231.313436	117.348119	71.454803
231.620953	117.201671	71.549798
231.937167	117.051082	71.647479
232.262077	116.896351	71.747847
232.595684	116.737478	71.850901
232.937988	116.574464	71.956642
233.288988	116.407309	72.065069
233.648684	116.236012	72.176182
234.017077	116.060573	72.289982
234.394167	115.880993	72.406469
234.779954	115.697271	72.525641
235.174437	115.509408	72.647501
235.577616	115.317403	72.772047
235.989492	115.121257	72.899279
236.410065	114.920969	73.029198
236.839334	114.716539	73.161803
237.033796	114.623932	73.221874
237.236954	114.527182	73.284631
237.448809	114.426291	73.350075
237.669360	114.321259	73.418205
237.898608	114.212085	73.489022
238.136552	114.098770	73.562525
238.383193	113.981313	73.638715
238.638531	113.859714	73.717591
238.902565	113.733974	73.799153
239.175296	113.604092	73.883402
239.456724	113.470069	73.970338
239.746847	113.331904	74.059960
240.045668	113.189598	74.152268
240.353185	113.043150	74.247263
240.669399	112.892561	74.344944
240.994309	112.737830	74.445312
241.327916	112.578958	74.548366
241.670220	112.415944	74.654107
242.021220	112.248788	74.762534
242.380916	112.077491	74.873647
242.749310	111.902052	74.987447
243.126399	111.722472	75.103934
243.512186	111.538750	75.223107
243.906669	111.350887	75.344966
244.309848	111.158882	75.469512
244.721724	110.962736	75.596744
245.142297	110.762448	75.726663
245.571566	110.558019	75.859268
245.766028	110.465411	75.919339
245.969186	110.368662	75.982096
246.181041	110.267771	76.047540
246.401592	110.162738	76.115670
246.630840	110.053565	76.186487
246.868784	109.940249	76.259990
247.115426	109.822792	76.336180
247.370763	109.701194	76.415056
247.634797	109.575453	76.496618
247.907528	109.445572	76.580867
248.188956	109.311549	76.667803
248.479080	109.173384	76.757425
248.777900	109.031078	76.849733
249.085417	108.884630	76.944728
249.401631	108.734040	77.042409
249.726541	108.579310	77.142777
250.060148	108.420437	77.245831
250.402452	108.257423	77.351572
250.753452	108.090268	77.459999
251.113148	107.918970	77.571112
251.481542	107.743532	77.684912
251.858631	107.563952	77.801399
252.244418	107.380230	77.920572
252.638901	107.192367	78.042431
253.042080	107.000362	78.166977
253.453956	106.804216	78.294209
253.874529	106.603928	78.424128
254.303798	106.399498	78.556733
254.498260	106.306890	78.616804
254.701418	106.210141	78.679561
254.913273	106.109250	78.745005
255.133824	106.004218	78.813135
255.363072	105.895044	78.883952
255.601016	105.781729	78.957455
255.847658	105.664272	79.033645
256.102995	105.542673	79.112521
256.367029	105.416933	79.194084
256.639760	105.287051	79.278333
256.921188	105.153028	79.365268
257.211312	105.014863	79.454890
257.510132	104.872557	79.547198
257.817649	104.726109	79.642193
258.133863	104.575520	79.739874
258.458773	104.420789	79.840242
258.792380	104.261917	79.943296
259.134684	104.098903	80.049037
259.485684	103.931747	80.157464
259.845380	103.760450	80.268577
260.213774	103.585011	80.382377
260.590863	103.405431	80.498864
260.976650	103.221709	80.618037
261.371133	103.033846	80.739896
261.774312	102.841841	80.864442
262.186188	102.645695	80.991674
262.606761	102.445407	81.121593
263.036031	102.240978	81.254198
263.230492	102.148370	81.314269
263.433650	102.051621	81.377026
263.645505	101.950730	81.442470
263.866056	101.845697	81.510600
264.095304	101.736524	81.581417
264.333249	101.623208	81.654920
264.579890	101.505751	81.731110
264.835227	101.384153	81.809986
265.099261	101.258412	81.891549
265.371992	101.128531	81.975798
265.653420	100.994508	82.062733
265.943544	100.856343	82.152355
266.242364	100.714037	82.244663
266.549881	100.567589	82.339658
266.866095	100.416999	82.437339
267.191005	100.262269	82.537707
267.524612	100.103396	82.640761
267.866916	99.940382	82.746502
268.217916	99.773227	82.854929
268.577612	99.601929	82.966043
268.946006	99.426491	83.079843
269.323095	99.246911	83.196329
269.708882	99.063189	83.315502
270.103365	98.875326	83.437361
270.506544	98.683321	83.561907
270.918421	98.487175	83.689139
271.338993	98.286887	83.819058
271.768263	98.082457	83.951663
271.962724	97.989849	84.011734
272.165882	97.893100	84.074491
272.377737	97.792209	84.139935
272.598288	97.687177	84.208065
272.827536	97.578003	84.278882
273.065481	97.464688	84.352385
273.312122	97.347231	84.428575
273.567459	97.225632	84.507451
273.831493	97.099892	84.589014
274.104224	96.970010	84.673263
274.385652	96.835987	84.760198
274.675776	96.697822	84.849820
274.974596	96.555516	84.942128
275.282113	96.409068	85.037123
275.598327	96.258479	85.134804
275.923237	96.103748	85.235172
276.256844	95.944876	85.338226
276.599148	95.781862	85.443967
276.950148	95.614706	85.552394
277.309844	95.443409	85.663508
277.678238	95.267970	85.777308
278.055327	95.088390	85.893794
278.441114	94.904668	86.012967
278.835597	94.716805	86.134826
279.238776	94.524800	86.259372
279.650653	94.328654	86.386604
280.071225	94.128366	86.516523
280.500495	93.923937	86.649128
280.694956	93.831329	86.709199
280.898114	93.734580	86.771956
281.109969	93.633689	86.837400
281.330520	93.528656	86.905531
281.559768	93.419483	86.976347
281.797713	93.306167	87.049851
282.044354	93.188710	87.126040
282.299691	93.067112	87.204916
282.563725	92.941371	87.286479
282.836456	92.811490	87.370728
283.117884	92.677467	87.457663
283.408008	92.539302	87.547285
283.706828	92.396996	87.639593
284.014345	92.250548	87.734588
284.330559	92.099958	87.832270
284.655469	91.945228	87.932637
284.989076	91.786355	88.035691
285.331380	91.623341	88.141432
285.682380	91.456186	88.249859
286.042076	91.284888	88.360973
286.410470	91.109450	88.474773
286.787559	90.929870	88.591259
287.173346	90.746148	88.710432
287.567829	90.558285	88.832291
287.971008	90.366280	88.956837
288.382885	90.170134	89.084069
288.803457	89.969846	89.213988
289.232727	89.765416	89.346593
289.427188	89.672808	89.406664
289.630346	89.576059	89.469422
289.842201	89.475168	89.534865
290.062752	89.370136	89.602996
290.292000	89.260962	89.673812
290.529945	89.147647	89.747316
290.776586	89.030190	89.823505
291.031923	88.908591	89.902381
291.295958	88.782851	89.983944
291.568688	88.652969	90.068193
291.850116	88.518946	90.155128
292.140240	88.380781	90.244750
292.439060	88.238475	90.337059
292.746577	88.092027	90.432053
293.062791	87.941438	90.529735
293.387701	87.786707	90.630102
293.721308	87.627835	90.733157
294.063612	87.464821	90.838897
294.414612	87.297665	90.947324
294.774308	87.126368	91.058438
295.142702	86.950929	91.172238
295.519791	86.771349	91.288724
295.905578	86.587627	91.407897
296.300061	86.399764	91.529756
296.703240	86.207759	91.654302
297.115117	86.011613	91.781535
297.535689	85.811325	91.911453
297.964959	85.606896	92.044058
298.159420	85.514288	92.104129
298.362578	85.417539	92.166887
298.574433	85.316648	92.232330
298.794984	85.211615	92.300461
299.024232	85.102442	92.371278
299.262177	84.989126	92.444781
299.508818	84.871669	92.520970
299.764155	84.750071	92.599846
300.028190	84.624330	92.681409
300.300920	84.494449	92.765658
300.582348	84.360426	92.852593
300.872472	84.222261	92.942215
301.171292	84.079955	93.034524
