-40.438934	221.090407	48.529146
-40.423804	221.017990	48.567379
-40.414383	220.941058	48.612470
-40.410666	220.859612	48.664423
-40.412650	220.773653	48.723241
-40.420331	220.683183	48.788929
-40.433707	220.588202	48.861489
-40.452772	220.488711	48.940925
-40.477524	220.384712	49.027241
-40.507960	220.276204	49.120441
-40.544075	220.163191	49.220528
-40.585866	220.045671	49.327506
-40.633329	219.923647	49.441378
-40.686462	219.797120	49.562148
-40.745259	219.666090	49.689819
-40.809719	219.530558	49.824395
-40.879838	219.390526	49.965879
-40.955611	219.245994	50.114276
-41.037036	219.096964	50.269588
-41.124110	218.943436	50.431819
-41.216828	218.785412	50.600972
-41.315187	218.622892	50.777051
-41.419184	218.455878	50.960059
-41.528816	218.284371	51.150000
-41.644079	218.108372	51.346876
-41.764971	217.927881	51.550692
-41.891487	217.742899	51.761451
-42.023624	217.553429	51.979155
-42.161380	217.359470	52.203809
-42.304751	217.161025	52.435415
-42.453733	216.958093	52.673977
-42.608324	216.750676	52.919498
-42.768521	216.538774	53.171981
-42.934320	216.322390	53.431429
-43.105719	216.101524	53.697845
-43.282714	215.876177	53.971233
-43.465302	215.646350	54.251596
-43.653481	215.412044	54.538936
-43.847247	215.173261	54.833257
-44.046598	214.930000	55.134562
-44.251530	214.682264	55.442853
-44.462041	214.430053	55.758134
-44.678128	214.173369	56.080408
-44.899788	213.912212	56.409677
-45.127018	213.646584	56.745944
-45.359816	213.376485	57.089213
-45.465387	213.254879	57.244348
-45.576521	213.128805	57.406488
-45.693218	212.998261	57.575635
-45.815477	212.863250	57.751789
-45.943295	212.723772	57.934953
-46.076673	212.579826	58.125126
-46.215608	212.431414	58.322311
-46.360101	212.278536	58.526509
-46.510149	212.121192	58.737720
-46.665752	211.959384	58.955946
-46.826908	211.793110	59.181188
-46.993617	211.622373	59.413448
-47.165877	211.447171	59.652726
-47.343687	211.267507	59.899023
-47.527046	211.083380	60.152341
-47.715953	210.894790	60.412682
-47.910408	210.701739	60.680045
-48.110408	210.504227	60.954432
-48.315953	210.302253	61.235845
-48.527042	210.095820	61.524284
-48.743674	209.884927	61.819751
-48.965848	209.669574	62.122246
-49.193563	209.449762	62.431771
-49.426818	209.225492	62.748327
-49.665612	208.996765	63.071915
-49.909944	208.763579	63.402535
-50.159813	208.525937	63.740190
-50.415218	208.283839	64.084879
-50.531314	208.174143	64.241367
-50.652945	208.059992	64.404892
-50.780110	207.941385	64.575453
-50.912809	207.818322	64.753052
-51.051042	207.690805	64.937689
-51.194808	207.558833	65.129364
-51.344107	207.422406	65.328078
-51.498938	207.281525	65.533832
-51.659302	207.136190	65.746625
-51.825196	206.986400	65.966458
-51.996623	206.832157	66.193331
-52.173579	206.673461	66.427246
-52.356067	206.510311	66.668202
-52.544084	206.342708	66.916200
-52.737632	206.170653	67.171240
-52.936708	205.994144	67.433323
-53.141314	205.813184	67.702449
-53.351448	205.627771	67.978619
-53.567111	205.437906	68.261833
-53.788302	205.243590	68.552091
-54.015020	205.044822	68.849394
-54.247265	204.841602	69.153742
-54.485038	204.633932	69.465136
-54.728337	204.421811	69.783576
-54.977162	204.205239	70.109062
-55.231513	203.984217	70.441595
-55.491390	203.758745	70.781176
-55.756792	203.528823	71.127804
-55.877134	203.424718	71.284902
-56.003001	203.316163	71.449049
-56.134393	203.203159	71.620244
-56.271309	203.085706	71.798488
-56.413750	202.963803	71.983780
-56.561714	202.837452	72.176122
-56.715203	202.706651	72.375512
-56.874216	202.571401	72.581952
-57.038753	202.431702	72.795441
-57.208813	202.287555	73.015980
-57.384397	202.138958	73.243569
-57.565505	201.985914	73.478207
-57.752135	201.828420	73.719896
-57.944289	201.666479	73.968635
-58.141966	201.500089	74.224424
-58.345166	201.329251	74.487264
-58.553889	201.153965	74.757155
-58.768134	200.974231	75.034097
-58.987902	200.790049	75.318090
-59.213192	200.601420	75.609134
-59.444005	200.408343	75.907230
-59.680340	200.210818	76.212377
-59.922197	200.008846	76.524576
-60.169576	199.802426	76.843827
-60.422476	199.591560	77.170129
-60.680899	199.376246	77.503485
-60.944843	199.156485	77.843892
-61.214309	198.932278	78.191352
-61.336415	198.830745	78.348772
-61.464043	198.724765	78.513244
-61.597193	198.614338	78.684770
-61.735863	198.499465	78.863348
-61.880055	198.380146	79.048979
-62.029768	198.256379	79.241663
-62.185002	198.128167	79.441401
-62.345757	197.995507	79.648191
-62.512033	197.858402	79.862035
-62.683830	197.716850	80.082932
-62.861148	197.570851	80.310882
-63.043987	197.420407	80.545886
-63.232347	197.265516	80.787943
-63.426227	197.106179	81.037054
-63.625628	196.942396	81.293218
-63.830550	196.774167	81.556436
-64.040993	196.601491	81.826708
-64.256956	196.424370	82.104034
-64.478439	196.242803	82.388413
-64.705444	196.056790	82.679847
-64.937968	195.866331	82.978334
-65.176013	195.671427	83.283876
-65.419579	195.472076	83.596471
-65.668665	195.268280	83.916121
-65.923271	195.060038	84.242825
-66.183397	194.847351	84.576583
-66.449044	194.630218	84.917396
-66.720211	194.408640	85.265263
-66.843064	194.308281	85.422855
-66.971438	194.203477	85.587501
-67.105333	194.094228	85.759201
-67.244747	193.980533	85.937956
-67.389681	193.862393	86.123766
-67.540136	193.739808	86.316630
-67.696110	193.612777	86.516550
-67.857605	193.481301	86.723523
-68.024619	193.345379	86.937552
-68.197154	193.205013	87.158635
-68.375208	193.060201	87.386773
-68.558783	192.910944	87.621965
-68.747877	192.757242	87.864213
-68.942491	192.599094	88.113515
-69.142626	192.436502	88.369873
-69.348280	192.269464	88.633285
-69.559454	192.097981	88.903752
-69.776148	191.922054	89.181274
-69.998362	191.741681	89.465851
-70.226096	191.556863	89.757483
-70.459349	191.367600	90.056170
-70.698123	191.173892	90.361912
-70.942416	190.975739	90.674709
-71.192229	190.773141	90.994561
-71.447562	190.566099	91.321468
-71.708414	190.354611	91.655431
-71.974786	190.138679	91.996448
-72.246678	189.918302	92.344521
-72.369853	189.818478	92.502202
-72.498546	189.714209	92.666939
-72.632760	189.605496	92.838730
-72.772493	189.492338	93.017577
-72.917746	189.374735	93.203479
-73.068519	189.252687	93.396437
-73.224811	189.126195	93.596450
-73.386623	188.995258	93.803518
-73.553955	188.859876	94.017641
-73.726807	188.720049	94.238820
-73.905178	188.575778	94.467054
-74.089069	188.427061	94.702343
-74.278479	188.273901	94.944688
-74.473409	188.116295	95.194088
-74.673859	187.954245	95.450543
-74.879828	187.787750	95.714054
-75.091317	187.616811	95.984620
-75.308326	187.441427	96.262242
-75.530854	187.261598	96.546919
-75.758902	187.077324	96.838651
-75.992469	186.888606	97.137439
-76.231557	186.695444	97.443283
-76.476163	186.497836	97.756181
-76.726290	186.295785	98.076136
-76.981936	186.089288	98.403146
-77.243101	185.878347	98.737211
-77.509786	185.662962	99.078332
-77.781991	185.443132	99.426508
-77.905304	185.343551	99.584235
-78.034136	185.239526	99.749017
-78.168488	185.131057	99.920855
-78.308359	185.018143	100.099748
-78.453750	184.900785	100.285697
-78.604660	184.778982	100.478702
-78.761090	184.652734	100.678762
-78.923040	184.522042	100.885877
-79.090509	184.386906	101.100048
-79.263498	184.247325	101.321275
-79.442006	184.103299	101.549557
-79.626034	183.954830	101.784895
-79.815581	183.801915	102.027289
-80.010648	183.644556	102.276738
-80.211235	183.482753	102.533242
-80.417341	183.316505	102.796802
-80.628967	183.145813	103.067418
-80.846112	182.970676	103.345090
-81.068777	182.791095	103.629817
-81.296961	182.607070	103.921599
-81.530665	182.418600	104.220437
-81.769888	182.225685	104.526331
-82.014631	182.028326	104.839280
-82.264893	181.826523	105.159286
-82.520675	181.620275	105.486346
-82.781977	181.409583	105.820462
-83.048798	181.194447	106.161634
-83.321138	180.974866	106.509862
-83.444511	180.875396	106.667612
-83.573404	180.771482	106.832417
-83.707816	180.663124	107.004278
-83.847747	180.550321	107.183194
-83.993198	180.433074	107.369166
-84.144169	180.311382	107.562194
-84.300659	180.185246	107.762278
-84.462668	180.054666	107.969417
-84.630197	179.919641	108.183612
-84.803246	179.780172	108.404862
-84.981814	179.636259	108.633168
-85.165902	179.487901	108.868530
-85.355509	179.335098	109.110947
-85.550635	179.177852	109.360421
-85.751282	179.016161	109.616949
-85.957447	178.850026	109.880534
-86.169133	178.679446	110.151174
-86.386337	178.504422	110.428870
-86.609062	178.324953	110.713621
-86.837306	178.141041	111.005428
-87.071069	177.952684	111.304291
-87.310352	177.759882	111.610210
-87.555154	177.562636	111.923184
-87.805476	177.360946	112.243214
-88.061317	177.154812	112.570300
-88.322678	176.944233	112.904441
-88.589559	176.729210	113.245638
-88.861959	176.509742	113.593891
-88.985358	176.410323	113.751651
-89.114277	176.306459	113.916468
-89.248715	176.198152	114.088340
-89.388673	176.085399	114.267268
-89.534150	175.968203	114.453251
-89.685147	175.846562	114.646291
-89.841663	175.720477	114.846385
-90.003699	175.589947	115.053536
-90.171254	175.454973	115.267742
-90.344329	175.315555	115.489005
-90.522923	175.171693	115.717322
-90.707037	175.023386	115.952696
-90.896671	174.870635	116.195125
-91.091824	174.713439	116.444610
-91.292496	174.551799	116.701150
-91.498688	174.385715	116.964747
-91.710399	174.215187	117.235399
-91.927630	174.040214	117.513106
-92.150381	173.860797	117.797870
-92.378651	173.676936	118.089689
-92.612440	173.488630	118.388564
-92.851749	173.295880	118.694494
-93.096577	173.098686	119.007481
-93.346925	172.897047	119.327523
-93.602793	172.690964	119.654620
-93.864180	172.480437	119.988774
-94.131086	172.265465	120.329983
-94.403513	172.046049	120.678248
-94.526923	171.946653	120.836014
-94.655854	171.842812	121.000836
-94.790303	171.734528	121.172713
-94.930273	171.621798	121.351647
-95.075762	171.504625	121.537636
-95.226770	171.383007	121.730680
-95.383298	171.256945	121.930781
-95.545345	171.126439	122.137937
-95.712912	170.991488	122.352149
-95.885998	170.852093	122.573416
-96.064604	170.708254	122.801740
-96.248730	170.559970	123.037119
-96.438375	170.407242	123.279554
-96.633539	170.250070	123.529044
-96.834223	170.088453	123.785590
-97.040426	169.922393	124.049192
-97.252149	169.751887	124.319850
-97.469392	169.576938	124.597564
-97.692154	169.397544	124.882333
-97.920435	169.213706	125.174158
-98.154236	169.025424	125.473038
-98.393556	168.832698	125.778975
-98.638396	168.635527	126.091967
-98.888756	168.433912	126.412014
-99.144635	168.227852	126.739118
-99.406033	168.017349	127.073277
-99.672951	167.802400	127.414492
-99.945389	167.583008	127.762763
-100.068805	167.483622	127.920532
-100.197740	167.379792	128.085356
-100.332195	167.271518	128.257236
-100.472170	167.158799	128.436172
-100.617664	167.041636	128.622164
-100.768677	166.920029	128.815211
-100.925210	166.793977	129.015314
-101.087262	166.663481	129.222473
-101.254834	166.528541	129.436688
-101.427926	166.389157	129.657958
-101.606537	166.245328	129.886284
-101.790667	166.097055	130.121666
-101.980317	165.944338	130.364103
-102.175487	165.787176	130.613597
-102.376176	165.625570	130.870145
-102.582384	165.459520	131.133750
-102.794112	165.289026	131.404411
-103.011360	165.114087	131.682127
-103.234127	164.934704	131.966899
-103.462413	164.750877	132.258726
-103.696219	164.562605	132.557610
-103.935545	164.369889	132.863549
-104.180390	164.172729	133.176543
-104.430755	163.971125	133.496594
-104.686639	163.765076	133.823700
-104.948042	163.554583	134.157862
-105.214965	163.339646	134.499080
-105.487408	163.120264	134.847354
-105.610826	163.020883	135.005124
-105.739764	162.917058	135.169949
-105.874221	162.808788	135.341831
-106.014198	162.696074	135.520768
-106.159694	162.578916	135.706761
-106.310710	162.457313	135.899809
-106.467245	162.331267	136.099914
-106.629300	162.200776	136.307074
-106.796874	162.065840	136.521290
-106.969967	161.926461	136.742561
-107.148581	161.782637	136.970889
-107.332713	161.634369	137.206272
-107.522366	161.481656	137.448710
-107.717537	161.324499	137.698205
-107.918229	161.162898	137.954755
-108.124439	160.996853	138.218361
-108.336170	160.826363	138.489023
-108.553420	160.651430	138.766740
-108.776189	160.472051	139.051513
-109.004478	160.288229	139.343342
-109.238286	160.099962	139.642227
-109.477614	159.907251	139.948167
-109.722461	159.710096	140.261164
-109.972828	159.508496	140.581215
-110.228714	159.302453	140.908323
-110.490120	159.091964	141.242486
-110.757046	158.877032	141.583705
-111.029490	158.657655	141.931980
-111.152910	158.558277	142.089751
-111.281848	158.454453	142.254577
-111.416306	158.346186	142.426459
-111.556284	158.233474	142.605397
-111.701781	158.116318	142.791390
-111.852798	157.994718	142.984440
-112.009334	157.868673	143.184545
-112.171390	157.738184	143.391705
-112.338965	157.603251	143.605922
-112.512060	157.463874	143.827194
-112.690674	157.320052	144.055522
-112.874808	157.171786	144.290905
-113.064461	157.019076	144.533345
-113.259634	156.861921	144.782840
-113.460326	156.700323	145.039391
-113.666538	156.534280	145.302997
-113.878269	156.363792	145.573660
-114.095520	156.188860	145.851378
-114.318290	156.009485	146.136152
-114.546580	155.825664	146.427981
-114.780389	155.637400	146.726866
-115.019718	155.444691	147.032807
-115.264566	155.247538	147.345804
-115.514934	155.045941	147.665857
-115.770822	154.839899	147.992965
-116.032229	154.629413	148.327129
-116.299155	154.414483	148.668348
-116.571601	154.195109	149.016624
-116.695020	154.095731	149.174395
-116.823959	153.991909	149.339221
-116.958418	153.883642	149.511104
-117.098396	153.770931	149.690042
-117.243894	153.653776	149.876035
-117.394911	153.532177	150.069085
-117.551448	153.406133	150.269190
-117.713504	153.275646	150.476351
-117.881079	153.140713	150.690568
-118.054175	153.001337	150.911840
-118.232789	152.857516	151.140169
-118.416923	152.709251	151.375552
-118.606577	152.556542	151.617992
-118.801750	152.399389	151.867488
-119.002443	152.237791	152.124039
-119.208655	152.071749	152.387646
-119.420387	151.901262	152.658308
-119.637638	151.726332	152.936027
-119.860409	151.546957	153.220801
-120.088699	151.363138	153.512630
-120.322509	151.174874	153.811516
-120.561838	150.982166	154.117457
-120.806687	150.785014	154.430454
-121.057055	150.583418	154.750507
-121.312943	150.377378	155.077616
-121.574351	150.166893	155.411780
-121.841277	149.951964	155.753000
-122.113724	149.732590	156.101276
-122.237143	149.633213	156.259047
-122.366083	149.529391	156.423873
-122.500542	149.421125	156.595756
-122.640520	149.308415	156.774694
-122.786018	149.191260	156.960688
-122.937035	149.069661	157.153737
-123.093572	148.943618	157.353843
-123.255628	148.813131	157.561004
-123.423204	148.678199	157.775221
-123.596299	148.538823	157.996493
-123.774914	148.395003	158.224822
-123.959049	148.246738	158.460206
-124.148703	148.094030	158.702646
-124.343876	147.936877	158.952141
-124.544569	147.775279	159.208692
-124.750781	147.609238	159.472299
-124.962513	147.438752	159.742962
-125.179765	147.263822	160.020681
-125.402536	147.084447	160.305455
-125.630826	146.900628	160.597285
-125.864636	146.712365	160.896170
-126.103966	146.519658	161.202112
-126.348815	146.322506	161.515109
-126.599183	146.120911	161.835162
-126.855071	145.914871	162.162271
-127.116479	145.704386	162.496435
-127.383406	145.489457	162.837655
-127.655852	145.270084	163.185931
-127.779272	145.170707	163.343702
-127.908211	145.066886	163.508529
-128.042670	144.958620	163.680411
-128.182649	144.845910	163.859350
-128.328147	144.728756	164.045343
-128.479164	144.607157	164.238393
-128.635701	144.481114	164.438499
-128.797757	144.350627	164.645660
-128.965333	144.215695	164.859877
-129.138429	144.076320	165.081149
-129.317044	143.932500	165.309478
-129.501178	143.784235	165.544862
-129.690832	143.631527	165.787302
-129.886006	143.474374	166.036797
-130.086699	143.312777	166.293349
-130.292911	143.146735	166.556956
-130.504643	142.976250	166.827619
-130.721895	142.801320	167.105337
-130.944666	142.621945	167.390111
-131.172956	142.438127	167.681941
-131.406766	142.249864	167.980827
-131.646096	142.057157	168.286769
-131.890945	141.860006	168.599766
-132.141314	141.658410	168.919819
-132.397202	141.452370	169.246928
-132.658609	141.241886	169.581092
-132.925536	141.026958	169.922312
-133.197983	140.807585	170.270588
-133.321403	140.708208	170.428359
-133.450342	140.604386	170.593186
-133.584801	140.496121	170.765069
-133.724780	140.383411	170.944007
-133.870278	140.266256	171.130001
-134.021295	140.144658	171.323051
-134.177832	140.018615	171.523156
-134.339889	139.888128	171.730317
-134.507465	139.753196	171.944534
-134.680560	139.613821	172.165807
-134.859175	139.470001	172.394135
-135.043310	139.321737	172.629519
-135.232964	139.169028	172.871959
-135.428137	139.011875	173.121455
-135.628830	138.850278	173.378006
-135.835043	138.684237	173.641613
-136.046775	138.513752	173.912276
-136.264027	138.338822	174.189995
-136.486798	138.159448	174.474769
-136.715088	137.975629	174.766599
-136.948898	137.787366	175.065485
-137.188228	137.594659	175.371427
-137.433077	137.397508	175.684424
-137.683446	137.195913	176.004477
-137.939334	136.989873	176.331586
-138.200741	136.779389	176.665750
-138.467669	136.564460	177.006970
-138.740115	136.345088	177.355246
-138.863535	136.245711	177.513017
-138.992475	136.141889	177.677844
-139.126934	136.033624	177.849727
-139.266912	135.920914	178.028665
-139.412410	135.803759	178.214659
-139.563428	135.682161	178.407709
-139.719964	135.556118	178.607814
-139.882021	135.425631	178.814975
-140.049597	135.290700	179.029192
-140.222693	135.151324	179.250465
-140.401308	135.007504	179.478793
-140.585442	134.859240	179.714178
-140.775096	134.706532	179.956618
-140.970270	134.549379	180.206113
-141.170963	134.387782	180.462665
-141.377175	134.221741	180.726272
-141.588907	134.051255	180.996935
-141.806159	133.876325	181.274653
-142.028930	133.696951	181.559427
-142.257221	133.513133	181.851258
-142.491031	133.324870	182.150143
-142.730360	133.132163	182.456085
-142.975210	132.935012	182.769082
-143.225578	132.733417	183.089135
-143.481466	132.527377	183.416244
-143.742874	132.316893	183.750408
-144.009801	132.101965	184.091629
-144.282248	131.882592	184.439905
-144.405668	131.783215	184.597676
-144.534607	131.679394	184.762502
-144.669066	131.571128	184.934385
-144.809045	131.458418	185.113323
-144.954543	131.341264	185.299317
-145.105560	131.219665	185.492367
-145.262097	131.093623	185.692473
-145.424154	130.963136	185.899634
-145.591730	130.828204	186.113851
-145.764825	130.688829	186.335123
-145.943440	130.545009	186.563452
-146.127575	130.396745	186.798836
-146.317229	130.244036	187.041276
-146.512402	130.086884	187.290772
-146.713095	129.925287	187.547323
-146.919308	129.759245	187.810930
-147.131040	129.588760	188.081593
-147.348292	129.413830	188.359312
-147.571063	129.234456	188.644086
-147.799353	129.050638	188.935916
-148.033164	128.862375	189.234802
-148.272493	128.669668	189.540743
-148.517342	128.472517	189.853741
-148.767711	128.270921	190.173794
-149.023599	128.064882	190.500902
-149.285007	127.854398	190.835067
-149.551934	127.639469	191.176287
-149.824381	127.420097	191.524563
-149.947801	127.320720	191.682334
-150.076740	127.216898	191.847161
-150.211199	127.108633	192.019044
-150.351178	126.995923	192.197982
-150.496676	126.878769	192.383976
-150.647693	126.757170	192.577026
-150.804230	126.631128	192.777131
-150.966287	126.500640	192.984292
-151.133863	126.365709	193.198509
-151.306958	126.226334	193.419782
-151.485573	126.082514	193.648111
-151.669708	125.934250	193.883495
-151.859362	125.781541	194.125935
-152.054535	125.624389	194.375430
-152.255228	125.462792	194.631982
-152.461441	125.296750	194.895589
-152.673173	125.126265	195.166252
-152.890425	124.951335	195.443970
-153.113196	124.771961	195.728745
-153.341486	124.588143	196.020575
-153.575297	124.399880	196.319461
-153.814626	124.207173	196.625402
-154.059475	124.010022	196.938399
-154.309844	123.808427	197.258452
-154.565732	123.602387	197.585561
-154.827140	123.391903	197.919726
-155.094067	123.176974	198.260946
-155.366514	122.957602	198.609222
-155.489934	122.858225	198.766993
-155.618873	122.754404	198.931820
-155.753332	122.646138	199.103702
-155.893310	122.533428	199.282641
-156.038808	122.416274	199.468635
-156.189826	122.294675	199.661684
-156.346363	122.168633	199.861790
-156.508420	122.038146	200.068951
-156.675996	121.903214	200.283168
-156.849091	121.763839	200.504441
-157.027706	121.620019	200.732769
-157.211841	121.471755	200.968153
-157.401495	121.319046	201.210593
-157.596668	121.161894	201.460089
-157.797361	121.000297	201.716640
-158.003574	120.834256	201.980248
-158.215306	120.663770	202.250910
-158.432558	120.488840	202.528629
-158.655329	120.309466	202.813403
-158.883619	120.125648	203.105233
-159.117429	119.937385	203.404119
-159.356759	119.744678	203.710061
-159.601608	119.547527	204.023058
-159.851977	119.345932	204.343111
-160.107865	119.139892	204.670220
-160.369273	118.929408	205.004384
-160.636200	118.714480	205.345605
-160.908647	118.495107	205.693881
-161.032067	118.395730	205.851652
-161.161006	118.291909	206.016478
-161.295465	118.183643	206.188361
-161.435443	118.070933	206.367299
-161.580941	117.953779	206.553293
-161.731959	117.832181	206.746343
-161.888496	117.706138	206.946449
-162.050553	117.575651	207.153610
-162.218129	117.440720	207.367827
-162.391224	117.301344	207.589099
-162.569839	117.157524	207.817428
-162.753974	117.009260	208.052812
-162.943628	116.856552	208.295252
-163.138801	116.699399	208.544748
-163.339494	116.537802	208.801299
-163.545707	116.371761	209.064906
-163.757439	116.201275	209.335569
-163.974691	116.026345	209.613288
-164.197462	115.846971	209.898062
-164.425752	115.663153	210.189892
-164.659562	115.474890	210.488778
-164.898892	115.282184	210.794719
-165.143741	115.085032	211.107717
-165.394110	114.883437	211.427770
-165.649998	114.677397	211.754879
-165.911406	114.466913	212.089043
-166.178333	114.251985	212.430263
-166.450780	114.032612	212.778539
-166.574200	113.933235	212.936310
-166.703139	113.829414	213.101137
-166.837598	113.721148	213.273020
-166.977576	113.608438	213.451958
-167.123074	113.491284	213.637952
-167.274092	113.369686	213.831002
-167.430629	113.243643	214.031107
-167.592686	113.113156	214.238269
-167.760262	112.978225	214.452486
-167.933357	112.838849	214.673758
-168.111972	112.695029	214.902087
-168.296107	112.546765	215.137471
-168.485761	112.394057	215.379911
-168.680934	112.236904	215.629406
-168.881627	112.075307	215.885958
-169.087840	111.909266	216.149565
-169.299572	111.738781	216.420228
-169.516824	111.563851	216.697946
-169.739595	111.384477	216.982721
-169.967885	111.200658	217.274551
-170.201696	111.012396	217.573437
-170.441025	110.819689	217.879378
-170.685874	110.622538	218.192376
-170.936243	110.420942	218.512429
-171.192131	110.214902	218.839537
-171.453539	110.004418	219.173702
-171.720466	109.789490	219.514922
-171.992913	109.570118	219.863198
-172.116333	109.470741	220.020969
-172.245272	109.366919	220.185796
-172.379731	109.258654	220.357678
-172.519710	109.145944	220.536617
-172.665208	109.028790	220.722611
-172.816225	108.907191	220.915661
-172.972762	108.781148	221.115766
-173.134819	108.650661	221.322927
-173.302395	108.515730	221.537144
-173.475490	108.376355	221.758417
-173.654105	108.232535	221.986745
-173.838240	108.084271	222.222130
-174.027894	107.931562	222.464570
-174.223067	107.774409	222.714065
-174.423760	107.612813	222.970617
-174.629973	107.446771	223.234224
-174.841705	107.276286	223.504887
-175.058957	107.101356	223.782605
-175.281728	106.921982	224.067380
-175.510018	106.738164	224.359210
-175.743829	106.549901	224.658095
-175.983158	106.357194	224.964037
-176.228007	106.160043	225.277034
-176.478376	105.958448	225.597087
-176.734264	105.752408	225.924196
-176.995672	105.541924	226.258361
-177.262599	105.326995	226.599581
-177.535046	105.107623	226.947857
-177.658466	105.008246	227.105628
-177.787405	104.904425	227.270455
-177.921864	104.796159	227.442337
-178.061843	104.683449	227.621275
-178.207341	104.566295	227.807270
-178.358358	104.444696	228.000319
-178.514895	104.318654	228.200425
-178.676952	104.188167	228.407586
-178.844528	104.053235	228.621803
-179.017623	103.913860	228.843076
-179.196238	103.770040	229.071404
-179.380373	103.621776	229.306788
-179.570027	103.469067	229.549228
-179.765200	103.311915	229.798724
-179.965893	103.150318	230.055275
-180.172106	102.984277	230.318882
-180.383838	102.813791	230.589545
-180.601090	102.638861	230.867264
-180.823861	102.459487	231.152038
-181.052151	102.275669	231.443868
-181.285962	102.087406	231.742754
-181.525291	101.894699	232.048696
-181.770140	101.697548	232.361693
-182.020509	101.495953	232.681746
-182.276397	101.289913	233.008855
-182.537805	101.079429	233.343019
-182.804732	100.864501	233.684240
-183.077179	100.645128	234.032516
-183.200599	100.545751	234.190287
-183.329538	100.441930	234.355113
-183.463997	100.333664	234.526996
-183.603976	100.220954	234.705934
-183.749474	100.103800	234.891928
-183.900491	99.982202	235.084978
-184.057028	99.856159	235.285084
-184.219085	99.725672	235.492245
-184.386661	99.590741	235.706462
-184.559756	99.451365	235.927734
-184.738371	99.307545	236.156063
-184.922506	99.159281	236.391447
-185.112160	99.006573	236.633887
-185.307333	98.849420	236.883383
-185.508026	98.687823	237.139934
-185.714239	98.521782	237.403541
-185.925971	98.351296	237.674204
-186.143223	98.176367	237.951923
-186.365994	97.996993	238.236697
-186.594284	97.813174	238.528527
-186.828095	97.624912	238.827413
-187.067424	97.432205	239.133354
-187.312273	97.235054	239.446352
-187.562642	97.033458	239.766405
-187.818530	96.827418	240.093514
-188.079938	96.616934	240.427678
-188.346865	96.402006	240.768898
-188.619312	96.182634	241.117174
-188.742732	96.083256	241.274945
-188.871671	95.979435	241.439772
-189.006130	95.871170	241.611655
-189.146109	95.758460	241.790593
-189.291607	95.641305	241.976587
-189.442624	95.519707	242.169637
-189.599161	95.393664	242.369742
-189.761218	95.263177	242.576903
-189.928794	95.128246	242.791120
-190.101889	94.988870	243.012393
-190.280504	94.845051	243.240722
-190.464639	94.696786	243.476106
-190.654293	94.544078	243.718546
-190.849466	94.386925	243.968041
-191.050159	94.225328	244.224593
-191.256372	94.059287	244.488200
-191.468104	93.888802	244.758863
-191.685356	93.713872	245.036581
-191.908127	93.534498	245.321356
-192.136417	93.350680	245.613186
-192.370228	93.162417	245.912072
-192.609557	92.969710	246.218013
-192.854406	92.772559	246.531010
-193.104775	92.570963	246.851064
-193.360663	92.364924	247.178172
-193.622071	92.154440	247.512337
-193.888998	91.939511	247.853557
-194.161445	91.720139	248.201833
-194.284865	91.620762	248.359604
-194.413804	91.516940	248.524431
-194.548263	91.408675	248.696313
-194.688242	91.295965	248.875252
-194.833740	91.178811	249.061246
-194.984757	91.057212	249.254296
-195.141294	90.931170	249.454401
-195.303351	90.800683	249.661562
-195.470927	90.665751	249.875779
-195.644022	90.526376	250.097052
-195.822637	90.382556	250.325380
-196.006772	90.234292	250.560765
-196.196426	90.081583	250.803204
-196.391599	89.924431	251.052700
-196.592293	89.762834	251.309252
-196.798505	89.596792	251.572859
-197.010237	89.426307	251.843522
-197.227489	89.251377	252.121240
-197.450260	89.072003	252.406014
-197.678551	88.888185	252.697845
-197.912361	88.699922	252.996730
-198.151690	88.507215	253.302672
-198.396539	88.310064	253.615669
-198.646908	88.108469	253.935722
-198.902796	87.902429	254.262831
-199.164204	87.691945	254.596996
-199.431131	87.477017	254.938216
-199.703578	87.257644	255.286492
-199.826998	87.158267	255.444263
-199.955937	87.054446	255.609090
-200.090396	86.946180	255.780972
-200.230375	86.833470	255.959910
-200.375873	86.716316	256.145904
-200.526890	86.594718	256.338954
-200.683427	86.468675	256.539060
-200.845484	86.338188	256.746221
-201.013060	86.203257	256.960438
-201.186155	86.063881	257.181711
-201.364770	85.920061	257.410039
-201.548905	85.771797	257.645423
-201.738559	85.619089	257.887863
-201.933732	85.461936	258.137359
-202.134426	85.300339	258.393910
-202.340638	85.134298	258.657517
-202.552370	84.963812	258.928180
-202.769622	84.788883	259.205899
-202.992393	84.609508	259.490673
-203.220684	84.425690	259.782503
-203.454494	84.237427	260.081389
-203.693823	84.044721	260.387331
-203.938672	83.847569	260.700328
-204.189041	83.645974	261.020381
-204.444929	83.439934	261.347490
-204.706337	83.229450	261.681654
-204.973264	83.014522	262.022874
-205.245711	82.795149	262.371150
-205.369131	82.695772	262.528922
-205.498070	82.591951	262.693748
-205.632529	82.483685	262.865631
-205.772508	82.370976	263.044569
-205.918006	82.253821	263.230563
-206.069023	82.132223	263.423613
-206.225560	82.006180	263.623718
-206.387617	81.875693	263.830880
-206.555193	81.740762	264.045097
-206.728288	81.601386	264.266369
-206.906903	81.457566	264.494698
-207.091038	81.309302	264.730082
-207.280692	81.156594	264.972522
-207.475865	80.999441	265.222018
-207.676559	80.837844	265.478569
-207.882771	80.671803	265.742176
-208.094503	80.501318	266.012839
-208.311755	80.326388	266.290558
-208.534526	80.147014	266.575332
-208.762817	79.963195	266.867162
-208.996627	79.774933	267.166048
-209.235956	79.582226	267.471989
-209.480805	79.385075	267.784987
-209.731174	79.183479	268.105040
-209.987062	78.977440	268.432148
-210.248470	78.766956	268.766313
-210.515397	78.552027	269.107533
-210.787844	78.332655	269.455809
-210.911264	78.233278	269.613580
-211.040203	78.129456	269.778407
-211.174662	78.021191	269.950290
-211.314641	77.908481	270.129228
-211.460139	77.791327	270.315222
-211.611156	77.669728	270.508272
-211.767693	77.543685	270.708377
-211.929750	77.413198	270.915538
-212.097326	77.278267	271.129755
-212.270421	77.138892	271.351028
-212.449036	76.995072	271.579357
-212.633171	76.846808	271.814741
-212.822825	76.694099	272.057181
-213.017999	76.536947	272.306676
