-2.641352	216.975845	-34.767741
-2.631989	216.891231	-34.816639
-2.623310	216.802392	-34.874574
-2.615310	216.709326	-34.941546
-2.607987	216.612037	-35.017557
-2.601337	216.510523	-35.102608
-2.595357	216.404788	-35.196698
-2.590044	216.294830	-35.299830
-2.585394	216.180653	-35.412002
-2.581405	216.062255	-35.533217
-2.578072	215.939639	-35.663475
-2.575393	215.812806	-35.802776
-2.573365	215.681756	-35.951121
-2.571984	215.546491	-36.108511
-2.571247	215.407011	-36.274947
-2.571151	215.263318	-36.450429
-2.571694	215.115412	-36.634958
-2.572872	214.963295	-36.828535
-2.574682	214.806967	-37.031160
-2.577121	214.646430	-37.242834
-2.580186	214.481684	-37.463558
-2.583875	214.312731	-37.693332
-2.588184	214.139571	-37.932157
-2.593111	213.962206	-38.180034
-2.598652	213.780637	-38.436963
-2.604806	213.594864	-38.702945
-2.611569	213.404889	-38.977981
-2.618938	213.210712	-39.262071
-2.626912	213.012335	-39.555216
-2.635487	212.809758	-39.857416
-2.644660	212.602984	-40.168673
-2.654430	212.392012	-40.488987
-2.664794	212.176843	-40.818358
-2.675750	211.957480	-41.156788
-2.687294	211.733922	-41.504276
-2.699424	211.506171	-41.860823
-2.712139	211.274228	-42.226431
-2.725436	211.038093	-42.601099
-2.739313	210.797769	-42.984829
-2.753767	210.553255	-43.377620
-2.768797	210.304554	-43.779474
-2.784399	210.051665	-44.190391
-2.800573	209.794591	-44.610372
-2.808022	209.678359	-44.801251
-2.816039	209.557942	-45.001194
-2.824623	209.433341	-45.210202
-2.833773	209.304557	-45.428275
-2.843489	209.171590	-45.655414
-2.853770	209.034441	-45.891618
-2.864614	208.893109	-46.136889
-2.876021	208.747596	-46.391225
-2.887991	208.597901	-46.654629
-2.900521	208.444026	-46.927099
-2.913613	208.285970	-47.208636
-2.927263	208.123735	-47.499240
-2.941473	207.957320	-47.798912
-2.956240	207.786727	-48.107652
-2.971565	207.611955	-48.425460
-2.987446	207.433005	-48.752336
-3.003883	207.249878	-49.088281
-3.020875	207.062574	-49.433295
-3.038421	206.871093	-49.787378
-3.056521	206.675437	-50.150530
-3.075173	206.475605	-50.522752
-3.094377	206.271598	-50.904045
-3.114133	206.063416	-51.294407
-3.134440	205.851060	-51.693840
-3.155296	205.634531	-52.102343
-3.176702	205.413829	-52.519918
-3.198656	205.188954	-52.946564
-3.221159	204.959906	-53.382281
-3.231411	204.856179	-53.580108
-3.242210	204.748280	-53.787007
-3.253555	204.636209	-54.002978
-3.265448	204.519968	-54.228021
-3.277886	204.399556	-54.462136
-3.290871	204.274973	-54.705324
-3.304402	204.146220	-54.957584
-3.318478	204.013296	-55.218916
-3.333099	203.876203	-55.489322
-3.348265	203.734940	-55.768800
-3.363976	203.589508	-56.057351
-3.380231	203.439906	-56.354976
-3.397031	203.286135	-56.661673
-3.414375	203.128195	-56.977444
-3.432262	202.966087	-57.302288
-3.450693	202.799810	-57.636206
-3.469667	202.629365	-57.979197
-3.489184	202.454752	-58.331262
-3.509244	202.275971	-58.692401
-3.529846	202.093023	-59.062614
-3.550990	201.905908	-59.441901
-3.572677	201.714625	-59.830262
-3.594906	201.519176	-60.227698
-3.617676	201.319559	-60.634208
-3.640988	201.115777	-61.049793
-3.664841	200.907828	-61.474452
-3.689234	200.695713	-61.908186
-3.714169	200.479433	-62.350995
-3.725484	200.381519	-62.551706
-3.737340	200.279439	-62.761492
-3.749736	200.173194	-62.980353
-3.762672	200.062784	-63.208289
-3.776149	199.948208	-63.445300
-3.790166	199.829468	-63.691387
-3.804723	199.706563	-63.946548
-3.819820	199.579492	-64.210786
-3.835456	199.448258	-64.484098
-3.851633	199.312858	-64.766487
-3.868349	199.173294	-65.057950
-3.885605	199.029565	-65.358490
-3.903400	198.881673	-65.668105
-3.921735	198.729616	-65.986795
-3.940609	198.573394	-66.314562
-3.960023	198.413009	-66.651404
-3.979976	198.248460	-66.997322
-4.000468	198.079747	-67.352316
-4.021499	197.906871	-67.716386
-4.043069	197.729830	-68.089532
-4.065178	197.548626	-68.471754
-4.087826	197.363259	-68.863052
-4.111012	197.173729	-69.263426
-4.134738	196.980035	-69.672876
-4.159002	196.782178	-70.091403
-4.183804	196.580158	-70.519006
-4.209145	196.373976	-70.955685
-4.235024	196.163630	-71.401441
-4.246755	196.068379	-71.603405
-4.259024	195.968966	-71.814447
-4.271831	195.865390	-72.034564
-4.285177	195.757652	-72.263758
-4.299060	195.645751	-72.502029
-4.313482	195.529687	-72.749376
-4.328442	195.409461	-73.005800
-4.343941	195.285073	-73.271301
-4.359977	195.156523	-73.545878
-4.376551	195.023810	-73.829532
-4.393664	194.886935	-74.122262
-4.411314	194.745898	-74.424069
-4.429503	194.600698	-74.734953
-4.448229	194.451337	-75.054914
-4.467494	194.297813	-75.383952
-4.487296	194.140128	-75.722066
-4.507636	193.978281	-76.069257
-4.528514	193.812271	-76.425525
-4.549930	193.642100	-76.790870
-4.571884	193.467767	-77.165292
-4.594376	193.289272	-77.548790
-4.617405	193.106616	-77.941366
-4.640972	192.919798	-78.343019
-4.665077	192.728818	-78.753748
-4.689719	192.533677	-79.173555
-4.714899	192.334374	-79.602439
-4.740617	192.130910	-80.040399
-4.766873	191.923284	-80.487437
-4.778769	191.829247	-80.689960
-4.791203	191.731049	-80.901560
-4.804175	191.628689	-81.122237
-4.817684	191.522168	-81.351991
-4.831731	191.411486	-81.590823
-4.846315	191.296642	-81.838731
-4.861437	191.177637	-82.095717
-4.877097	191.054471	-82.361780
-4.893294	190.927144	-82.636920
-4.910028	190.795655	-82.921137
-4.927300	190.660006	-83.214432
-4.945109	190.520195	-83.516804
-4.963456	190.376223	-83.828253
-4.982340	190.228090	-84.148779
-5.001762	190.075796	-84.478382
-5.021721	189.919341	-84.817063
-5.042218	189.758725	-85.164821
-5.063252	189.593948	-85.521657
-5.084824	189.425009	-85.887569
-5.106932	189.251910	-86.262559
-5.129579	189.074650	-86.646627
-5.152762	188.893229	-87.039771
-5.176484	188.707648	-87.441993
-5.200742	188.517905	-87.853292
-5.225538	188.324001	-88.273669
-5.250871	188.125937	-88.703123
-5.276741	187.923712	-89.141655
-5.303149	187.717326	-89.589263
-5.315113	187.623840	-89.792038
-5.327614	187.526194	-90.003889
-5.340653	187.424388	-90.224818
-5.354229	187.318420	-90.454825
-5.368342	187.208292	-90.693908
-5.382993	187.094003	-90.942070
-5.398181	186.975553	-91.199308
-5.413906	186.852943	-91.465625
-5.430168	186.726172	-91.741018
-5.446968	186.595240	-92.025489
-5.464305	186.460148	-92.319038
-5.482180	186.320895	-92.621664
-5.500591	186.177481	-92.933367
-5.519540	186.029907	-93.254148
-5.539026	185.878172	-93.584006
-5.559050	185.722276	-93.922942
-5.579610	185.562220	-94.270956
-5.600708	185.398003	-94.628046
-5.622344	185.229626	-94.994215
-5.644516	185.057088	-95.369461
-5.667226	184.880390	-95.753784
-5.690473	184.699531	-96.147185
-5.714257	184.514511	-96.549663
-5.738579	184.325331	-96.961219
-5.763438	184.131991	-97.381852
-5.788834	183.934490	-97.811563
-5.814767	183.732828	-98.250352
-5.841238	183.527006	-98.698218
-5.853229	183.433771	-98.901106
-5.865758	183.336376	-99.113071
-5.878825	183.234821	-99.334114
-5.892428	183.129105	-99.564235
-5.906569	183.019228	-99.803433
-5.921247	182.905191	-100.051709
-5.936462	182.786994	-100.309062
-5.952214	182.664636	-100.575493
-5.968504	182.538118	-100.851001
-5.985330	182.407439	-101.135587
-6.002694	182.272600	-101.429250
-6.020596	182.133601	-101.731992
-6.039034	181.990441	-102.043810
-6.058010	181.843120	-102.364706
-6.077523	181.691640	-102.694680
-6.097573	181.535998	-103.033731
-6.118160	181.376197	-103.381860
-6.139285	181.212235	-103.739067
-6.160946	181.044112	-104.105351
-6.183145	180.871830	-104.480713
-6.205881	180.695386	-104.865152
-6.229155	180.514783	-105.258669
-6.252965	180.330019	-105.661263
-6.277313	180.141095	-106.072935
-6.302198	179.948010	-106.493685
-6.327620	179.750765	-106.923512
-6.353580	179.549360	-107.362417
-6.380076	179.343794	-107.810399
-6.392080	179.250673	-108.013339
-6.404620	179.153392	-108.225356
-6.417698	179.051951	-108.446451
-6.431313	178.946349	-108.676623
-6.445465	178.836587	-108.915873
-6.460154	178.722665	-109.164201
-6.475381	178.604582	-109.421606
-6.491144	178.482339	-109.688089
-6.507445	178.355936	-109.963649
-6.524283	178.225372	-110.248287
-6.541659	178.090648	-110.542003
-6.559571	177.951764	-110.844796
-6.578021	177.808719	-111.156667
-6.597008	177.661514	-111.477616
-6.616532	177.510149	-111.807642
-6.636593	177.354623	-112.146746
-6.657191	177.194937	-112.494927
-6.678327	177.031091	-112.852186
-6.700000	176.863085	-113.218523
-6.722210	176.690918	-113.593937
-6.744957	176.514591	-113.978429
-6.768241	176.334103	-114.371998
-6.792063	176.149455	-114.774646
-6.816422	175.960647	-115.186370
-6.841318	175.767679	-115.607173
-6.866751	175.570550	-116.037053
-6.892721	175.369262	-116.476011
-6.919229	175.163812	-116.924046
-6.931237	175.070743	-117.127009
-6.943782	174.973514	-117.339050
-6.956865	174.872125	-117.560168
-6.970485	174.766575	-117.790364
-6.984642	174.656865	-118.029637
-6.999336	174.542995	-118.277989
-7.014567	174.424964	-118.535417
-7.030335	174.302774	-118.801924
-7.046641	174.176422	-119.077508
-7.063484	174.045911	-119.362170
-7.080864	173.911239	-119.655909
-7.098781	173.772407	-119.958726
-7.117235	173.629415	-120.270621
-7.136227	173.482263	-120.591593
-7.155756	173.330950	-120.921643
-7.175822	173.175477	-121.260771
-7.196425	173.015844	-121.608976
-7.217565	172.852050	-121.966259
-7.239243	172.684096	-122.332619
-7.261457	172.511982	-122.708058
-7.284209	172.335708	-123.092573
-7.307498	172.155273	-123.486167
-7.331325	171.970678	-123.888838
-7.355688	171.781923	-124.300587
-7.380589	171.589008	-124.721413
-7.406026	171.391932	-125.151317
-7.432001	171.190696	-125.590299
-7.458514	170.985300	-126.038358
-7.470524	170.892254	-126.241332
-7.483071	170.795049	-126.453383
-7.496156	170.693683	-126.674512
-7.509778	170.588157	-126.904719
-7.523936	170.478471	-127.144003
-7.538633	170.364624	-127.392365
-7.553866	170.246617	-127.649805
-7.569636	170.124450	-127.916322
-7.585944	169.998123	-128.191917
-7.602789	169.867635	-128.476589
-7.620171	169.732987	-128.770340
-7.638090	169.594179	-129.073167
-7.656547	169.451211	-129.385073
-7.675540	169.304082	-129.706056
-7.695071	169.152793	-130.036117
-7.715139	168.997344	-130.375255
-7.735744	168.837735	-130.723471
-7.756886	168.673965	-131.080765
-7.778566	168.506035	-131.447137
-7.800783	168.333945	-131.822586
-7.823536	168.157695	-132.207112
-7.846827	167.977284	-132.600717
-7.870656	167.792713	-133.003399
-7.895021	167.603982	-133.415158
-7.919924	167.411091	-133.835996
-7.945363	167.214039	-134.265911
-7.971340	167.012827	-134.704903
-7.997855	166.807455	-135.152974
-8.009866	166.714421	-135.355952
-8.022414	166.617226	-135.568008
-8.035499	166.515871	-135.789142
-8.049122	166.410355	-136.019354
-8.063282	166.300680	-136.258643
-8.077979	166.186844	-136.507010
-8.093213	166.068848	-136.764454
-8.108984	165.946691	-137.030976
-8.125293	165.820375	-137.306576
-8.142138	165.689898	-137.591254
-8.159521	165.555261	-137.885009
-8.177441	165.416464	-138.187841
-8.195899	165.273506	-138.499752
-8.214893	165.126389	-138.820740
-8.234425	164.975111	-139.150806
-8.254494	164.819672	-139.489949
-8.275100	164.660074	-139.838170
-8.296243	164.496315	-140.195469
-8.317923	164.328396	-140.561845
-8.340141	164.156317	-140.937299
-8.362895	163.980077	-141.321831
-8.386187	163.799678	-141.715440
-8.410016	163.615118	-142.118127
-8.434383	163.426398	-142.529892
-8.459286	163.233517	-142.950734
-8.484727	163.036477	-143.380654
-8.510704	162.835276	-143.819652
-8.537219	162.629915	-144.267727
-8.549231	162.536885	-144.470708
-8.561779	162.439695	-144.682766
-8.574865	162.338345	-144.903902
-8.588488	162.232834	-145.134116
-8.602648	162.123164	-145.373407
-8.617346	162.009333	-145.621776
-8.632580	161.891342	-145.879223
-8.648352	161.769190	-146.145747
-8.664661	161.642879	-146.421349
-8.681507	161.512407	-146.706029
-8.698890	161.377775	-146.999786
-8.716811	161.238982	-147.302621
-8.735268	161.096030	-147.614534
-8.754263	160.948917	-147.935524
-8.773795	160.797644	-148.265592
-8.793864	160.642210	-148.604738
-8.814471	160.482617	-148.952961
-8.835614	160.318863	-149.310262
-8.857295	160.150949	-149.676641
-8.879513	159.978875	-150.052097
-8.902268	159.802640	-150.436631
-8.925560	159.622246	-150.830243
-8.949390	159.437691	-151.232932
-8.973756	159.248976	-151.644699
-8.998660	159.056100	-152.065543
-9.024101	158.859065	-152.495466
-9.050079	158.657869	-152.934465
-9.076595	158.452513	-153.382543
-9.088606	158.359485	-153.585525
-9.101155	158.262297	-153.797584
-9.114241	158.160949	-154.018721
-9.127864	158.055441	-154.248936
-9.142024	157.945773	-154.488228
-9.156722	157.831944	-154.736599
-9.171957	157.713955	-154.994046
-9.187729	157.591806	-155.260572
-9.204038	157.465497	-155.536175
-9.220884	157.335027	-155.820855
-9.238267	157.200397	-156.114614
-9.256188	157.061607	-156.417450
-9.274646	156.918657	-156.729364
-9.293641	156.771546	-157.050355
-9.313173	156.620275	-157.380424
-9.333242	156.464844	-157.719571
-9.353849	156.305253	-158.067795
-9.374992	156.141502	-158.425097
-9.396673	155.973590	-158.791476
-9.418891	155.801518	-159.166934
-9.441646	155.625286	-159.551469
-9.464939	155.444893	-159.945081
-9.488768	155.260340	-160.347772
-9.513135	155.071628	-160.759539
-9.538039	154.878754	-161.180385
-9.563480	154.681721	-161.610308
-9.589459	154.480527	-162.049309
-9.615974	154.275174	-162.497388
-9.627986	154.182147	-162.700370
-9.640535	154.084960	-162.912430
-9.653621	153.983613	-163.133567
-9.667244	153.878106	-163.363783
-9.681404	153.768439	-163.603076
-9.696102	153.654611	-163.851446
-9.711337	153.536623	-164.108894
-9.727109	153.414475	-164.375420
-9.743418	153.288167	-164.651024
-9.760264	153.157698	-164.935705
-9.777648	153.023069	-165.229464
-9.795568	152.884280	-165.532300
-9.814026	152.741331	-165.844214
-9.833021	152.594221	-166.165206
-9.852553	152.442952	-166.495276
-9.872623	152.287522	-166.834423
-9.893229	152.127931	-167.182648
-9.914373	151.964181	-167.539950
-9.936054	151.796270	-167.906330
-9.958272	151.624199	-168.281788
-9.981028	151.447968	-168.666323
-10.004320	151.267577	-169.059936
-10.028150	151.083025	-169.462627
-10.052516	150.894313	-169.874395
-10.077421	150.701441	-170.295242
-10.102862	150.504409	-170.725165
-10.128840	150.303216	-171.164167
-10.155356	150.097863	-171.612246
-10.167367	150.004837	-171.815228
-10.179916	149.907651	-172.027288
-10.193002	149.806305	-172.248426
-10.206626	149.700798	-172.478641
-10.220786	149.591131	-172.717935
-10.235484	149.477304	-172.966305
-10.250718	149.359316	-173.223754
-10.266490	149.237169	-173.490280
-10.282800	149.110861	-173.765883
-10.299646	148.980393	-174.050565
-10.317029	148.845764	-174.344324
-10.334950	148.706976	-174.647161
-10.353408	148.564027	-174.959075
-10.372403	148.416918	-175.280067
-10.391935	148.265648	-175.610137
-10.412005	148.110219	-175.949284
-10.432611	147.950629	-176.297509
-10.453755	147.786879	-176.654812
-10.475436	147.618969	-177.021192
-10.497654	147.446899	-177.396650
-10.520410	147.270668	-177.781186
-10.543702	147.090277	-178.174799
-10.567532	146.905726	-178.577490
-10.591899	146.717014	-178.989258
-10.616803	146.524143	-179.410105
-10.642244	146.327111	-179.840029
-10.668222	146.125919	-180.279030
-10.694738	145.920566	-180.727110
-10.706750	145.827541	-180.930092
-10.719299	145.730355	-181.142152
-10.732385	145.629008	-181.363290
-10.746008	145.523502	-181.593506
-10.760168	145.413835	-181.832799
-10.774866	145.300008	-182.081170
-10.790101	145.182021	-182.338618
-10.805873	145.059873	-182.605144
-10.822182	144.933566	-182.880748
-10.839028	144.803098	-183.165430
-10.856412	144.668470	-183.459189
-10.874333	144.529681	-183.762026
-10.892791	144.386733	-184.073940
-10.911786	144.239624	-184.394932
-10.931318	144.088355	-184.725002
-10.951387	143.932925	-185.064149
-10.971994	143.773336	-185.412375
-10.993138	143.609586	-185.769677
-11.014819	143.441676	-186.136058
-11.037037	143.269606	-186.511516
-11.059792	143.093375	-186.896051
-11.083085	142.912985	-187.289665
-11.106915	142.728434	-187.692356
-11.131281	142.539722	-188.104125
-11.156185	142.346851	-188.524971
-11.181627	142.149819	-188.954895
-11.207605	141.948627	-189.393897
-11.234121	141.743275	-189.841976
-11.246133	141.650250	-190.044959
-11.258681	141.553064	-190.257019
-11.271768	141.451717	-190.478157
-11.285391	141.346211	-190.708372
-11.299551	141.236544	-190.947666
-11.314249	141.122718	-191.196037
-11.329484	141.004730	-191.453485
-11.345256	140.882583	-191.720011
-11.361565	140.756275	-191.995615
-11.378411	140.625808	-192.280297
-11.395795	140.491180	-192.574056
-11.413715	140.352391	-192.876893
-11.432173	140.209443	-193.188807
-11.451168	140.062334	-193.509799
-11.470701	139.911065	-193.839869
-11.490770	139.755636	-194.179017
-11.511377	139.596046	-194.527242
-11.532521	139.432297	-194.884545
-11.554202	139.264387	-195.250925
-11.576420	139.092317	-195.626383
-11.599175	138.916086	-196.010919
-11.622468	138.735696	-196.404532
-11.646297	138.551145	-196.807224
-11.670664	138.362434	-197.218992
-11.695568	138.169562	-197.639839
-11.721010	137.972531	-198.069763
-11.746988	137.771339	-198.508765
-11.773504	137.565987	-198.956844
-11.785515	137.472961	-199.159827
-11.798064	137.375775	-199.371887
-11.811150	137.274429	-199.593025
-11.824774	137.168923	-199.823240
-11.838934	137.059256	-200.062534
-11.853632	136.945429	-200.310904
-11.868867	136.827442	-200.568353
-11.884639	136.705295	-200.834879
-11.900948	136.578988	-201.110483
-11.917794	136.448520	-201.395165
-11.935178	136.313892	-201.688924
-11.953098	136.175104	-201.991761
-11.971556	136.032155	-202.303675
-11.990551	135.885046	-202.624668
-12.010084	135.733777	-202.954737
-12.030153	135.578348	-203.293885
-12.050760	135.418759	-203.642110
-12.071904	135.255009	-203.999413
-12.093585	135.087099	-204.365793
-12.115803	134.915029	-204.741251
-12.138558	134.738799	-205.125787
-12.161851	134.558408	-205.519401
-12.185680	134.373857	-205.922092
-12.210047	134.185146	-206.333861
-12.234951	133.992275	-206.754707
-12.260393	133.795244	-207.184631
-12.286371	133.594052	-207.623633
-12.312887	133.388700	-208.071712
-12.324898	133.295674	-208.274695
-12.337447	133.198488	-208.486755
-12.350533	133.097142	-208.707893
-12.364157	132.991636	-208.938109
-12.378317	132.881969	-209.177402
-12.393015	132.768143	-209.425773
-12.408250	132.650155	-209.683222
-12.424022	132.528008	-209.949748
-12.440331	132.401701	-210.225352
-12.457177	132.271233	-210.510033
-12.474561	132.136605	-210.803792
-12.492481	131.997817	-211.106629
-12.510939	131.854868	-211.418544
-12.529934	131.707760	-211.739536
-12.549467	131.556491	-212.069606
-12.569536	131.401061	-212.408753
-12.590143	131.241472	-212.756979
-12.611287	131.077722	-213.114281
-12.632968	130.909813	-213.480662
-12.655186	130.737743	-213.856120
-12.677941	130.561512	-214.240656
-12.701234	130.381122	-214.634269
-12.725063	130.196571	-215.036960
-12.749430	130.007860	-215.448729
-12.774334	129.814989	-215.869576
-12.799776	129.617957	-216.299500
-12.825754	129.416765	-216.738502
-12.852270	129.211413	-217.186581
-12.864281	129.118388	-217.389564
-12.876830	129.021202	-217.601624
-12.889916	128.919856	-217.822762
-12.903540	128.814349	-218.052977
-12.917700	128.704683	-218.292271
-12.932398	128.590856	-218.540642
-12.947633	128.472869	-218.798090
-12.963405	128.350722	-219.064616
-12.979714	128.224414	-219.340220
-12.996560	128.093947	-219.624902
-13.013944	127.959319	-219.918661
-13.031864	127.820530	-220.221498
-13.050322	127.677582	-220.533413
-13.069317	127.530473	-220.854405
-13.088850	127.379204	-221.184475
-13.108919	127.223775	-221.523622
-13.129526	127.064186	-221.871847
-13.150670	126.900436	-222.229150
-13.172351	126.732526	-222.595531
-13.194569	126.560456	-222.970989
-13.217324	126.384226	-223.355525
-13.240617	126.203835	-223.749138
-13.264446	126.019285	-224.151829
-13.288813	125.830574	-224.563598
-13.313717	125.637702	-224.984444
-13.339159	125.440671	-225.414369
-13.365137	125.239479	-225.853370
-13.391653	125.034127	-226.301450
-13.403664	124.941102	-226.504432
-13.416213	124.843916	-226.716493
-13.429299	124.742570	-226.937631
-13.442923	124.637063	-227.167846
-13.457083	124.527397	-227.407139
-13.471781	124.413570	-227.655510
-13.487016	124.295583	-227.912959
-13.502788	124.173436	-228.179485
-13.519097	124.047128	-228.455089
-13.535943	123.916660	-228.739771
-13.553327	123.782032	-229.033530
-13.571247	123.643244	-229.336367
-13.589705	123.500296	-229.648281
-13.608700	123.353187	-229.969274
-13.628233	123.201918	-230.299343
-13.648302	123.046489	-230.638491
-13.668909	122.886900	-230.986716
-13.690053	122.723150	-231.344019
-13.711734	122.555240	-231.710399
-13.733952	122.383170	-232.085858
-13.756707	122.206940	-232.470393
-13.780000	122.026549	-232.864007
-13.803829	121.841999	-233.266698
-13.828196	121.653288	-233.678467
-13.853100	121.460416	-234.099313
-13.878542	121.263385	-234.529237
-13.904520	121.062193	-234.968239
-13.931036	120.856841	-235.416319
-13.943047	120.763816	-235.619301
-13.955596	120.666630	-235.831361
-13.968682	120.565284	-236.052499
-13.982306	120.459777	-236.282715
-13.996466	120.350111	-236.522008
-14.011164	120.236284	-236.770379
-14.026399	120.118297	-237.027828
-14.042171	119.996150	-237.294354
-14.058480	119.869842	-237.569958
-14.075326	119.739374	-237.854640
-14.092710	119.604746	-238.148399
-14.110630	119.465958	-238.451236
-14.129088	119.323010	-238.763150
-14.148083	119.175901	-239.084142
-14.167616	119.024632	-239.414212
-14.187685	118.869203	-239.753360
-14.208292	118.709614	-240.101585
-14.229436	118.545864	-240.458888
-14.251117	118.377954	-240.825268
-14.273335	118.205884	-241.200726
-14.296090	118.029654	-241.585262
-14.319383	117.849263	-241.978876
-14.343212	117.664712	-242.381567
-14.367579	117.476001	-242.793336
-14.392483	117.283130	-243.214182
-14.417925	117.086099	-243.644106
-14.443903	116.884907	-244.083108
-14.470419	116.679555	-244.531187
-14.482430	116.586529	-244.734170
-14.494979	116.489344	-244.946230
-14.508065	116.387998	-245.167368
-14.521689	116.282491	-245.397584
-14.535849	116.172825	-245.636877
-14.550547	116.058998	-245.885248
-14.565782	115.941011	-246.142697
-14.581554	115.818863	-246.409223
-14.597863	115.692556	-246.684827
-14.614709	115.562088	-246.969508
-14.632093	115.427460	-247.263268
-14.650013	115.288672	-247.566105
-14.668471	115.145724	-247.878019
-14.687466	114.998615	-248.199011
-14.706999	114.847346	-248.529081
-14.727068	114.691917	-248.868229
-14.747675	114.532328	-249.216454
-14.768819	114.368578	-249.573757
-14.790500	114.200668	-249.940137
-14.812718	114.028598	-250.315595
-14.835473	113.852368	-250.700131
-14.858766	113.671977	-251.093745
-14.882595	113.487426	-251.496436
-14.906962	113.298715	-251.908205
-14.931866	113.105844	-252.329051
-14.957308	112.908813	-252.758975
-14.983286	112.707621	-253.197977
-15.009802	112.502269	-253.646056
-15.021813	112.409243	-253.849039
-15.034362	112.312058	-254.061099
-15.047448	112.210711	-254.282237
-15.061072	112.105205	-254.512453
-15.075232	111.995539	-254.751746
-15.089930	111.881712	-255.000117
-15.105165	111.763725	-255.257566
-15.120937	111.641577	-255.524092
-15.137246	111.515270	-255.799696
-15.154092	111.384802	-256.084377
-15.171476	111.250174	-256.378136
-15.189396	111.111386	-256.680973
-15.207854	110.968438	-256.992888
-15.226849	110.821329	-257.313880
-15.246382	110.670060	-257.643950
-15.266451	110.514631	-257.983097
-15.287058	110.355042	-258.331323
-15.308202	110.191292	-258.688626
-15.329883	110.023382	-259.055006
-15.352101	109.851312	-259.430464
-15.374856	109.675082	-259.815000
-15.398149	109.494691	-260.208613
-15.421978	109.310140	-260.611305
-15.446345	109.121429	-261.023073
-15.471249	108.928558	-261.443920
-15.496691	108.731527	-261.873844
-15.522669	108.530335	-262.312846
-15.549185	108.324983	-262.760925
-15.561196	108.231957	-262.963908
-15.573745	108.134772	-263.175968
-15.586831	108.033425	-263.397106
-15.600455	107.927919	-263.627322
-15.614615	107.818253	-263.866615
-15.629313	107.704426	-264.114986
-15.644548	107.586439	-264.372434
-15.660320	107.464291	-264.638961
-15.676629	107.337984	-264.914565
-15.693475	107.207516	-265.199246
-15.710859	107.072888	-265.493005
-15.728779	106.934100	-265.795842
-15.747237	106.791152	-266.107757
-15.766232	106.644043	-266.428749
-15.785765	106.492774	-266.758819
-15.805834	106.337345	-267.097966
-15.826441	106.177756	-267.446192
-15.847585	106.014006	-267.803494
-15.869266	105.846096	-268.169875
-15.891484	105.674026	-268.545333
-15.914239	105.497796	-268.929869
-15.937532	105.317405	-269.323482
-15.961361	105.132854	-269.726173
-15.985728	104.944143	-270.137942
-16.010632	104.751272	-270.558789
-16.036074	104.554241	-270.988713
-16.062052	104.353049	-271.427715
-16.088568	104.147697	-271.875794
-16.100579	104.054671	-272.078777
-16.113128	103.957486	-272.290837
-16.126214	103.856139	-272.511975
-16.139838	103.750633	-272.742191
-16.153998	103.640967	-272.981484
-16.168696	103.527140	-273.229855
-16.183931	103.409153	-273.487303
-16.199703	103.287005	-273.753830
-16.216012	103.160698	-274.029433
-16.232858	103.030230	-274.314115
-16.250242	102.895602	-274.607874
-16.268162	102.756814	-274.910711
-16.286620	102.613866	-275.222626
-16.305615	102.466757	-275.543618
-16.325148	102.315488	-275.873688
-16.345217	102.160059	-276.212835
-16.365824	102.000470	-276.561060
-16.386968	101.836720	-276.918363
-16.408649	101.668810	-277.284744
-16.430867	101.496740	-277.660202
-16.453622	101.320510	-278.044738
-16.476915	101.140119	-278.438351
-16.500744	100.955568	-278.841042
-16.525111	100.766857	-279.252811
-16.550015	100.573986	-279.673658
-16.575457	100.376955	-280.103582
-16.601435	100.175763	-280.542583
-16.627951	99.970411	-280.990663
-16.639962	99.877385	-281.193646
-16.652511	99.780200	-281.405706
-16.665597	99.678853	-281.626844
-16.679221	99.573347	-281.857059
-16.693381	99.463681	-282.096353
-16.708079	99.349854	-282.344724
-16.723314	99.231867	-282.602172
-16.739086	99.109719	-282.868698
-16.755395	98.983412	-283.144302
-16.772241	98.852944	-283.428984
-16.789625	98.718316	-283.722743
-16.807545	98.579528	-284.025580
-16.826003	98.436580	-284.337495
-16.844998	98.289471	-284.658487
-16.864531	98.138202	-284.988557
-16.884600	97.982773	-285.327704
-16.905207	97.823184	-285.675929
-16.926351	97.659434	-286.033232
-16.948032	97.491524	-286.399613
-16.970250	97.319454	-286.775071
-16.993005	97.143224	-287.159607
-17.016298	96.962833	-287.553220
-17.040127	96.778282	-287.955911
-17.064494	96.589571	-288.367680
-17.089398	96.396700	-288.788526
-17.114840	96.199669	-289.218451
-17.140818	95.998477	-289.657452
-17.167334	95.793125	-290.105532
-17.179345	95.700099	-290.308514
-17.191894	95.602914	-290.520575
-17.204980	95.501567	-290.741713
-17.218604	95.396061	-290.971928
-17.232764	95.286395	-291.211222
-17.247462	95.172568	-291.459592
-17.262697	95.054581	-291.717041
-17.278469	94.932433	-291.983567
-17.294778	94.806126	-292.259171
-17.311624	94.675658	-292.543853
-17.329008	94.541030	-292.837612
-17.346928	94.402242	-293.140449
-17.365386	94.259294	-293.452363
-17.384381	94.112185	-293.773356
-17.403914	93.960916	-294.103425
-17.423983	93.805487	-294.442573
-17.444590	93.645898	-294.790798
-17.465734	93.482148	-295.148101
-17.487415	93.314238	-295.514482
-17.509633	93.142168	-295.889940
-17.532388	92.965938	-296.274475
-17.555681	92.785547	-296.668089
-17.579510	92.600996	-297.070780
-17.603877	92.412285	-297.482549
-17.628781	92.219414	-297.903395
-17.654223	92.022383	-298.333319
-17.680201	91.821191	-298.772321
-17.706717	91.615839	-299.220401
-17.718728	91.522813	-299.423383
-17.731277	91.425628	-299.635444
-17.744363	91.324281	-299.856582
-17.757987	91.218775	-300.086797
-17.772147	91.109109	-300.326090
-17.786845	90.995282	-300.574461
-17.802080	90.877295	-300.831910
-17.817852	90.755147	-301.098436
-17.834161	90.628840	-301.374040
-17.851007	90.498372	-301.658722
-17.868391	90.363744	-301.952481
-17.886311	90.224956	-302.255318
-17.904769	90.082008	-302.567232
-17.923764	89.934899	-302.888224
-17.943297	89.783630	-303.218294
-17.963366	89.628201	-303.557442
-17.983973	89.468612	-303.905667
-18.005117	89.304862	-304.262970
-18.026798	89.136952	-304.629350
-18.049016	88.964882	-305.004809
-18.071771	88.788652	-305.389344
-18.095064	88.608261	-305.782958
-18.118893	88.423710	-306.185649
-18.143260	88.234999	-306.597418
-18.168164	88.042128	-307.018264
-18.193606	87.845097	-307.448188
-18.219584	87.643905	-307.887190
-18.246100	87.438553	-308.335270
-18.258111	87.345527	-308.538252
-18.270660	87.248342	-308.750312
-18.283746	87.146996	-308.971450
-18.297370	87.041489	-309.201666
-18.311530	86.931823	-309.440959
-18.326228	86.817996	-309.689330
-18.341463	86.700009	-309.946779
-18.357235	86.577861	-310.213305
-18.373544	86.451554	-310.488909
-18.390390	86.321086	-310.773591
-18.407774	86.186458	-311.067350
-18.425694	86.047670	-311.370187
-18.444152	85.904722	-311.682101
-18.463147	85.757613	-312.003093
-18.482680	85.606344	-312.333163
-18.502749	85.450915	-312.672311
-18.523356	85.291326	-313.020536
-18.544500	85.127576	-313.377839
-18.566181	84.959666	-313.744219
-18.588399	84.787596	-314.119677
-18.611154	84.611366	-314.504213
-18.634447	84.430975	-314.897827
-18.658276	84.246424	-315.300518
-18.682643	84.057713	-315.712287
-18.707547	83.864842	-316.133133
-18.732989	83.667811	-316.563057
-18.758967	83.466619	-317.002059
-18.785483	83.261267	-317.450138
-18.797494	83.168241	-317.653121
-18.810043	83.071056	-317.865181
-18.823129	82.969710	-318.086319
-18.836753	82.864203	-318.316535
-18.850913	82.754537	-318.555828
-18.865611	82.640710	-318.804199
-18.880846	82.522723	-319.061648
-18.896618	82.400575	-319.328174
-18.912927	82.274268	-319.603778
-18.929773	82.143800	-319.888459
-18.947157	82.009172	-320.182219
-18.965077	81.870384	-320.485055
-18.983535	81.727436	-320.796970
-19.002530	81.580327	-321.117962
-19.022063	81.429058	-321.448032
-19.042132	81.273629	-321.787180
-19.062739	81.114040	-322.135405
