-49.070566	235.039913	25.321239
-49.100646	234.889666	25.346388
-49.138583	234.734749	25.375592
-49.184378	234.575164	25.408854
-49.238030	234.410913	25.446176
-49.299541	234.241998	25.487558
-49.368911	234.068420	25.533004
-49.446140	233.890183	25.582514
-49.531228	233.707288	25.636090
-49.624175	233.519737	25.693735
-49.724983	233.327531	25.755449
-49.833651	233.130674	25.821234
-49.950179	232.929168	25.891092
-50.074569	232.723013	25.965025
-50.206819	232.512212	26.043035
-50.346932	232.296768	26.125122
-50.494906	232.076682	26.211289
-50.650743	231.851957	26.301537
-50.814443	231.622593	26.395868
-50.986006	231.388595	26.494283
-51.165432	231.149963	26.596785
-51.352722	230.906699	26.703375
-51.547876	230.658806	26.814054
-51.750895	230.406286	26.928823
-51.961779	230.149140	27.047686
-52.180528	229.887371	27.170642
-52.407143	229.620981	27.297695
-52.641624	229.349973	27.428844
-52.883972	229.074347	27.564093
-53.134186	228.794106	27.703442
-53.392269	228.509252	27.846893
-53.658218	228.219788	27.994447
-53.932037	227.925715	28.146106
-54.213724	227.627036	28.301872
-54.503280	227.323752	28.461746
-54.800705	227.015866	28.625730
-55.106001	226.703380	28.793824
-55.419167	226.386295	28.966031
-55.740204	226.064615	29.142352
-56.069113	225.738341	29.322788
-56.217674	225.592389	29.404199
-56.374107	225.441846	29.489726
-56.538413	225.286713	29.579372
-56.710591	225.126991	29.673137
-56.890642	224.962682	29.771021
-57.078566	224.793785	29.873025
-57.274363	224.620302	29.979149
-57.478034	224.442234	30.089395
-57.689578	224.259582	30.203762
-57.908997	224.072347	30.322252
-58.136289	223.880529	30.444866
-58.371456	223.684130	30.571602
-58.614498	223.483150	30.702463
-58.865414	223.277591	30.837449
-59.124206	223.067454	30.976561
-59.390873	222.852739	31.119798
-59.665416	222.633447	31.267163
-59.947834	222.409580	31.418654
-60.238129	222.181138	31.574273
-60.536299	221.948122	31.734021
-60.842347	221.710533	31.897898
-61.156271	221.468373	32.065904
-61.478073	221.221642	32.238041
-61.807752	220.970340	32.414308
-62.145308	220.714470	32.594707
-62.490742	220.454033	32.779238
-62.844055	220.189028	32.967901
-63.205246	219.919457	33.160697
-63.370251	219.796895	33.248741
-63.543136	219.669768	33.340919
-63.723899	219.538078	33.437231
-63.912541	219.401823	33.537678
-64.109063	219.261006	33.642259
-64.313464	219.115625	33.750975
-64.525744	218.965682	33.863825
-64.745904	218.811178	33.980812
-64.973943	218.652111	34.101933
-65.209863	218.488484	34.227191
-65.453662	218.320296	34.356584
-65.705342	218.147548	34.490114
-65.964902	217.970240	34.627780
-66.232342	217.788373	34.769583
-66.507663	217.601947	34.915523
-66.790864	217.410963	35.065601
-67.081946	217.215420	35.219815
-67.380909	217.015320	35.378168
-67.687753	216.810664	35.540658
-68.002478	216.601450	35.707286
-68.325085	216.387680	35.878053
-68.655573	216.169355	36.052959
-68.993943	215.946474	36.232003
-69.340194	215.719039	36.415186
-69.694327	215.487049	36.602509
-70.056342	215.250505	36.793971
-70.426240	215.009408	36.989573
-70.804019	214.763758	37.189315
-70.975500	214.652508	37.279969
-71.154862	214.536706	37.374763
-71.342107	214.416352	37.473697
-71.537235	214.291446	37.576772
-71.740246	214.161989	37.683988
-71.951139	214.027979	37.795344
-72.169915	213.889419	37.910841
-72.396574	213.746307	38.030479
-72.631116	213.598644	38.154258
-72.873541	213.446431	38.282178
-73.123850	213.289667	38.414239
-73.382041	213.128353	38.550442
-73.648116	212.962489	38.690786
-73.922074	212.792074	38.835271
-74.203915	212.617111	38.983898
-74.493640	212.437597	39.136666
-74.791248	212.253535	39.293577
-75.096740	212.064923	39.454629
-75.410116	211.871763	39.619823
-75.731375	211.674054	39.789159
-76.060518	211.471796	39.962638
-76.397545	211.264990	40.140258
-76.742456	211.053637	40.322021
-77.095251	210.837735	40.507927
-77.455930	210.617286	40.697974
-77.824494	210.392289	40.892165
-78.200941	210.162746	41.090498
-78.585273	209.928655	41.292974
-78.759472	209.822667	41.384742
-78.941555	209.712132	41.480652
-79.131523	209.597050	41.580705
-79.329375	209.477422	41.684902
-79.535111	209.353248	41.793242
-79.748732	209.224527	41.905724
-79.970238	209.091260	42.022350
-80.199628	208.953447	42.143119
-80.436903	208.811088	42.268031
-80.682063	208.664183	42.397086
-80.935107	208.512733	42.530285
-81.196036	208.356736	42.667627
-81.464850	208.196194	42.809112
-81.741549	208.031107	42.954741
-82.026133	207.861474	43.104513
-82.318601	207.687296	43.258429
-82.618955	207.508572	43.416488
-82.927193	207.325304	43.578691
-83.243316	207.137490	43.745037
-83.567325	206.945131	43.915527
-83.899218	206.748228	44.090161
-84.238997	206.546780	44.268939
-84.586661	206.340787	44.451860
-84.942209	206.130249	44.638925
-85.305643	205.915168	44.830134
-85.676963	205.695541	45.025487
-86.056167	205.471371	45.224983
-86.443257	205.242656	45.428624
-86.618641	205.139081	45.520888
-86.801910	205.030961	45.617296
-86.993064	204.918298	45.717848
-87.192104	204.801090	45.822544
-87.399030	204.679339	45.931385
-87.613840	204.553043	46.044369
-87.836536	204.422204	46.161497
-88.067118	204.286822	46.282770
-88.305585	204.146895	46.408187
-88.551938	204.002425	46.537748
-88.806176	203.853411	46.671453
-89.068299	203.699854	46.809302
-89.338309	203.541753	46.951295
-89.616203	203.379108	47.097433
-89.901984	203.211920	47.247715
-90.195649	203.040189	47.402141
-90.497201	202.863914	47.560711
-90.806638	202.683096	47.723426
-91.123961	202.497735	47.890285
-91.449169	202.307831	48.061288
-91.782264	202.113383	48.236435
-92.123243	201.914392	48.415727
-92.472109	201.710858	48.599164
-92.828860	201.502781	48.786744
-93.193497	201.290162	48.978470
-93.566020	201.072999	49.174339
-93.946429	200.851293	49.374353
-94.334723	200.625044	49.578511
-94.510633	200.522569	49.671001
-94.694430	200.415551	49.767636
-94.886112	200.303990	49.868414
-95.085680	200.187887	49.973338
-95.293133	200.067241	50.082406
-95.508473	199.942052	50.195618
-95.731699	199.812320	50.312975
-95.962810	199.678046	50.434476
-96.201807	199.539229	50.560122
-96.448690	199.395869	50.689912
-96.703459	199.247967	50.823847
-96.966114	199.095522	50.961927
-97.236655	198.938535	51.104151
-97.515082	198.777005	51.250519
-97.801395	198.610932	51.401032
-98.095593	198.440317	51.555690
-98.397678	198.265160	51.714492
-98.707649	198.085460	51.877439
-99.025505	197.901217	52.044531
-99.351248	197.712432	52.215767
-99.684876	197.519105	52.391148
-100.026391	197.321235	52.570673
-100.375791	197.118823	52.754343
-100.733078	196.911869	52.942158
-101.098250	196.700372	53.134117
-101.471309	196.484333	53.330221
-101.852253	196.263752	53.530469
-102.241084	196.038628	53.734863
-102.417231	195.936654	53.827456
-102.601264	195.830138	53.924194
-102.793183	195.719079	54.025077
-102.992988	195.603478	54.130104
-103.200679	195.483335	54.239276
-103.416256	195.358649	54.352593
-103.639719	195.229422	54.470054
-103.871068	195.095652	54.591660
-104.110304	194.957340	54.717411
-104.357425	194.814486	54.847306
-104.612433	194.667090	54.981346
-104.875326	194.515151	55.119531
-105.146106	194.358671	55.261861
-105.424772	194.197648	55.408335
-105.711324	194.032084	55.558954
-106.005762	193.861977	55.713718
-106.308086	193.687328	55.872626
-106.618296	193.508137	56.035680
-106.936393	193.324404	56.202878
-107.262375	193.136129	56.374220
-107.596244	192.943312	56.549708
-107.937999	192.745952	56.729340
-108.287639	192.544051	56.913117
-108.645166	192.337608	57.101038
-109.010580	192.126623	57.293105
-109.383879	191.911095	57.489316
-109.765064	191.691026	57.689671
-110.154136	191.466415	57.894172
-110.330390	191.364668	57.986813
-110.514529	191.258380	58.083599
-110.706555	191.147549	58.184529
-110.906467	191.032177	58.289604
-111.114265	190.912263	58.398824
-111.329950	190.787806	58.512188
-111.553520	190.658808	58.629698
-111.784977	190.525268	58.751352
-112.024320	190.387186	58.877151
-112.271549	190.244562	59.007095
-112.526664	190.097396	59.141183
-112.789666	189.945688	59.279417
-113.060553	189.789438	59.421795
-113.339327	189.628646	59.568317
-113.625987	189.463312	59.718985
-113.920533	189.293437	59.873797
-114.222965	189.119019	60.032755
-114.533284	188.940060	60.195857
-114.851489	188.756559	60.363103
-115.177579	188.568515	60.534495
-115.511557	188.375930	60.710031
-115.853420	188.178804	60.889712
-116.203169	187.977135	61.073538
-116.560805	187.770924	61.261509
-116.926327	187.560172	61.453624
-117.299735	187.344877	61.649885
-117.681029	187.125041	61.850290
-118.070210	186.900663	62.054840
-118.246511	186.799020	62.147502
-118.430699	186.692835	62.244310
-118.622774	186.582109	62.345262
-118.822734	186.466840	62.450359
-119.030581	186.347030	62.559601
-119.246314	186.222678	62.672988
-119.469933	186.093784	62.790519
-119.701438	185.960348	62.912195
-119.940830	185.822370	63.038017
-120.188108	185.679851	63.167982
-120.443272	185.532790	63.302093
-120.706322	185.381187	63.440349
-120.977258	185.225042	63.582749
-121.256081	185.064355	63.729294
-121.542790	184.899126	63.879984
-121.837385	184.729356	64.034819
-122.139866	184.555044	64.193798
-122.450234	184.376190	64.356923
-122.768487	184.192794	64.524192
-123.094627	184.004857	64.695606
-123.428654	183.812377	64.871165
-123.770566	183.615356	65.050868
-124.120365	183.413793	65.234717
-124.478050	183.207688	65.422710
-124.843621	182.997042	65.614848
-125.217078	182.781853	65.811131
-125.598422	182.562123	66.011558
-125.987651	182.337851	66.216131
-126.163975	182.236255	66.308804
-126.348185	182.130118	66.405621
-126.540281	182.019438	66.506584
-126.740264	181.904217	66.611691
-126.948132	181.784454	66.720943
-127.163887	181.660150	66.834340
-127.387529	181.531303	66.951881
-127.619056	181.397915	67.073568
-127.858470	181.259985	67.199399
-128.105769	181.117513	67.329375
-128.360956	180.970499	67.463496
-128.624028	180.818944	67.601762
-128.894986	180.662847	67.744172
-129.173831	180.502208	67.890728
-129.460562	180.337027	68.041428
-129.755180	180.167305	68.196273
-130.057683	179.993041	68.355263
-130.368073	179.814235	68.518397
-130.686349	179.630887	68.685677
-131.012511	179.442997	68.857101
-131.346560	179.250566	69.032670
-131.688494	179.053593	69.212384
-132.038315	178.852078	69.396243
-132.396023	178.646021	69.584246
-132.761616	178.435423	69.776395
-133.135096	178.220283	69.972688
-133.516462	178.000601	70.173126
-133.905714	177.776377	70.377709
-134.082047	177.674803	70.470386
-134.266267	177.568687	70.567208
-134.458374	177.458029	70.668175
-134.658366	177.342830	70.773287
-134.866245	177.223088	70.882544
-135.082010	177.098805	70.995945
-135.305661	176.969980	71.113492
-135.537198	176.836614	71.235183
-135.776622	176.698705	71.361019
-136.023932	176.556255	71.490999
-136.279128	176.409263	71.625125
-136.542210	176.257730	71.763395
-136.813179	176.101654	71.905811
-137.092034	175.941037	72.052371
-137.378775	175.775878	72.203076
-137.673402	175.606178	72.357925
-137.975916	175.431935	72.516920
-138.286316	175.253151	72.680059
-138.604602	175.069825	72.847344
-138.930774	174.881957	73.018773
-139.264833	174.689548	73.194346
-139.606778	174.492597	73.374065
-139.956609	174.291104	73.557929
-140.314326	174.085069	73.745937
-140.679930	173.874493	73.938090
-141.053420	173.659375	74.134388
-141.434796	173.439715	74.334831
-141.824058	173.215513	74.539419
-142.000396	173.113949	74.632098
-142.184621	173.007842	74.728922
-142.376731	172.897194	74.829891
-142.576728	172.782004	74.935005
-142.784612	172.662273	75.044264
-143.000381	172.538000	75.157668
-143.224037	172.409185	75.275216
-143.455579	172.275828	75.396909
-143.695007	172.137929	75.522748
-143.942321	171.995489	75.652730
-144.197522	171.848507	75.786858
-144.460609	171.696984	75.925131
-144.731582	171.540918	76.067548
-145.010442	171.380311	76.214110
-145.297188	171.215162	76.364817
-145.591820	171.045471	76.519669
-145.894338	170.871239	76.678666
-146.204742	170.692464	76.841808
-146.523033	170.509149	77.009094
-146.849210	170.321291	77.180525
-147.183273	170.128891	77.356101
-147.525223	169.931950	77.535822
-147.875058	169.730467	77.719688
-148.232780	169.524443	77.907698
-148.598388	169.313876	78.099854
-148.971883	169.098768	78.296154
-149.353264	168.879118	78.496599
-149.742531	168.654927	78.701189
-149.918871	168.553366	78.793869
-150.103097	168.447265	78.890694
-150.295210	168.336621	78.991664
-150.495209	168.221436	79.096779
-150.703095	168.101709	79.206039
-150.918866	167.977440	79.319444
-151.142524	167.848630	79.436993
-151.374068	167.715277	79.558687
-151.613498	167.577383	79.684526
-151.860815	167.434948	79.814510
-152.116017	167.287970	79.948639
-152.379107	167.136451	80.086913
-152.650082	166.980390	80.229331
-152.928943	166.819787	80.375894
-153.215691	166.654643	80.526602
-153.510325	166.484957	80.681455
-153.812846	166.310729	80.840453
-154.123252	166.131959	81.003595
-154.441545	165.948648	81.170883
-154.767724	165.760794	81.342315
-155.101789	165.568400	81.517892
-155.443741	165.371463	81.697614
-155.793579	165.169985	81.881481
-156.151303	164.963964	82.069492
-156.516913	164.753403	82.261648
-156.890410	164.538299	82.457950
-157.271792	164.318654	82.658396
-157.661061	164.094467	82.862987
-157.837403	163.992909	82.955667
-158.021630	163.886809	83.052493
-158.213744	163.776167	83.153464
-158.413744	163.660984	83.258579
-158.621630	163.541259	83.367839
-158.837403	163.416992	83.481244
-159.061061	163.288184	83.598794
-159.292606	163.154834	83.720489
-159.532037	163.016942	83.846328
-159.779355	162.874508	83.976313
-160.034559	162.727533	84.110442
-160.297649	162.576015	84.248716
-160.568625	162.419957	84.391135
-160.847487	162.259356	84.537698
-161.134236	162.094214	84.688407
-161.428871	161.924529	84.843260
-161.731392	161.750304	85.002258
-162.041800	161.571536	85.165401
-162.360094	161.388227	85.332689
-162.686274	161.200376	85.504122
-163.020340	161.007983	85.679699
-163.362293	160.811048	85.859422
-163.712131	160.609572	86.043289
-164.069856	160.403554	86.231301
-164.435468	160.192994	86.423458
-164.808965	159.977893	86.619759
-165.190349	159.758249	86.820206
-165.579619	159.534065	87.024797
-165.755961	159.432507	87.117478
-165.940188	159.326409	87.214304
-166.132303	159.215768	87.315275
-166.332303	159.100586	87.420390
-166.540190	158.980862	87.529651
-166.755963	158.856596	87.643056
-166.979622	158.727788	87.760606
-167.211167	158.594439	87.882301
-167.450599	158.456548	88.008141
-167.697917	158.314115	88.138125
-167.953121	158.167141	88.272255
-168.216211	158.015625	88.410529
-168.487188	157.859567	88.552948
-168.766051	157.698967	88.699512
-169.052800	157.533826	88.850221
-169.347436	157.364142	89.005074
-169.649957	157.189917	89.164073
-169.960365	157.011151	89.327216
-170.278659	156.827842	89.494504
-170.604840	156.639992	89.665937
-170.938907	156.447600	89.841514
-171.280859	156.250667	90.021237
-171.630699	156.049192	90.205104
-171.988424	155.843174	90.393116
-172.354036	155.632616	90.585273
-172.727534	155.417515	90.781575
-173.108918	155.197873	90.982022
-173.498189	154.973689	91.186614
-173.674530	154.872132	91.279295
-173.858758	154.766034	91.376121
-174.050873	154.655394	91.477092
-174.250873	154.540212	91.582207
-174.458760	154.420488	91.691468
-174.674533	154.296223	91.804873
-174.898193	154.167416	91.922423
-175.129738	154.034067	92.044118
-175.369170	153.896176	92.169958
-175.616488	153.753744	92.299943
-175.871693	153.606770	92.434072
-176.134783	153.455254	92.572346
-176.405760	153.299196	92.714766
-176.684623	153.138597	92.861330
-176.971373	152.973456	93.012038
-177.266008	152.803773	93.166892
-177.568530	152.629549	93.325891
-177.878938	152.450783	93.489034
-178.197233	152.267475	93.656322
-178.523413	152.079625	93.827755
-178.857480	151.887234	94.003333
-179.199433	151.690301	94.183055
-179.549273	151.488826	94.366923
-179.906998	151.282809	94.554935
-180.272610	151.072251	94.747092
-180.646109	150.857151	94.943394
-181.027493	150.637509	95.143841
-181.416764	150.413325	95.348433
-181.593106	150.311769	95.441114
-181.777334	150.205670	95.537940
-181.969448	150.095030	95.638911
-182.169449	149.979849	95.744027
-182.377336	149.860125	95.853287
-182.593109	149.735860	95.966692
-182.816768	149.607053	96.084243
-183.048314	149.473705	96.205938
-183.287746	149.335814	96.331778
-183.535064	149.193382	96.461762
-183.790269	149.046408	96.595892
-184.053359	148.894893	96.734166
-184.324336	148.738835	96.876585
-184.603200	148.578236	97.023149
-184.889949	148.413095	97.173858
-185.184585	148.243413	97.328712
-185.487107	148.069189	97.487710
-185.797515	147.890423	97.650854
-186.115809	147.707115	97.818142
-186.441990	147.519265	97.989575
-186.776057	147.326874	98.165153
-187.118010	147.129941	98.344876
-187.467850	146.928467	98.528743
-187.825576	146.722450	98.716755
-188.191188	146.511892	98.908913
-188.564686	146.296792	99.105215
-188.946071	146.077150	99.305661
-189.335341	145.852967	99.510253
-189.511683	145.751411	99.602934
-189.695911	145.645312	99.699760
-189.888026	145.534673	99.800731
-190.088027	145.419491	99.905847
-190.295914	145.299768	100.015108
-190.511687	145.175503	100.128513
-190.735346	145.046696	100.246063
-190.966892	144.913347	100.367758
-191.206324	144.775457	100.493598
-191.453642	144.633025	100.623583
-191.708847	144.486051	100.757712
-191.971938	144.334536	100.895987
-192.242915	144.178478	101.038406
-192.521778	144.017879	101.184970
-192.808527	143.852739	101.335679
-193.103163	143.683056	101.490533
-193.405685	143.508832	101.649531
-193.716093	143.330066	101.812675
-194.034388	143.146758	101.979963
-194.360569	142.958909	102.151396
-194.694636	142.766518	102.326974
-195.036589	142.569585	102.506696
-195.386429	142.368110	102.690564
-195.744154	142.162094	102.878576
-196.109766	141.951536	103.070733
-196.483265	141.736436	103.267035
-196.864649	141.516795	103.467482
-197.253920	141.292611	103.672074
-197.430262	141.191055	103.764755
-197.614490	141.084957	103.861581
-197.806605	140.974317	103.962552
-198.006606	140.859136	104.067668
-198.214493	140.739412	104.176929
-198.430266	140.615147	104.290334
-198.653925	140.486340	104.407884
-198.885471	140.352992	104.529579
-199.124903	140.215102	104.655419
-199.372221	140.072670	104.785404
-199.627426	139.925696	104.919533
-199.890517	139.774180	105.057808
-200.161494	139.618123	105.200227
-200.440357	139.457524	105.346791
-200.727106	139.292384	105.497500
-201.021742	139.122701	105.652354
-201.324264	138.948477	105.811352
-201.634673	138.769711	105.974496
-201.952967	138.586404	106.141784
-202.279148	138.398554	106.313217
-202.613215	138.206163	106.488795
-202.955168	138.009230	106.668517
-203.305008	137.807756	106.852385
-203.662734	137.601739	107.040397
-204.028346	137.391181	107.232555
-204.401844	137.176082	107.428857
-204.783229	136.956440	107.629303
-205.172499	136.732257	107.833895
-205.348841	136.630701	107.926576
-205.533070	136.524602	108.023402
-205.725184	136.413963	108.124373
-205.925185	136.298781	108.229489
-206.133072	136.179058	108.338750
-206.348845	136.054793	108.452155
-206.572505	135.925986	108.569705
-206.804050	135.792638	108.691400
-207.043482	135.654747	108.817240
-207.290801	135.512315	108.947225
-207.546005	135.365342	109.081355
-207.809096	135.213826	109.219629
-208.080073	135.057769	109.362048
-208.358936	134.897170	109.508612
-208.645686	134.732029	109.659321
-208.940322	134.562347	109.814175
-209.242844	134.388123	109.973173
-209.553252	134.209357	110.136317
-209.871547	134.026050	110.303605
-210.197727	133.838200	110.475038
-210.531794	133.645809	110.650616
-210.873748	133.448876	110.830339
-211.223587	133.247402	111.014206
-211.581313	133.041385	111.202219
-211.946925	132.830827	111.394376
-212.320424	132.615728	111.590678
-212.701808	132.396086	111.791125
-213.091079	132.171903	111.995716
-213.267421	132.070347	112.088398
-213.451649	131.964249	112.185224
-213.643764	131.853609	112.286195
-213.843764	131.738427	112.391310
-214.051651	131.618704	112.500571
-214.267425	131.494439	112.613976
-214.491084	131.365632	112.731527
-214.722630	131.232284	112.853222
-214.962062	131.094393	112.979062
-215.209380	130.951962	113.109046
-215.464585	130.804988	113.243176
-215.727676	130.653472	113.381450
-215.998653	130.497415	113.523870
-216.277516	130.336816	113.670434
-216.564265	130.171676	113.821143
-216.858901	130.001993	113.975996
-217.161423	129.827769	114.134995
-217.471832	129.649003	114.298138
-217.790126	129.465696	114.465426
-218.116307	129.277846	114.636859
-218.450374	129.085455	114.812437
-218.792327	128.888523	114.992160
-219.142167	128.687048	115.176028
-219.499893	128.481032	115.364040
-219.865505	128.270474	115.556197
-220.239003	128.055374	115.752499
-220.620388	127.835732	115.952946
-221.009659	127.611549	116.157538
-221.186001	127.509993	116.250219
-221.370229	127.403895	116.347045
-221.562343	127.293255	116.448016
-221.762344	127.178074	116.553132
-221.970231	127.058350	116.662392
-222.186004	126.934085	116.775798
-222.409664	126.805279	116.893348
-222.641210	126.671930	117.015043
-222.880642	126.534040	117.140883
-223.127960	126.391608	117.270868
-223.383165	126.244634	117.404997
-223.646255	126.093119	117.543272
-223.917232	125.937062	117.685691
-224.196096	125.776463	117.832255
-224.482845	125.611322	117.982964
-224.777481	125.441640	118.137818
-225.080003	125.267416	118.296816
-225.390411	125.088650	118.459960
-225.708706	124.905342	118.627248
-226.034887	124.717493	118.798681
-226.368954	124.525102	118.974259
-226.710907	124.328169	119.153981
-227.060747	124.126694	119.337849
-227.418473	123.920678	119.525861
-227.784085	123.710120	119.718019
-228.157583	123.495020	119.914321
-228.538968	123.275379	120.114768
-228.928238	123.051196	120.319359
-229.104580	122.949639	120.412040
-229.288809	122.843541	120.508867
-229.480923	122.732902	120.609837
-229.680924	122.617720	120.714953
-229.888811	122.497997	120.824214
-230.104584	122.373732	120.937619
-230.328244	122.244925	121.055169
-230.559789	122.111576	121.176865
-230.799221	121.973686	121.302704
-231.046540	121.831254	121.432689
-231.301744	121.684281	121.566819
-231.564835	121.532765	121.705093
-231.835812	121.376708	121.847512
-232.114675	121.216109	121.994076
-232.401425	121.050969	122.144785
-232.696061	120.881286	122.299639
-232.998583	120.707062	122.458638
-233.308991	120.528296	122.621781
-233.627286	120.344989	122.789069
-233.953466	120.157139	122.960502
-234.287534	119.964748	123.136080
-234.629487	119.767815	123.315803
-234.979326	119.566341	123.499670
-235.337052	119.360325	123.687683
-235.702664	119.149767	123.879840
-236.076163	118.934667	124.076142
-236.457547	118.715025	124.276589
-236.846818	118.490842	124.481181
-237.023160	118.389286	124.573862
-237.207388	118.283188	124.670688
-237.399503	118.172548	124.771659
-237.599504	118.057366	124.876775
-237.807391	117.937643	124.986035
-238.023164	117.813378	125.099441
-238.246823	117.684571	125.216991
-238.478369	117.551223	125.338686
-238.717801	117.413333	125.464526
-238.965119	117.270901	125.594511
-239.220324	117.123927	125.728640
-239.483415	116.972412	125.866915
-239.754392	116.816355	126.009334
-240.033255	116.655756	126.155898
-240.320005	116.490615	126.306607
-240.614640	116.320933	126.461460
-240.917163	116.146709	126.620459
-241.227571	115.967943	126.783602
-241.545865	115.784635	126.950891
-241.872046	115.596786	127.122324
-242.206113	115.404395	127.297902
-242.548067	115.207462	127.477624
-242.897906	115.005987	127.661492
-243.255632	114.799971	127.849504
-243.621244	114.589413	128.041661
-243.994742	114.374313	128.237963
-244.376127	114.154672	128.438410
-244.765398	113.930489	128.643002
-244.941740	113.828932	128.735683
-245.125968	113.722834	128.832509
-245.318083	113.612194	128.933480
-245.518083	113.497013	129.038596
-245.725970	113.377290	129.147857
-245.941744	113.253025	129.261262
-246.165403	113.124218	129.378812
-246.396949	112.990869	129.500507
-246.636381	112.852979	129.626347
-246.883699	112.710547	129.756332
-247.138904	112.563574	129.890462
-247.401995	112.412058	130.028736
-247.672972	112.256001	130.171155
-247.951835	112.095402	130.317719
-248.238584	111.930261	130.468428
-248.533220	111.760579	130.623282
-248.835742	111.586355	130.782280
-249.146151	111.407589	130.945424
-249.464445	111.224282	131.112712
-249.790626	111.036432	131.284145
-250.124693	110.844041	131.459723
-250.466646	110.647108	131.639446
-250.816486	110.445634	131.823313
-251.174212	110.239618	132.011326
-251.539824	110.029060	132.203483
-251.913322	109.813960	132.399785
-252.294707	109.594318	132.600232
-252.683978	109.370135	132.804823
-252.860320	109.268579	132.897505
-253.044548	109.162481	132.994331
-253.236662	109.051841	133.095302
-253.436663	108.936659	133.200417
-253.644550	108.816936	133.309678
-253.860323	108.692671	133.423083
-254.083983	108.563864	133.540634
-254.315529	108.430516	133.662329
-254.554961	108.292626	133.788169
-254.802279	108.150194	133.918153
-255.057484	108.003220	134.052283
-255.320574	107.851705	134.190557
-255.591551	107.695648	134.332977
-255.870415	107.535049	134.479541
-256.157164	107.369908	134.630250
-256.451800	107.200226	134.785103
-256.754322	107.026002	134.944102
-257.064730	106.847236	135.107245
-257.383025	106.663928	135.274533
-257.709206	106.476079	135.445966
-258.043273	106.283688	135.621544
-258.385226	106.086755	135.801267
-258.735066	105.885280	135.985135
-259.092792	105.679264	136.173147
-259.458404	105.468706	136.365304
-259.831902	105.253606	136.561606
-260.213287	105.033965	136.762053
-260.602557	104.809782	136.966645
-260.778899	104.708225	137.059326
-260.963128	104.602127	137.156152
-261.155242	104.491488	137.257123
-261.355243	104.376306	137.362239
-261.563130	104.256583	137.471499
-261.778903	104.132318	137.584905
-262.002563	104.003511	137.702455
-262.234108	103.870162	137.824150
-262.473541	103.732272	137.949990
-262.720859	103.589840	138.079975
-262.976063	103.442867	138.214104
-263.239154	103.291351	138.352379
-263.510131	103.135294	138.494798
-263.788994	102.974695	138.641362
-264.075744	102.809555	138.792071
-264.370380	102.639872	138.946925
-264.672902	102.465648	139.105923
-264.983310	102.286882	139.269067
-265.301605	102.103575	139.436355
-265.627786	101.915725	139.607788
-265.961853	101.723334	139.783366
-266.303806	101.526401	139.963088
-266.653646	101.324927	140.146956
-267.011371	101.118911	140.334968
-267.376983	100.908353	140.527126
-267.750482	100.693253	140.723428
-268.131866	100.473611	140.923875
-268.521137	100.249428	141.128466
-268.697479	100.147872	141.221148
-268.881707	100.041774	141.317974
-269.073822	99.931134	141.418945
-269.273823	99.815953	141.524060
-269.481710	99.696229	141.633321
-269.697483	99.571964	141.746726
-269.921142	99.443157	141.864276
-270.152688	99.309809	141.985972
-270.392120	99.171919	142.111811
-270.639439	99.029487	142.241796
-270.894643	98.882513	142.375926
-271.157734	98.730998	142.514200
-271.428711	98.574941	142.656619
-271.707574	98.414342	142.803183
-271.994324	98.249201	142.953892
-272.288960	98.079519	143.108746
-272.591482	97.905295	143.267745
-272.901890	97.726529	143.430888
-273.220184	97.543221	143.598176
-273.546365	97.355372	143.769609
-273.880432	97.162981	143.945187
-274.222386	96.966048	144.124910
-274.572225	96.764573	144.308777
-274.929951	96.558557	144.496790
-275.295563	96.347999	144.688947
-275.669062	96.132899	144.885249
-276.050446	95.913258	145.085696
-276.439717	95.689075	145.290288
-276.616059	95.587518	145.382969
-276.800287	95.481420	145.479795
-276.992402	95.370781	145.580766
-277.192402	95.255599	145.685882
-277.400289	95.135876	145.795142
-277.616063	95.011611	145.908548
-277.839722	94.882804	146.026098
-278.071268	94.749456	146.147793
-278.310700	94.611565	146.273633
-278.558018	94.469133	146.403618
-278.813223	94.322160	146.537747
-279.076314	94.170644	146.676022
-279.347291	94.014587	146.818441
-279.626154	93.853988	146.965005
-279.912904	93.688848	147.115714
-280.207539	93.519165	147.270567
-280.510061	93.344941	147.429566
-280.820470	93.166175	147.592709
-281.138764	92.982868	147.759998
-281.464945	92.795018	147.931431
-281.799012	92.602627	148.107009
-282.140965	92.405694	148.286731
-282.490805	92.204220	148.470599
-282.848531	91.998204	148.658611
-283.214143	91.787646	148.850768
-283.587641	91.572546	149.047070
-283.969026	91.352904	149.247517
-284.358297	91.128721	149.452109
-284.534639	91.027165	149.544790
-284.718867	90.921067	149.641616
-284.910981	90.810427	149.742587
-285.110982	90.695246	149.847703
-285.318869	90.575522	149.956964
-285.534643	90.451257	150.070369
-285.758302	90.322451	150.187919
-285.989848	90.189102	150.309614
-286.229280	90.051212	150.435454
-286.476598	89.908780	150.565439
-286.731803	89.761806	150.699569
-286.994893	89.610291	150.837843
-287.265870	89.454234	150.980262
-287.544734	89.293635	151.126826
-287.831483	89.128494	151.277535
-288.126119	88.958812	151.432389
-288.428641	88.784588	151.591387
-288.739049	88.605822	151.754531
-289.057344	88.422514	151.921819
-289.383525	88.234665	152.093252
-289.717592	88.042274	152.268830
-290.059545	87.845341	152.448553
-290.409385	87.643866	152.632420
-290.767111	87.437850	152.820433
-291.132723	87.227292	153.012590
-291.506221	87.012192	153.208892
-291.887606	86.792551	153.409339
-292.276877	86.568368	153.613930
-292.453219	86.466811	153.706612
-292.637447	86.360713	153.803438
-292.829561	86.250074	153.904409
-293.029562	86.134892	154.009524
-293.237449	86.015169	154.118785
-293.453222	85.890904	154.232190
-293.676882	85.762097	154.349741
-293.908428	85.628749	154.471436
-294.147860	85.490858	154.597276
-294.395178	85.348426	154.727260
-294.650382	85.201453	154.861390
-294.913473	85.049937	154.999664
-295.184450	84.893880	155.142084
-295.463314	84.733281	155.288648
-295.750063	84.568141	155.439357
-296.044699	84.398458	155.594210
-296.347221	84.224234	155.753209
-296.657629	84.045468	155.916352
-296.975924	83.862161	156.083640
-297.302105	83.674311	156.255074
