-36.693904	229.565854	36.371283
-36.697524	229.412331	36.425608
-36.707463	229.254251	36.486204
-36.723716	229.091618	36.553076
-36.746280	228.924434	36.626230
-36.775152	228.752700	36.705670
-36.810326	228.576418	36.791401
-36.851801	228.395592	36.883429
-36.899573	228.210222	36.981760
-36.953637	228.020312	37.086397
-37.013990	227.825862	37.197345
-37.080630	227.626875	37.314611
-37.153552	227.423354	37.438199
-37.232752	227.215301	37.568114
-37.318228	227.002716	37.704361
-37.409976	226.785604	37.846944
-37.507993	226.563965	37.995869
-37.612274	226.337802	38.151141
-37.722818	226.107117	38.312765
-37.839620	225.871912	38.480744
-37.962677	225.632189	38.655085
-38.091985	225.387951	38.835792
-38.227542	225.139199	39.022869
-38.369345	224.885935	39.216321
-38.517390	224.628163	39.416153
-38.671673	224.365883	39.622370
-38.832192	224.099098	39.834976
-38.998944	223.827810	40.053975
-39.171925	223.552022	40.279372
-39.351133	223.271734	40.511172
-39.536565	222.986951	40.749379
-39.728217	222.697673	40.993997
-39.926087	222.403903	41.245032
-40.130171	222.105643	41.502486
-40.340467	221.802895	41.766364
-40.556973	221.495662	42.036671
-40.779685	221.183945	42.313411
-41.008600	220.867747	42.596587
-41.243716	220.547069	42.886205
-41.351289	220.402122	43.018184
-41.465059	220.252699	43.156609
-41.585025	220.098801	43.301483
-41.711186	219.940428	43.452808
-41.843540	219.777583	43.610585
-41.982087	219.610266	43.774816
-42.126825	219.438477	43.945502
-42.277753	219.262219	44.122646
-42.434871	219.081491	44.306249
-42.598176	218.896295	44.496313
-42.767669	218.706632	44.692840
-42.943347	218.512503	44.895831
-43.125210	218.313909	45.105289
-43.313257	218.110850	45.321214
-43.507487	217.903328	45.543608
-43.707899	217.691344	45.772473
-43.914491	217.474899	46.007811
-44.127263	217.253993	46.249624
-44.346214	217.028628	46.497912
-44.571342	216.798805	46.752678
-44.802648	216.564525	47.013923
-45.040129	216.325788	47.281649
-45.283785	216.082596	47.555857
-45.533616	215.834950	47.836549
-45.789619	215.582850	48.123726
-46.051795	215.326299	48.417390
-46.320143	215.065296	48.717543
-46.594661	214.799843	49.024186
-46.875348	214.529940	49.337320
-47.001212	214.409564	49.477562
-47.133244	214.284740	49.624298
-47.271444	214.155469	49.777528
-47.415813	214.021750	49.937253
-47.566348	213.883586	50.103473
-47.723051	213.740975	50.276189
-47.885921	213.593919	50.455403
-48.054957	213.442418	50.641113
-48.230160	213.286472	50.833322
-48.411528	213.126082	51.032029
-48.599062	212.961249	51.237235
-48.792761	212.791972	51.448942
-48.992624	212.618252	51.667149
-49.198653	212.440090	51.891856
-49.410845	212.257486	52.123066
-49.629202	212.070441	52.360778
-49.853722	211.878955	52.604992
-50.084405	211.683028	52.855710
-50.321252	211.482661	53.112933
-50.564261	211.277854	53.376659
-50.813433	211.068608	53.646891
-51.068766	210.854924	53.923629
-51.330262	210.636801	54.206873
-51.597920	210.414241	54.496625
-51.871738	210.187243	54.792883
-52.151718	209.955808	55.095650
-52.437859	209.719937	55.404925
-52.730160	209.479630	55.720710
-52.862882	209.370797	55.864029
-53.001763	209.257529	56.013858
-53.146805	209.139825	56.170198
-53.298007	209.017687	56.333048
-53.455368	208.891114	56.502408
-53.618890	208.760107	56.678280
-53.788571	208.624665	56.860663
-53.964412	208.484790	57.049557
-54.146412	208.340480	57.244963
-54.334572	208.191737	57.446880
-54.528891	208.038561	57.655310
-54.729369	207.880951	57.870252
-54.936006	207.718909	58.091707
-55.148803	207.552433	58.319675
-55.367758	207.381526	58.554156
-55.592872	207.206185	58.795150
-55.824145	207.026413	59.042657
-56.061577	206.842209	59.296678
-56.305167	206.653573	59.557214
-56.554916	206.460506	59.824263
-56.810823	206.263007	60.097827
-57.072889	206.061077	60.377905
-57.341113	205.854717	60.664499
-57.615495	205.643926	60.957607
-57.896035	205.428704	61.257231
-58.182733	205.209052	61.563370
-58.475589	204.984970	61.876025
-58.774603	204.756459	62.195196
-58.910144	204.652999	62.339850
-59.051843	204.545109	62.491019
-59.199700	204.432790	62.648705
-59.353714	204.316041	62.812907
-59.513886	204.194864	62.983626
-59.680216	204.069257	63.160861
-59.852703	203.939222	63.344614
-60.031348	203.804757	63.534883
-60.216151	203.665864	63.731669
-60.407111	203.522542	63.934972
-60.604229	203.374791	64.144792
-60.807504	203.222612	64.361129
-61.016936	203.066005	64.583984
-61.232526	202.904969	64.813356
-61.454273	202.739505	65.049245
-61.682178	202.569613	65.291652
-61.916240	202.395293	65.540577
-62.156460	202.216545	65.796019
-62.402836	202.033369	66.057979
-62.655370	201.845766	66.326457
-62.914061	201.653735	66.601454
-63.178910	201.457276	66.882968
-63.449915	201.256390	67.171000
-63.727078	201.051076	67.465551
-64.010398	200.841336	67.766620
-64.299875	200.627168	68.074208
-64.595509	200.408573	68.388314
-64.897301	200.185552	68.708939
-65.034042	200.084556	68.854203
-65.176940	199.979133	69.005986
-65.325995	199.869284	69.164288
-65.481207	199.755007	69.329109
-65.642576	199.636305	69.500448
-65.810103	199.513175	69.678307
-65.983786	199.385619	69.862684
-66.163626	199.253637	70.053580
-66.349624	199.117228	70.250996
-66.541778	198.976393	70.454930
-66.740089	198.831131	70.665384
-66.944558	198.681443	70.882356
-67.155183	198.527329	71.105848
-67.371966	198.368788	71.335859
-67.594905	198.205822	71.572389
-67.824001	198.038429	71.815439
-68.059255	197.866610	72.065007
-68.300665	197.690365	72.321096
-68.548232	197.509694	72.583703
-68.801956	197.324597	72.852830
-69.061838	197.135074	73.128476
-69.327876	196.941125	73.410642
-69.600071	196.742751	73.699328
-69.878423	196.539950	73.994533
-70.162931	196.332724	74.296257
-70.453597	196.121072	74.604501
-70.750420	195.904995	74.919265
-71.053400	195.684492	75.240549
-71.190661	195.584620	75.386099
-71.334080	195.480322	75.538169
-71.483655	195.371599	75.696758
-71.639388	195.258451	75.861868
-71.801277	195.140877	76.033497
-71.969323	195.018878	76.211646
-72.143527	194.892453	76.396314
-72.323887	194.761602	76.587503
-72.510403	194.626327	76.785211
-72.703077	194.486626	76.989440
-72.901908	194.342500	77.200188
-73.106896	194.193948	77.417456
-73.318040	194.040971	77.641244
-73.535342	193.883569	77.871552
-73.758800	193.721741	78.108380
-73.988415	193.555489	78.351728
-74.224187	193.384811	78.601596
-74.466116	193.209708	78.857984
-74.714202	193.030179	79.120892
-74.968445	192.846226	79.390320
-75.228845	192.657847	79.666268
-75.495401	192.465044	79.948736
-75.768115	192.267815	80.237724
-76.046985	192.066161	80.533232
-76.332012	191.860082	80.835261
-76.623196	191.649578	81.143809
-76.920537	191.434649	81.458878
-77.224035	191.215295	81.780466
-77.361525	191.115935	81.926151
-77.505173	191.012150	82.078355
-77.654977	190.903939	82.237079
-77.810938	190.791304	82.402324
-77.973056	190.674244	82.574089
-78.141331	190.552759	82.752374
-78.315762	190.426849	82.937180
-78.496351	190.296514	83.128505
-78.683096	190.161754	83.326351
-78.875999	190.022569	83.530717
-79.075058	189.878960	83.741603
-79.280274	189.730925	83.959009
-79.491647	189.578466	84.182936
-79.709177	189.421582	84.413383
-79.932864	189.260273	84.650350
-80.162708	189.094540	84.893838
-80.398708	188.924381	85.143845
-80.640866	188.749798	85.400373
-80.889180	188.570790	85.663421
-81.143651	188.387357	85.932990
-81.404280	188.199500	86.209079
-81.671065	188.007217	86.491688
-81.944007	187.810510	86.780817
-82.223105	187.609378	87.076467
-82.508361	187.403822	87.378637
-82.799774	187.193841	87.687327
-83.097343	186.979435	88.002538
-83.401070	186.760604	88.324269
-83.538661	186.661476	88.470016
-83.682410	186.557924	88.622284
-83.832315	186.449947	88.781071
-83.988377	186.337545	88.946380
-84.150597	186.220718	89.118208
-84.318973	186.099467	89.296557
-84.493506	185.973792	89.481426
-84.674195	185.843691	89.672816
-84.861042	185.709166	89.870726
-85.054046	185.570216	90.075156
-85.253206	185.426842	90.286107
-85.458524	185.279043	90.503578
-85.669998	185.126819	90.727570
-85.887629	184.970171	90.958081
-86.111417	184.809098	91.195114
-86.341363	184.643601	91.438666
-86.577464	184.473678	91.688739
-86.819723	184.299332	91.945333
-87.068139	184.120560	92.208446
-87.322712	183.937365	92.478080
-87.583441	183.749744	92.754235
-87.850328	183.557699	93.036910
-88.123371	183.361229	93.326105
-88.402571	183.160335	93.621821
-88.687928	182.955016	93.924057
-88.979443	182.745273	94.232814
-89.277113	182.531105	94.548091
-89.580941	182.312512	94.869888
-89.718578	182.213490	95.015665
-89.862371	182.110044	95.167962
-90.012322	182.002173	95.326779
-90.168429	181.889877	95.492117
-90.330693	181.773157	95.663975
-90.499114	181.652012	95.842354
-90.673692	181.526443	96.027253
-90.854427	181.396449	96.218673
-91.041319	181.262031	96.416613
-91.234368	181.123188	96.621073
-91.433574	180.979921	96.832054
-91.638936	180.832229	97.049555
-91.850456	180.680112	97.273577
-92.068132	180.523571	97.504119
-92.291965	180.362606	97.741182
-92.521955	180.197216	97.984765
-92.758102	180.027401	98.234868
-93.000406	179.853162	98.491492
-93.248867	179.674498	98.754636
-93.503485	179.491410	99.024301
-93.764260	179.303898	99.300486
-94.031192	179.111961	99.583192
-94.304280	178.915599	99.872418
-94.583526	178.714813	100.168165
-94.868928	178.509602	100.470432
-95.160487	178.299967	100.779219
-95.458204	178.085907	101.094527
-95.762077	177.867423	101.416355
-95.899733	177.768449	101.562145
-96.043547	177.665051	101.714456
-96.193517	177.557228	101.873288
-96.349645	177.444981	102.038639
-96.511929	177.328309	102.210511
-96.680370	177.207213	102.388904
-96.854969	177.081692	102.573817
-97.035724	176.951747	102.765251
-97.222636	176.817377	102.963205
-97.415704	176.678583	103.167679
-97.614930	176.535364	103.378674
-97.820313	176.387721	103.596189
-98.031853	176.235653	103.820225
-98.249549	176.079161	104.050781
-98.473403	175.918244	104.287858
-98.703413	175.752903	104.531455
-98.939580	175.583138	104.781573
-99.181904	175.408948	105.038211
-99.430386	175.230333	105.301369
-99.685024	175.047294	105.571048
-99.945819	174.859831	105.847248
-100.212770	174.667943	106.129968
-100.485879	174.471630	106.419208
-100.765145	174.270893	106.714969
-101.050568	174.065732	107.017250
-101.342147	173.856146	107.326052
-101.639884	173.642136	107.641374
-101.943777	173.423701	107.963217
-102.081443	173.324749	108.109014
-102.225265	173.221372	108.261331
-102.375245	173.113572	108.420168
-102.531381	173.001346	108.585527
-102.693674	172.884697	108.757405
-102.862125	172.763622	108.935804
-103.036732	172.638124	109.120724
-103.217496	172.508200	109.312164
-103.404417	172.373853	109.510124
-103.597495	172.235081	109.714605
-103.796730	172.091884	109.925607
-104.002121	171.944263	110.143128
-104.213670	171.792218	110.367171
-104.431376	171.635748	110.597733
-104.655238	171.474853	110.834817
-104.885258	171.309535	111.078420
-105.121434	171.139791	111.328545
-105.363767	170.965623	111.585189
-105.612257	170.787031	111.848354
-105.866905	170.604015	112.118040
-106.127709	170.416573	112.394246
-106.394670	170.224708	112.676973
-106.667787	170.028418	112.966220
-106.947062	169.827703	113.261987
-107.232494	169.622564	113.564275
-107.524083	169.413001	113.873084
-107.821828	169.199013	114.188412
-108.125731	168.980601	114.510262
-108.263400	168.881659	114.656061
-108.407227	168.778292	114.808382
-108.557210	168.670501	114.967222
-108.713351	168.558286	115.132583
-108.875648	168.441646	115.304465
-109.044102	168.320582	115.482867
-109.218714	168.195094	115.667790
-109.399482	168.065181	115.859233
-109.586407	167.930843	116.057196
-109.779489	167.792081	116.261680
-109.978728	167.648895	116.472684
-110.184124	167.501284	116.690209
-110.395676	167.349248	116.914255
-110.613386	167.192788	117.144821
-110.837253	167.031904	117.381907
-111.067276	166.866596	117.625514
-111.303456	166.696862	117.875641
-111.545794	166.522705	118.132289
-111.794288	166.344123	118.395457
-112.048939	166.161116	118.665145
-112.309747	165.973685	118.941355
-112.576712	165.781830	119.224084
-112.849834	165.585550	119.513334
-113.129113	165.384846	119.809105
-113.414549	165.179717	120.111396
-113.706142	164.970164	120.420207
-114.003891	164.756186	120.735539
-114.307798	164.537784	121.057392
-114.445469	164.438847	121.203193
-114.589298	164.335485	121.355514
-114.739283	164.227699	121.514356
-114.895425	164.115488	121.679719
-115.057725	163.998853	121.851602
-115.226181	163.877793	122.030005
-115.400794	163.752309	122.214929
-115.581564	163.622401	122.406374
-115.768491	163.488068	122.604339
-115.961574	163.349310	122.808824
-116.160815	163.206128	123.019830
-116.366213	163.058522	123.237356
-116.577767	162.906491	123.461403
-116.795479	162.750036	123.691970
-117.019347	162.589157	123.929058
-117.249373	162.423852	124.172666
-117.485555	162.254124	124.422795
-117.727894	162.079971	124.679444
-117.976390	161.901394	124.942613
-118.231043	161.718392	125.212303
-118.491853	161.530965	125.488514
-118.758820	161.339115	125.771245
-119.031944	161.142839	126.060496
-119.311224	160.942140	126.356268
-119.596662	160.737016	126.658561
-119.888257	160.527467	126.967374
-120.186008	160.313494	127.282707
-120.489917	160.095097	127.604561
-120.627589	159.996161	127.750363
-120.771418	159.892802	127.902685
-120.921404	159.785018	128.061528
-121.077547	159.672809	128.226891
-121.239847	159.556176	128.398774
-121.408304	159.435118	128.577179
-121.582918	159.309636	128.762103
-121.763689	159.179730	128.953548
-121.950617	159.045399	129.151514
-122.143701	158.906644	129.356000
-122.342943	158.763464	129.567006
-122.548341	158.615860	129.784533
-122.759897	158.463831	130.008581
-122.977609	158.307378	130.239148
-123.201478	158.146501	130.476237
-123.431504	157.981199	130.719846
-123.667687	157.811472	130.969975
-123.910027	157.637321	131.226625
-124.158524	157.458746	131.489795
-124.413178	157.275746	131.759486
-124.673989	157.088322	132.035697
-124.940957	156.896474	132.318429
-125.214081	156.700201	132.607681
-125.493363	156.499503	132.903453
-125.778801	156.294381	133.205747
-126.070397	156.084835	133.514560
-126.368149	155.870864	133.829894
-126.672058	155.652469	134.151749
-126.809731	155.553534	134.297551
-126.953561	155.450175	134.449873
-127.103547	155.342392	134.608716
-127.259691	155.230185	134.774080
-127.421991	155.113552	134.945964
-127.590448	154.992496	135.124368
-127.765062	154.867015	135.309293
-127.945834	154.737109	135.500738
-128.132762	154.602779	135.698704
-128.325847	154.464025	135.903190
-128.525089	154.320846	136.114197
-128.730487	154.173243	136.331724
-128.942043	154.021215	136.555772
-129.159756	153.864763	136.786340
-129.383625	153.703887	137.023429
-129.613652	153.538586	137.267038
-129.849835	153.368860	137.517168
-130.092176	153.194710	137.773818
-130.340673	153.016136	138.036988
-130.595327	152.833137	138.306679
-130.856139	152.645714	138.582891
-131.123107	152.453867	138.865623
-131.396232	152.257594	139.154875
-131.675513	152.056898	139.450648
-131.960952	151.851777	139.752942
-132.252548	151.642231	140.061755
-132.550301	151.428262	140.377090
-132.854210	151.209867	140.698945
-132.991883	151.110933	140.844747
-133.135713	151.007575	140.997069
-133.285700	150.899792	141.155913
-133.441843	150.787585	141.321276
-133.604144	150.670953	141.493160
-133.772601	150.549897	141.671565
-133.947216	150.424417	141.856490
-134.127987	150.294512	142.047935
-134.314915	150.160182	142.245901
-134.508000	150.021428	142.450388
-134.707243	149.878250	142.661394
-134.912642	149.730647	142.878922
-135.124198	149.578620	143.102970
-135.341910	149.422168	143.333538
-135.565780	149.261292	143.570627
-135.795807	149.095992	143.814236
-136.031990	148.926267	144.064366
-136.274331	148.752117	144.321016
-136.522828	148.573543	144.584187
-136.777483	148.390545	144.853878
-137.038294	148.203122	145.130090
-137.305262	148.011275	145.412822
-137.578388	147.815003	145.702074
-137.857670	147.614307	145.997847
-138.143109	147.409187	146.300141
-138.434705	147.199642	146.608955
-138.732458	146.985672	146.924290
-139.036367	146.767278	147.246145
-139.174040	146.668345	147.391947
-139.317870	146.564986	147.544269
-139.467857	146.457204	147.703113
-139.624001	146.344997	147.868476
-139.786301	146.228365	148.040360
-139.954759	146.107309	148.218765
-140.129373	145.981829	148.403690
-140.310145	145.851924	148.595136
-140.497073	145.717595	148.793102
-140.690158	145.578841	148.997588
-140.889400	145.435663	149.208595
-141.094799	145.288061	149.426123
-141.306355	145.136033	149.650170
-141.524068	144.979582	149.880739
-141.747938	144.818706	150.117828
-141.977965	144.653406	150.361437
-142.214149	144.483681	150.611567
-142.456489	144.309532	150.868217
-142.704987	144.130958	151.131388
-142.959641	143.947960	151.401079
-143.220453	143.760537	151.677291
-143.487421	143.568690	151.960023
-143.760546	143.372419	152.249276
-144.039828	143.171723	152.545049
-144.325268	142.966603	152.847343
-144.616864	142.757058	153.156157
-144.914616	142.543089	153.471491
-145.218526	142.324695	153.793346
-145.356199	142.225761	153.939148
-145.500029	142.122403	154.091471
-145.650016	142.014621	154.250314
-145.806160	141.902414	154.415678
-145.968460	141.785782	154.587562
-146.136918	141.664727	154.765967
-146.311532	141.539246	154.950892
-146.492304	141.409342	155.142338
-146.679232	141.275012	155.340304
-146.872318	141.136259	155.544790
-147.071560	140.993081	155.755797
-147.276959	140.845478	155.973325
-147.488515	140.693451	156.197372
-147.706228	140.537000	156.427941
-147.930098	140.376124	156.665030
-148.160125	140.210824	156.908639
-148.396308	140.041099	157.158769
-148.638649	139.866950	157.415419
-148.887147	139.688376	157.678590
-149.141801	139.505378	157.948281
-149.402612	139.317956	158.224493
-149.669581	139.126109	158.507225
-149.942706	138.929838	158.796478
-150.221988	138.729142	159.092251
-150.507427	138.524022	159.394545
-150.799023	138.314477	159.703359
-151.096776	138.100508	160.018694
-151.400686	137.882114	160.340549
-151.538359	137.783181	160.486351
-151.682189	137.679823	160.638674
-151.832176	137.572040	160.797517
-151.988320	137.459833	160.962881
-152.150620	137.343202	161.134765
-152.319078	137.222146	161.313169
-152.493693	137.096666	161.498095
-152.674464	136.966761	161.689540
-152.861392	136.832432	161.887506
-153.054478	136.693678	162.091993
-153.253720	136.550500	162.303000
-153.459119	136.402898	162.520527
-153.670675	136.250871	162.744575
-153.888388	136.094420	162.975144
-154.112258	135.933544	163.212233
-154.342285	135.768244	163.455842
-154.578469	135.598519	163.705972
-154.820809	135.424370	163.962622
-155.069307	135.245796	164.225793
-155.323961	135.062798	164.495484
-155.584773	134.875376	164.771696
-155.851741	134.683529	165.054428
-156.124866	134.487258	165.343681
-156.404149	134.286562	165.639454
-156.689588	134.081442	165.941748
-156.981184	133.871897	166.250562
-157.278937	133.657928	166.565897
-157.582847	133.439535	166.887752
-157.720520	133.340601	167.033554
-157.864350	133.237243	167.185877
-158.014337	133.129461	167.344720
-158.170480	133.017254	167.510084
-158.332781	132.900622	167.681968
-158.501239	132.779567	167.860372
-158.675853	132.654086	168.045297
-158.856625	132.524182	168.236743
-159.043553	132.389853	168.434709
-159.236638	132.251099	168.639196
-159.435880	132.107921	168.850203
-159.641280	131.960319	169.067730
-159.852836	131.808292	169.291778
-160.070549	131.651840	169.522347
-160.294419	131.490965	169.759435
-160.524445	131.325664	170.003045
-160.760629	131.155940	170.253175
-161.002970	130.981791	170.509825
-161.251467	130.803217	170.772996
-161.506122	130.620219	171.042687
-161.766933	130.432797	171.318899
-162.033902	130.240950	171.601631
-162.307027	130.044679	171.890884
-162.586309	129.843983	172.186657
-162.871748	129.638863	172.488951
-163.163345	129.429318	172.797765
-163.461098	129.215349	173.113100
-163.765007	128.996956	173.434955
-163.902680	128.898022	173.580757
-164.046510	128.794664	173.733080
-164.196497	128.686882	173.891923
-164.352641	128.574675	174.057287
-164.514942	128.458043	174.229171
-164.683399	128.336988	174.407575
-164.858014	128.211507	174.592501
-165.038785	128.081603	174.783946
-165.225714	127.947274	174.981912
-165.418799	127.808520	175.186399
-165.618041	127.665342	175.397406
-165.823440	127.517740	175.614933
-166.034996	127.365713	175.838981
-166.252709	127.209262	176.069550
-166.476579	127.048386	176.306639
-166.706606	126.883086	176.550248
-166.942790	126.713361	176.800378
-167.185131	126.539212	177.057028
-167.433628	126.360638	177.320199
-167.688283	126.177640	177.589890
-167.949094	125.990218	177.866102
-168.216063	125.798371	178.148834
-168.489188	125.602100	178.438087
-168.768470	125.401404	178.733860
-169.053909	125.196284	179.036154
-169.345505	124.986739	179.344968
-169.643258	124.772770	179.660303
-169.947168	124.554377	179.982158
-170.084841	124.455443	180.127960
-170.228671	124.352085	180.280283
-170.378658	124.244303	180.439126
-170.534802	124.132096	180.604490
-170.697102	124.015465	180.776374
-170.865560	123.894409	180.954779
-171.040175	123.768929	181.139704
-171.220946	123.639024	181.331149
-171.407874	123.504695	181.529115
-171.600960	123.365941	181.733602
-171.800202	123.222763	181.944609
-172.005601	123.075161	182.162136
-172.217157	122.923134	182.386184
-172.434870	122.766683	182.616753
-172.658740	122.605807	182.853842
-172.888767	122.440507	183.097451
-173.124951	122.270782	183.347581
-173.367291	122.096633	183.604231
-173.615789	121.918060	183.867402
-173.870443	121.735062	184.137094
-174.131255	121.547639	184.413305
-174.398223	121.355792	184.696038
-174.671349	121.159521	184.985290
-174.950631	120.958825	185.281063
-175.236070	120.753705	185.583357
-175.527666	120.544161	185.892171
-175.825419	120.330192	186.207506
-176.129329	120.111798	186.529361
-176.267002	120.012865	186.675163
-176.410832	119.909507	186.827486
-176.560819	119.801724	186.986329
-176.716963	119.689517	187.151693
-176.879263	119.572886	187.323577
-177.047721	119.451830	187.501982
-177.222335	119.326350	187.686907
-177.403107	119.196445	187.878352
-177.590035	119.062116	188.076319
-177.783120	118.923363	188.280805
-177.982363	118.780185	188.491812
-178.187762	118.632582	188.709340
-178.399318	118.480555	188.933388
-178.617031	118.324104	189.163956
-178.840901	118.163228	189.401045
-179.070928	117.997928	189.644654
-179.307111	117.828204	189.894784
-179.549452	117.654055	190.151435
-179.797950	117.475481	190.414605
-180.052604	117.292483	190.684297
-180.313416	117.105061	190.960508
-180.580384	116.913214	191.243241
-180.853509	116.716943	191.532493
-181.132792	116.516247	191.828267
-181.418231	116.311127	192.130560
-181.709827	116.101582	192.439375
-182.007580	115.887613	192.754709
-182.311490	115.669219	193.076564
-182.449163	115.570286	193.222367
-182.592993	115.466928	193.374689
-182.742980	115.359145	193.533532
-182.899123	115.246939	193.698896
-183.061424	115.130307	193.870780
-183.229882	115.009252	194.049185
-183.404496	114.883771	194.234110
-183.585268	114.753867	194.425556
-183.772196	114.619538	194.623522
-183.965281	114.480784	194.828008
-184.164524	114.337606	195.039015
-184.369923	114.190004	195.256543
-184.581479	114.037977	195.480591
-184.799192	113.881526	195.711159
-185.023062	113.720650	195.948248
-185.253089	113.555350	196.191858
-185.489272	113.385625	196.441987
-185.731613	113.211476	196.698638
-185.980111	113.032902	196.961809
-186.234765	112.849904	197.231500
-186.495577	112.662482	197.507712
-186.762545	112.470635	197.790444
-187.035670	112.274364	198.079697
-187.314953	112.073668	198.375470
-187.600392	111.868548	198.677764
-187.891988	111.659003	198.986578
-188.189741	111.445034	199.301912
-188.493651	111.226641	199.623767
-188.631324	111.127707	199.769570
-188.775154	111.024349	199.921892
-188.925140	110.916567	200.080736
-189.081284	110.804360	200.246099
-189.243585	110.687729	200.417984
-189.412042	110.566673	200.596388
-189.586657	110.441193	200.781313
-189.767428	110.311288	200.972759
-189.954357	110.176959	201.170725
-190.147442	110.038205	201.375212
-190.346684	109.895028	201.586219
-190.552084	109.747425	201.803746
-190.763640	109.595398	202.027794
-190.981353	109.438947	202.258362
-191.205223	109.278071	202.495451
-191.435249	109.112771	202.739061
-191.671433	108.943046	202.989191
-191.913774	108.768897	203.245841
-192.162271	108.590324	203.509012
-192.416926	108.407326	203.778703
-192.677737	108.219903	204.054915
-192.944706	108.028057	204.337647
-193.217831	107.831785	204.626900
-193.497113	107.631090	204.922673
-193.782552	107.425969	205.224967
-194.074149	107.216425	205.533781
-194.371902	107.002456	205.849116
-194.675811	106.784062	206.170971
-194.813484	106.685129	206.316773
-194.957314	106.581771	206.469096
-195.107301	106.473988	206.627939
-195.263445	106.361781	206.793303
-195.425746	106.245150	206.965187
-195.594203	106.124094	207.143591
-195.768818	105.998614	207.328517
-195.949589	105.868710	207.519962
-196.136518	105.734380	207.717928
-196.329603	105.595627	207.922415
-196.528845	105.452449	208.133422
-196.734244	105.304847	208.350949
-196.945800	105.152820	208.574997
-197.163513	104.996368	208.805566
-197.387383	104.835493	209.042655
-197.617410	104.670192	209.286264
-197.853594	104.500468	209.536394
-198.095935	104.326319	209.793044
-198.344432	104.147745	210.056215
-198.599087	103.964747	210.325906
-198.859898	103.777325	210.602118
-199.126867	103.585478	210.884850
-199.399992	103.389207	211.174103
-199.679274	103.188511	211.469876
-199.964713	102.983391	211.772170
-200.256309	102.773846	212.080984
-200.554062	102.559877	212.396319
-200.857972	102.341484	212.718174
-200.995645	102.242550	212.863976
-201.139475	102.139192	213.016299
-201.289462	102.031410	213.175142
-201.445606	101.919203	213.340506
-201.607907	101.802572	213.512390
-201.776364	101.681516	213.690795
-201.950979	101.556036	213.875720
-202.131750	101.426131	214.067165
-202.318678	101.291802	214.265131
-202.511764	101.153048	214.469618
-202.711006	101.009870	214.680625
-202.916405	100.862268	214.898152
-203.127961	100.710241	215.122200
-203.345674	100.553790	215.352769
-203.569544	100.392914	215.589858
-203.799571	100.227614	215.833467
-204.035755	100.057889	216.083597
-204.278095	99.883740	216.340247
-204.526593	99.705167	216.603418
-204.781248	99.522169	216.873110
-205.042059	99.334746	217.149321
-205.309027	99.142899	217.432054
-205.582153	98.946628	217.721306
-205.861435	98.745932	218.017080
-206.146874	98.540812	218.319373
-206.438470	98.331268	218.628187
-206.736223	98.117299	218.943522
-207.040133	97.898905	219.265377
-207.177806	97.799972	219.411179
-207.321636	97.696614	219.563502
-207.471623	97.588831	219.722345
-207.627767	97.476624	219.887709
-207.790067	97.359993	220.059593
-207.958525	97.238937	220.237998
-208.133139	97.113457	220.422923
-208.313911	96.983552	220.614369
-208.500839	96.849223	220.812335
-208.693925	96.710470	221.016821
-208.893167	96.567292	221.227828
-209.098566	96.419689	221.445356
-209.310122	96.267662	221.669404
-209.527835	96.111211	221.899972
-209.751705	95.950335	222.137061
-209.981732	95.785035	222.380670
-210.217916	95.615311	222.630800
-210.460256	95.441162	222.887451
-210.708754	95.262588	223.150621
-210.963408	95.079590	223.420313
-211.224220	94.892168	223.696525
-211.491188	94.700321	223.979257
-211.764314	94.504050	224.268510
-212.043596	94.303354	224.564283
-212.329035	94.098234	224.866576
-212.620631	93.888689	225.175391
-212.918384	93.674720	225.490725
-213.222294	93.456327	225.812580
-213.359967	93.357393	225.958383
-213.503797	93.254035	226.110705
-213.653784	93.146253	226.269549
-213.809927	93.034046	226.434912
-213.972228	92.917414	226.606796
-214.140686	92.796359	226.785201
-214.315300	92.670878	226.970126
-214.496072	92.540974	227.161572
-214.683000	92.406645	227.359538
-214.876085	92.267891	227.564024
-215.075328	92.124713	227.775031
-215.280727	91.977111	227.992559
-215.492283	91.825084	228.216607
-215.709996	91.668633	228.447175
-215.933866	91.507757	228.684264
-216.163893	91.342457	228.927874
-216.400076	91.172732	229.178004
-216.642417	90.998583	229.434654
-216.890915	90.820009	229.697825
-217.145569	90.637012	229.967516
-217.406381	90.449589	230.243728
-217.673349	90.257742	230.526460
-217.946474	90.061471	230.815713
-218.225757	89.860775	231.111486
-218.511196	89.655655	231.413780
-218.802792	89.446110	231.722594
-219.100545	89.232141	232.037928
-219.404455	89.013748	232.359784
-219.542128	88.914814	232.505586
-219.685958	88.811456	232.657909
-219.835945	88.703674	232.816752
-219.992088	88.591467	232.982115
-220.154389	88.474836	233.154000
-220.322847	88.353780	233.332404
-220.497461	88.228300	233.517329
-220.678233	88.098395	233.708775
-220.865161	87.964066	233.906741
-221.058246	87.825313	234.111228
-221.257489	87.682135	234.322235
-221.462888	87.534532	234.539762
-221.674444	87.382505	234.763810
-221.892157	87.226054	234.994379
-222.116027	87.065178	235.231467
-222.346053	86.899878	235.475077
-222.582237	86.730153	235.725207
-222.824578	86.556004	235.981857
-223.073076	86.377431	236.245028
-223.327730	86.194433	236.514719
-223.588542	86.007011	236.790931
-223.855510	85.815164	237.073663
-224.128635	85.618892	237.362916
-224.407917	85.418197	237.658689
-224.693357	85.213077	237.960983
-224.984953	85.003532	238.269797
-225.282706	84.789563	238.585132
-225.586616	84.571169	238.906987
-225.724289	84.472236	239.052789
-225.868119	84.368878	239.205112
-226.018105	84.261095	239.363955
-226.174249	84.148889	239.529319
-226.336550	84.032257	239.701203
-226.505007	83.911201	239.879607
-226.679622	83.785721	240.064533
-226.860393	83.655817	240.255978
-227.047322	83.521488	240.453944
-227.240407	83.382734	240.658431
-227.439649	83.239556	240.869438
-227.645048	83.091954	241.086965
-227.856605	82.939927	241.311013
-228.074318	82.783475	241.541582
-228.298187	82.622600	241.778671
-228.528214	82.457300	242.022280
-228.764398	82.287575	242.272410
-229.006739	82.113426	242.529060
-229.255236	81.934852	242.792231
-229.509891	81.751854	243.061922
