40.042191	241.813094	0.732871
40.066655	241.685057	0.760585
40.099970	241.552369	0.788467
40.142137	241.415031	0.816523
40.193155	241.273044	0.844759
40.253027	241.126411	0.873181
40.321753	240.975133	0.901796
40.399333	240.819212	0.930608
40.485768	240.658650	0.959624
40.581059	240.493449	0.988850
40.685208	240.323609	1.018292
40.798213	240.149134	1.047956
40.920078	239.970024	1.077847
41.050801	239.786281	1.107972
41.190385	239.597908	1.138336
41.338829	239.404905	1.168944
41.496134	239.207275	1.199803
41.662302	239.005020	1.230919
41.837332	238.798140	1.262296
42.021226	238.586639	1.293941
42.213985	238.370517	1.325858
42.415609	238.149777	1.358054
42.626098	237.924420	1.390534
42.845455	237.694447	1.423304
43.073678	237.459862	1.456367
43.310770	237.220664	1.489731
43.556731	236.976857	1.523400
43.811561	236.728442	1.557378
44.075262	236.475421	1.591673
44.347833	236.217796	1.626287
44.629277	235.955567	1.661227
44.919593	235.688738	1.696497
45.218783	235.417310	1.732102
45.526846	235.141284	1.768048
45.843784	234.860663	1.804337
46.169598	234.575447	1.840977
46.504288	234.285640	1.877970
46.847855	233.991243	1.915321
47.200300	233.692258	1.953036
47.561623	233.388686	1.991117
47.931826	233.080529	2.029571
48.310909	232.767789	2.068400
48.483466	232.626652	2.085840
48.664905	232.480935	2.103661
48.855225	232.330638	2.121867
49.054426	232.175764	2.140457
49.262510	232.016312	2.159435
49.479475	231.852283	2.178802
49.705323	231.683678	2.198561
49.940054	231.510499	2.218711
50.183669	231.332744	2.239257
50.436167	231.150417	2.260198
50.697549	230.963516	2.281538
50.967815	230.772044	2.303277
51.246966	230.576001	2.325418
51.535001	230.375387	2.347962
51.831923	230.170203	2.370910
52.137729	229.960451	2.394265
52.452422	229.746131	2.418027
52.776002	229.527244	2.442200
53.108468	229.303790	2.466783
53.449821	229.075771	2.491779
53.800062	228.843187	2.517190
54.159191	228.606040	2.543016
54.527208	228.364329	2.569259
54.904114	228.118056	2.595922
55.289908	227.867222	2.623004
55.684592	227.611827	2.650508
56.088166	227.351872	2.678436
56.500630	227.087358	2.706788
56.688777	226.967209	2.719637
56.885813	226.842504	2.732913
57.091740	226.713242	2.746616
57.306556	226.579423	2.760745
57.530262	226.441048	2.775303
57.762860	226.298117	2.790289
58.004348	226.150630	2.805704
58.254727	225.998588	2.821549
58.513997	225.841992	2.837825
58.782159	225.680841	2.854531
59.059213	225.515135	2.871670
59.345159	225.344876	2.889240
59.639997	225.170064	2.907243
59.943727	224.990698	2.925680
60.256350	224.806779	2.944550
60.577865	224.618308	2.963855
60.908274	224.425286	2.983595
61.247575	224.227711	3.003771
61.595770	224.025585	3.024382
61.952859	223.818909	3.045431
62.318841	223.607681	3.066916
62.693718	223.391904	3.088839
63.077488	223.171577	3.111200
63.470153	222.946701	3.134000
63.871712	222.717275	3.157239
64.282166	222.483301	3.180918
64.701514	222.244779	3.205037
65.129758	222.001709	3.229596
65.324079	221.891636	3.240709
65.527293	221.777015	3.252264
65.739403	221.657848	3.264259
65.960407	221.534135	3.276696
66.190307	221.405874	3.289574
66.429101	221.273067	3.302894
66.676791	221.135714	3.316656
66.933376	220.993815	3.330861
67.198856	220.847369	3.345508
67.473232	220.696378	3.360598
67.756504	220.540841	3.376131
68.048672	220.380759	3.392107
68.349736	220.216131	3.408526
68.659696	220.046959	3.425389
68.978552	219.873241	3.442696
69.306304	219.694979	3.460446
69.642953	219.512172	3.478641
69.988498	219.324820	3.497280
70.342940	219.132924	3.516364
70.706278	218.936484	3.535892
71.078513	218.735500	3.555865
71.459646	218.529973	3.576283
71.849675	218.319902	3.597147
72.248601	218.105287	3.618456
72.656424	217.886129	3.640210
73.073145	217.662428	3.662410
73.498763	217.434185	3.685056
73.933278	217.201398	3.708149
74.130207	217.095996	3.718602
74.336033	216.986050	3.729502
74.550755	216.871563	3.740848
74.774375	216.752533	3.752640
75.006893	216.628961	3.764879
75.248307	216.500848	3.777564
75.498619	216.368192	3.790696
75.757829	216.230994	3.804274
76.025936	216.089255	3.818299
76.302941	215.942973	3.832770
76.588843	215.792150	3.847689
76.883643	215.636786	3.863054
77.187341	215.476880	3.878867
77.499937	215.312432	3.895126
77.821431	215.143443	3.911833
78.151823	214.969913	3.928987
78.491113	214.791842	3.946588
78.839300	214.609230	3.964636
79.196386	214.422076	3.983132
79.562371	214.230382	4.002076
79.937253	214.034147	4.021467
80.321034	213.833371	4.041305
80.713713	213.628054	4.061592
81.115290	213.418196	4.082326
81.525766	213.203799	4.103508
81.945141	212.984860	4.125137
82.373413	212.761381	4.147215
82.810585	212.533362	4.169741
83.008656	212.430098	4.179942
83.215626	212.322292	4.190591
83.431494	212.209947	4.201688
83.656260	212.093062	4.213233
83.889924	211.971637	4.225226
84.132487	211.845671	4.237667
84.383949	211.715166	4.250556
84.644308	211.580121	4.263893
84.913567	211.440536	4.277678
85.191724	211.296411	4.291911
85.478779	211.147746	4.306593
85.774734	210.994542	4.321723
86.079587	210.836798	4.337301
86.393338	210.674514	4.353328
86.715989	210.507690	4.369803
87.047538	210.336327	4.386726
87.387986	210.160424	4.404098
87.737333	209.979982	4.421918
88.095579	209.795000	4.440187
88.462723	209.605478	4.458904
88.838767	209.411417	4.478070
89.223709	209.212817	4.497684
89.617551	209.009677	4.517747
90.020291	208.801998	4.538258
90.431931	208.589780	4.559218
90.852470	208.373022	4.580627
91.281907	208.151726	4.602484
91.720244	207.925890	4.624790
91.918825	207.823599	4.634894
92.126305	207.716769	4.645445
92.342684	207.605400	4.656446
92.567961	207.489491	4.667895
92.802138	207.369044	4.679793
93.045213	207.244058	4.692139
93.297188	207.114532	4.704934
93.558061	206.980468	4.718178
93.827833	206.841865	4.731870
94.106505	206.698722	4.746011
94.394075	206.551041	4.760601
94.690545	206.398821	4.775640
94.995913	206.242061	4.791127
95.310181	206.080763	4.807063
95.633348	205.914926	4.823448
95.965414	205.744551	4.840282
96.306379	205.569636	4.857564
96.656244	205.390182	4.875295
97.015008	205.206190	4.893476
97.382671	205.017659	4.912105
97.759233	204.824589	4.931183
98.144695	204.626980	4.950709
98.539055	204.424833	4.970685
98.942315	204.218146	4.991110
99.354475	204.006921	5.011983
99.775534	203.791158	5.033305
100.205492	203.570855	5.055077
100.644349	203.346014	5.077297
100.843160	203.244166	5.087362
101.050869	203.137780	5.097877
101.267478	203.026855	5.108839
101.492986	202.911391	5.120251
101.727393	202.791388	5.132112
101.970699	202.666847	5.144421
102.222905	202.537767	5.157180
102.484010	202.404149	5.170387
102.754014	202.265992	5.184043
103.032917	202.123297	5.198148
103.320719	201.976063	5.212702
103.617421	201.824290	5.227705
103.923022	201.667979	5.243156
104.237523	201.507130	5.259057
104.560922	201.341742	5.275407
104.893222	201.171815	5.292205
105.234420	200.997350	5.309453
105.584518	200.818346	5.327150
105.943515	200.634804	5.345295
106.311412	200.446724	5.363890
106.688208	200.254104	5.382933
107.073904	200.056947	5.402426
107.468499	199.855251	5.422367
107.871993	199.649016	5.442758
108.284387	199.438243	5.463597
108.705680	199.222932	5.484886
109.135873	199.003082	5.506623
109.574965	198.778694	5.528810
109.773880	198.677047	5.538861
109.981694	198.570862	5.549360
110.198406	198.460139	5.560308
110.424019	198.344877	5.571705
110.658530	198.225077	5.583551
110.901941	198.100738	5.595846
111.154251	197.971861	5.608590
111.415461	197.838446	5.621783
111.685569	197.700492	5.635425
111.964578	197.558000	5.649516
112.252485	197.410969	5.664056
112.549292	197.259400	5.679045
112.854999	197.103293	5.694482
113.169605	196.942647	5.710369
113.493110	196.777464	5.726705
113.825515	196.607741	5.743490
114.166819	196.433481	5.760724
114.517023	196.254682	5.778407
114.876126	196.071344	5.796539
115.244129	195.883468	5.815120
115.621031	195.691054	5.834150
116.006833	195.494102	5.853629
116.401534	195.292611	5.873557
116.805135	195.086582	5.893934
117.217635	194.876015	5.914760
117.639035	194.660909	5.936035
118.069334	194.441265	5.957760
118.508533	194.217083	5.979933
118.707494	194.115528	5.989978
118.915355	194.009434	6.000471
119.132115	193.898803	6.011414
119.357775	193.783633	6.022805
119.592334	193.663925	6.034645
119.835792	193.539678	6.046935
120.088150	193.410894	6.059673
120.349407	193.277570	6.072860
120.619564	193.139709	6.086497
120.898620	192.997309	6.100582
121.186575	192.850372	6.115116
121.483430	192.698895	6.130100
121.789185	192.542881	6.145532
122.103839	192.382328	6.161413
122.427392	192.217237	6.177744
122.759845	192.047608	6.194523
123.101198	191.873440	6.211752
123.451450	191.694734	6.229429
123.810601	191.511490	6.247556
124.178652	191.323708	6.266132
124.555603	191.131387	6.285156
124.941453	190.934528	6.304630
125.336202	190.733131	6.324553
125.739852	190.527195	6.344925
126.152400	190.316721	6.365746
126.573849	190.101709	6.387016
127.004196	189.882159	6.408735
127.443444	189.658070	6.430903
127.642427	189.556557	6.440945
127.850309	189.450505	6.451437
128.067091	189.339916	6.462377
128.292772	189.224788	6.473766
128.527353	189.105121	6.485604
128.770833	188.980917	6.497891
129.023212	188.852174	6.510627
129.284491	188.718893	6.523813
129.554669	188.581074	6.537447
129.833747	188.438716	6.551530
130.121725	188.291821	6.566062
130.418602	188.140387	6.581043
130.724378	187.984414	6.596474
131.039054	187.823904	6.612353
131.362630	187.658855	6.628681
131.695105	187.489268	6.645459
132.036479	187.315143	6.662685
132.386753	187.136480	6.680361
132.745927	186.953278	6.698485
133.114000	186.765538	6.717059
133.490973	186.573260	6.736081
133.876845	186.376443	6.755553
134.271617	186.175089	6.775474
134.675288	185.969196	6.795844
135.087859	185.758765	6.816663
135.509330	185.543795	6.837931
135.939700	185.324288	6.859648
136.378970	185.100242	6.881814
136.577962	184.998748	6.891855
136.785855	184.892715	6.902346
137.002646	184.782144	6.913285
137.228337	184.667036	6.924673
137.462928	184.547388	6.936511
137.706418	184.423203	6.948797
137.958807	184.294480	6.961532
138.220096	184.161218	6.974717
138.490285	184.023418	6.988350
138.769373	183.881080	7.002432
139.057360	183.734203	7.016964
139.354247	183.582788	7.031944
139.660034	183.426835	7.047374
139.974720	183.266344	7.063252
140.298306	183.101315	7.079580
140.630791	182.931747	7.096356
140.972176	182.757641	7.113582
141.322460	182.578997	7.131257
141.681644	182.395815	7.149381
142.049727	182.208095	7.167954
142.426710	182.015836	7.186975
142.812593	181.819039	7.206446
143.207375	181.617704	7.226367
143.611057	181.411830	7.246736
144.023638	181.201418	7.267554
144.445119	180.986469	7.288821
144.875500	180.766980	7.310537
145.314780	180.542954	7.332703
145.513777	180.441469	7.342744
145.721673	180.335445	7.353234
145.938470	180.224883	7.364173
146.164165	180.109783	7.375561
146.398760	179.990145	7.387398
146.642255	179.865968	7.399684
146.894649	179.737253	7.412419
147.155943	179.604000	7.425603
147.426136	179.466209	7.439236
147.705229	179.323880	7.453318
147.993221	179.177012	7.467850
148.290113	179.025606	7.482830
148.595904	178.869662	7.498259
148.910595	178.709180	7.514137
149.234185	178.544159	7.530465
149.566675	178.374601	7.547241
149.908065	178.200504	7.564467
150.258354	178.021868	7.582141
150.617543	177.838695	7.600265
150.985631	177.650983	7.618837
151.362619	177.458734	7.637859
151.748506	177.261945	7.657330
152.143293	177.060619	7.677250
152.546980	176.854755	7.697619
152.959566	176.644352	7.718437
153.381052	176.429411	7.739704
153.811437	176.209932	7.761420
154.250722	175.985914	7.783585
154.449721	175.884433	7.793626
154.657620	175.778413	7.804116
154.874418	175.667856	7.815055
155.100116	175.552759	7.826443
155.334713	175.433125	7.838280
155.578210	175.308953	7.850566
155.830607	175.180242	7.863301
156.091902	175.046993	7.876485
156.362098	174.909206	7.890118
156.641193	174.766881	7.904200
156.929187	174.620017	7.918731
157.226081	174.468615	7.933711
157.531875	174.312675	7.949141
157.846568	174.152197	7.965019
158.170161	173.987181	7.981346
158.502653	173.817626	7.998123
158.844045	173.643533	8.015348
159.194337	173.464902	8.033023
159.553528	173.281733	8.051146
159.921618	173.094025	8.069719
160.298609	172.901780	8.088741
160.684498	172.704996	8.108211
161.079288	172.503673	8.128131
161.482977	172.297813	8.148500
161.895565	172.087414	8.169318
162.317053	171.872478	8.190585
162.747441	171.653003	8.212301
163.186728	171.428989	8.234466
163.385729	171.327510	8.244507
163.593628	171.221492	8.254997
163.810428	171.110936	8.265936
164.036126	170.995842	8.277324
164.270725	170.876210	8.289161
164.514223	170.752039	8.301447
164.766620	170.623330	8.314182
165.027917	170.490083	8.327366
165.298113	170.352298	8.341000
165.577210	170.209974	8.355082
165.865205	170.063113	8.369613
166.162100	169.911713	8.384593
166.467895	169.755775	8.400023
166.782589	169.595298	8.415901
167.106183	169.430284	8.432228
167.438677	169.260731	8.449005
167.780070	169.086640	8.466230
168.130363	168.908011	8.483905
168.489555	168.724844	8.502029
168.857647	168.537138	8.520601
169.234638	168.344894	8.539623
169.620529	168.148112	8.559094
170.015320	167.946792	8.579014
170.419010	167.740934	8.599383
170.831599	167.530537	8.620201
171.253089	167.315602	8.641468
171.683478	167.096129	8.663184
172.122766	166.872118	8.685350
172.321767	166.770639	8.695391
172.529667	166.664622	8.705881
172.746467	166.554067	8.716820
172.972166	166.438974	8.728208
173.206765	166.319342	8.740045
173.450263	166.195173	8.752331
173.702661	166.066465	8.765066
173.963959	165.933219	8.778250
174.234156	165.795434	8.791883
174.513253	165.653112	8.805966
174.801249	165.506251	8.820497
175.098145	165.354852	8.835477
175.403940	165.198915	8.850907
175.718635	165.038439	8.866785
176.042229	164.873426	8.883113
176.374724	164.703874	8.899889
176.716117	164.529784	8.917115
177.066411	164.351156	8.934790
177.425603	164.167989	8.952913
177.793696	163.980284	8.971486
178.170688	163.788042	8.990508
178.556579	163.591260	9.009979
178.951371	163.389941	9.029899
179.355062	163.184084	9.050268
179.767652	162.973688	9.071086
180.189142	162.758754	9.092354
180.619531	162.539282	9.114070
181.058821	162.315271	9.136235
181.257822	162.213793	9.146276
181.465722	162.107777	9.156766
181.682522	161.997222	9.167706
181.908222	161.882129	9.179094
182.142821	161.762498	9.190931
182.386319	161.638329	9.203217
182.638718	161.509621	9.215952
182.900015	161.376376	9.229137
183.170213	161.238592	9.242770
183.449310	161.096270	9.256852
183.737306	160.949409	9.271384
184.034202	160.798011	9.286364
184.339998	160.642074	9.301794
184.654693	160.481599	9.317672
184.978288	160.316586	9.334000
185.310783	160.147035	9.350777
185.652177	159.972945	9.368002
186.002470	159.794317	9.385677
186.361664	159.611151	9.403801
186.729756	159.423447	9.422374
187.106749	159.231205	9.441396
187.492641	159.034424	9.460867
187.887432	158.833105	9.480787
188.291124	158.627248	9.501157
188.703714	158.416853	9.521975
189.125205	158.201919	9.543242
189.555595	157.982447	9.564959
189.994884	157.758437	9.587124
190.193885	157.656959	9.597165
190.401786	157.550943	9.607655
190.618586	157.440389	9.618595
190.844286	157.325296	9.629983
191.078885	157.205665	9.641820
191.322384	157.081496	9.654106
191.574782	156.952789	9.666842
191.836080	156.819544	9.680026
192.106278	156.681760	9.693659
192.385375	156.539438	9.707742
192.673372	156.392578	9.722273
192.970268	156.241180	9.737254
193.276064	156.085243	9.752684
193.590759	155.924768	9.768562
193.914354	155.759755	9.784890
194.246849	155.590204	9.801667
194.588243	155.416115	9.818893
194.938537	155.237487	9.836568
195.297731	155.054322	9.854692
195.665824	154.866618	9.873265
196.042816	154.674375	9.892287
196.428709	154.477595	9.911758
196.823500	154.276276	9.931679
197.227192	154.070419	9.952048
197.639783	153.860024	9.972866
198.061273	153.645091	9.994134
198.491664	153.425619	10.015850
198.930954	153.201610	10.038016
199.129955	153.100132	10.048057
199.337855	152.994116	10.058547
199.554655	152.883561	10.069486
199.780355	152.768469	10.080875
200.014955	152.648838	10.092712
200.258454	152.524669	10.104998
200.510852	152.395962	10.117734
200.772150	152.262717	10.130918
201.042348	152.124933	10.144552
201.321445	151.982612	10.158634
201.609442	151.835752	10.173166
201.906338	151.684354	10.188147
202.212134	151.528417	10.203576
202.526830	151.367943	10.219455
202.850425	151.202930	10.235783
203.182920	151.033379	10.252560
203.524315	150.859289	10.269786
203.874609	150.680662	10.287461
204.233802	150.497496	10.305585
204.601895	150.309792	10.324158
204.978888	150.117550	10.343181
205.364781	149.920770	10.362652
205.759573	149.719451	10.382572
206.163264	149.513595	10.402942
206.575855	149.303200	10.423760
206.997346	149.088266	10.445028
207.427736	148.868795	10.466745
207.867026	148.644785	10.488910
208.066028	148.543308	10.498951
208.273928	148.437292	10.509442
208.490728	148.326737	10.520381
208.716428	148.211645	10.531769
208.951028	148.092014	10.543607
209.194527	147.967846	10.555893
209.446925	147.839139	10.568629
209.708224	147.705893	10.581813
209.978421	147.568110	10.595447
210.257519	147.425788	10.609529
210.545516	147.278928	10.624061
210.842412	147.127530	10.639042
211.148208	146.971594	10.654472
211.462904	146.811119	10.670351
211.786499	146.646107	10.686679
212.118994	146.476556	10.703456
212.460389	146.302466	10.720682
212.810683	146.123839	10.738357
213.169877	145.940673	10.756481
213.537970	145.752970	10.775054
213.914963	145.560728	10.794077
214.300855	145.363947	10.813548
214.695647	145.162629	10.833469
215.099339	144.956772	10.853838
215.511930	144.746377	10.874657
215.933421	144.531444	10.895924
216.363812	144.311973	10.917641
216.803102	144.087963	10.939807
217.002103	143.986485	10.949848
217.210004	143.880469	10.960339
217.426804	143.769915	10.971278
217.652504	143.654823	10.982666
217.887103	143.535192	10.994504
218.130602	143.411024	11.006790
218.383001	143.282317	11.019526
218.644299	143.149071	11.032710
218.914497	143.011288	11.046344
219.193594	142.868966	11.060427
219.481592	142.722107	11.074959
219.778488	142.570708	11.089940
220.084284	142.414772	11.105369
220.398980	142.254298	11.121248
220.722576	142.089285	11.137576
221.055071	141.919734	11.154354
221.396465	141.745645	11.171580
221.746759	141.567018	11.189255
222.105953	141.383852	11.207379
222.474046	141.196148	11.225953
222.851039	141.003906	11.244975
223.236932	140.807126	11.264447
223.631724	140.605807	11.284367
224.035416	140.399951	11.304737
224.448007	140.189556	11.325556
224.869498	139.974623	11.346823
225.299889	139.755152	11.368540
225.739179	139.531142	11.390706
225.938180	139.429664	11.400747
226.146081	139.323648	11.411238
226.362881	139.213094	11.422177
226.588581	139.098002	11.433565
226.823181	138.978372	11.445403
227.066680	138.854203	11.457690
227.319078	138.725496	11.470425
227.580377	138.592251	11.483610
227.850575	138.454467	11.497244
228.129672	138.312146	11.511326
228.417669	138.165286	11.525858
228.714566	138.013888	11.540839
229.020362	137.857951	11.556269
229.335058	137.697477	11.572148
229.658653	137.532464	11.588476
229.991148	137.362913	11.605254
230.332543	137.188824	11.622480
230.682837	137.010197	11.640155
231.042031	136.827031	11.658279
231.410125	136.639328	11.676853
231.787118	136.447086	11.695875
232.173010	136.250305	11.715347
232.567802	136.048987	11.735268
232.971494	135.843130	11.755637
233.384086	135.632736	11.776456
233.805577	135.417803	11.797724
234.235967	135.198331	11.819441
234.675258	134.974322	11.841607
234.874259	134.872844	11.851648
235.082160	134.766828	11.862139
235.298960	134.656274	11.873078
235.524660	134.541182	11.884466
235.759259	134.421551	11.896304
236.002758	134.297383	11.908591
236.255157	134.168676	11.921326
236.516455	134.035430	11.934511
236.786653	133.897647	11.948145
237.065751	133.755326	11.962228
237.353748	133.608466	11.976760
237.650645	133.457068	11.991741
237.956441	133.301131	12.007171
238.271137	133.140657	12.023050
238.594732	132.975644	12.039378
238.927227	132.806093	12.056155
239.268622	132.632004	12.073381
239.618916	132.453377	12.091057
239.978110	132.270212	12.109181
240.346204	132.082508	12.127755
240.723197	131.890266	12.146777
241.109090	131.693486	12.166249
241.503882	131.492167	12.186170
241.907574	131.286311	12.206539
242.320165	131.075916	12.227358
242.741656	130.860983	12.248626
243.172047	130.641512	12.270343
243.611337	130.417502	12.292509
243.810338	130.316024	12.302551
244.018239	130.210009	12.313041
244.235040	130.099454	12.323980
244.460739	129.984362	12.335369
244.695339	129.864732	12.347207
244.938838	129.740563	12.359493
245.191237	129.611856	12.372229
245.452535	129.478611	12.385414
245.722733	129.340828	12.399048
246.001831	129.198506	12.413130
246.289828	129.051646	12.427662
246.586724	128.900248	12.442643
246.892521	128.744312	12.458074
247.207217	128.583837	12.473953
247.530812	128.418825	12.490281
247.863307	128.249274	12.507058
248.204702	128.075185	12.524285
248.554996	127.896558	12.541960
248.914190	127.713392	12.560085
249.282284	127.525688	12.578658
249.659277	127.333446	12.597681
250.045170	127.136666	12.617152
250.439962	126.935348	12.637073
250.843654	126.729491	12.657443
251.256245	126.519096	12.678262
251.677737	126.304163	12.699530
252.108127	126.084692	12.721247
252.547418	125.860683	12.743413
252.746419	125.759205	12.753454
252.954320	125.653189	12.763945
253.171120	125.542635	12.774884
253.396820	125.427543	12.786273
253.631419	125.307912	12.798110
253.874919	125.183744	12.810397
254.127317	125.055037	12.823133
254.388616	124.921792	12.836318
254.658814	124.784008	12.849952
254.937911	124.641687	12.864035
255.225908	124.494827	12.878567
255.522805	124.343429	12.893548
255.828601	124.187493	12.908978
256.143297	124.027018	12.924857
256.466893	123.862006	12.941185
256.799388	123.692455	12.957963
257.140783	123.518366	12.975189
257.491077	123.339738	12.992864
257.850271	123.156573	13.010989
258.218365	122.968869	13.029563
258.595358	122.776627	13.048585
258.981251	122.579847	13.068057
259.376043	122.378529	13.087978
259.779735	122.172672	13.108348
260.192326	121.962277	13.129167
260.613818	121.747344	13.150435
261.044208	121.527873	13.172152
261.483499	121.303864	13.194318
261.682500	121.202386	13.204359
261.890401	121.096370	13.214850
262.107201	120.985816	13.225789
262.332901	120.870724	13.237178
262.567500	120.751093	13.249015
262.811000	120.626925	13.261302
263.063398	120.498218	13.274038
263.324697	120.364973	13.287223
263.594895	120.227189	13.300857
263.873992	120.084868	13.314940
264.161989	119.938008	13.329472
264.458886	119.786610	13.344453
264.764682	119.630674	13.359883
265.079378	119.470199	13.375762
265.402974	119.305187	13.392091
265.735469	119.135636	13.408868
266.076864	118.961547	13.426094
266.427158	118.782919	13.443770
266.786352	118.599754	13.461894
267.154446	118.412050	13.480468
267.531439	118.219808	13.499491
267.917332	118.023028	13.518963
268.312124	117.821710	13.538883
268.715816	117.615853	13.559253
269.128408	117.405458	13.580072
269.549899	117.190525	13.601340
269.980290	116.971054	13.623057
270.419580	116.747045	13.645224
270.618581	116.645567	13.655265
270.826482	116.539551	13.665756
271.043282	116.428997	13.676695
271.268982	116.313905	13.688084
271.503582	116.194274	13.699921
271.747081	116.070106	13.712208
271.999480	115.941399	13.724944
272.260778	115.808154	13.738129
272.530976	115.670370	13.751763
272.810074	115.528049	13.765846
273.098071	115.381189	13.780378
273.394968	115.229791	13.795359
273.700764	115.073855	13.810789
274.015460	114.913380	13.826668
274.339056	114.748368	13.842997
274.671551	114.578817	13.859774
275.012946	114.404728	13.877001
275.363240	114.226101	13.894676
275.722434	114.042935	13.912801
276.090527	113.855231	13.931374
276.467521	113.662989	13.950397
276.853413	113.466209	13.969869
277.248206	113.264891	13.989790
277.651898	113.059034	14.010160
278.064489	112.848640	14.030979
278.485981	112.633707	14.052247
278.916371	112.414235	14.073964
279.355662	112.190226	14.096130
279.554663	112.088748	14.106172
279.762564	111.982732	14.116662
279.979364	111.872178	14.127602
280.205064	111.757086	14.138990
280.439664	111.637456	14.150828
280.683163	111.513287	14.163115
280.935562	111.384580	14.175851
281.196860	111.251335	14.189035
281.467058	111.113552	14.202669
281.746155	110.971230	14.216752
282.034153	110.824370	14.231284
282.331049	110.672972	14.246266
282.636846	110.517036	14.261696
282.951542	110.356562	14.277575
283.275137	110.191549	14.293903
283.607633	110.021998	14.310681
283.949027	109.847909	14.327907
284.299322	109.669282	14.345583
284.658516	109.486116	14.363708
285.026609	109.298413	14.382281
285.403603	109.106171	14.401304
285.789495	108.909391	14.420776
286.184288	108.708072	14.440697
286.587980	108.502216	14.461067
287.000571	108.291821	14.481886
287.422063	108.076888	14.503154
287.852453	107.857417	14.524871
288.291744	107.633407	14.547037
288.490745	107.531930	14.557079
288.698646	107.425914	14.567569
288.915446	107.315360	14.578509
289.141146	107.200268	14.589897
289.375746	107.080637	14.601735
289.619245	106.956468	14.614022
289.871644	106.827761	14.626758
290.132942	106.694516	14.639943
290.403140	106.556733	14.653577
290.682238	106.414411	14.667660
290.970235	106.267552	14.682192
291.267131	106.116154	14.697173
291.572928	105.960218	14.712603
291.887624	105.799743	14.728482
292.211219	105.634730	14.744811
292.543715	105.465180	14.761588
292.885109	105.291091	14.778815
293.235404	105.112463	14.796490
293.594598	104.929298	14.814615
293.962691	104.741594	14.833189
294.339685	104.549352	14.852212
294.725577	104.352572	14.871683
295.120370	104.151254	14.891604
295.524062	103.945397	14.911974
295.936653	103.735002	14.932793
296.358145	103.520069	14.954061
296.788536	103.300598	14.975779
297.227826	103.076589	14.997945
297.426827	102.975111	15.007986
297.634728	102.869095	15.018477
297.851528	102.758541	15.029416
298.077228	102.643449	15.040805
298.311828	102.523819	15.052643
298.555327	102.399650	15.064930
298.807726	102.270943	15.077665
299.069024	102.137698	15.090850
299.339222	101.999914	15.104484
299.618320	101.857593	15.118567
299.906317	101.710733	15.133100
300.203214	101.559335	15.148081
300.509010	101.403399	15.163511
300.823706	101.242925	15.179390
301.147302	101.077912	15.195719
301.479797	100.908361	15.212496
301.821192	100.734272	15.229723
302.171486	100.555645	15.247398
302.530680	100.372479	15.265523
302.898774	100.184776	15.284097
303.275767	99.992534	15.303119
303.661660	99.795754	15.322591
304.056452	99.594435	15.342512
304.460144	99.388579	15.362882
304.872736	99.178184	15.383701
305.294227	98.963251	15.404969
305.724618	98.743780	15.426687
306.163908	98.519770	15.448853
306.362909	98.418293	15.458894
306.570810	98.312277	15.469385
306.787611	98.201723	15.480324
307.013311	98.086630	15.491713
307.247910	97.967000	15.503551
307.491409	97.842831	15.515838
307.743808	97.714124	15.528574
308.005106	97.580879	15.541758
308.275304	97.443096	15.555392
308.554402	97.300774	15.569475
308.842399	97.153915	15.584008
309.139296	97.002517	15.598989
309.445092	96.846581	15.614419
309.759788	96.686106	15.630298
310.083384	96.521093	15.646627
310.415879	96.351543	15.663404
310.757274	96.177454	15.680631
311.107568	95.998826	15.698306
311.466762	95.815661	15.716431
311.834856	95.627957	15.735005
312.211849	95.435715	15.754028
312.597742	95.238935	15.773500
312.992535	95.037617	15.793420
313.396227	94.831760	15.813791
313.808818	94.621365	15.834610
314.230309	94.406432	15.855878
314.660700	94.186961	15.877595
315.099991	93.962952	15.899761
315.298992	93.861474	15.909803
315.506893	93.755458	15.920293
315.723693	93.644904	15.931233
315.949393	93.529812	15.942621
316.183993	93.410182	15.954459
316.427492	93.286013	15.966746
316.679890	93.157306	15.979482
316.941189	93.024061	15.992667
317.211387	92.886278	16.006301
317.490484	92.743956	16.020384
317.778482	92.597096	16.034916
318.075378	92.445698	16.049897
318.381175	92.289762	16.065328
318.695871	92.129288	16.081207
319.019466	91.964275	16.097535
319.351962	91.794724	16.114313
319.693356	91.620635	16.131539
320.043651	91.442008	16.149215
