-43.396520	224.258227	-20.759548
-43.445057	224.161519	-20.767676
-43.501677	224.060368	-20.779667
-43.566381	223.954773	-20.795520
-43.639170	223.844737	-20.815232
-43.720046	223.730260	-20.838801
-43.809011	223.611343	-20.866226
-43.906066	223.487989	-20.897504
-44.011213	223.360197	-20.932634
-44.124454	223.227969	-20.971613
-44.245789	223.091306	-21.014440
-44.375221	222.950209	-21.061112
-44.512752	222.804680	-21.111627
-44.658382	222.654720	-21.165984
-44.812113	222.500329	-21.224181
-44.973947	222.341510	-21.286216
-45.143886	222.178263	-21.352086
-45.321930	222.010589	-21.421790
-45.508082	221.838490	-21.495326
-45.702343	221.661966	-21.572693
-45.904715	221.481020	-21.653888
-46.115198	221.295651	-21.738909
-46.333795	221.105862	-21.827755
-46.560507	220.911653	-21.920424
-46.795335	220.713026	-22.016914
-47.038282	220.509982	-22.117224
-47.289347	220.302522	-22.221351
-47.548534	220.090647	-22.329295
-47.815842	219.874358	-22.441052
-48.091275	219.653657	-22.556623
-48.374832	219.428545	-22.676004
-48.666517	219.199023	-22.799195
-48.966329	218.965092	-22.926193
-49.274270	218.726754	-23.056998
-49.590342	218.484009	-23.191607
-49.914547	218.236859	-23.330019
-50.246884	217.985305	-23.472233
-50.587357	217.729348	-23.618247
-50.935965	217.468990	-23.768059
-51.292712	217.204231	-23.921669
-51.657596	216.935073	-24.079075
-52.030622	216.661518	-24.240274
-52.411788	216.383565	-24.405267
-52.582587	216.259693	-24.479317
-52.761529	216.131425	-24.557157
-52.948615	215.998764	-24.638789
-53.143846	215.861708	-24.724209
-53.347221	215.720259	-24.813420
-53.558742	215.574417	-24.906419
-53.778409	215.424184	-25.003206
-54.006222	215.269558	-25.103780
-54.242183	215.110541	-25.208142
-54.486291	214.947134	-25.316290
-54.738548	214.779337	-25.428225
-54.998953	214.607150	-25.543944
-55.267508	214.430574	-25.663449
-55.544213	214.249610	-25.786738
-55.829068	214.064258	-25.913811
-56.122074	213.874518	-26.044667
-56.423231	213.680392	-26.179306
-56.732540	213.481880	-26.317727
-57.050002	213.278982	-26.459931
-57.375617	213.071699	-26.605915
-57.709386	212.860031	-26.755681
-58.051308	212.643979	-26.909227
-58.401385	212.423544	-27.066553
-58.759617	212.198726	-27.227658
-59.126005	211.969525	-27.392543
-59.500549	211.735943	-27.561206
-59.883249	211.497979	-27.733648
-60.274107	211.255635	-27.909867
-60.451671	211.145841	-27.989967
-60.637394	211.031667	-28.073844
-60.831274	210.913113	-28.161498
-61.033313	210.790180	-28.252929
-61.243510	210.662868	-28.348136
-61.461866	210.531177	-28.447120
-61.688381	210.395107	-28.549881
-61.923055	210.254659	-28.656417
-62.165888	210.109833	-28.766729
-62.416881	209.960629	-28.880817
-62.676034	209.807047	-28.998681
-62.943346	209.649088	-29.120320
-63.218819	209.486752	-29.245734
-63.502452	209.320039	-29.374923
-63.794245	209.148949	-29.507887
-64.094200	208.973484	-29.644626
-64.402315	208.793642	-29.785140
-64.718592	208.609424	-29.929428
-65.043030	208.420830	-30.077490
-65.375630	208.227861	-30.229327
-65.716391	208.030518	-30.384937
-66.065315	207.828799	-30.544322
-66.422401	207.622706	-30.707480
-66.787649	207.412238	-30.874411
-67.161060	207.197397	-31.045116
-67.542634	206.978181	-31.219595
-67.932371	206.754592	-31.397846
-68.330271	206.526630	-31.579870
-68.510650	206.423424	-31.662404
-68.699193	206.315844	-31.748711
-68.895899	206.203892	-31.838790
-69.100769	206.087567	-31.932642
-69.313803	205.966870	-32.030266
-69.535001	205.841800	-32.131664
-69.764363	205.712358	-32.236833
-70.001889	205.578544	-32.345776
-70.247579	205.440358	-32.458490
-70.501433	205.297799	-32.574977
-70.763451	205.150869	-32.695237
-71.033635	204.999567	-32.819268
-71.311982	204.843894	-32.947072
-71.598494	204.683849	-33.078648
-71.893171	204.519432	-33.213996
-72.196013	204.350645	-33.353116
-72.507020	204.177486	-33.496008
-72.826191	203.999956	-33.642672
-73.153528	203.818055	-33.793108
-73.489029	203.631784	-33.947316
-73.832696	203.441142	-34.105296
-74.184528	203.246129	-34.267047
-74.544526	203.046746	-34.432570
-74.912689	202.842993	-34.601865
-75.289018	202.634869	-34.774932
-75.673512	202.422375	-34.951770
-76.066172	202.205512	-35.132379
-76.466998	201.984278	-35.316760
-76.648611	201.884099	-35.400310
-76.838391	201.779549	-35.487631
-77.036336	201.670630	-35.578723
-77.242448	201.557342	-35.673587
-77.456725	201.439684	-35.772222
-77.679169	201.317657	-35.874629
-77.909779	201.191260	-35.980807
-78.148555	201.060494	-36.090756
-78.395497	200.925359	-36.204477
-78.650605	200.785854	-36.321969
-78.913880	200.641980	-36.443232
-79.185320	200.493738	-36.568267
-79.464928	200.341126	-36.697073
-79.752701	200.184145	-36.829650
-80.048641	200.022795	-36.965998
-80.352747	199.857076	-37.106117
-80.665020	199.686989	-37.250008
-80.985459	199.512532	-37.397670
-81.314065	199.333707	-37.549103
-81.650838	199.150513	-37.704307
-81.995777	198.962951	-37.863282
-82.348883	198.771020	-38.026029
-82.710155	198.574720	-38.192547
-83.079594	198.374052	-38.362835
-83.457200	198.169016	-38.536895
-83.842973	197.959611	-38.714726
-84.236912	197.745838	-38.896328
-84.639019	197.527697	-39.081700
-84.821188	197.428899	-39.165684
-85.011524	197.325732	-39.253439
-85.210027	197.218197	-39.344964
-85.416697	197.106295	-39.440261
-85.631534	196.990024	-39.539328
-85.854538	196.869385	-39.642167
-86.085709	196.744378	-39.748777
-86.325047	196.615003	-39.859157
-86.572552	196.481260	-39.973309
-86.828224	196.343149	-40.091232
-87.092064	196.200670	-40.212925
-87.364070	196.053823	-40.338390
-87.644243	195.902608	-40.467625
-87.932584	195.747026	-40.600632
-88.229091	195.587076	-40.737409
-88.533766	195.422757	-40.877958
-88.846608	195.254072	-41.022277
-89.167617	195.081018	-41.170367
-89.496793	194.903596	-41.322229
-89.834136	194.721807	-41.477861
-90.179647	194.535651	-41.637264
-90.533325	194.345126	-41.800438
-90.895170	194.150234	-41.967383
-91.265182	193.950974	-42.138099
-91.643362	193.747347	-42.312586
-92.029709	193.539353	-42.490843
-92.424223	193.326990	-42.672872
-92.826905	193.110260	-42.858672
-93.009327	193.012091	-42.942843
-93.199916	192.909553	-43.030786
-93.398673	192.802648	-43.122499
-93.605597	192.691376	-43.217984
-93.820688	192.575736	-43.317239
-94.043947	192.455729	-43.420265
-94.275374	192.331355	-43.527062
-94.514967	192.202613	-43.637630
-94.762728	192.069504	-43.751969
-95.018657	191.932027	-43.870079
-95.282752	191.790183	-43.991959
-95.555016	191.643972	-44.117611
-95.835446	191.493393	-44.247033
-96.124045	191.338447	-44.380226
-96.420810	191.179134	-44.517191
-96.725743	191.015453	-44.657926
-97.038844	190.847405	-44.802432
-97.360111	190.674990	-44.950708
-97.689547	190.498208	-45.102756
-98.027150	190.317058	-45.258575
-98.372920	190.131541	-45.418164
-98.726858	189.941657	-45.581525
-99.088963	189.747406	-45.748656
-99.459236	189.548788	-45.919558
-99.837676	189.345802	-46.094231
-100.224284	189.138449	-46.272675
-100.619060	188.926729	-46.454889
-101.022002	188.710642	-46.640875
-101.204540	188.612758	-46.725129
-101.395245	188.510506	-46.813154
-101.594118	188.403888	-46.904950
-101.801158	188.292903	-47.000516
-102.016366	188.177550	-47.099854
-102.239741	188.057830	-47.202962
-102.471284	187.933743	-47.309841
-102.710994	187.805289	-47.420491
-102.958872	187.672468	-47.534912
-103.214918	187.535280	-47.653104
-103.479131	187.393725	-47.775066
-103.751511	187.247803	-47.900800
-104.032060	187.097513	-48.030304
-104.320775	186.942857	-48.163580
-104.617659	186.783833	-48.300626
-104.922710	186.620443	-48.441443
-105.235928	186.452685	-48.586031
-105.557314	186.280560	-48.734389
-105.886868	186.104069	-48.886519
-106.224589	185.923210	-49.042419
-106.570478	185.737984	-49.202091
-106.924535	185.548391	-49.365533
-107.286759	185.354431	-49.532746
-107.657151	185.156105	-49.703730
-108.035710	184.953411	-49.878485
-108.422437	184.746350	-50.057010
-108.817331	184.534922	-50.239307
-109.220394	184.319127	-50.425374
-109.402984	184.221373	-50.509664
-109.593742	184.119252	-50.597726
-109.792668	184.012763	-50.689557
-109.999761	183.901908	-50.785160
-110.215022	183.786686	-50.884534
-110.438451	183.667097	-50.987679
-110.670047	183.543141	-51.094594
-110.909811	183.414818	-51.205280
-111.157742	183.282128	-51.319737
-111.413841	183.145071	-51.437965
-111.678108	183.003647	-51.559964
-111.950542	182.857856	-51.685734
-112.231144	182.707698	-51.815275
-112.519914	182.553173	-51.948586
-112.816851	182.394282	-52.085668
-113.121956	182.231023	-52.226522
-113.435229	182.063397	-52.371146
-113.756669	181.891405	-52.519540
-114.086277	181.715045	-52.671706
-114.424052	181.534319	-52.827643
-114.769995	181.349225	-52.987350
-115.124106	181.159765	-53.150829
-115.486385	180.965938	-53.318078
-115.856831	180.767744	-53.489098
-116.235444	180.565182	-53.663889
-116.622226	180.358254	-53.842451
-117.017175	180.146960	-54.024784
-117.420291	179.931298	-54.210887
-117.602906	179.833602	-54.295193
-117.793688	179.731540	-54.383271
-117.992638	179.625111	-54.475119
-118.199756	179.514316	-54.570737
-118.415041	179.399153	-54.670127
-118.638494	179.279623	-54.773288
-118.870115	179.155727	-54.880219
-119.109903	179.027463	-54.990922
-119.357859	178.894833	-55.105395
-119.613983	178.757835	-55.223639
-119.878274	178.616471	-55.345654
-120.150733	178.470740	-55.471439
-120.431360	178.320642	-55.600996
-120.720154	178.166177	-55.734324
-121.017116	178.007345	-55.871422
-121.322245	177.844147	-56.012291
-121.635543	177.676581	-56.156931
-121.957008	177.504648	-56.305342
-122.286640	177.328349	-56.457524
-122.624441	177.147683	-56.613477
-122.970408	176.962650	-56.773200
-123.324544	176.773250	-56.936695
-123.686847	176.579483	-57.103960
-124.057318	176.381349	-57.274996
-124.435957	176.178848	-57.449803
-124.822763	175.971980	-57.628381
-125.217737	175.760746	-57.810730
-125.620879	175.545145	-57.996850
-125.803505	175.447476	-58.081163
-125.994298	175.345441	-58.169247
-126.193259	175.239039	-58.261103
-126.400388	175.128270	-58.356729
-126.615684	175.013135	-58.456125
-126.839149	174.893632	-58.559293
-127.070780	174.769762	-58.666232
-127.310580	174.641526	-58.776941
-127.558547	174.508923	-58.891422
-127.814682	174.371953	-59.009673
-128.078984	174.230616	-59.131695
-128.351455	174.084912	-59.257488
-128.632092	173.934841	-59.387052
-128.920898	173.780403	-59.520386
-129.217871	173.621599	-59.657492
-129.523012	173.458427	-59.798368
-129.836321	173.290889	-59.943015
-130.157797	173.118984	-60.091434
-130.487441	172.942712	-60.243623
-130.825253	172.762073	-60.399582
-131.171232	172.577067	-60.559313
-131.525379	172.387695	-60.722815
-131.887693	172.193955	-60.890087
-132.258176	171.995849	-61.061130
-132.636826	171.793376	-61.235945
-133.023644	171.586535	-61.414530
-133.418629	171.375328	-61.596886
-133.821782	171.159755	-61.783012
-134.004413	171.062099	-61.867329
-134.195211	170.960076	-61.955416
-134.394178	170.853686	-62.047275
-134.601311	170.742929	-62.142904
-134.816613	170.627806	-62.242304
-135.040082	170.508316	-62.345475
-135.271719	170.384458	-62.452417
-135.511524	170.256234	-62.563129
-135.759496	170.123643	-62.677613
-136.015636	169.986686	-62.795867
-136.279944	169.845361	-62.917893
-136.552419	169.699669	-63.043689
-136.833062	169.549611	-63.173256
-137.121873	169.395186	-63.306594
-137.418851	169.236394	-63.443702
-137.723997	169.073235	-63.584582
-138.037311	168.905709	-63.729232
-138.358793	168.733816	-63.877654
-138.688442	168.557557	-64.029846
-139.026258	168.376930	-64.185809
-139.372243	168.191937	-64.345543
-139.726395	168.002577	-64.509048
-140.088715	167.808850	-64.676323
-140.459203	167.610756	-64.847370
-140.837858	167.408295	-65.022187
-141.224681	167.201468	-65.200775
-141.619671	166.990273	-65.383135
-142.022830	166.774712	-65.569265
-142.205463	166.677062	-65.653583
-142.396264	166.575044	-65.741671
-142.595232	166.468660	-65.833531
-142.802368	166.357909	-65.929162
-143.017672	166.242791	-66.028563
-143.241144	166.123307	-66.131736
-143.472783	165.999455	-66.238679
-143.712590	165.871237	-66.349393
-143.960565	165.738651	-66.463878
-144.216707	165.601699	-66.582134
-144.481017	165.460380	-66.704160
-144.753495	165.314694	-66.829958
-145.034140	165.164641	-66.959526
-145.322953	165.010222	-67.092866
-145.619934	164.851435	-67.229976
-145.925083	164.688282	-67.370857
-146.238399	164.520762	-67.515509
-146.559883	164.348875	-67.663932
-146.889534	164.172621	-67.816125
-147.227353	163.992000	-67.972090
-147.573340	163.807013	-68.131825
-147.927495	163.617658	-68.295331
-148.289817	163.423937	-68.462608
-148.660307	163.225849	-68.633656
-149.038965	163.023394	-68.808475
-149.425790	162.816572	-68.987065
-149.820783	162.605383	-69.169425
-150.223944	162.389828	-69.355557
-150.406578	162.292180	-69.439875
-150.597380	162.190165	-69.527965
-150.796349	162.083784	-69.619825
-151.003487	161.973035	-69.715457
-151.218792	161.857920	-69.814859
-151.442264	161.738438	-69.918032
-151.673905	161.614589	-70.024976
-151.913713	161.486373	-70.135690
-152.161688	161.353790	-70.250176
-152.417832	161.216840	-70.368432
-152.682143	161.075524	-70.490460
-152.954622	160.929841	-70.616258
-153.235268	160.779790	-70.745827
-153.524082	160.625373	-70.879167
-153.821064	160.466590	-71.016278
-154.126214	160.303439	-71.157159
-154.439531	160.135921	-71.301812
-154.761016	159.964037	-71.450235
-155.090668	159.787786	-71.602429
-155.428489	159.607167	-71.758395
-155.774477	159.422182	-71.918131
-156.128632	159.232831	-72.081637
-156.490956	159.039112	-72.248915
-156.861447	158.841026	-72.419964
-157.240105	158.638574	-72.594783
-157.626932	158.431755	-72.773374
-158.021926	158.220569	-72.955735
-158.425088	158.005016	-73.141867
-158.607723	157.907369	-73.226186
-158.798525	157.805355	-73.314276
-158.997495	157.698975	-73.406136
-159.204633	157.588228	-73.501768
-159.419938	157.473113	-73.601170
-159.643411	157.353632	-73.704344
-159.875052	157.229785	-73.811288
-160.114861	157.101570	-73.922003
-160.362837	156.968988	-74.036489
-160.618981	156.832040	-74.154745
-160.883292	156.690725	-74.276773
-161.155772	156.545043	-74.402571
-161.436419	156.394994	-74.532141
-161.725233	156.240578	-74.665481
-162.022216	156.081795	-74.802592
-162.327366	155.918646	-74.943474
-162.640683	155.751129	-75.088127
-162.962169	155.579246	-75.236551
-163.291822	155.402996	-75.388745
-163.629643	155.222379	-75.544711
-163.975631	155.037395	-75.704447
-164.329787	154.848044	-75.867954
-164.692111	154.654327	-76.035232
-165.062603	154.456243	-76.206281
-165.441262	154.253791	-76.381101
-165.828089	154.046973	-76.559691
-166.223084	153.835788	-76.742053
-166.626246	153.620237	-76.928185
-166.808881	153.522590	-77.012504
-166.999683	153.420577	-77.100594
-167.198654	153.314197	-77.192455
-167.405792	153.203451	-77.288087
-167.621097	153.088337	-77.387489
-167.844571	152.968857	-77.490663
-168.076212	152.845009	-77.597607
-168.316020	152.716795	-77.708322
-168.563997	152.584214	-77.822808
-168.820141	152.447266	-77.941065
-169.084453	152.305951	-78.063093
-169.356932	152.160270	-78.188891
-169.637580	152.010221	-78.318461
-169.926394	151.855806	-78.451801
-170.223377	151.697024	-78.588912
-170.528527	151.533875	-78.729794
-170.841845	151.366359	-78.874447
-171.163331	151.194476	-79.022871
-171.492984	151.018227	-79.175066
-171.830805	150.837610	-79.331031
-172.176794	150.652627	-79.490768
-172.530950	150.463277	-79.654275
-172.893274	150.269560	-79.821553
-173.263766	150.071476	-79.992602
-173.642426	149.869026	-80.167422
-174.029253	149.662208	-80.346013
-174.424248	149.451024	-80.528375
-174.827410	149.235473	-80.714507
-175.010045	149.137827	-80.798826
-175.200848	149.035814	-80.886916
-175.399818	148.929434	-80.978777
-175.606956	148.818688	-81.074409
-175.822262	148.703574	-81.173811
-176.045736	148.584094	-81.276985
-176.277377	148.460247	-81.383929
-176.517186	148.332033	-81.494644
-176.765162	148.199452	-81.609130
-177.021306	148.062504	-81.727387
-177.285618	147.921190	-81.849415
-177.558098	147.775509	-81.975214
-177.838745	147.625460	-82.104783
-178.127560	147.471045	-82.238124
-178.424543	147.312263	-82.375235
-178.729693	147.149115	-82.516117
-179.043011	146.981599	-82.660770
-179.364497	146.809717	-82.809194
-179.694151	146.633467	-82.961389
-180.031972	146.452851	-83.117354
-180.377961	146.267868	-83.277091
-180.732117	146.078518	-83.440598
-181.094441	145.884802	-83.607876
-181.464933	145.686718	-83.778926
-181.843593	145.484268	-83.953745
-182.230420	145.277450	-84.132336
-182.625415	145.066266	-84.314698
-183.028578	144.850715	-84.500831
-183.211213	144.753069	-84.585150
-183.402015	144.651057	-84.673240
-183.600986	144.544677	-84.765101
-183.808124	144.433931	-84.860732
-184.023430	144.318817	-84.960135
-184.246903	144.199337	-85.063308
-184.478545	144.075490	-85.170253
-184.718353	143.947277	-85.280968
-184.966330	143.814696	-85.395454
-185.222474	143.677748	-85.513711
-185.486786	143.536434	-85.635739
-185.759266	143.390753	-85.761538
-186.039913	143.240705	-85.891107
-186.328728	143.086290	-86.024448
-186.625711	142.927508	-86.161559
-186.930861	142.764359	-86.302441
-187.244180	142.596844	-86.447094
-187.565665	142.424961	-86.595518
-187.895319	142.248712	-86.747713
-188.233140	142.068096	-86.903678
-188.579129	141.883113	-87.063415
-188.933285	141.693764	-87.226922
-189.295610	141.500047	-87.394201
-189.666102	141.301964	-87.565250
-190.044761	141.099513	-87.740070
-190.431589	140.892696	-87.918661
-190.826584	140.681512	-88.101022
-191.229746	140.465961	-88.287155
-191.412381	140.368315	-88.371474
-191.603184	140.266303	-88.459564
-191.802155	140.159923	-88.551425
-192.009293	140.049177	-88.647057
-192.224599	139.934064	-88.746459
-192.448072	139.814584	-88.849633
-192.679713	139.690737	-88.956577
-192.919522	139.562523	-89.067292
-193.167499	139.429942	-89.181779
-193.423643	139.292995	-89.300035
-193.687955	139.151680	-89.422063
-193.960435	139.005999	-89.547862
-194.241082	138.855951	-89.677432
-194.529897	138.701536	-89.810772
-194.826880	138.542755	-89.947883
-195.132030	138.379606	-90.088766
-195.445349	138.212091	-90.233419
-195.766834	138.040208	-90.381843
-196.096488	137.863959	-90.534037
-196.434309	137.683343	-90.690003
-196.780298	137.498360	-90.849739
-197.134455	137.309011	-91.013247
-197.496779	137.115294	-91.180525
-197.867271	136.917211	-91.351574
-198.245930	136.714760	-91.526394
-198.632758	136.507943	-91.704985
-199.027753	136.296759	-91.887347
-199.430915	136.081209	-92.073479
-199.613551	135.983563	-92.157799
-199.804353	135.881550	-92.245889
-200.003324	135.775171	-92.337750
-200.210462	135.664424	-92.433381
-200.425768	135.549311	-92.532784
-200.649241	135.429831	-92.635957
-200.880883	135.305984	-92.742902
-201.120692	135.177770	-92.853617
-201.368668	135.045190	-92.968103
-201.624813	134.908242	-93.086360
-201.889125	134.766928	-93.208388
-202.161604	134.621247	-93.334187
-202.442252	134.471199	-93.463756
-202.731067	134.316784	-93.597097
-203.028049	134.158002	-93.734208
-203.333200	133.994854	-93.875090
-203.646518	133.827338	-94.019743
-203.968004	133.655456	-94.168167
-204.297657	133.479207	-94.320362
-204.635479	133.298591	-94.476328
-204.981467	133.113608	-94.636064
-205.335624	132.924259	-94.799572
-205.697948	132.730542	-94.966850
-206.068440	132.532459	-95.137899
-206.447100	132.330008	-95.312719
-206.833927	132.123191	-95.491310
-207.228922	131.912007	-95.673672
-207.632085	131.696457	-95.859804
-207.814720	131.598811	-95.944123
-208.005523	131.496798	-96.032213
-208.204493	131.390419	-96.124074
-208.411632	131.279672	-96.219706
-208.626937	131.164559	-96.319109
-208.850411	131.045079	-96.422282
-209.082052	130.921232	-96.529227
-209.321861	130.793019	-96.639942
-209.569838	130.660438	-96.754428
-209.825982	130.523491	-96.872685
-210.090294	130.382176	-96.994713
-210.362774	130.236495	-97.120511
-210.643421	130.086447	-97.250081
-210.932236	129.932032	-97.383422
-211.229219	129.773251	-97.520533
-211.534369	129.610102	-97.661415
-211.847688	129.442587	-97.806068
-212.169173	129.270704	-97.954492
-212.498827	129.094455	-98.106687
-212.836648	128.913839	-98.262652
-213.182637	128.728856	-98.422389
-213.536794	128.539507	-98.585896
-213.899118	128.345790	-98.753175
-214.269610	128.147707	-98.924224
-214.648270	127.945257	-99.099044
-215.035097	127.738440	-99.277635
-215.430092	127.527256	-99.459996
-215.833255	127.311705	-99.646129
-216.015890	127.214059	-99.730448
-216.206693	127.112047	-99.818538
-216.405663	127.005667	-99.910399
-216.612801	126.894921	-100.006031
-216.828107	126.779808	-100.105434
-217.051581	126.660328	-100.208607
-217.283222	126.536481	-100.315551
-217.523031	126.408267	-100.426267
-217.771007	126.275686	-100.540753
-218.027152	126.138739	-100.659010
-218.291464	125.997425	-100.781038
-218.563943	125.851743	-100.906836
-218.844591	125.701695	-101.036406
-219.133406	125.547281	-101.169746
-219.430389	125.388499	-101.306858
-219.735539	125.225350	-101.447740
-220.048857	125.057835	-101.592393
-220.370343	124.885953	-101.740817
-220.699997	124.709704	-101.893012
-221.037818	124.529088	-102.048977
-221.383807	124.344105	-102.208714
-221.737963	124.154755	-102.372221
-222.100288	123.961039	-102.539500
-222.470780	123.762955	-102.710549
-222.849439	123.560505	-102.885369
-223.236267	123.353688	-103.063960
-223.631262	123.142504	-103.246321
-224.034424	122.926953	-103.432454
-224.217060	122.829308	-103.516773
-224.407862	122.727295	-103.604863
-224.606833	122.620916	-103.696724
-224.813971	122.510169	-103.792356
-225.029277	122.395056	-103.891758
-225.252750	122.275576	-103.994932
-225.484392	122.151729	-104.101876
-225.724201	122.023515	-104.212592
-225.972177	121.890935	-104.327078
-226.228322	121.753987	-104.445335
-226.492634	121.612673	-104.567362
-226.765113	121.466992	-104.693161
-227.045761	121.316944	-104.822731
-227.334576	121.162529	-104.956071
-227.631558	121.003747	-105.093183
-227.936709	120.840599	-105.234065
-228.250027	120.673084	-105.378718
-228.571513	120.501201	-105.527142
-228.901166	120.324952	-105.679337
-229.238988	120.144336	-105.835302
-229.584977	119.959353	-105.995039
-229.939133	119.770004	-106.158546
-230.301457	119.576287	-106.325824
-230.671949	119.378204	-106.496874
-231.050609	119.175754	-106.671694
-231.437436	118.968937	-106.850284
-231.832431	118.757753	-107.032646
-232.235594	118.542202	-107.218779
-232.418229	118.444556	-107.303098
-232.609032	118.342544	-107.391188
-232.808003	118.236164	-107.483049
-233.015141	118.125418	-107.578681
-233.230447	118.010305	-107.678083
-233.453920	117.890825	-107.781257
-233.685561	117.766978	-107.888201
-233.925370	117.638764	-107.998916
-234.173347	117.506183	-108.113403
-234.429491	117.369236	-108.231659
-234.693803	117.227922	-108.353687
-234.966283	117.082241	-108.479486
-235.246930	116.932193	-108.609056
-235.535745	116.777778	-108.742396
-235.832728	116.618996	-108.879507
-236.137879	116.455847	-109.020390
-236.451197	116.288332	-109.165043
-236.772683	116.116450	-109.313467
-237.102336	115.940201	-109.465661
-237.440157	115.759585	-109.621627
-237.786146	115.574602	-109.781364
-238.140303	115.385252	-109.944871
-238.502627	115.191536	-110.112149
-238.873119	114.993452	-110.283198
-239.251779	114.791002	-110.458018
-239.638606	114.584185	-110.636609
-240.033601	114.373001	-110.818971
-240.436764	114.157451	-111.005104
-240.619399	114.059805	-111.089423
-240.810202	113.957792	-111.177513
-241.009172	113.851413	-111.269374
-241.216311	113.740666	-111.365005
-241.431616	113.625553	-111.464408
-241.655090	113.506073	-111.567582
-241.886731	113.382226	-111.674526
-242.126540	113.254013	-111.785241
-242.374517	113.121432	-111.899727
-242.630661	112.984485	-112.017984
-242.894973	112.843170	-112.140012
-243.167453	112.697489	-112.265811
-243.448100	112.547441	-112.395381
-243.736915	112.393026	-112.528721
-244.033898	112.234245	-112.665832
-244.339048	112.071096	-112.806714
-244.652367	111.903581	-112.951368
-244.973852	111.731698	-113.099791
-245.303506	111.555449	-113.251986
-245.641327	111.374833	-113.407952
-245.987316	111.189851	-113.567688
-246.341473	111.000501	-113.731196
-246.703797	110.806784	-113.898474
-247.074289	110.608701	-114.069523
-247.452949	110.406251	-114.244343
-247.839776	110.199434	-114.422934
-248.234771	109.988250	-114.605296
-248.637934	109.772699	-114.791428
-248.820569	109.675053	-114.875748
-249.011372	109.573041	-114.963838
-249.210342	109.466661	-115.055699
-249.417480	109.355915	-115.151330
-249.632786	109.240802	-115.250733
-249.856260	109.121322	-115.353907
-250.087901	108.997475	-115.460851
-250.327710	108.869261	-115.571566
-250.575687	108.736681	-115.686052
-250.831831	108.599733	-115.804309
-251.096143	108.458419	-115.926337
-251.368623	108.312738	-116.052136
-251.649270	108.162690	-116.181705
-251.938085	108.008275	-116.315046
-252.235068	107.849493	-116.452157
-252.540218	107.686345	-116.593039
-252.853536	107.518829	-116.737692
-253.175022	107.346947	-116.886116
-253.504676	107.170698	-117.038311
-253.842497	106.990082	-117.194277
-254.188486	106.805099	-117.354013
-254.542642	106.615749	-117.517521
-254.904967	106.422033	-117.684799
-255.275459	106.223950	-117.855848
-255.654118	106.021499	-118.030668
-256.040946	105.814682	-118.209259
-256.435941	105.603498	-118.391621
-256.839104	105.387948	-118.577753
-257.021739	105.290302	-118.662073
-257.212541	105.188289	-118.750163
-257.411512	105.081910	-118.842023
-257.618650	104.971163	-118.937655
-257.833956	104.856050	-119.037058
-258.057430	104.736570	-119.140231
-258.289071	104.612723	-119.247176
-258.528880	104.484510	-119.357891
-258.776856	104.351929	-119.472377
-259.033001	104.214982	-119.590634
-259.297313	104.073667	-119.712662
-259.569792	103.927986	-119.838461
-259.850440	103.777938	-119.968030
-260.139255	103.623523	-120.101371
-260.436238	103.464742	-120.238482
-260.741388	103.301593	-120.379364
-261.054706	103.134078	-120.524017
-261.376192	102.962196	-120.672441
-261.705846	102.785946	-120.824636
-262.043667	102.605330	-120.980602
-262.389656	102.420348	-121.140338
-262.743812	102.230998	-121.303846
-263.106137	102.037282	-121.471124
-263.476629	101.839198	-121.642173
-263.855288	101.636748	-121.816993
-264.242116	101.429931	-121.995584
-264.637111	101.218747	-122.177946
-265.040273	101.003196	-122.364078
-265.222908	100.905550	-122.448397
-265.413711	100.803538	-122.536487
-265.612682	100.697158	-122.628348
-265.819820	100.586412	-122.723980
-266.035126	100.471299	-122.823383
-266.258599	100.351819	-122.926556
-266.490241	100.227972	-123.033501
-266.730050	100.099758	-123.144216
-266.978026	99.967178	-123.258702
-267.234170	99.830230	-123.376959
-267.498482	99.688916	-123.498987
-267.770962	99.543235	-123.624786
-268.051610	99.393187	-123.754355
-268.340425	99.238772	-123.887696
-268.637407	99.079990	-124.024807
-268.942558	98.916842	-124.165689
-269.255876	98.749326	-124.310342
-269.577362	98.577444	-124.458766
-269.907015	98.401195	-124.610961
-270.244837	98.220579	-124.766927
-270.590825	98.035596	-124.926663
-270.944982	97.846247	-125.090170
-271.307306	97.652530	-125.257449
-271.677798	97.454447	-125.428498
-272.056458	97.251997	-125.603318
-272.443285	97.045180	-125.781909
-272.838280	96.833996	-125.964271
-273.241443	96.618445	-126.150403
-273.424078	96.520799	-126.234722
-273.614881	96.418786	-126.322812
-273.813852	96.312407	-126.414673
-274.020990	96.201661	-126.510305
-274.236296	96.086547	-126.609708
-274.459769	95.967067	-126.712881
-274.691410	95.843221	-126.819826
-274.931219	95.715007	-126.930541
-275.179196	95.582426	-127.045027
-275.435340	95.445479	-127.163284
-275.699652	95.304165	-127.285312
-275.972132	95.158483	-127.411110
-276.252779	95.008435	-127.540680
-276.541594	94.854021	-127.674020
-276.838577	94.695239	-127.811132
-277.143728	94.532090	-127.952014
-277.457046	94.364575	-128.096667
-277.778532	94.192693	-128.245091
-278.108185	94.016444	-128.397286
-278.446006	93.835828	-128.553251
-278.791995	93.650845	-128.712988
-279.146152	93.461495	-128.876495
-279.508476	93.267779	-129.043774
-279.878968	93.069695	-129.214823
-280.257628	92.867245	-129.389643
-280.644455	92.660428	-129.568234
-281.039450	92.449244	-129.750595
-281.442613	92.233693	-129.936728
-281.625248	92.136048	-130.021047
-281.816051	92.034035	-130.109137
-282.015021	91.927656	-130.200998
-282.222159	91.816909	-130.296630
-282.437465	91.701796	-130.396033
-282.660939	91.582316	-130.499206
-282.892580	91.458469	-130.606150
-283.132389	91.330255	-130.716866
-283.380366	91.197675	-130.831352
-283.636510	91.060727	-130.949609
-283.900822	90.919413	-131.071637
-284.173302	90.773732	-131.197435
-284.453949	90.623684	-131.327005
-284.742764	90.469269	-131.460345
-285.039747	90.310487	-131.597457
-285.344897	90.147339	-131.738339
-285.658216	89.979824	-131.882992
-285.979701	89.807941	-132.031416
-286.309355	89.631692	-132.183611
-286.647176	89.451076	-132.339576
-286.993165	89.266093	-132.499313
-287.347322	89.076744	-132.662820
-287.709646	88.883027	-132.830099
-288.080138	88.684944	-133.001148
-288.458798	88.482494	-133.175968
-288.845625	88.275677	-133.354559
-289.240620	88.064493	-133.536920
-289.643783	87.848942	-133.723053
-289.826418	87.751296	-133.807372
-290.017221	87.649284	-133.895462
-290.216191	87.542904	-133.987323
-290.423329	87.432158	-134.082955
-290.638635	87.317045	-134.182357
-290.862109	87.197565	-134.285531
-291.093750	87.073718	-134.392475
-291.333559	86.945504	-134.503191
-291.581535	86.812923	-134.617677
-291.837680	86.675976	-134.735934
-292.101992	86.534662	-134.857961
-292.374472	86.388981	-134.983760
-292.655119	86.238933	-135.113330
-292.943934	86.084518	-135.246670
-293.240917	85.925736	-135.383782
-293.546067	85.762588	-135.524664
-293.859385	85.595072	-135.669317
-294.180871	85.423190	-135.817741
-294.510525	85.246941	-135.969936
-294.848346	85.066325	-136.125901
-295.194335	84.881342	-136.285638
-295.548491	84.691992	-136.449145
-295.910816	84.498276	-136.616423
-296.281308	84.300193	-136.787473
-296.659967	84.097742	-136.962293
-297.046795	83.890925	-137.140883
-297.441790	83.679741	-137.323245
-297.844953	83.464191	-137.509378
-298.027588	83.366545	-137.593697
-298.218390	83.264532	-137.681787
-298.417361	83.158153	-137.773648
-298.624499	83.047406	-137.869280
-298.839805	82.932293	-137.968682
-299.063278	82.812813	-138.071856
-299.294920	82.688966	-138.178800
-299.534729	82.560753	-138.289515
-299.782705	82.428172	-138.404002
-300.038850	82.291225	-138.522259
-300.303162	82.149910	-138.644286
-300.575641	82.004229	-138.770085
-300.856289	81.854181	-138.899655
-301.145104	81.699766	-139.032995
-301.442087	81.540985	-139.170106
-301.747237	81.377836	-139.310989
-302.060555	81.210321	-139.455642
