34.316786	202.789137	32.362564
34.294431	202.719915	32.350773
34.278715	202.646608	32.345245
34.269638	202.569217	32.345982
34.267199	202.487742	32.352984
34.271399	202.402186	32.366253
34.282235	202.312549	32.385791
34.299709	202.218833	32.411599
34.323820	202.121039	32.443678
34.354566	202.019169	32.482029
34.391948	201.913224	32.526655
34.435965	201.803205	32.577556
34.486617	201.689114	32.634733
34.543904	201.570952	32.698189
34.607824	201.448721	32.767924
34.678377	201.322421	32.843939
34.755564	201.192054	32.926237
34.839383	201.057622	33.014818
34.929834	200.919125	33.109684
35.026916	200.776566	33.210836
35.130630	200.629945	33.318275
35.240975	200.479263	33.432003
35.357950	200.324524	33.552021
35.481555	200.165726	33.678330
35.611789	200.002873	33.810932
35.748653	199.835965	33.949828
35.892146	199.665003	34.095019
36.042266	199.489990	34.246507
36.199015	199.310926	34.404292
36.362392	199.127813	34.568377
36.532396	198.940651	34.738762
36.709026	198.749444	34.915448
36.892284	198.554191	35.098437
37.082167	198.354895	35.287730
37.278676	198.151556	35.483329
37.481812	197.944176	35.685234
37.691572	197.732756	35.893446
37.907957	197.517299	36.107968
38.130967	197.297804	36.328800
38.360601	197.074274	36.555943
38.596860	196.846710	36.789398
38.839742	196.615113	37.029167
39.089248	196.379485	37.275251
39.345377	196.139827	37.527651
39.608130	195.896141	37.786368
39.877505	195.648427	38.051404
40.153503	195.396688	38.322758
40.436123	195.140925	38.600434
40.725365	194.881138	38.884430
41.021230	194.617331	39.174750
41.156175	194.497847	39.307088
41.297742	194.374345	39.445751
41.445931	194.246823	39.590739
41.600741	194.115283	39.742052
41.762173	193.979726	39.899690
41.930227	193.840152	40.063655
42.104902	193.696562	40.233946
42.286198	193.548956	40.410565
42.474115	193.397335	40.593511
42.668654	193.241700	40.782785
42.869814	193.082051	40.978388
43.077595	192.918390	41.180320
43.291997	192.750715	41.388581
43.513021	192.579029	41.603172
43.740665	192.403332	41.824093
43.974930	192.223625	42.051346
44.215816	192.039907	42.284929
44.463323	191.852181	42.524845
44.717450	191.660446	42.771092
44.978199	191.464703	43.023672
45.245568	191.264953	43.282585
45.519558	191.061196	43.547832
45.800169	190.853433	43.819413
46.087400	190.641665	44.097328
46.381252	190.425892	44.381577
46.681725	190.206116	44.672162
46.988818	189.982336	44.969083
47.302532	189.754553	45.272340
47.445168	189.651347	45.410192
47.594424	189.544138	45.554382
47.750301	189.432928	45.704908
47.912799	189.317717	45.861772
48.081917	189.198505	46.024972
48.257656	189.075292	46.194510
48.440015	188.948080	46.370386
48.628996	188.816867	46.552599
48.824596	188.681655	46.741151
49.026818	188.542443	46.936040
49.235660	188.399232	47.137268
49.451123	188.252023	47.344835
49.673207	188.100815	47.558740
49.901911	187.945609	47.778984
50.137236	187.786405	48.005567
50.379181	187.623204	48.238489
50.627748	187.456005	48.477750
50.882935	187.284810	48.723351
51.144743	187.109617	48.975292
51.413171	186.930429	49.233573
51.688221	186.747244	49.498194
51.969891	186.560064	49.769155
52.258182	186.368888	50.046457
52.553094	186.173717	50.330099
52.854627	185.974551	50.620082
53.162780	185.771391	50.916406
53.477555	185.564236	51.219072
53.798950	185.353087	51.528078
53.944677	185.257506	51.668177
54.097026	185.157932	51.814618
54.255995	185.054364	51.967400
54.421585	184.946803	52.126525
54.593797	184.835249	52.291990
54.772629	184.719702	52.463798
54.958082	184.600162	52.641948
55.150157	184.476630	52.826439
55.348852	184.349105	53.017273
55.554168	184.217588	53.214449
55.766106	184.082078	53.417967
55.984664	183.942576	53.627827
56.209844	183.799083	53.844030
56.441645	183.651597	54.066575
56.680066	183.500120	54.295462
56.925109	183.344651	54.530692
57.176773	183.185191	54.772265
57.435059	183.021739	55.020180
57.699965	182.854297	55.274439
57.971493	182.682863	55.535040
58.249641	182.507439	55.801984
58.534411	182.328024	56.075271
58.825803	182.144618	56.354901
59.123815	181.957222	56.640874
59.428449	181.765835	56.933191
59.739704	181.570459	57.231850
60.057580	181.371092	57.536853
60.382078	181.167735	57.848200
60.529116	181.075661	57.989274
60.682775	180.979596	58.136692
60.843056	180.879542	58.290454
61.009958	180.775498	58.450559
61.183482	180.667465	58.617008
61.363626	180.555442	58.789801
61.550393	180.439430	58.968937
61.743780	180.319429	59.154417
61.943789	180.195438	59.346240
62.150420	180.067459	59.544408
62.363672	179.935490	59.748919
62.583545	179.799532	59.959774
62.810040	179.659585	60.176973
63.043156	179.515650	60.400515
63.282894	179.367725	60.630402
63.529253	179.215812	60.866633
63.782234	179.059910	61.109207
64.041836	178.900019	61.358126
64.308060	178.736140	61.613388
64.580905	178.568273	61.874995
64.860372	178.396417	62.142946
65.146460	178.220572	62.417241
65.439170	178.040739	62.697880
65.738502	177.856918	62.984863
66.044455	177.669109	63.278190
66.357030	177.477311	63.577862
66.676226	177.281526	63.883878
67.002044	177.081753	64.196238
67.149654	176.991278	64.337750
67.303886	176.896816	64.485606
67.464739	176.798366	64.639807
67.632215	176.695927	64.800351
67.806312	176.589502	64.967241
67.987030	176.479088	65.140474
68.174370	176.364687	65.320052
68.368332	176.246298	65.505975
68.568916	176.123921	65.698241
68.776121	175.997556	65.896853
68.989948	175.867204	66.101809
69.210396	175.732865	66.313109
69.437466	175.594537	66.530754
69.671158	175.452223	66.754743
69.911472	175.305920	66.985077
70.158407	175.155631	67.221755
70.411964	175.001353	67.464778
70.672143	174.843089	67.714145
70.938943	174.680837	67.969857
71.212365	174.514597	68.231914
71.492409	174.344371	68.500315
71.779075	174.170157	68.775060
72.072362	173.991955	69.056151
72.372271	173.809767	69.343586
72.678802	173.623591	69.637365
72.991955	173.433428	69.937490
73.311729	173.239278	70.243959
73.638126	173.041141	70.556772
73.785990	172.951395	70.698483
73.940476	172.857663	70.846538
74.101584	172.759943	71.000938
74.269314	172.658236	71.161682
74.443665	172.552542	71.328772
74.624638	172.442861	71.502206
74.812233	172.329193	71.681984
75.006450	172.211538	71.868108
75.207289	172.089896	72.060576
75.414749	171.964267	72.259389
75.628831	171.834651	72.464547
75.849536	171.701048	72.676049
76.076861	171.563458	72.893896
76.310809	171.421882	73.118088
76.551379	171.276318	73.348625
76.798570	171.126768	73.585507
77.052383	170.973231	73.828733
77.312818	170.815706	74.078304
77.579875	170.654196	74.334220
77.853554	170.488698	74.596481
78.133854	170.319213	74.865086
78.420777	170.145742	75.140037
78.714321	169.968284	75.421332
79.014487	169.786839	75.708972
79.321275	169.601407	76.002957
79.634685	169.411989	76.303286
79.954716	169.218583	76.609961
80.281370	169.021192	76.922980
80.429348	168.931777	77.064782
80.583947	168.838376	77.212928
80.745169	168.740989	77.367419
80.913013	168.639614	77.528254
81.087478	168.534253	77.695435
81.268565	168.424906	77.868961
81.456275	168.311571	78.048831
81.650606	168.194250	78.235047
81.851559	168.072943	78.427607
82.059134	167.947648	78.626512
82.273330	167.818367	78.831762
82.494149	167.685100	79.043357
82.721589	167.547846	79.261296
82.955652	167.406605	79.485581
83.196336	167.261377	79.716210
83.443642	167.112163	79.953185
83.697570	166.958963	80.196504
83.958120	166.801776	80.446168
84.225292	166.640602	80.702177
84.499085	166.475442	80.964531
84.779501	166.306295	81.233230
85.066538	166.133161	81.508274
85.360198	165.956041	81.789663
85.660479	165.774935	82.077396
85.967382	165.589842	82.371475
86.280907	165.400762	82.671898
86.601054	165.207696	82.978666
86.927823	165.010643	83.291780
87.075852	164.921380	83.433623
87.230503	164.828130	83.581810
87.391776	164.730893	83.736343
87.559671	164.629670	83.897221
87.734188	164.524461	84.064443
87.915326	164.415264	84.238011
88.103087	164.302082	84.417923
88.297469	164.184913	84.604181
88.498474	164.063757	84.796783
88.706100	163.938615	84.995730
88.920348	163.809487	85.201022
89.141218	163.676372	85.412660
89.368710	163.539270	85.630642
89.602824	163.398182	85.854969
89.843560	163.253108	86.085641
90.090918	163.104047	86.322657
90.344898	162.951000	86.566019
90.605499	162.793966	86.815726
90.872723	162.632945	87.071778
91.146568	162.467939	87.334174
91.427036	162.298945	87.602916
91.714125	162.125966	87.878002
92.007836	161.949000	88.159434
92.308169	161.768047	88.447210
92.615124	161.583108	88.741332
92.928702	161.394183	89.041798
93.248900	161.201271	89.348609
93.575721	161.004373	89.661766
93.723773	160.915178	89.803628
93.878448	160.821996	89.951835
94.039744	160.724828	90.106386
94.207662	160.623674	90.267283
94.382201	160.518534	90.434525
94.563363	160.409406	90.608112
94.751147	160.296293	90.788043
94.945553	160.179193	90.974320
95.146580	160.058107	91.166942
95.354230	159.933034	91.365908
95.568501	159.803975	91.571220
95.789395	159.670929	91.782876
96.016910	159.533897	92.000878
96.251047	159.392879	92.225224
96.491806	159.247874	92.455916
96.739188	159.098883	92.692952
96.993191	158.945905	92.936333
97.253816	158.788941	93.186059
97.521063	158.627991	93.442131
97.794931	158.463054	93.704547
98.075422	158.294130	93.973308
98.362535	158.121221	94.248414
98.656270	157.944325	94.529865
98.956626	157.763442	94.817661
99.263605	157.578573	95.111802
99.577205	157.389718	95.412288
99.897428	157.196877	95.719119
100.224272	157.000049	96.032295
100.372335	156.910885	96.174166
100.527019	156.817735	96.322382
100.688326	156.720598	96.476942
100.856254	156.619475	96.637848
101.030804	156.514366	96.805098
101.211977	156.405270	96.978694
101.399771	156.292188	97.158634
101.594187	156.175120	97.344920
101.795225	156.054065	97.537550
102.002885	155.929024	97.736526
102.217167	155.799996	97.941846
102.438071	155.666982	98.153512
102.665597	155.529982	98.371522
102.899745	155.388995	98.595877
103.140515	155.244022	98.826578
103.387906	155.095062	99.063623
103.641920	154.942117	99.307013
103.902556	154.785184	99.556748
104.169813	154.624266	99.812828
104.443693	154.459361	100.075254
104.724194	154.290469	100.344024
105.011317	154.117591	100.619139
105.305063	153.940727	100.900599
105.605430	153.759877	101.188404
105.912419	153.575040	101.482554
106.226030	153.386217	101.783049
106.546263	153.193407	102.089889
106.873118	152.996611	102.403074
107.021185	152.907461	102.544949
107.175875	152.814326	102.693168
107.337186	152.717203	102.847733
107.505119	152.616095	103.008642
107.679674	152.511000	103.175897
107.860851	152.401918	103.349497
108.048650	152.288851	103.529441
108.243071	152.171796	103.715731
108.444114	152.050756	103.908365
108.651779	151.925729	104.107345
108.866066	151.796716	104.312669
109.086974	151.663716	104.524339
109.314505	151.526730	104.742353
109.548658	151.385758	104.966712
109.789432	151.240799	105.197417
110.036829	151.091854	105.434466
110.290847	150.938923	105.677860
110.551487	150.782005	105.927600
110.818750	150.621101	106.183684
111.092634	150.456210	106.446113
111.373140	150.287334	106.714888
111.660268	150.114470	106.990007
111.954018	149.937621	107.271471
112.254390	149.756785	107.559280
112.561384	149.571962	107.853434
112.875000	149.383154	108.153933
113.195238	149.190359	108.460778
113.522098	148.993577	108.773967
113.670167	148.904434	108.915843
113.824859	148.811305	109.064065
113.986172	148.714189	109.218631
114.154108	148.613087	109.379543
114.328665	148.507998	109.546799
114.509844	148.398924	109.720400
114.697645	148.285862	109.900347
114.892068	148.168815	110.086638
115.093113	148.047781	110.279275
115.300780	147.922761	110.478256
115.515069	147.793754	110.683582
115.735980	147.660761	110.895254
115.963513	147.523782	111.113270
116.197668	147.382816	111.337631
116.438444	147.237864	111.568337
116.685843	147.088925	111.805389
116.939864	146.936000	112.048785
117.200506	146.779089	112.298526
117.467771	146.618192	112.554612
117.741657	146.453308	112.817043
118.022165	146.284438	113.085819
118.309296	146.111581	113.360941
118.603048	145.934738	113.642407
118.903422	145.753909	113.930218
119.210418	145.569093	114.224374
119.524037	145.380291	114.524875
119.844277	145.187502	114.831721
120.171139	144.990728	115.144912
120.319209	144.901588	115.286789
120.473901	144.808461	115.435011
120.635216	144.711348	115.589579
120.803152	144.610249	115.750491
120.977710	144.505164	115.917748
121.158890	144.396092	116.091351
121.346693	144.283034	116.271298
121.541117	144.165989	116.457590
121.742163	144.044958	116.650227
121.949831	143.919941	116.849210
122.164121	143.790937	117.054537
122.385032	143.657947	117.266209
122.612566	143.520971	117.484226
122.846722	143.380008	117.708588
123.087500	143.235059	117.939295
123.334899	143.086123	118.176347
123.588921	142.933202	118.419744
123.849564	142.776293	118.669486
124.116830	142.615399	118.925573
124.390717	142.450518	119.188005
124.671227	142.281651	119.456782
124.958358	142.108797	119.731904
125.252111	141.931957	120.013371
125.552486	141.751131	120.301183
125.859484	141.566318	120.595340
126.173103	141.377519	120.895842
126.493344	141.184734	121.202689
126.820207	140.987962	121.515881
126.968278	140.898823	121.657758
127.122971	140.805698	121.805981
127.284285	140.708587	121.960549
127.452222	140.607489	122.121462
127.626781	140.502405	122.288719
127.807961	140.393334	122.462322
127.995764	140.280277	122.642270
128.190188	140.163234	122.828562
128.391235	140.042205	123.021200
128.598903	139.917189	123.220182
128.813194	139.788186	123.425510
129.034106	139.655198	123.637183
129.261640	139.518223	123.855200
129.495796	139.377261	124.079563
129.736574	139.232314	124.310270
129.983975	139.083380	124.547323
130.237997	138.930459	124.790720
130.498641	138.773552	125.040462
130.765907	138.612659	125.296550
131.039794	138.447780	125.558982
131.320304	138.278914	125.827760
131.607436	138.106062	126.102882
131.901190	137.929223	126.384349
132.201565	137.748398	126.672162
132.508563	137.563587	126.966319
132.822183	137.374789	127.266821
133.142424	137.182005	127.573669
133.469288	136.985235	127.886861
133.617359	136.896097	128.028739
133.772052	136.802972	128.176962
133.933367	136.705861	128.331530
134.101304	136.604764	128.492442
134.275862	136.499681	128.659700
134.457043	136.390611	128.833303
134.644846	136.277555	129.013251
134.839271	136.160512	129.199544
135.040317	136.039483	129.392182
135.247986	135.914468	129.591164
135.462277	135.785466	129.796492
135.683189	135.652478	130.008165
135.910724	135.515504	130.226183
136.144880	135.374543	130.450545
136.385658	135.229596	130.681253
136.633059	135.080662	130.918306
136.887081	134.927742	131.161703
137.147725	134.770836	131.411446
137.414991	134.609944	131.667533
137.688879	134.445065	131.929966
137.969389	134.276200	132.198743
138.256521	134.103348	132.473866
138.550275	133.926510	132.755334
138.850651	133.745686	133.043146
139.157649	133.560875	133.337304
139.471269	133.372078	133.637806
139.791510	133.179295	133.944653
140.118374	132.982525	134.257846
140.266445	132.893387	134.399724
140.421138	132.800263	134.547947
140.582453	132.703153	134.702515
140.750390	132.602056	134.863428
140.924949	132.496972	135.030686
141.106130	132.387903	135.204289
141.293933	132.274847	135.384237
141.488358	132.157804	135.570530
141.689405	132.036776	135.763167
141.897073	131.911761	135.962150
142.111364	131.782759	136.167478
142.332277	131.649772	136.379151
142.559811	131.512798	136.597169
142.793968	131.371837	136.821531
143.034746	131.226890	137.052239
143.282147	131.077957	137.289292
143.536169	130.925038	137.532690
143.796813	130.768132	137.782432
144.064079	130.607239	138.038520
144.337968	130.442361	138.300953
144.618478	130.273496	138.569730
144.905610	130.100645	138.844853
145.199364	129.923807	139.126321
145.499740	129.742983	139.414133
145.806738	129.558173	139.708291
146.120358	129.369376	140.008793
146.440599	129.176593	140.315641
146.767463	128.979823	140.628833
146.915534	128.890686	140.770711
147.070227	128.797562	140.918934
147.231543	128.700451	141.073502
147.399480	128.599354	141.234415
147.574039	128.494271	141.401673
147.755220	128.385202	141.575276
147.943022	128.272146	141.755224
148.137447	128.155104	141.941517
148.338494	128.034075	142.134155
148.546163	127.909060	142.333138
148.760454	127.780059	142.538466
148.981366	127.647071	142.750139
149.208901	127.510097	142.968157
149.443057	127.369137	143.192519
149.683836	127.224190	143.423227
149.931236	127.075257	143.660280
150.185259	126.922338	143.903678
150.445903	126.765432	144.153420
150.713169	126.604540	144.409508
150.987057	126.439662	144.671941
151.267568	126.270797	144.940719
151.554700	126.097946	145.215841
151.848454	125.921108	145.497309
152.148830	125.740284	145.785121
152.455828	125.555474	146.079279
152.769448	125.366678	146.379782
153.089690	125.173895	146.686629
153.416553	124.977125	146.999822
153.564625	124.887988	147.141700
153.719318	124.794864	147.289923
153.880633	124.697753	147.444491
154.048570	124.596657	147.605404
154.223129	124.491574	147.772662
154.404310	124.382504	147.946265
154.592113	124.269448	148.126213
154.786538	124.152406	148.312506
154.987585	124.031378	148.505144
155.195253	123.906363	148.704127
155.409544	123.777362	148.909455
155.630457	123.644374	149.121127
155.857991	123.507400	149.339145
156.092148	123.366440	149.563508
156.332926	123.221493	149.794216
156.580327	123.072560	150.031269
156.834349	122.919641	150.274666
157.094994	122.762735	150.524409
157.362260	122.601843	150.780497
157.636148	122.436965	151.042930
157.916658	122.268100	151.311707
158.203790	122.095249	151.586830
158.497545	121.918412	151.868298
158.797921	121.737588	152.156110
159.104919	121.552778	152.450268
159.418538	121.363981	152.750771
159.738780	121.171198	153.057618
160.065644	120.974429	153.370811
160.213715	120.885291	153.512689
160.368409	120.792167	153.660912
160.529724	120.695057	153.815480
160.697661	120.593960	153.976393
160.872220	120.488877	154.143651
161.053401	120.379808	154.317254
161.241204	120.266752	154.497202
161.435629	120.149710	154.683495
161.636675	120.028682	154.876133
161.844344	119.903667	155.075116
162.058635	119.774666	155.280444
162.279548	119.641678	155.492116
162.507082	119.504704	155.710134
162.741239	119.363744	155.934497
162.982017	119.218797	156.165205
163.229418	119.069864	156.402258
163.483440	118.916945	156.645656
163.744085	118.760040	156.895398
164.011351	118.599147	157.151486
164.285239	118.434269	157.413919
164.565749	118.265404	157.682696
164.852881	118.092553	157.957819
165.146636	117.915716	158.239287
165.447012	117.734892	158.527099
165.754010	117.550082	158.821257
166.067629	117.361285	159.121760
166.387871	117.168503	159.428607
166.714735	116.971733	159.741800
166.862806	116.882596	159.883678
167.017500	116.789472	160.031901
167.178815	116.692362	160.186469
167.346752	116.591265	160.347382
167.521311	116.486182	160.514640
167.702492	116.377112	160.688243
167.890295	116.264057	160.868191
168.084720	116.147015	161.054484
168.285767	116.025986	161.247122
168.493435	115.900971	161.446105
168.707726	115.771970	161.651433
168.928639	115.638983	161.863106
169.156173	115.502009	162.081124
169.390330	115.361049	162.305486
169.631108	115.216102	162.536194
169.878509	115.067169	162.773247
170.132531	114.914250	163.016645
170.393176	114.757344	163.266388
170.660442	114.596452	163.522475
170.934330	114.431574	163.784908
171.214840	114.262709	164.053686
171.501973	114.089858	164.328808
171.795727	113.913021	164.610276
172.096103	113.732197	164.898089
172.403101	113.547387	165.192246
172.716721	113.358590	165.492749
173.036963	113.165807	165.799597
173.363826	112.969038	166.112789
173.511898	112.879901	166.254667
173.666591	112.786777	166.402890
173.827906	112.689666	166.557458
173.995843	112.588570	166.718371
174.170402	112.483487	166.885629
174.351583	112.374417	167.059232
174.539386	112.261362	167.239180
174.733811	112.144319	167.425473
174.934858	112.023291	167.618111
175.142527	111.898276	167.817094
175.356817	111.769275	168.022422
175.577730	111.636288	168.234095
175.805265	111.499314	168.452113
176.039421	111.358353	168.676476
176.280200	111.213407	168.907184
176.527600	111.064474	169.144236
176.781622	110.911555	169.387634
177.042267	110.754649	169.637377
177.309533	110.593757	169.893465
177.583421	110.428879	170.155897
177.863932	110.260014	170.424675
178.151064	110.087163	170.699798
178.444818	109.910326	170.981265
178.745194	109.729502	171.269078
179.052192	109.544692	171.563236
179.365812	109.355895	171.863738
179.686054	109.163112	172.170586
180.012918	108.966343	172.483779
180.160989	108.877206	172.625657
180.315682	108.784082	172.773880
180.476997	108.686971	172.928448
180.644934	108.585875	173.089361
180.819493	108.480792	173.256619
181.000674	108.371722	173.430222
181.188477	108.258666	173.610170
181.382902	108.141624	173.796463
181.583949	108.020596	173.989101
181.791618	107.895581	174.188084
182.005908	107.766580	174.393411
182.226821	107.633592	174.605084
182.454356	107.496619	174.823102
182.688512	107.355658	175.047465
182.929291	107.210712	175.278173
183.176691	107.061779	175.515226
183.430714	106.908860	175.758623
183.691358	106.751954	176.008366
183.958624	106.591062	176.264454
184.232513	106.426184	176.526887
184.513023	106.257319	176.795664
184.800155	106.084468	177.070787
185.093909	105.907631	177.352255
185.394285	105.726807	177.640067
185.701283	105.541997	177.934225
186.014903	105.353200	178.234728
186.335145	105.160417	178.541575
186.662009	104.963648	178.854768
186.810080	104.874511	178.996646
186.964773	104.781387	179.144869
187.126088	104.684276	179.299437
187.294026	104.583180	179.460350
187.468585	104.478097	179.627608
187.649766	104.369027	179.801211
187.837568	104.255971	179.981159
188.031993	104.138929	180.167452
188.233040	104.017901	180.360090
188.440709	103.892886	180.559073
188.655000	103.763885	180.764401
188.875912	103.630898	180.976074
189.103447	103.493924	181.194092
189.337604	103.352963	181.418454
189.578382	103.208017	181.649162
189.825783	103.059084	181.886215
190.079805	102.906165	182.129613
190.340449	102.749259	182.379356
190.607716	102.588367	182.635443
190.881604	102.423489	182.897876
191.162114	102.254624	183.166654
191.449246	102.081773	183.441776
191.743000	101.904936	183.723244
192.043376	101.724112	184.011057
192.350374	101.539302	184.305214
192.663994	101.350505	184.605717
192.984236	101.157722	184.912565
193.311100	100.960953	185.225757
193.459171	100.871816	185.367635
193.613865	100.778692	185.515858
193.775180	100.681581	185.670426
193.943117	100.580485	185.831339
194.117676	100.475402	185.998597
194.298857	100.366332	186.172200
194.486660	100.253277	186.352148
194.681085	100.136234	186.538441
194.882131	100.015206	186.731079
195.089800	99.890191	186.930062
195.304091	99.761190	187.135390
195.525004	99.628203	187.347063
195.752538	99.491229	187.565081
195.986695	99.350268	187.789444
196.227473	99.205322	188.020152
196.474874	99.056389	188.257204
196.728896	98.903470	188.500602
196.989541	98.746564	188.750345
197.256807	98.585672	189.006433
197.530695	98.420794	189.268865
197.811205	98.251929	189.537643
198.098338	98.079078	189.812766
198.392092	97.902241	190.094234
198.692468	97.721417	190.382046
198.999466	97.536607	190.676204
199.313086	97.347810	190.976706
199.633328	97.155027	191.283554
199.960191	96.958258	191.596747
200.108263	96.869121	191.738625
200.262956	96.775997	191.886848
200.424271	96.678886	192.041416
200.592208	96.577790	192.202329
200.766767	96.472707	192.369587
200.947948	96.363637	192.543190
201.135751	96.250582	192.723138
201.330176	96.133540	192.909431
201.531223	96.012511	193.102069
201.738892	95.887496	193.301052
201.953182	95.758495	193.506380
202.174095	95.625508	193.718052
202.401630	95.488534	193.936070
202.635786	95.347574	194.160433
202.876565	95.202627	194.391141
203.123965	95.053694	194.628194
203.377988	94.900775	194.871592
203.638632	94.743869	195.121334
203.905898	94.582977	195.377422
204.179786	94.418099	195.639855
204.460297	94.249234	195.908633
204.747429	94.076383	196.183755
205.041183	93.899546	196.465223
205.341559	93.718722	196.753036
205.648557	93.533912	197.047193
205.962177	93.345115	197.347696
206.282419	93.152333	197.654543
206.609283	92.955563	197.967736
206.757354	92.866426	198.109614
206.912047	92.773302	198.257837
207.073362	92.676191	198.412405
207.241299	92.575095	198.573318
207.415858	92.470012	198.740576
207.597039	92.360942	198.914179
207.784842	92.247887	199.094127
207.979267	92.130845	199.280420
208.180314	92.009816	199.473058
208.387983	91.884801	199.672041
208.602274	91.755800	199.877369
208.823186	91.622813	200.089042
209.050721	91.485839	200.307060
209.284877	91.344879	200.531423
209.525656	91.199932	200.762130
209.773056	91.050999	200.999183
210.027079	90.898080	201.242581
210.287723	90.741174	201.492324
210.554989	90.580282	201.748411
210.828878	90.415404	202.010844
211.109388	90.246539	202.279622
211.396520	90.073688	202.554745
211.690274	89.896851	202.836212
211.990650	89.716027	203.124025
212.297648	89.531217	203.418183
212.611268	89.342420	203.718685
212.931510	89.149638	204.025533
213.258374	88.952868	204.338725
213.406445	88.863731	204.480603
213.561138	88.770607	204.628827
213.722453	88.673497	204.783395
213.890391	88.572400	204.944308
214.064950	88.467317	205.111566
214.246131	88.358247	205.285169
214.433934	88.245192	205.465117
214.628358	88.128150	205.651410
214.829405	88.007121	205.844047
215.037074	87.882106	206.043030
215.251365	87.753105	206.248358
215.472277	87.620118	206.460031
215.699812	87.483144	206.678049
215.933969	87.342184	206.902412
216.174747	87.197237	207.133120
216.422148	87.048304	207.370173
216.676170	86.895385	207.613570
216.936814	86.738479	207.863313
217.204081	86.577587	208.119401
217.477969	86.412709	208.381834
217.758479	86.243844	208.650611
218.045611	86.070993	208.925734
218.339365	85.894156	209.207202
218.639741	85.713332	209.495014
218.946739	85.528522	209.789172
219.260359	85.339725	210.089675
219.580601	85.146943	210.396522
219.907465	84.950173	210.709715
220.055536	84.861036	210.851593
220.210230	84.767912	210.999816
220.371545	84.670802	211.154384
220.539482	84.569705	211.315297
220.714041	84.464622	211.482555
220.895222	84.355553	211.656158
221.083025	84.242497	211.836106
221.277450	84.125455	212.022399
221.478497	84.004426	212.215037
221.686165	83.879411	212.414020
221.900456	83.750410	212.619348
222.121369	83.617423	212.831021
222.348903	83.480449	213.049038
222.583060	83.339489	213.273401
222.823838	83.194542	213.504109
223.071239	83.045609	213.741162
223.325261	82.892690	213.984560
223.585906	82.735784	214.234302
223.853172	82.574892	214.490390
224.127060	82.410014	214.752823
224.407570	82.241149	215.021601
224.694703	82.068298	215.296723
224.988457	81.891461	215.578191
225.288833	81.710637	215.866004
225.595831	81.525827	216.160161
225.909451	81.337031	216.460664
226.229693	81.144248	216.767512
226.556556	80.947479	217.080704
226.704628	80.858341	217.222582
226.859321	80.765217	217.370805
227.020636	80.668107	217.525373
227.188573	80.567010	217.686286
227.363132	80.461927	217.853544
227.544313	80.352858	218.027147
227.732116	80.239802	218.207095
227.926541	80.122760	218.393388
228.127588	80.001731	218.586026
228.335257	79.876717	218.785009
228.549547	79.747715	218.990337
228.770460	79.614728	219.202010
228.997995	79.477754	219.420028
229.232151	79.336794	219.644391
229.472930	79.191847	219.875098
229.720330	79.042914	220.112151
229.974353	78.889995	220.355549
230.234997	78.733089	220.605292
230.502263	78.572197	220.861380
230.776151	78.407319	221.123812
231.056662	78.238454	221.392590
231.343794	78.065603	221.667713
231.637548	77.888766	221.949180
231.937924	77.707942	222.236993
232.244922	77.523132	222.531151
232.558542	77.334336	222.831653
232.878784	77.141553	223.138501
233.205648	76.944784	223.451693
233.353719	76.855646	223.593572
233.508412	76.762522	223.741795
233.669727	76.665412	223.896363
233.837664	76.564315	224.057276
234.012223	76.459232	224.224534
234.193404	76.350163	224.398137
234.381207	76.237107	224.578085
234.575632	76.120065	224.764378
234.776679	75.999036	224.957016
234.984348	75.874022	225.155999
235.198639	75.745020	225.361326
235.419551	75.612033	225.572999
235.647086	75.475059	225.791017
235.881242	75.334099	226.015380
236.122021	75.189152	226.246088
236.369421	75.040219	226.483141
236.623444	74.887300	226.726538
236.884088	74.730395	226.976281
237.151355	74.569503	227.232369
237.425243	74.404624	227.494802
237.705753	74.235759	227.763579
237.992885	74.062908	228.038702
238.286639	73.886071	228.320170
238.587015	73.705247	228.607982
238.894013	73.520437	228.902140
239.207633	73.331641	229.202643
239.527875	73.138858	229.509490
239.854739	72.942089	229.822683
240.002810	72.852951	229.964561
240.157503	72.759827	230.112784
240.318819	72.662717	230.267352
240.486756	72.561620	230.428265
240.661315	72.456537	230.595523
240.842496	72.347468	230.769126
241.030299	72.234412	230.949074
241.224723	72.117370	231.135367
241.425770	71.996342	231.328005
241.633439	71.871327	231.526988
