-8.879261	216.860104	27.077854
-8.845803	216.714935	27.130656
-8.815162	216.565590	27.192097
-8.787324	216.412070	27.262183
-8.762273	216.254377	27.340917
-8.739996	216.092515	27.428308
-8.720479	215.926483	27.524359
-8.703707	215.756286	27.629076
-8.689668	215.581923	27.742464
-8.678346	215.403399	27.864530
-8.669728	215.220714	27.995277
-8.663800	215.033871	28.134712
-8.660550	214.842871	28.282839
-8.659962	214.647717	28.439664
-8.662025	214.448411	28.605192
-8.666724	214.244955	28.779428
-8.674047	214.037350	28.962375
-8.683981	213.825599	29.154041
-8.696513	213.609704	29.354428
-8.711630	213.389667	29.563543
-8.729321	213.165490	29.781388
-8.749572	212.937175	30.007970
-8.772371	212.704724	30.243293
-8.797707	212.468139	30.487361
-8.825568	212.227422	30.740178
-8.855942	211.982576	31.001749
-8.888818	211.733601	31.272078
-8.924185	211.480501	31.551169
-8.962031	211.223277	31.839026
-9.002345	210.961932	32.135654
-9.045118	210.696467	32.441056
-9.090338	210.426884	32.755236
-9.137996	210.153186	33.078198
-9.188080	209.875375	33.409946
-9.240582	209.593452	33.750483
-9.295491	209.307421	34.099813
-9.352798	209.017282	34.457940
-9.412494	208.723038	34.824867
-9.474569	208.424691	35.200598
-9.539014	208.122243	35.585136
-9.568705	207.986009	35.759947
-9.600753	207.845677	35.943569
-9.635155	207.701248	36.136004
-9.671908	207.552723	36.337255
-9.711007	207.400103	36.547321
-9.752449	207.243389	36.766205
-9.796230	207.082582	36.993908
-9.842347	206.917683	37.230431
-9.890797	206.748692	37.475776
-9.941575	206.575611	37.729945
-9.994678	206.398441	37.992937
-10.050102	206.217182	38.264755
-10.107845	206.031836	38.545401
-10.167904	205.842403	38.834875
-10.230274	205.648885	39.133178
-10.294953	205.451281	39.440312
-10.361937	205.249595	39.756279
-10.431223	205.043825	40.081079
-10.502809	204.833974	40.414714
-10.576691	204.620042	40.757185
-10.652866	204.402030	41.108493
-10.731332	204.179939	41.468639
-10.812085	203.953770	41.837625
-10.895123	203.723524	42.215451
-10.980443	203.489202	42.602120
-11.068042	203.250805	42.997631
-11.157917	203.008333	43.401987
-11.250067	202.761789	43.815188
-11.344488	202.511172	44.237235
-11.386898	202.399460	44.426236
-11.431577	202.283676	44.624086
-11.478522	202.163822	44.830784
-11.527733	202.039898	45.046330
-11.579209	201.911905	45.270727
-11.632948	201.779843	45.503972
-11.688949	201.643711	45.746069
-11.747212	201.503512	45.997015
-11.807736	201.359245	46.256813
-11.870519	201.210911	46.525463
-11.935561	201.058509	46.802965
-12.002860	200.902041	47.089319
-12.072416	200.741507	47.384526
-12.144227	200.576908	47.688587
-12.218294	200.408243	48.001501
-12.294613	200.235513	48.323270
-12.373186	200.058719	48.653893
-12.454011	199.877861	48.993371
-12.537087	199.692940	49.341706
-12.622413	199.503955	49.698896
-12.709988	199.310908	50.064942
-12.799812	199.113799	50.439845
-12.891883	198.912628	50.823606
-12.986201	198.707396	51.216224
-13.082765	198.498103	51.617700
-13.181575	198.284750	52.028035
-13.282629	198.067336	52.447228
-13.385926	197.845864	52.875281
-13.432855	197.745582	53.069552
-13.482025	197.641241	53.272683
-13.533438	197.532842	53.484674
-13.587093	197.420384	53.705525
-13.642990	197.303868	53.935237
-13.701127	197.183293	54.173809
-13.761506	197.058661	54.421242
-13.824125	196.929972	54.677535
-13.888985	196.797224	54.942690
-13.956085	196.660420	55.216706
-14.025424	196.519558	55.499583
-14.097003	196.374639	55.791321
-14.170821	196.225664	56.091922
-14.246878	196.072632	56.401384
-14.325173	195.915544	56.719708
-14.405707	195.754400	57.046895
-14.488478	195.589200	57.382943
-14.573487	195.419945	57.727855
-14.660734	195.246633	58.081629
-14.750218	195.069267	58.444266
-14.841938	194.887845	58.815765
-14.935895	194.702369	59.196128
-15.032089	194.512838	59.585355
-15.130518	194.319252	59.983445
-15.231184	194.121613	60.390398
-15.334085	193.919919	60.806215
-15.439221	193.714171	61.230897
-15.546592	193.504370	61.664442
-15.595272	193.409389	61.860933
-15.646187	193.310354	62.066289
-15.699337	193.207266	62.280509
-15.754721	193.100125	62.503593
-15.812340	192.988931	62.735542
-15.872193	192.873684	62.976355
-15.934280	192.754384	63.226034
-15.998601	192.631031	63.484577
-16.065156	192.503626	63.751984
-16.133945	192.372168	64.028257
-16.204968	192.236657	64.313395
-16.278224	192.097094	64.607397
-16.353715	191.953479	64.910265
-16.431438	191.805811	65.221998
-16.511395	191.654091	65.542596
-16.593586	191.498320	65.872059
-16.678009	191.338496	66.210388
-16.764666	191.174620	66.557582
-16.853556	191.006693	66.913641
-16.944679	190.834713	67.278566
-17.038035	190.658683	67.652357
-17.133623	190.478600	68.035013
-17.231444	190.294467	68.426535
-17.331498	190.106282	68.826923
-17.433784	189.914046	69.236177
-17.538303	189.717758	69.654296
-17.645054	189.517420	70.081282
-17.754038	189.313031	70.517133
-17.803422	189.220476	70.714604
-17.855038	189.123870	70.920942
-17.908886	189.023213	71.136145
-17.964966	188.918506	71.360214
-18.023278	188.809748	71.593150
-18.083823	188.696939	71.834952
-18.146599	188.580080	72.085620
-18.211608	188.459171	72.345155
-18.278848	188.334210	72.613556
-18.348320	188.205200	72.890823
-18.420024	188.072139	73.176957
-18.493960	187.935027	73.471957
-18.570128	187.793865	73.775823
-18.648528	187.648653	74.088556
-18.729159	187.499391	74.410156
-18.812022	187.346079	74.740622
-18.897117	187.188716	75.079955
-18.984443	187.027303	75.428154
-19.074001	186.861840	75.785220
-19.165791	186.692328	76.151152
-19.259812	186.518765	76.525951
-19.356065	186.341152	76.909617
-19.454549	186.159489	77.302149
-19.555264	185.973777	77.703549
-19.658212	185.784015	78.113815
-19.763390	185.590203	78.532948
-19.870800	185.392341	78.960947
-19.980442	185.190429	79.397814
-20.030115	185.098979	79.595726
-20.082019	185.003480	79.802506
-20.136155	184.903930	80.018153
-20.192523	184.800332	80.242666
-20.251121	184.692683	80.476047
-20.311951	184.580986	80.718294
-20.375012	184.465238	80.969408
-20.440305	184.345441	81.229390
-20.507828	184.221595	81.498238
-20.577583	184.093699	81.775953
-20.649569	183.961754	82.062535
-20.723787	183.825759	82.357984
-20.800235	183.685715	82.662301
-20.878915	183.541622	82.975484
-20.959826	183.393479	83.297534
-21.042968	183.241287	83.628452
-21.128342	183.085046	83.968236
-21.215946	182.924755	84.316888
-21.305782	182.760415	84.674407
-21.397848	182.592026	85.040792
-21.492146	182.419588	85.416045
-21.588675	182.243100	85.800165
-21.687436	182.062563	86.193152
-21.788427	181.877977	86.595007
-21.891649	181.689342	87.005728
-21.997103	181.496658	87.425317
-22.104787	181.299925	87.853773
-22.214703	181.099142	88.291096
-22.264497	181.008195	88.489209
-22.316523	180.913198	88.696190
-22.370779	180.814152	88.912039
-22.427267	180.711058	89.136754
-22.485985	180.603914	89.370337
-22.546935	180.492721	89.612786
-22.610116	180.377479	89.864104
-22.675527	180.258188	90.124288
-22.743170	180.134849	90.393340
-22.813044	180.007460	90.671258
-22.885149	179.876022	90.958045
-22.959484	179.740535	91.253698
-23.036051	179.601000	91.558219
-23.114849	179.457415	91.871607
-23.195878	179.309781	92.193862
-23.279138	179.158099	92.524984
-23.364629	179.002367	92.864974
-23.452350	178.842587	93.213831
-23.542303	178.678758	93.571556
-23.634487	178.510880	93.938147
-23.728902	178.338953	94.313606
-23.825547	178.162977	94.697933
-23.924424	177.982952	95.091127
-24.025532	177.798879	95.493188
-24.128871	177.610756	95.904116
-24.234440	177.418585	96.323912
-24.342241	177.222365	96.752575
-24.452272	177.022096	97.190105
-24.502118	176.931377	97.388310
-24.554195	176.836608	97.595383
-24.608503	176.737792	97.811323
-24.665041	176.634926	98.036131
-24.723811	176.528011	98.269806
-24.784811	176.417048	98.512348
-24.848043	176.302036	98.763758
-24.913505	176.182975	99.024035
-24.981199	176.059866	99.293179
-25.051123	175.932707	99.571191
-25.123278	175.801500	99.858070
-25.197665	175.666244	100.153817
-25.274282	175.526940	100.458431
-25.353130	175.383586	100.771912
-25.434209	175.236184	101.094261
-25.517519	175.084733	101.425477
-25.603060	174.929234	101.765560
-25.690832	174.769685	102.114511
-25.780835	174.606088	102.472329
-25.873068	174.438442	102.839015
-25.967533	174.266748	103.214568
-26.064229	174.091005	103.598988
-26.163155	173.911213	103.992276
-26.264312	173.727372	104.394432
-26.367701	173.539483	104.805454
-26.473320	173.347545	105.225344
-26.581170	173.151558	105.654102
-26.691252	172.951523	106.091727
-26.741119	172.860907	106.289974
-26.793218	172.766243	106.497089
-26.847548	172.667530	106.713071
-26.904108	172.564768	106.937921
-26.962900	172.457958	107.171638
-27.023922	172.347099	107.414223
-27.087175	172.232191	107.665675
-27.152660	172.113235	107.925994
-27.220375	171.990230	108.195181
-27.290321	171.863177	108.473235
-27.362498	171.732074	108.760157
-27.436906	171.596923	109.055946
-27.513544	171.457724	109.360602
-27.592414	171.314475	109.674126
-27.673515	171.167179	109.996517
-27.756846	171.015833	110.327776
-27.842409	170.860439	110.667902
-27.930202	170.700996	111.016896
-28.020227	170.537504	111.374757
-28.112482	170.369964	111.741486
-28.206968	170.198375	112.117082
-28.303685	170.022738	112.501545
-28.402633	169.843052	112.894876
-28.503812	169.659317	113.297074
-28.607222	169.471534	113.708140
-28.712862	169.279702	114.128073
-28.820734	169.083821	114.556874
-28.930837	168.883892	114.994542
-28.980714	168.793323	115.192809
-29.032822	168.698706	115.399943
-29.087161	168.600041	115.615944
-29.143731	168.497326	115.840813
-29.202532	168.390564	116.074550
-29.263564	168.279752	116.317153
-29.326826	168.164892	116.568625
-29.392320	168.045983	116.828963
-29.460045	167.923026	117.098169
-29.530000	167.796020	117.376243
-29.602186	167.664965	117.663184
-29.676604	167.529862	117.958993
-29.753252	167.390710	118.263669
-29.832131	167.247510	118.577212
-29.913241	167.100261	118.899623
-29.996582	166.948963	119.230901
-30.082154	166.793617	119.571047
-30.169956	166.634222	119.920060
-30.259990	166.470778	120.277941
-30.352255	166.303286	120.644689
-30.446750	166.131745	121.020305
-30.543476	165.956156	121.404788
-30.642434	165.776518	121.798138
-30.743622	165.592831	122.200356
-30.847041	165.405096	122.611442
-30.952691	165.213312	123.031395
-31.060572	165.017480	123.460215
-31.170684	164.817599	123.897903
-31.220565	164.727052	124.096178
-31.272677	164.632456	124.303321
-31.327021	164.533812	124.519331
-31.383595	164.431120	124.744209
-31.442400	164.324378	124.977954
-31.503436	164.213588	125.220567
-31.566702	164.098750	125.472047
-31.632200	163.979863	125.732395
-31.699929	163.856927	126.001610
-31.769888	163.729943	126.279692
-31.842079	163.598910	126.566642
-31.916500	163.463828	126.862459
-31.993152	163.324698	127.167144
-32.072036	163.181519	127.480697
-32.153150	163.034292	127.803116
-32.236495	162.883016	128.134404
-32.322071	162.727692	128.474558
-32.409877	162.568318	128.823581
-32.499915	162.404897	129.181470
-32.592184	162.237427	129.548227
-32.686683	162.065908	129.923852
-32.783414	161.890340	130.308344
-32.882375	161.710724	130.701704
-32.983567	161.527059	131.103931
-33.086990	161.339346	131.515025
-33.192644	161.147584	131.934987
-33.300529	160.951774	132.363816
-33.410645	160.751915	132.801513
-33.460528	160.661378	132.999792
-33.512642	160.566792	133.206939
-33.566987	160.468158	133.422954
-33.623563	160.365475	133.647835
-33.682370	160.258743	133.881584
-33.743408	160.147963	134.124201
-33.806676	160.033134	134.375685
-33.872176	159.914257	134.636037
-33.939906	159.791331	134.905256
-34.009868	159.664357	135.183342
-34.082060	159.533334	135.470296
-34.156483	159.398262	135.766118
-34.233137	159.259142	136.070807
-34.312022	159.115973	136.384363
-34.393138	158.968756	136.706787
-34.476485	158.817490	137.038078
-34.562062	158.662175	137.378237
-34.649871	158.502812	137.727264
-34.739911	158.339400	138.085157
-34.832181	158.171940	138.451919
-34.926682	158.000431	138.827547
-35.023414	157.824873	139.212043
-35.122378	157.645267	139.605407
-35.223572	157.461613	140.007638
-35.326996	157.273909	140.418737
-35.432652	157.082157	140.838703
-35.540539	156.886357	141.267536
-35.650657	156.686508	141.705237
-35.700541	156.595975	141.903518
-35.752656	156.501394	142.110667
-35.807001	156.402764	142.326683
-35.863578	156.300086	142.551567
-35.922386	156.193359	142.785318
-35.983424	156.082583	143.027936
-36.046693	155.967759	143.279422
-36.112194	155.848886	143.539776
-36.179925	155.725965	143.808997
-36.249887	155.598995	144.087085
-36.322080	155.467976	144.374041
-36.396504	155.332909	144.669864
-36.473159	155.193793	144.974555
-36.552045	155.050629	145.288113
-36.633161	154.903416	145.610539
-36.716509	154.752154	145.941832
-36.802087	154.596844	146.281993
-36.889897	154.437486	146.631021
-36.979937	154.274079	146.988917
-37.072208	154.106623	147.355680
-37.166710	153.935118	147.731310
-37.263443	153.759565	148.115808
-37.362407	153.579964	148.509174
-37.463602	153.396314	148.911407
-37.567028	153.208615	149.322507
-37.672684	153.016868	149.742475
-37.780572	152.821072	150.171311
-37.890690	152.621227	150.609013
-37.940574	152.530697	150.807295
-37.992690	152.436117	151.014445
-38.047036	152.337490	151.230462
-38.103613	152.234813	151.455346
-38.162421	152.128088	151.689098
-38.223460	152.017314	151.931717
-38.286729	151.902492	152.183204
-38.352230	151.783622	152.443559
-38.419961	151.660702	152.712780
-38.489924	151.533734	152.990870
-38.562117	151.402718	153.277826
-38.636542	151.267653	153.573650
-38.713197	151.128539	153.878342
-38.792083	150.985377	154.191901
-38.873200	150.838166	154.514328
-38.956548	150.686906	154.845622
-39.042127	150.531598	155.185783
-39.129936	150.372242	155.534812
-39.219977	150.208837	155.892709
-39.312248	150.041383	156.259473
-39.406751	149.869881	156.635104
-39.503484	149.694330	157.019603
-39.602448	149.514730	157.412970
-39.703644	149.331082	157.815203
-39.807070	149.143386	158.226305
-39.912727	148.951640	158.646273
-40.020614	148.755847	159.075110
-40.130733	148.556004	159.512813
-40.180618	148.465474	159.711096
-40.232733	148.370896	159.918246
-40.287079	148.272269	160.134263
-40.343656	148.169594	160.359148
-40.402465	148.062870	160.592900
-40.463504	147.952097	160.835520
-40.526773	147.837276	161.087007
-40.592274	147.718406	161.347362
-40.660006	147.595487	161.616584
-40.729969	147.468520	161.894673
-40.802162	147.337505	162.181631
-40.876587	147.202441	162.477455
-40.953242	147.063328	162.782147
-41.032128	146.920167	163.095707
-41.113245	146.772957	163.418134
-41.196593	146.621698	163.749428
-41.282172	146.466391	164.089590
-41.369982	146.307036	164.438619
-41.460023	146.143631	164.796516
-41.552295	145.976179	165.163281
-41.646797	145.804677	165.538912
-41.743531	145.629127	165.923412
-41.842495	145.449529	166.316778
-41.943690	145.265882	166.719013
-42.047117	145.078186	167.130114
-42.152774	144.886442	167.550084
-42.260662	144.690649	167.978920
-42.370781	144.490807	168.416624
-42.420665	144.400278	168.614907
-42.472781	144.305700	168.822057
-42.527127	144.207074	169.038074
-42.583704	144.104398	169.262959
-42.642512	143.997675	169.496712
-42.703551	143.886903	169.739332
-42.766821	143.772082	169.990819
-42.832322	143.653212	170.251174
-42.900054	143.530294	170.520396
-42.970017	143.403328	170.798486
-43.042210	143.272313	171.085443
-43.116635	143.137249	171.381268
-43.193290	142.998137	171.685960
-43.272176	142.854976	171.999520
-43.353294	142.707766	172.321947
-43.436642	142.556508	172.653242
-43.522221	142.401202	172.993404
-43.610031	142.241846	173.342434
-43.700072	142.078443	173.700331
-43.792343	141.910990	174.067095
-43.886846	141.739489	174.442727
-43.983580	141.563940	174.827227
-44.082544	141.384342	175.220594
-44.183739	141.200695	175.622828
-44.287166	141.013000	176.033930
-44.392823	140.821256	176.453899
-44.500711	140.625463	176.882736
-44.610830	140.425622	177.320440
-44.660714	140.335093	177.518723
-44.712830	140.240516	177.725873
-44.767176	140.141889	177.941891
-44.823754	140.039214	178.166776
-44.882562	139.932491	178.400528
-44.943601	139.821719	178.643148
-45.006871	139.706898	178.894636
-45.072372	139.588029	179.154991
-45.140104	139.465111	179.424213
-45.210066	139.338145	179.702303
-45.282260	139.207130	179.989260
-45.356684	139.072066	180.285085
-45.433340	138.932954	180.589777
-45.512226	138.789794	180.903337
-45.593343	138.642584	181.225764
-45.676692	138.491326	181.557059
-45.762271	138.336020	181.897221
-45.850081	138.176665	182.246251
-45.940121	138.013261	182.604148
-46.032393	137.845809	182.970913
-46.126896	137.674308	183.346545
-46.223630	137.498759	183.731044
-46.322594	137.319161	184.124411
-46.423789	137.135515	184.526646
-46.527216	136.947820	184.937748
-46.632873	136.756076	185.357717
-46.740761	136.560284	185.786554
-46.850880	136.360443	186.224258
-46.900765	136.269914	186.422541
-46.952880	136.175336	186.629691
-47.007227	136.076710	186.845709
-47.063804	135.974035	187.070594
-47.122612	135.867312	187.304347
-47.183651	135.756540	187.546967
-47.246921	135.641719	187.798454
-47.312422	135.522850	188.058809
-47.380154	135.399933	188.328032
-47.450117	135.272966	188.606121
-47.522310	135.141951	188.893079
-47.596735	135.006888	189.188904
-47.673390	134.867776	189.493596
-47.752277	134.724615	189.807156
-47.833394	134.577406	190.129583
-47.916742	134.426148	190.460878
-48.002321	134.270842	190.801040
-48.090131	134.111487	191.150070
-48.180172	133.948084	191.507967
-48.272444	133.780632	191.874732
-48.366946	133.609131	192.250364
-48.463680	133.433582	192.634863
-48.562644	133.253984	193.028230
-48.663840	133.070337	193.430465
-48.767266	132.882643	193.841567
-48.872923	132.690899	194.261536
-48.980812	132.495107	194.690373
-49.090931	132.295266	195.128078
-49.140815	132.204737	195.326360
-49.192931	132.110159	195.533511
-49.247277	132.011533	195.749528
-49.303854	131.908859	195.974413
-49.362663	131.802135	196.208166
-49.423702	131.691363	196.450786
-49.486972	131.576543	196.702273
-49.552473	131.457674	196.962628
-49.620204	131.334756	197.231851
-49.690167	131.207790	197.509941
-49.762361	131.076775	197.796898
-49.836785	130.941712	198.092723
-49.913441	130.802600	198.397415
-49.992327	130.659439	198.710975
-50.073444	130.512230	199.033403
-50.156793	130.360972	199.364697
-50.242372	130.205666	199.704860
-50.330182	130.046311	200.053889
-50.420223	129.882908	200.411787
-50.512494	129.715456	200.778551
-50.606997	129.543955	201.154183
-50.703731	129.368406	201.538683
-50.802695	129.188808	201.932050
-50.903891	129.005162	202.334285
-51.007317	128.817467	202.745387
-51.112974	128.625723	203.165356
-51.220862	128.429931	203.594193
-51.330981	128.230090	204.031897
-51.380866	128.139561	204.230180
-51.432981	128.044984	204.437330
-51.487328	127.946358	204.653348
-51.543905	127.843683	204.878233
-51.602713	127.736960	205.111986
-51.663752	127.626188	205.354606
-51.727022	127.511367	205.606093
-51.792523	127.392498	205.866448
-51.860255	127.269580	206.135671
-51.930218	127.142614	206.413761
-52.002412	127.011599	206.700718
-52.076836	126.876536	206.996543
-52.153492	126.737424	207.301235
-52.232378	126.594264	207.614795
-52.313495	126.447054	207.937222
-52.396843	126.295797	208.268517
-52.482422	126.140490	208.608679
-52.570232	125.981136	208.957709
-52.660273	125.817732	209.315606
-52.752545	125.650280	209.682371
-52.847048	125.478780	210.058003
-52.943781	125.303230	210.442503
-53.042746	125.123633	210.835870
-53.143941	124.939986	211.238104
-53.247368	124.752291	211.649206
-53.353025	124.560548	212.069176
-53.460913	124.364756	212.498013
-53.571032	124.164915	212.935717
-53.620917	124.074386	213.134000
-53.673032	123.979809	213.341150
-53.727379	123.881182	213.557168
-53.783956	123.778508	213.782053
-53.842764	123.671784	214.015806
-53.903803	123.561012	214.258426
-53.967073	123.446192	214.509913
-54.032574	123.327323	214.770268
-54.100306	123.204405	215.039491
-54.170269	123.077439	215.317581
-54.242462	122.946424	215.604538
-54.316887	122.811361	215.900363
-54.393542	122.672249	216.205055
-54.472429	122.529088	216.518615
-54.553546	122.381879	216.841042
-54.636894	122.230622	217.172337
-54.722473	122.075315	217.512499
-54.810283	121.915960	217.861529
-54.900324	121.752557	218.219426
-54.992596	121.585105	218.586191
-55.087099	121.413604	218.961823
-55.183832	121.238055	219.346323
-55.282797	121.058458	219.739690
-55.383992	120.874811	220.141924
-55.487419	120.687116	220.553027
-55.593076	120.495373	220.972996
-55.700964	120.299581	221.401833
-55.811083	120.099740	221.839537
-55.860968	120.009211	222.037820
-55.913083	119.914634	222.244970
-55.967429	119.816007	222.460988
-56.024007	119.713333	222.685873
-56.082815	119.606609	222.919626
-56.143854	119.495837	223.162246
-56.207124	119.381017	223.413733
-56.272625	119.262148	223.674088
-56.340357	119.139230	223.943311
-56.410320	119.012264	224.221401
-56.482513	118.881249	224.508358
-56.556938	118.746186	224.804183
-56.633593	118.607074	225.108875
-56.712480	118.463913	225.422435
-56.793597	118.316704	225.744863
-56.876945	118.165447	226.076157
-56.962524	118.010140	226.416320
-57.050334	117.850786	226.765349
-57.140375	117.687382	227.123246
-57.232647	117.519930	227.490011
-57.327149	117.348430	227.865643
-57.423883	117.172880	228.250143
-57.522848	116.993283	228.643510
-57.624043	116.809636	229.045745
-57.727469	116.621941	229.456847
-57.833127	116.430198	229.876816
-57.941015	116.234406	230.305653
-58.051134	116.034565	230.743358
-58.101018	115.944036	230.941640
-58.153134	115.849459	231.148790
-58.207480	115.750832	231.364808
-58.264058	115.648158	231.589693
-58.322866	115.541434	231.823446
-58.383905	115.430663	232.066066
-58.447175	115.315842	232.317553
-58.512676	115.196973	232.577908
-58.580408	115.074055	232.847131
-58.650370	114.947089	233.125221
-58.722564	114.816074	233.412178
-58.796989	114.681011	233.708003
-58.873644	114.541899	234.012695
-58.952530	114.398739	234.326255
-59.033648	114.251529	234.648683
-59.116996	114.100272	234.979977
-59.202575	113.944966	235.320140
-59.290385	113.785611	235.669169
-59.380426	113.622207	236.027067
-59.472698	113.454755	236.393831
-59.567200	113.283255	236.769463
-59.663934	113.107705	237.153963
-59.762898	112.928108	237.547330
-59.864094	112.744461	237.949565
-59.967520	112.556767	238.360667
-60.073177	112.365023	238.780636
-60.181066	112.169231	239.209473
-60.291185	111.969390	239.647178
-60.341069	111.878861	239.845460
-60.393185	111.784284	240.052611
-60.447531	111.685658	240.268628
-60.504108	111.582983	240.493513
-60.562917	111.476260	240.727266
-60.623956	111.365488	240.969886
-60.687226	111.250667	241.221373
-60.752727	111.131798	241.481728
-60.820458	111.008881	241.750951
-60.890421	110.881914	242.029041
-60.962615	110.750900	242.315998
-61.037039	110.615836	242.611823
-61.113695	110.476724	242.916516
-61.192581	110.333564	243.230075
-61.273698	110.186355	243.552503
-61.357047	110.035097	243.883798
-61.442626	109.879791	244.223960
-61.530436	109.720436	244.572990
-61.620477	109.557032	244.930887
-61.712748	109.389580	245.297651
-61.807251	109.218080	245.673284
-61.903985	109.042531	246.057783
-62.002949	108.862933	246.451150
-62.104145	108.679287	246.853385
-62.207571	108.491592	247.264487
-62.313228	108.299848	247.684456
-62.421116	108.104056	248.113293
-62.531235	107.904216	248.550998
-62.581120	107.813687	248.749280
-62.633236	107.719109	248.956431
-62.687582	107.620483	249.172448
-62.744159	107.517808	249.397333
-62.802967	107.411085	249.631086
-62.864007	107.300313	249.873706
-62.927277	107.185492	250.125194
-62.992777	107.066623	250.385549
-63.060509	106.943706	250.654771
-63.130472	106.816740	250.932861
-63.202666	106.685725	251.219818
-63.277090	106.550661	251.515643
-63.353746	106.411549	251.820336
-63.432632	106.268389	252.133896
-63.513749	106.121180	252.456323
-63.597098	105.969922	252.787618
-63.682677	105.814616	253.127780
-63.770487	105.655261	253.476810
-63.860527	105.491858	253.834707
-63.952799	105.324406	254.201472
-64.047302	105.152905	254.577104
-64.144036	104.977356	254.961603
-64.243000	104.797758	255.354970
-64.344196	104.614112	255.757205
-64.447622	104.426417	256.168307
-64.553279	104.234673	256.588276
-64.661167	104.038881	257.017113
-64.771286	103.839041	257.454818
-64.821171	103.748512	257.653101
-64.873286	103.653934	257.860251
-64.927633	103.555308	258.076268
-64.984210	103.452633	258.301154
-65.043018	103.345910	258.534906
-65.104057	103.235138	258.777526
-65.167327	103.120318	259.029014
-65.232828	103.001449	259.289369
-65.300560	102.878531	259.558591
-65.370523	102.751565	259.836681
-65.442717	102.620550	260.123639
-65.517141	102.485487	260.419463
-65.593797	102.346375	260.724156
-65.672683	102.203214	261.037716
-65.753800	102.056005	261.360143
-65.837148	101.904747	261.691438
-65.922727	101.749441	262.031600
-66.010537	101.590086	262.380630
-66.100578	101.426683	262.738527
-66.192850	101.259231	263.105292
-66.287353	101.087730	263.480924
-66.384086	100.912181	263.865423
-66.483051	100.732583	264.258791
-66.584246	100.548937	264.661025
-66.687673	100.361242	265.072127
-66.793330	100.169499	265.492097
-66.901218	99.973707	265.920934
-67.011337	99.773866	266.358638
-67.061222	99.683337	266.556921
-67.113337	99.588759	266.764071
-67.167684	99.490133	266.980089
-67.224261	99.387458	267.204974
-67.283069	99.280735	267.438726
-67.344108	99.169963	267.681346
-67.407378	99.055143	267.932834
-67.472879	98.936274	268.193189
-67.540611	98.813356	268.462411
-67.610574	98.686390	268.740501
-67.682767	98.555375	269.027459
-67.757192	98.420312	269.323284
-67.833847	98.281200	269.627976
-67.912734	98.138039	269.941536
-67.993851	97.990830	270.263963
-68.077199	97.839573	270.595258
-68.162778	97.684266	270.935420
-68.250588	97.524911	271.284450
-68.340629	97.361508	271.642347
-68.432901	97.194056	272.009112
-68.527404	97.022555	272.384744
-68.624137	96.847006	272.769244
-68.723102	96.667409	273.162611
-68.824297	96.483762	273.564845
-68.927724	96.296067	273.975947
-69.033381	96.104324	274.395917
-69.141269	95.908532	274.824754
-69.251388	95.708691	275.262458
-69.301273	95.618162	275.460741
-69.353388	95.523585	275.667891
-69.407734	95.424958	275.883909
-69.464312	95.322284	276.108794
-69.523120	95.215560	276.342546
-69.584159	95.104788	276.585166
-69.647429	94.989968	276.836654
-69.712930	94.871099	277.097009
-69.780662	94.748181	277.366231
-69.850625	94.621215	277.644321
-69.922818	94.490200	277.931279
-69.997243	94.355137	278.227104
-70.073898	94.216025	278.531796
-70.152785	94.072865	278.845356
-70.233902	93.925655	279.167783
-70.317250	93.774398	279.499078
-70.402829	93.619091	279.839240
-70.490639	93.459737	280.188270
-70.580680	93.296333	280.546167
-70.672952	93.128881	280.912932
-70.767455	92.957381	281.288564
-70.864188	92.781831	281.673064
-70.963153	92.602234	282.066431
-71.064348	92.418587	282.468665
-71.167774	92.230892	282.879767
-71.273432	92.039149	283.299737
-71.381320	91.843357	283.728574
-71.491439	91.643516	284.166278
-71.541323	91.552987	284.364561
-71.593439	91.458410	284.571711
-71.647785	91.359784	284.787729
-71.704363	91.257109	285.012614
-71.763171	91.150386	285.246367
-71.824210	91.039614	285.488987
-71.887480	90.924793	285.740474
-71.952981	90.805924	286.000829
-72.020713	90.683007	286.270052
-72.090675	90.556040	286.548142
-72.162869	90.425026	286.835099
-72.237294	90.289962	287.130924
-72.313949	90.150850	287.435616
-72.392835	90.007690	287.749176
-72.473953	89.860481	288.071603
-72.557301	89.709223	288.402898
-72.642880	89.553917	288.743060
-72.730690	89.394562	289.092090
-72.820731	89.231158	289.449987
-72.913003	89.063706	289.816752
-73.007505	88.892206	290.192384
-73.104239	88.716657	290.576884
-73.203204	88.537059	290.970251
-73.304399	88.353413	291.372485
-73.407825	88.165718	291.783587
-73.513483	87.973974	292.203557
-73.621371	87.778182	292.632394
-73.731490	87.578342	293.070098
-73.781374	87.487813	293.268381
-73.833490	87.393235	293.475531
-73.887836	87.294609	293.691549
-73.944413	87.191934	293.916434
-74.003222	87.085211	294.150187
-74.064261	86.974439	294.392807
-74.127531	86.859618	294.644294
-74.193032	86.740749	294.904649
-74.260764	86.617832	295.173872
-74.330726	86.490866	295.451962
-74.402920	86.359851	295.738919
-74.477344	86.224787	296.034744
-74.554000	86.085675	296.339436
-74.632886	85.942515	296.652996
-74.714004	85.795306	296.975424
-74.797352	85.644048	297.306718
-74.882931	85.488742	297.646881
-74.970741	85.329387	297.995910
-75.060782	85.165984	298.353808
-75.153054	84.998532	298.720572
-75.247556	84.827031	299.096204
-75.344290	84.651482	299.480704
-75.443254	84.471884	299.874071
-75.544450	84.288238	300.276306
-75.647876	84.100543	300.687408
-75.753533	83.908799	301.107377
-75.861422	83.713007	301.536214
-75.971541	83.513167	301.973919
-76.021425	83.422638	302.172201
-76.073541	83.328060	302.379351
-76.127887	83.229434	302.595369
-76.184464	83.126759	302.820254
-76.243273	83.020036	303.054007
-76.304312	82.909264	303.296627
-76.367582	82.794444	303.548114
-76.433083	82.675575	303.808469
-76.500814	82.552657	304.077692
-76.570777	82.425691	304.355782
-76.642971	82.294676	304.642739
-76.717395	82.159613	304.938564
-76.794051	82.020501	305.243257
-76.872937	81.877340	305.556816
-76.954054	81.730131	305.879244
-77.037403	81.578873	306.210538
-77.122982	81.423567	306.550701
-77.210792	81.264212	306.899730
-77.300833	81.100809	307.257628
