-10.032279	239.569546	1.331474
-10.060543	239.467703	1.299935
-10.097718	239.361469	1.269547
-10.143806	239.250844	1.240279
-10.198814	239.135830	1.212102
-10.262745	239.016429	1.184986
-10.335603	238.892640	1.158900
-10.417392	238.764467	1.133816
-10.508117	238.631910	1.109704
-10.607780	238.494970	1.086536
-10.716385	238.353649	1.064284
-10.833937	238.207948	1.042920
-10.960437	238.057868	1.022419
-11.095890	237.903412	1.002752
-11.240298	237.744580	0.983894
-11.393665	237.581373	0.965821
-11.555992	237.413792	0.948507
-11.727282	237.241841	0.931929
-11.907539	237.065518	0.916063
-12.096765	236.884826	0.900887
-12.294961	236.699767	0.886380
-12.502130	236.510341	0.872519
-12.718274	236.316550	0.859285
-12.943396	236.118395	0.846657
-13.177496	235.915877	0.834617
-13.420578	235.708999	0.823145
-13.672642	235.497760	0.812224
-13.933691	235.282164	0.801837
-14.203725	235.062210	0.791968
-14.482747	234.837900	0.782599
-14.770758	234.609236	0.773716
-15.067760	234.376219	0.765304
-15.373753	234.138850	0.757348
-15.688740	233.897130	0.749836
-16.012722	233.651062	0.742754
-16.345699	233.400646	0.736089
-16.687673	233.145884	0.729829
-17.038645	232.886777	0.723962
-17.398616	232.623326	0.718478
-17.767588	232.355533	0.713366
-18.145561	232.083400	0.708615
-18.532537	231.806926	0.704215
-18.928517	231.526115	0.700158
-19.333501	231.240967	0.696434
-19.516747	231.112832	0.694929
-19.708999	230.980362	0.693745
-19.910257	230.843558	0.692877
-20.120522	230.702420	0.692324
-20.339794	230.556950	0.692080
-20.568074	230.407147	0.692143
-20.805362	230.253012	0.692508
-21.051659	230.094547	0.693174
-21.306964	229.931751	0.694136
-21.571279	229.764625	0.695392
-21.844603	229.593170	0.696938
-22.126937	229.417386	0.698772
-22.418282	229.237275	0.700890
-22.718637	229.052836	0.703290
-23.028004	228.864070	0.705969
-23.346382	228.670978	0.708924
-23.673772	228.473561	0.712153
-24.010174	228.271819	0.715653
-24.355589	228.065752	0.719422
-24.710018	227.855362	0.723456
-25.073459	227.640649	0.727755
-25.445915	227.421614	0.732315
-25.827384	227.198256	0.737135
-26.217868	226.970578	0.742212
-26.617367	226.738579	0.747544
-27.025882	226.502260	0.753130
-27.443411	226.261622	0.758966
-27.869957	226.016666	0.765052
-28.064013	225.905606	0.767874
-28.267086	225.790229	0.770943
-28.479175	225.670534	0.774257
-28.700282	225.546523	0.777817
-28.930405	225.418194	0.781620
-29.169545	225.285549	0.785668
-29.417702	225.148587	0.789958
-29.674877	225.007310	0.794491
-29.941069	224.861717	0.799265
-30.216279	224.711808	0.804279
-30.500507	224.557585	0.809534
-30.793753	224.399046	0.815028
-31.096017	224.236193	0.820761
-31.407300	224.069025	0.826732
-31.727601	223.897544	0.832940
-32.056920	223.721749	0.839385
-32.395259	223.541640	0.846066
-32.742616	223.357219	0.852983
-33.098992	223.168484	0.860134
-33.464388	222.975437	0.867520
-33.838803	222.778077	0.875140
-34.222237	222.576406	0.882993
-34.614692	222.370423	0.891079
-35.016166	222.160128	0.899397
-35.426660	221.945523	0.907947
-35.846174	221.726606	0.916727
-36.274709	221.503379	0.925739
-36.712264	221.275842	0.934981
-36.910685	221.172829	0.939189
-37.118125	221.065506	0.943627
-37.334587	220.953874	0.948294
-37.560070	220.837931	0.953190
-37.794573	220.717680	0.958316
-38.038097	220.593119	0.963670
-38.290643	220.464249	0.969252
-38.552209	220.331070	0.975063
-38.822797	220.193582	0.981102
-39.102406	220.051785	0.987369
-39.391036	219.905680	0.993864
-39.688687	219.755266	1.000586
-39.995360	219.600544	1.007536
-40.311055	219.441513	1.014713
-40.635771	219.278175	1.022117
-40.969508	219.110528	1.029748
-41.312268	218.938574	1.037606
-41.664049	218.762312	1.045691
-42.024852	218.581742	1.054002
-42.394677	218.396865	1.062539
-42.773524	218.207680	1.071302
-43.161392	218.014189	1.080291
-43.558283	217.816390	1.089507
-43.964197	217.614285	1.098947
-44.379132	217.407872	1.108614
-44.803090	217.197153	1.118505
-45.236070	216.982128	1.128622
-45.678072	216.762796	1.138964
-45.878360	216.663485	1.143657
-46.087670	216.559867	1.148574
-46.306003	216.451943	1.153716
-46.533359	216.339713	1.159083
-46.769737	216.223178	1.164675
-47.015138	216.102336	1.170492
-47.269561	215.977188	1.176533
-47.533008	215.847735	1.182799
-47.805477	215.713976	1.189289
-48.086968	215.575911	1.196003
-48.377483	215.433540	1.202943
-48.677021	215.286864	1.210106
-48.985581	215.135883	1.217494
-49.303164	214.980596	1.225106
-49.629770	214.821003	1.232942
-49.965400	214.657106	1.241002
-50.310052	214.488903	1.249287
-50.663727	214.316395	1.257795
-51.026425	214.139581	1.266528
-51.398147	213.958463	1.275485
-51.778891	213.773040	1.284665
-52.168659	213.583311	1.294069
-52.567449	213.389278	1.303697
-52.975263	213.190940	1.313549
-53.392101	212.988298	1.323625
-53.817961	212.781350	1.333924
-54.252845	212.570098	1.344447
-54.696752	212.354541	1.355194
-54.897864	212.256918	1.360065
-55.107999	212.154990	1.365159
-55.327158	212.048757	1.370478
-55.555340	211.938220	1.376019
-55.792545	211.823379	1.381784
-56.038774	211.704234	1.387773
-56.294026	211.580784	1.393985
-56.558302	211.453029	1.400420
-56.831601	211.320971	1.407079
-57.113923	211.184608	1.413962
-57.405270	211.043941	1.421067
-57.705639	210.898969	1.428396
-58.015033	210.749694	1.435949
-58.333449	210.596114	1.443725
-58.660890	210.438231	1.451724
-58.997354	210.276043	1.459946
-59.342841	210.109551	1.468392
-59.697352	209.938755	1.477061
-60.060887	209.763655	1.485953
-60.433445	209.584251	1.495069
-60.815027	209.400543	1.504408
-61.205633	209.212531	1.513970
-61.605262	209.020216	1.523755
-62.013915	208.823596	1.533763
-62.431592	208.622673	1.543995
-62.858292	208.417446	1.554450
-63.294017	208.207915	1.565127
-63.738765	207.994080	1.576028
-63.940245	207.897224	1.580968
-64.150750	207.796064	1.586130
-64.370278	207.690600	1.591516
-64.598830	207.580832	1.597124
-64.836405	207.466761	1.602956
-65.083005	207.348387	1.609011
-65.338628	207.225708	1.615289
-65.603275	207.098726	1.621790
-65.876946	206.967440	1.628514
-66.159641	206.831851	1.635461
-66.451360	206.691958	1.642631
-66.752102	206.547762	1.650024
-67.061868	206.399262	1.657641
-67.380658	206.246458	1.665480
-67.708472	206.089351	1.673542
-68.045310	205.927941	1.681828
-68.391172	205.762227	1.690336
-68.746057	205.592209	1.699068
-69.109967	205.417888	1.708023
-69.482900	205.239263	1.717200
-69.864857	205.056335	1.726601
-70.255838	204.869104	1.736224
-70.655843	204.677569	1.746071
-71.064872	204.481731	1.756141
-71.482925	204.281589	1.766433
-71.910001	204.077144	1.776949
-72.346102	203.868395	1.787687
-72.791226	203.655344	1.798649
-72.992873	203.558835	1.803615
-73.203544	203.458024	1.808804
-73.423239	203.352909	1.814216
-73.651958	203.243491	1.819851
-73.889701	203.129770	1.825709
-74.136468	203.011745	1.831790
-74.392258	202.889417	1.838094
-74.657073	202.762785	1.844621
-74.930912	202.631850	1.851371
-75.213774	202.496612	1.858343
-75.505661	202.357071	1.865539
-75.806571	202.213226	1.872958
-76.116506	202.065078	1.880599
-76.435464	201.912627	1.888464
-76.763447	201.755873	1.896552
-77.100453	201.594815	1.904862
-77.446483	201.429454	1.913396
-77.801538	201.259790	1.922152
-78.165616	201.085823	1.931131
-78.538719	200.907552	1.940334
-78.920845	200.724978	1.949759
-79.311995	200.538101	1.959407
-79.712170	200.346920	1.969278
-80.121368	200.151437	1.979372
-80.539590	199.951650	1.989689
-80.966837	199.747560	2.000229
-81.403107	199.539167	2.010992
-81.848402	199.326471	2.021978
-82.050124	199.230120	2.026955
-82.260870	199.129467	2.032154
-82.480641	199.024511	2.037577
-82.709435	198.915251	2.043223
-82.947253	198.801688	2.049091
-83.194096	198.683822	2.055183
-83.449962	198.561653	2.061497
-83.714853	198.435181	2.068034
-83.988767	198.304405	2.074794
-84.271706	198.169326	2.081778
-84.563668	198.029945	2.088984
-84.864655	197.886260	2.096413
-85.174665	197.738272	2.104064
-85.493700	197.585980	2.111939
-85.821759	197.429386	2.120037
-86.158842	197.268488	2.128358
-86.504948	197.103288	2.136901
-86.860079	196.933784	2.145668
-87.224234	196.759977	2.154657
-87.597413	196.581867	2.163869
-87.979616	196.399454	2.173305
-88.370843	196.212737	2.182963
-88.771094	196.021718	2.192844
-89.180369	195.826396	2.202948
-89.598668	195.626770	2.213275
-90.025991	195.422841	2.223824
-90.462339	195.214609	2.234597
-90.907710	195.002074	2.245593
-91.109466	194.905796	2.250574
-91.320247	194.805214	2.255778
-91.540051	194.700330	2.261205
-91.768880	194.591142	2.266855
-92.006733	194.477651	2.272728
-92.253609	194.359857	2.278823
-92.509510	194.237760	2.285142
-92.774435	194.111360	2.291684
-93.048384	193.980657	2.298448
-93.331357	193.845651	2.305435
-93.623354	193.706341	2.312646
-93.924375	193.562729	2.320079
-94.234420	193.414813	2.327735
-94.553489	193.262594	2.335614
-94.881583	193.106073	2.343716
-95.218700	192.945248	2.352040
-95.564842	192.780120	2.360588
-95.920007	192.610689	2.369359
-96.284197	192.436955	2.378352
-96.657410	192.258918	2.387569
-97.039648	192.076578	2.397008
-97.430910	191.889934	2.406670
-97.831196	191.698988	2.416555
-98.240505	191.503739	2.426663
-98.658839	191.304186	2.436994
-99.086198	191.100330	2.447548
-99.522580	190.892172	2.458325
-99.967986	190.679710	2.469325
-100.169758	190.583464	2.474308
-100.380554	190.482915	2.479513
-100.600374	190.378063	2.484942
-100.829218	190.268908	2.490594
-101.067086	190.155450	2.496468
-101.313978	190.037689	2.502566
-101.569895	189.915625	2.508886
-101.834835	189.789257	2.515430
-102.108800	189.658587	2.522196
-102.391788	189.523613	2.529185
-102.683801	189.384337	2.536397
-102.984838	189.240757	2.543832
-103.294899	189.092875	2.551490
-103.613984	188.940689	2.559370
-103.942092	188.784200	2.567474
-104.279226	188.623409	2.575800
-104.625383	188.458314	2.584350
-104.980564	188.288916	2.593122
-105.344769	188.115215	2.602117
-105.717999	187.937211	2.611335
-106.100252	187.754904	2.620776
-106.491530	187.568294	2.630440
-106.891831	187.377380	2.640327
-107.301157	187.182164	2.650437
-107.719507	186.982645	2.660770
-108.146881	186.778823	2.671325
-108.583279	186.570697	2.682104
-109.028701	186.358269	2.693105
-109.230480	186.262038	2.698089
-109.441283	186.161504	2.703295
-109.661110	186.056666	2.708725
-109.889961	185.947526	2.714377
-110.127836	185.834083	2.720252
-110.374736	185.716336	2.726351
-110.630659	185.594287	2.732672
-110.895607	185.467935	2.739216
-111.169578	185.337279	2.745983
-111.452574	185.202321	2.752972
-111.744594	185.063059	2.760185
-112.045638	184.919495	2.767621
-112.355705	184.771627	2.775279
-112.674798	184.619456	2.783161
-113.002914	184.462982	2.791265
-113.340054	184.302206	2.799592
-113.686218	184.137126	2.808142
-114.041407	183.967743	2.816915
-114.405619	183.794057	2.825911
-114.778856	183.616068	2.835130
-115.161116	183.433776	2.844572
-115.552401	183.247181	2.854237
-115.952710	183.056283	2.864124
-116.362043	182.861082	2.874235
-116.780400	182.661578	2.884568
-117.207781	182.457770	2.895124
-117.644186	182.249660	2.905903
-118.089615	182.037247	2.916905
-118.291397	181.941022	2.921889
-118.502203	181.840495	2.927096
-118.722034	181.735664	2.932526
-118.950888	181.626531	2.938179
-119.188767	181.513094	2.944054
-119.435669	181.395355	2.950153
-119.691596	181.273312	2.956474
-119.956547	181.146967	2.963019
-120.230521	181.016318	2.969786
-120.513520	180.881366	2.976776
-120.805543	180.742111	2.983989
-121.106590	180.598554	2.991425
-121.416662	180.450693	2.999084
-121.735757	180.298529	3.006965
-122.063876	180.142062	3.015070
-122.401020	179.981292	3.023398
-122.747187	179.816219	3.031948
-123.102379	179.646843	3.040721
-123.466595	179.473164	3.049718
-123.839834	179.295182	3.058937
-124.222098	179.112896	3.068379
-124.613386	178.926308	3.078044
-125.013698	178.735417	3.087931
-125.423035	178.540223	3.098042
-125.841395	178.340725	3.108376
-126.268779	178.136925	3.118932
-126.705188	177.928822	3.129712
-127.150620	177.716415	3.140714
-127.352404	177.620194	3.145698
-127.563211	177.519669	3.150905
-127.783043	177.414842	3.156335
-128.011899	177.305712	3.161988
-128.249779	177.192278	3.167864
-128.496683	177.074542	3.173962
-128.752611	176.952502	3.180284
-129.017563	176.826160	3.186828
-129.291540	176.695514	3.193596
-129.574540	176.560565	3.200586
-129.866564	176.421314	3.207799
-130.167613	176.277759	3.215235
-130.477686	176.129901	3.222894
-130.796782	175.977740	3.230776
-131.124903	175.821276	3.238881
-131.462048	175.660510	3.247208
-131.808217	175.495440	3.255759
-132.163410	175.326067	3.264532
-132.527627	175.152391	3.273529
-132.900869	174.974412	3.282748
-133.283134	174.792130	3.292190
-133.674424	174.605545	3.301855
-134.074737	174.414656	3.311743
-134.484075	174.219465	3.321854
-134.902437	174.019971	3.332188
-135.329822	173.816174	3.342745
-135.766232	173.608074	3.353524
-136.211666	173.395670	3.364527
-136.413451	173.299450	3.369511
-136.624259	173.198927	3.374718
-136.844091	173.094101	3.380148
-137.072948	172.984972	3.385801
-137.310828	172.871540	3.391677
-137.557733	172.753805	3.397775
-137.813662	172.631767	3.404097
-138.078615	172.505426	3.410641
-138.352592	172.374782	3.417409
-138.635593	172.239834	3.424399
-138.927618	172.100584	3.431612
-139.228667	171.957031	3.439048
-139.538741	171.809174	3.446707
-139.857838	171.657015	3.454589
-140.185959	171.500553	3.462694
-140.523105	171.339787	3.471022
-140.869275	171.174719	3.479572
-141.224469	171.005347	3.488346
-141.588686	170.831673	3.497342
-141.961928	170.653695	3.506562
-142.344194	170.471414	3.516004
-142.735485	170.284831	3.525669
-143.135799	170.093944	3.535557
-143.545137	169.898754	3.545668
-143.963499	169.699261	3.556002
-144.390886	169.495466	3.566559
-144.827297	169.287367	3.577338
-145.272731	169.074965	3.588341
-145.474516	168.978746	3.593325
-145.685324	168.878223	3.598532
-145.905157	168.773398	3.603962
-146.134014	168.664269	3.609615
-146.371895	168.550838	3.615491
-146.618800	168.433104	3.621589
-146.874729	168.311066	3.627911
-147.139682	168.184726	3.634456
-147.413659	168.054082	3.641223
-147.696661	167.919135	3.648213
-147.988686	167.779886	3.655427
-148.289736	167.636333	3.662863
-148.599809	167.488477	3.670522
-148.918907	167.336319	3.678404
-149.247029	167.179857	3.686508
-149.584175	167.019092	3.694836
-149.930345	166.854024	3.703387
-150.285539	166.684653	3.712160
-150.649757	166.510979	3.721157
-151.022999	166.333002	3.730376
-151.405266	166.150722	3.739818
-151.796556	165.964139	3.749484
-152.196871	165.773253	3.759372
-152.606209	165.578064	3.769483
-153.024572	165.378572	3.779816
-153.451959	165.174777	3.790373
-153.888370	164.966679	3.801153
-154.333805	164.754277	3.812155
-154.535589	164.658058	3.817140
-154.746398	164.557536	3.822347
-154.966231	164.452711	3.827777
-155.195088	164.343583	3.833430
-155.432969	164.230152	3.839305
-155.679874	164.112418	3.845404
-155.935804	163.990381	3.851726
-156.200757	163.864040	3.858270
-156.474734	163.733397	3.865038
-156.757736	163.598451	3.872028
-157.049761	163.459201	3.879241
-157.350811	163.315649	3.886677
-157.660885	163.167794	3.894337
-157.979983	163.015635	3.902218
-158.308105	162.859174	3.910323
-158.645251	162.698409	3.918651
-158.991421	162.533342	3.927202
-159.346615	162.363971	3.935975
-159.710833	162.190297	3.944972
-160.084076	162.012321	3.954191
-160.466342	161.830041	3.963633
-160.857633	161.643458	3.973298
-161.257947	161.452572	3.983186
-161.667286	161.257384	3.993297
-162.085649	161.057892	4.003631
-162.513036	160.854097	4.014188
-162.949447	160.645999	4.024968
-163.394882	160.433598	4.035970
-163.596667	160.337379	4.040955
-163.807476	160.236857	4.046162
-164.027309	160.132032	4.051592
-164.256166	160.022904	4.057245
-164.494047	159.909473	4.063120
-164.740952	159.791739	4.069219
-164.996881	159.669702	4.075541
-165.261835	159.543362	4.082085
-165.535812	159.412719	4.088853
-165.818814	159.277773	4.095843
-166.110839	159.138524	4.103056
-166.411889	158.994971	4.110492
-166.721963	158.847116	4.118152
-167.041061	158.694958	4.126033
-167.369183	158.538496	4.134138
-167.706329	158.377732	4.142466
-168.052499	158.212665	4.151017
-168.407694	158.043294	4.159790
-168.771912	157.869621	4.168787
-169.145154	157.691644	4.178006
-169.527421	157.509364	4.187448
-169.918712	157.322782	4.197113
-170.319026	157.131896	4.207002
-170.728365	156.936708	4.217112
-171.146728	156.737216	4.227446
-171.574115	156.533421	4.238003
-172.010526	156.325323	4.248783
-172.455961	156.112923	4.259785
-172.657746	156.016704	4.264770
-172.868555	155.916182	4.269977
-173.088388	155.811357	4.275407
-173.317245	155.702229	4.281060
-173.555126	155.588798	4.286935
-173.802031	155.471064	4.293034
-174.057961	155.349027	4.299356
-174.322914	155.222687	4.305900
-174.596892	155.092044	4.312668
-174.879893	154.957098	4.319658
-175.171919	154.817849	4.326871
-175.472969	154.674296	4.334308
-175.783043	154.526441	4.341967
-176.102141	154.374283	4.349849
-176.430263	154.217822	4.357953
-176.767409	154.057057	4.366281
-177.113579	153.891990	4.374832
-177.468773	153.722620	4.383605
-177.832992	153.548946	4.392602
-178.206234	153.370970	4.401821
-178.588501	153.188690	4.411263
-178.979791	153.002108	4.420929
-179.380106	152.811222	4.430817
-179.789445	152.616033	4.440928
-180.207808	152.416542	4.451261
-180.635195	152.212747	4.461818
-181.071606	152.004649	4.472598
-181.517041	151.792249	4.483600
-181.718826	151.696030	4.488585
-181.929635	151.595508	4.493792
-182.149468	151.490683	4.499222
-182.378325	151.381555	4.504875
-182.616206	151.268124	4.510751
-182.863112	151.150390	4.516849
-183.119041	151.028353	4.523171
-183.383994	150.902013	4.529716
-183.657972	150.771370	4.536483
-183.940973	150.636424	4.543473
-184.232999	150.497175	4.550687
-184.534049	150.353623	4.558123
-184.844123	150.205768	4.565782
-185.163221	150.053609	4.573664
-185.491343	149.897148	4.581769
-185.828489	149.736384	4.590096
-186.174659	149.571317	4.598647
-186.529854	149.401946	4.607420
-186.894072	149.228273	4.616417
-187.267314	149.050296	4.625636
-187.649581	148.868017	4.635079
-188.040872	148.681434	4.644744
-188.441187	148.490549	4.654632
-188.850525	148.295360	4.664743
-189.268888	148.095869	4.675077
-189.696275	147.892074	4.685633
-190.132687	147.683976	4.696413
-190.578122	147.471576	4.707416
-190.779907	147.375357	4.712400
-190.990716	147.274835	4.717607
-191.210549	147.170010	4.723037
-191.439406	147.060882	4.728690
-191.677287	146.947451	4.734566
-191.924192	146.829717	4.740664
-192.180121	146.707680	4.746986
-192.445075	146.581340	4.753531
-192.719052	146.450697	4.760298
-193.002054	146.315751	4.767288
-193.294080	146.176502	4.774502
-193.595129	146.032950	4.781938
-193.905203	145.885095	4.789597
-194.224301	145.732937	4.797479
-194.552423	145.576475	4.805584
-194.889569	145.415711	4.813911
-195.235740	145.250644	4.822462
-195.590934	145.081273	4.831236
-195.955152	144.907600	4.840232
-196.328395	144.729624	4.849451
-196.710662	144.547344	4.858894
-197.101952	144.360762	4.868559
-197.502267	144.169876	4.878447
-197.911606	143.974687	4.888558
-198.329969	143.775196	4.898892
-198.757356	143.571401	4.909449
-199.193767	143.363304	4.920228
-199.639202	143.150903	4.931231
-199.840987	143.054684	4.936215
-200.051796	142.954162	4.941422
-200.271629	142.849337	4.946852
-200.500486	142.740210	4.952505
-200.738367	142.626779	4.958381
-200.985273	142.509045	4.964480
-201.241202	142.387008	4.970801
-201.506155	142.260668	4.977346
-201.780133	142.130025	4.984113
-202.063134	141.995079	4.991104
-202.355160	141.855829	4.998317
-202.656210	141.712277	5.005753
-202.966284	141.564422	5.013412
-203.285382	141.412264	5.021294
-203.613504	141.255803	5.029399
-203.950650	141.095038	5.037727
-204.296820	140.929971	5.046277
-204.652015	140.760601	5.055051
-205.016233	140.586927	5.064047
-205.389476	140.408951	5.073267
-205.771742	140.226671	5.082709
-206.163033	140.040089	5.092374
-206.563348	139.849203	5.102262
-206.972687	139.654015	5.112373
-207.391050	139.454523	5.122707
-207.818437	139.250729	5.133264
-208.254848	139.042631	5.144043
-208.700283	138.830230	5.155046
-208.902068	138.734012	5.160030
-209.112877	138.633490	5.165237
-209.332710	138.528665	5.170667
-209.561567	138.419537	5.176320
-209.799448	138.306106	5.182196
-210.046353	138.188372	5.188295
-210.302283	138.066335	5.194616
-210.567236	137.939995	5.201161
-210.841214	137.809352	5.207928
-211.124215	137.674406	5.214919
-211.416241	137.535157	5.222132
-211.717291	137.391605	5.229568
-212.027365	137.243750	5.237227
-212.346463	137.091591	5.245109
-212.674585	136.935130	5.253214
-213.011731	136.774366	5.261542
-213.357901	136.609299	5.270092
-213.713095	136.439928	5.278866
-214.077314	136.266255	5.287862
-214.450556	136.088278	5.297082
-214.832823	135.905999	5.306524
-215.224114	135.719416	5.316189
-215.624428	135.528531	5.326077
-216.033767	135.333342	5.336188
-216.452130	135.133851	5.346522
-216.879517	134.930056	5.357079
-217.315928	134.721959	5.367858
-217.761364	134.509558	5.378861
-217.963149	134.413339	5.383845
-218.173957	134.312817	5.389052
-218.393790	134.207992	5.394482
-218.622647	134.098865	5.400135
-218.860529	133.985434	5.406011
-219.107434	133.867700	5.412110
-219.363363	133.745663	5.418432
-219.628317	133.619323	5.424976
-219.902294	133.488680	5.431744
-220.185296	133.353734	5.438734
-220.477322	133.214484	5.445947
-220.778371	133.070932	5.453383
-221.088445	132.923077	5.461042
-221.407543	132.770919	5.468924
-221.735665	132.614458	5.477029
-222.072811	132.453693	5.485357
-222.418982	132.288626	5.493908
-222.774176	132.119256	5.502681
-223.138394	131.945582	5.511678
-223.511637	131.767606	5.520897
-223.893904	131.585326	5.530339
-224.285194	131.398744	5.540004
-224.685509	131.207858	5.549892
-225.094848	131.012670	5.560003
-225.513211	130.813178	5.570337
-225.940598	130.609384	5.580894
-226.377009	130.401286	5.591674
-226.822444	130.188885	5.602676
-227.024229	130.092667	5.607660
-227.235038	129.992145	5.612868
-227.454871	129.887320	5.618298
-227.683728	129.778192	5.623951
-227.921609	129.664761	5.629826
-228.168515	129.547027	5.635925
-228.424444	129.424990	5.642247
-228.689397	129.298650	5.648791
-228.963375	129.168007	5.655559
-229.246376	129.033061	5.662549
-229.538402	128.893812	5.669762
-229.839452	128.750260	5.677198
-230.149526	128.602405	5.684858
-230.468624	128.450246	5.692739
-230.796746	128.293785	5.700844
-231.133892	128.133021	5.709172
-231.480062	127.967954	5.717723
-231.835257	127.798583	5.726496
-232.199475	127.624910	5.735493
-232.572718	127.446933	5.744712
-232.954984	127.264654	5.754154
-233.346275	127.078072	5.763819
-233.746590	126.887186	5.773708
-234.155929	126.691997	5.783819
-234.574292	126.492506	5.794152
-235.001679	126.288711	5.804709
-235.438090	126.080614	5.815489
-235.883525	125.868213	5.826491
-236.085310	125.771994	5.831476
-236.296119	125.671472	5.836683
-236.515952	125.566648	5.842113
-236.744809	125.457520	5.847766
-236.982690	125.344089	5.853642
-237.229595	125.226355	5.859740
-237.485525	125.104318	5.866062
-237.750478	124.977978	5.872606
-238.024456	124.847335	5.879374
-238.307457	124.712389	5.886364
-238.599483	124.573140	5.893577
-238.900533	124.429587	5.901014
-239.210607	124.281732	5.908673
-239.529705	124.129574	5.916555
-239.857827	123.973113	5.924659
-240.194973	123.812349	5.932987
-240.541143	123.647281	5.941538
-240.896337	123.477911	5.950311
-241.260556	123.304237	5.959308
-241.633798	123.126261	5.968527
-242.016065	122.943982	5.977969
-242.407356	122.757399	5.987635
-242.807670	122.566514	5.997523
-243.217009	122.371325	6.007634
-243.635372	122.171833	6.017968
-244.062759	121.968039	6.028524
-244.499171	121.759941	6.039304
-244.944606	121.547540	6.050307
-245.146391	121.451322	6.055291
-245.357199	121.350800	6.060498
-245.577032	121.245975	6.065928
-245.805890	121.136847	6.071581
-246.043771	121.023416	6.077457
-246.290676	120.905682	6.083555
-246.546605	120.783645	6.089877
-246.811559	120.657305	6.096422
-247.085536	120.526662	6.103189
-247.368538	120.391716	6.110179
-247.660564	120.252467	6.117393
-247.961613	120.108915	6.124829
-248.271687	119.961060	6.132488
-248.590785	119.808902	6.140370
-248.918907	119.652440	6.148475
-249.256054	119.491676	6.156802
-249.602224	119.326609	6.165353
-249.957418	119.157238	6.174127
-250.321637	118.983565	6.183123
-250.694879	118.805589	6.192342
-251.077146	118.623309	6.201785
-251.468436	118.436727	6.211450
-251.868751	118.245841	6.221338
-252.278090	118.050653	6.231449
-252.696453	117.851161	6.241783
-253.123840	117.647366	6.252339
-253.560251	117.439269	6.263119
-254.005687	117.226868	6.274122
-254.207471	117.130649	6.279106
-254.418280	117.030127	6.284313
-254.638113	116.925303	6.289743
-254.866970	116.816175	6.295396
-255.104851	116.702744	6.301272
-255.351757	116.585010	6.307371
-255.607686	116.462973	6.313692
-255.872639	116.336633	6.320237
-256.146617	116.205990	6.327004
-256.429619	116.071044	6.333995
-256.721644	115.931795	6.341208
-257.022694	115.788243	6.348644
-257.332768	115.640387	6.356303
-257.651866	115.488229	6.364185
-257.979988	115.331768	6.372290
-258.317134	115.171004	6.380618
-258.663304	115.005936	6.389168
-259.018499	114.836566	6.397942
-259.382717	114.662893	6.406938
-259.755960	114.484916	6.416158
-260.138226	114.302637	6.425600
-260.529517	114.116054	6.435265
-260.929832	113.925169	6.445153
-261.339171	113.729980	6.455264
-261.757534	113.530489	6.465598
-262.184921	113.326694	6.476155
-262.621332	113.118596	6.486934
-263.066767	112.906196	6.497937
-263.268552	112.809977	6.502921
-263.479361	112.709455	6.508128
-263.699194	112.604630	6.513558
-263.928051	112.495502	6.519211
-264.165932	112.382071	6.525087
-264.412837	112.264337	6.531186
-264.668767	112.142301	6.537507
-264.933720	112.015961	6.544052
-265.207698	111.885317	6.550819
-265.490699	111.750371	6.557810
-265.782725	111.611122	6.565023
-266.083775	111.467570	6.572459
-266.393849	111.319715	6.580118
-266.712947	111.167557	6.588000
-267.041069	111.011096	6.596105
-267.378215	110.850331	6.604433
-267.724385	110.685264	6.612983
-268.079579	110.515894	6.621757
-268.443798	110.342220	6.630753
-268.817040	110.164244	6.639973
-269.199307	109.981964	6.649415
-269.590598	109.795382	6.659080
-269.990913	109.604496	6.668968
-270.400251	109.409308	6.679079
-270.818614	109.209816	6.689413
-271.246001	109.006022	6.699970
-271.682413	108.797924	6.710749
-272.127848	108.585523	6.721752
-272.329633	108.489304	6.726736
-272.540442	108.388783	6.731943
-272.760275	108.283958	6.737373
-272.989132	108.174830	6.743026
-273.227013	108.061399	6.748902
-273.473918	107.943665	6.755001
-273.729847	107.821628	6.761323
-273.994801	107.695288	6.767867
-274.268778	107.564645	6.774635
-274.551780	107.429699	6.781625
-274.843806	107.290450	6.788838
-275.144856	107.146898	6.796274
-275.454929	106.999043	6.803933
-275.774027	106.846884	6.811815
-276.102149	106.690423	6.819920
-276.439296	106.529659	6.828248
-276.785466	106.364591	6.836799
-277.140660	106.195221	6.845572
-277.504879	106.021548	6.854569
-277.878121	105.843571	6.863788
-278.260388	105.661292	6.873230
-278.651678	105.474709	6.882895
-279.051993	105.283824	6.892783
-279.461332	105.088635	6.902894
-279.879695	104.889144	6.913228
-280.307082	104.685349	6.923785
-280.743493	104.477251	6.934565
-281.188929	104.264851	6.945567
-281.390713	104.168632	6.950551
-281.601522	104.068110	6.955759
-281.821355	103.963285	6.961189
-282.050212	103.854157	6.966841
-282.288094	103.740727	6.972717
-282.534999	103.622993	6.978816
-282.790928	103.500956	6.985138
-283.055882	103.374616	6.991682
-283.329859	103.243973	6.998450
-283.612861	103.109027	7.005440
-283.904886	102.969777	7.012653
-284.205936	102.826225	7.020089
-284.516010	102.678370	7.027748
-284.835108	102.526212	7.035630
-285.163230	102.369751	7.043735
-285.500376	102.208986	7.052063
-285.846547	102.043919	7.060614
-286.201741	101.874549	7.069387
-286.565959	101.700875	7.078384
-286.939202	101.522899	7.087603
-287.321468	101.340619	7.097045
-287.712759	101.154037	7.106710
-288.113074	100.963151	7.116599
-288.522413	100.767963	7.126709
-288.940776	100.568471	7.137043
-289.368163	100.364677	7.147600
-289.804574	100.156579	7.158380
-290.250009	99.944178	7.169382
-290.451794	99.847960	7.174367
-290.662603	99.747438	7.179574
-290.882436	99.642613	7.185004
-291.111293	99.533485	7.190657
-291.349174	99.420054	7.196532
-291.596079	99.302320	7.202631
-291.852009	99.180283	7.208953
-292.116962	99.053943	7.215497
-292.390940	98.923300	7.222265
-292.673941	98.788354	7.229255
-292.965967	98.649105	7.236468
-293.267017	98.505553	7.243905
-293.577091	98.357698	7.251564
-293.896189	98.205539	7.259446
-294.224311	98.049078	7.267550
-294.561457	97.888314	7.275878
