-19.014963	201.015439	13.319241
-19.017636	200.897373	13.299838
-19.027862	200.775424	13.285716
-19.045644	200.649594	13.276871
-19.070987	200.519885	13.273296
-19.103896	200.386299	13.274988
-19.144376	200.248838	13.281940
-19.192431	200.107505	13.294147
-19.248065	199.962300	13.311604
-19.311283	199.813227	13.334307
-19.382090	199.660286	13.362249
-19.460491	199.503481	13.395427
-19.546489	199.342813	13.433834
-19.640090	199.178284	13.477467
-19.741298	199.009897	13.526320
-19.850117	198.837652	13.580389
-19.966552	198.661553	13.639671
-20.090609	198.481599	13.704166
-20.222293	198.297790	13.773877
-20.361604	198.110119	13.848813
-20.508542	197.918575	13.928975
-20.663104	197.723153	14.014352
-20.825292	197.523861	14.104927
-20.995115	197.320712	14.200684
-21.172582	197.113717	14.301615
-21.357699	196.902882	14.407715
-21.550471	196.688211	14.518980
-21.750903	196.469707	14.635406
-21.958999	196.247373	14.756988
-22.174762	196.021210	14.883723
-22.398197	195.791220	15.015607
-22.629306	195.557407	15.152636
-22.868094	195.319770	15.294807
-23.114563	195.078314	15.442115
-23.368717	194.833039	15.594557
-23.630560	194.583948	15.752130
-23.900095	194.331043	15.914831
-24.177325	194.074326	16.082655
-24.462252	193.813799	16.255600
-24.754881	193.549464	16.433663
-25.055215	193.281323	16.616841
-25.363256	193.009378	16.805130
-25.679007	192.733632	16.998527
-26.002471	192.454086	17.197031
-26.333651	192.170743	17.400637
-26.672550	191.883604	17.609345
-26.827409	191.753625	17.704865
-26.989990	191.619853	17.805483
-27.160296	191.482291	17.911196
-27.338326	191.340937	18.022004
-27.524084	191.195794	18.137905
-27.717568	191.046863	18.258899
-27.918781	190.894144	18.384983
-28.127724	190.737638	18.516158
-28.344398	190.577346	18.652422
-28.568805	190.413270	18.793774
-28.800944	190.245409	18.940214
-29.040818	190.073766	19.091740
-29.288427	189.898341	19.248351
-29.543772	189.719134	19.410046
-29.806855	189.536148	19.576825
-30.077676	189.349382	19.748687
-30.356238	189.158838	19.925630
-30.642539	188.964517	20.107654
-30.936583	188.766420	20.294759
-31.238369	188.564547	20.486942
-31.547898	188.358900	20.684204
-31.865172	188.149480	20.886544
-32.190192	187.936287	21.093960
-32.522958	187.719323	21.306453
-32.863472	187.498588	21.524021
-33.211734	187.274084	21.746664
-33.567745	187.045811	21.974382
-33.931507	186.813771	22.207172
-34.097584	186.708358	22.313505
-34.271412	186.599179	22.424909
-34.452993	186.486234	22.541386
-34.642326	186.369524	22.662935
-34.839411	186.249050	22.789556
-35.044249	186.124811	22.921248
-35.256841	185.996807	23.058012
-35.477187	185.865041	23.199846
-35.705286	185.729511	23.346751
-35.941141	185.590219	23.498727
-36.184750	185.447164	23.655773
-36.436114	185.300348	23.817889
-36.695234	185.149770	23.985075
-36.962110	184.995431	24.157330
-37.236743	184.837332	24.334654
-37.519132	184.675473	24.517048
-37.809278	184.509855	24.704511
-38.107181	184.340477	24.897042
-38.412843	184.167341	25.094642
-38.726262	183.990446	25.297310
-39.047440	183.809794	25.505046
-39.376377	183.625384	25.717850
-39.713073	183.437218	25.935721
-40.057528	183.245295	26.158661
-40.409743	183.049616	26.386667
-40.769719	182.850182	26.619741
-41.137454	182.646993	26.857882
-41.512951	182.440049	27.101090
-41.683357	182.346367	27.211478
-41.861523	182.248932	27.326934
-42.047452	182.147742	27.447456
-42.241142	182.042800	27.573044
-42.442593	181.934104	27.703700
-42.651806	181.821654	27.839421
-42.868781	181.705452	27.980209
-43.093519	181.585497	28.126063
-43.326018	181.461790	28.276983
-43.566280	181.334330	28.432969
-43.814305	181.203119	28.594022
-44.070092	181.068155	28.760140
-44.333641	180.929439	28.931325
-44.604954	180.786972	29.107575
-44.884030	180.640754	29.288892
-45.170869	180.490785	29.475274
-45.465471	180.337065	29.666722
-45.767837	180.179594	29.863235
-46.077966	180.018372	30.064814
-46.395859	179.853401	30.271459
-46.721515	179.684679	30.483170
-47.054936	179.512208	30.699946
-47.396121	179.335986	30.921788
-47.745070	179.156016	31.148695
-48.101783	178.972296	31.380667
-48.466261	178.784827	31.617705
-48.838503	178.593610	31.859808
-49.218510	178.398643	32.106976
-49.390733	178.310387	32.219003
-49.570722	178.218382	32.336094
-49.758475	178.122630	32.458251
-49.953994	178.023129	32.585473
-50.157277	177.919880	32.717760
-50.368326	177.812883	32.855112
-50.587139	177.702138	32.997530
-50.813718	177.587646	33.145012
-51.048062	177.469406	33.297560
-51.290172	177.347418	33.455173
-51.540047	177.221683	33.617851
-51.797687	177.092201	33.785595
-52.063093	176.958971	33.958403
-52.336264	176.821995	34.136277
-52.617201	176.681271	34.319215
-52.905904	176.536800	34.507219
-53.202372	176.388582	34.700288
-53.506606	176.236618	34.898421
-53.818606	176.080907	35.101620
-54.138371	175.921449	35.309884
-54.465903	175.758245	35.523213
-54.801200	175.591295	35.741607
-55.144264	175.420598	35.965066
-55.495093	175.246155	36.193590
-55.853689	175.067966	36.427179
-56.220051	174.886031	36.665834
-56.594179	174.700350	36.909553
-56.976073	174.510923	37.158337
-57.149097	174.425147	37.271055
-57.329887	174.335626	37.388838
-57.518443	174.242359	37.511686
-57.714765	174.145347	37.639600
-57.918854	174.044589	37.772578
-58.130710	173.940085	37.910621
-58.350332	173.831836	38.053729
-58.577720	173.719842	38.201902
-58.812875	173.604102	38.355140
-59.055796	173.484617	38.513443
-59.306484	173.361387	38.676811
-59.564938	173.234411	38.845244
-59.831159	173.103690	39.018742
-60.105147	172.969225	39.197305
-60.386901	172.831014	39.380933
-60.676422	172.689058	39.569626
-60.973709	172.543357	39.763384
-61.278763	172.393911	39.962207
-61.591584	172.240720	40.166094
-61.912172	172.083784	40.375047
-62.240526	171.923103	40.589065
-62.576647	171.758678	40.808147
-62.920535	171.590508	41.032295
-63.272190	171.418593	41.261508
-63.631612	171.242934	41.495785
-63.998800	171.063530	41.735128
-64.373755	170.880381	41.979535
-64.756478	170.693488	42.229008
-64.929861	170.608842	42.342026
-65.111011	170.520451	42.460110
-65.299929	170.428316	42.583258
-65.496613	170.332437	42.711472
-65.701064	170.232813	42.844751
-65.913282	170.129445	42.983094
-66.133268	170.022332	43.126503
-66.361020	169.911475	43.274976
-66.596539	169.796874	43.428514
-66.839825	169.678529	43.587118
-67.090878	169.556439	43.750786
-67.349698	169.430605	43.919520
-67.616285	169.301027	44.093318
-67.890640	169.167704	44.272181
-68.172761	169.030638	44.456109
-68.462649	168.889827	44.645103
-68.760305	168.745272	44.839161
-69.065727	168.596973	45.038284
-69.378917	168.444930	45.242472
-69.699874	168.289143	45.451725
-70.028598	168.129612	45.666044
-70.365089	167.966337	45.885427
-70.709347	167.799317	46.109875
-71.061372	167.628554	46.339388
-71.421164	167.454047	46.573966
-71.788724	167.275796	46.813609
-72.164050	167.093800	47.058317
-72.547144	166.908061	47.308090
-72.720691	166.823929	47.421241
-72.902005	166.736052	47.539457
-73.091086	166.644432	47.662738
-73.287935	166.549067	47.791084
-73.492551	166.449959	47.924495
-73.704934	166.347107	48.062971
-73.925084	166.240511	48.206512
-74.153001	166.130172	48.355118
-74.388685	166.016088	48.508790
-74.632137	165.898261	48.667526
-74.883356	165.776690	48.831327
-75.142342	165.651375	49.000193
-75.409096	165.522316	49.174124
-75.683616	165.389514	49.353120
-75.965904	165.252968	49.537181
-76.255959	165.112678	49.726307
-76.553782	164.968644	49.920498
-76.859371	164.820867	50.119754
-77.172728	164.669346	50.324075
-77.493853	164.514081	50.533461
-77.822744	164.355072	50.747912
-78.159403	164.192320	50.967428
-78.503829	164.025824	51.192009
-78.856022	163.855585	51.421655
-79.215982	163.681601	51.656366
-79.583710	163.503874	51.896142
-79.959205	163.322404	52.140983
-80.342468	163.137190	52.390889
-80.516089	163.053290	52.504099
-80.697478	162.965647	52.622374
-80.886634	162.874261	52.745714
-81.083557	162.779131	52.874119
-81.288248	162.680257	53.007589
-81.500706	162.577639	53.146124
-81.720931	162.471278	53.289724
-81.948924	162.361174	53.438389
-82.184684	162.247326	53.592119
-82.428211	162.129734	53.750915
-82.679505	162.008398	53.914775
-82.938567	161.883320	54.083700
-83.205396	161.754497	54.257690
-83.479993	161.621931	54.436745
-83.762357	161.485621	54.620865
-84.052488	161.345568	54.810051
-84.350386	161.201771	55.004301
-84.656052	161.054231	55.203616
-84.969485	160.902947	55.407996
-85.290686	160.747920	55.617442
-85.619653	160.589149	55.831952
-85.956388	160.426634	56.051527
-86.300891	160.260376	56.276168
-86.653161	160.090375	56.505873
-87.013198	159.916630	56.740643
-87.381002	159.739141	56.980479
-87.756574	159.557909	57.225379
-88.139913	159.372934	57.475345
-88.313569	159.289140	57.588581
-88.494992	159.201604	57.706882
-88.684182	159.110323	57.830249
-88.881139	159.015300	57.958680
-89.085864	158.916532	58.092176
-89.298357	158.814022	58.230738
-89.518616	158.707767	58.374364
-89.746643	158.597769	58.523056
-89.982437	158.484028	58.676812
-90.225999	158.366544	58.835634
-90.477328	158.245315	58.999520
-90.736424	158.120344	59.168472
-91.003288	157.991629	59.342489
-91.277919	157.859170	59.521570
-91.560318	157.722968	59.705717
-91.850483	157.583022	59.894929
-92.148417	157.439333	60.089205
-92.454117	157.291901	60.288547
-92.767585	157.140725	60.492954
-93.088820	156.985805	60.702426
-93.417823	156.827142	60.916963
-93.754593	156.664736	61.136565
-94.099130	156.498586	61.361231
-94.451435	156.328693	61.590963
-94.811507	156.155056	61.825760
-95.179347	155.977676	62.065622
-95.554953	155.796552	62.310550
-95.938328	155.611685	62.560542
-96.111999	155.527940	62.673790
-96.293437	155.440452	62.792103
-96.482643	155.349220	62.915481
-96.679616	155.254244	63.043924
-96.884357	155.155526	63.177432
-97.096864	155.053063	63.316006
-97.317140	154.946858	63.459644
-97.545182	154.836908	63.608347
-97.780992	154.723216	63.762116
-98.024570	154.605780	63.920949
-98.275915	154.484600	64.084848
-98.535027	154.359677	64.253811
-98.801906	154.231011	64.427840
-99.076553	154.098601	64.606933
-99.358967	153.962448	64.791092
-99.649149	153.822551	64.980315
-99.947098	153.678911	65.174604
-100.252814	153.531528	65.373958
-100.566298	153.380401	65.578377
-100.887549	153.225531	65.787860
-101.216568	153.066917	66.002409
-101.553354	152.904560	66.222023
-101.897907	152.738459	66.446702
-102.250228	152.568615	66.676446
-102.610316	152.395028	66.911255
-102.978171	152.217697	67.151129
-103.353794	152.036622	67.396068
-103.737184	151.851805	67.646072
-103.910862	151.768082	67.759325
-104.092308	151.680615	67.877644
-104.281521	151.589405	68.001027
-104.478501	151.494452	68.129476
-104.683249	151.395755	68.262989
-104.895764	151.293315	68.401568
-105.116046	151.187131	68.545212
-105.344096	151.077204	68.693920
-105.579913	150.963533	68.847694
-105.823498	150.846120	69.006533
-106.074850	150.724962	69.170437
-106.333969	150.600062	69.339405
-106.600856	150.471417	69.513439
-106.875510	150.339030	69.692538
-107.157932	150.202899	69.876702
-107.448120	150.063025	70.065931
-107.746077	149.919407	70.260225
-108.051800	149.772046	70.459584
-108.365291	149.620941	70.664009
-108.686550	149.466093	70.873498
-109.015576	149.307502	71.088052
-109.352369	149.145167	71.307671
-109.696929	148.979089	71.532355
-110.049257	148.809267	71.762105
-110.409353	148.635702	71.996919
-110.777215	148.458394	72.236798
-111.152846	148.277342	72.481743
-111.536243	148.092546	72.731752
-111.709924	148.008833	72.845008
-111.891373	147.921377	72.963329
-112.080589	147.830177	73.086715
-112.277573	147.735233	73.215166
-112.482324	147.636547	73.348682
-112.694842	147.534116	73.487263
-112.915128	147.427943	73.630909
-113.143181	147.318026	73.779620
-113.379002	147.204365	73.933396
-113.622589	147.086962	74.092237
-113.873945	146.965814	74.256144
-114.133067	146.840924	74.425115
-114.399957	146.712290	74.599151
-114.674615	146.579912	74.778253
-114.957040	146.443792	74.962419
-115.247232	146.303927	75.151650
-115.545191	146.160320	75.345947
-115.850918	146.012969	75.545308
-116.164413	145.861874	75.749735
-116.485674	145.707036	75.959226
-116.814704	145.548455	76.173783
-117.151500	145.386131	76.393405
-117.496064	145.220063	76.618091
-117.848395	145.050251	76.847843
-118.208494	144.876696	77.082660
-118.576360	144.699398	77.322542
-118.951993	144.518357	77.567489
-119.335394	144.333572	77.817501
-119.509077	144.249863	77.930758
-119.690527	144.162411	78.049080
-119.879745	144.071215	78.172466
-120.076730	143.976277	78.300919
-120.281483	143.877594	78.434436
-120.494002	143.775169	78.573018
-120.714290	143.669000	78.716665
-120.942344	143.559087	78.865377
-121.178166	143.445432	79.019154
-121.421755	143.328032	79.177997
-121.673112	143.206890	79.341904
-121.932236	143.082004	79.510876
-122.199128	142.953374	79.684914
-122.473787	142.821001	79.864016
-122.756213	142.684885	80.048184
-123.046407	142.545026	80.237416
-123.344368	142.401423	80.431714
-123.650096	142.254076	80.631076
-123.963592	142.102987	80.835504
-124.284856	141.948153	81.044997
-124.613886	141.789577	81.259554
-124.950684	141.627257	81.479177
-125.295250	141.461193	81.703865
-125.647582	141.291387	81.933618
-126.007683	141.117836	82.168436
-126.375550	140.940543	82.408319
-126.751185	140.759506	82.653267
-127.134588	140.574726	82.903280
-127.308271	140.491019	83.016537
-127.489722	140.403569	83.134859
-127.678940	140.312376	83.258247
-127.875926	140.217439	83.386699
-128.080679	140.118759	83.520217
-128.293200	140.016335	83.658800
-128.513488	139.910168	83.802447
-128.741543	139.800258	83.951160
-128.977366	139.686604	84.104938
-129.220956	139.569207	84.263780
-129.472313	139.448067	84.427688
-129.731438	139.323183	84.596661
-129.998330	139.194556	84.770699
-130.272990	139.062185	84.949802
-130.555417	138.926071	85.133970
-130.845611	138.786213	85.323203
-131.143573	138.642612	85.517501
-131.449302	138.495268	85.716864
-131.762799	138.344180	85.921292
-132.084063	138.189349	86.130785
-132.413094	138.030775	86.345344
-132.749893	137.868457	86.564967
-133.094459	137.702396	86.789655
-133.446792	137.532591	87.019409
-133.806893	137.359043	87.254227
-134.174762	137.181752	87.494110
-134.550397	137.000717	87.739059
-134.933800	136.815939	87.989072
-135.107484	136.732233	88.102330
-135.288935	136.644784	88.220653
-135.478154	136.553592	88.344040
-135.675140	136.458656	88.472493
-135.879893	136.359977	88.606011
-136.092414	136.257554	88.744594
-136.312702	136.151388	88.888242
-136.540758	136.041479	89.036955
-136.776581	135.927826	89.190732
-137.020171	135.810430	89.349575
-137.271529	135.689290	89.513483
-137.530654	135.564407	89.682457
-137.797547	135.435781	89.856495
-138.072207	135.303411	90.035598
-138.354634	135.167298	90.219766
-138.644829	135.027441	90.408999
-138.942791	134.883841	90.603298
-139.248520	134.736498	90.802661
-139.562017	134.585411	91.007089
-139.883282	134.430581	91.216583
-140.212313	134.272008	91.431141
-140.549112	134.109691	91.650765
-140.893679	133.943631	91.875453
-141.246013	133.773827	92.105207
-141.606114	133.600280	92.340025
-141.973982	133.422989	92.579909
-142.349618	133.241956	92.824858
-142.733022	133.057178	93.074872
-142.906706	132.973473	93.188129
-143.088157	132.886025	93.306452
-143.277376	132.794833	93.429840
-143.474362	132.699897	93.558293
-143.679116	132.601218	93.691811
-143.891637	132.498796	93.830393
-144.111925	132.392631	93.974041
-144.339981	132.282722	94.122754
-144.575804	132.169069	94.276533
-144.819394	132.051674	94.435376
-145.070752	131.930535	94.599284
-145.329878	131.805652	94.768257
-145.596770	131.677026	94.942295
-145.871430	131.544657	95.121398
-146.153858	131.408544	95.305567
-146.444053	131.268688	95.494800
-146.742015	131.125089	95.689098
-147.047744	130.977746	95.888462
-147.361242	130.826660	96.092890
-147.682506	130.671830	96.302384
-148.011538	130.513257	96.516942
-148.348337	130.350940	96.736566
-148.692903	130.184880	96.961255
-149.045237	130.015077	97.191008
-149.405339	129.841531	97.425827
-149.773208	129.664241	97.665711
-150.148844	129.483207	97.910660
-150.532247	129.298430	98.160674
-150.705931	129.214725	98.273931
-150.887383	129.127277	98.392254
-151.076602	129.036085	98.515642
-151.273588	128.941150	98.644095
-151.478342	128.842471	98.777613
-151.690863	128.740050	98.916196
-151.911151	128.633884	99.059844
-152.139207	128.523975	99.208557
-152.375030	128.410323	99.362335
-152.618621	128.292928	99.521178
-152.869978	128.171789	99.685086
-153.129104	128.046907	99.854059
-153.395997	127.918281	100.028098
-153.670657	127.785912	100.207201
-153.953084	127.649799	100.391369
-154.243279	127.509943	100.580603
-154.541241	127.366344	100.774901
-154.846971	127.219001	100.974265
-155.160468	127.067915	101.178693
-155.481733	126.913086	101.388187
-155.810765	126.754513	101.602745
-156.147564	126.592197	101.822369
-156.492131	126.426137	102.047058
-156.844465	126.256334	102.276812
-157.204566	126.082788	102.511630
-157.572435	125.905498	102.751514
-157.948071	125.724465	102.996463
-158.331475	125.539688	103.246477
-158.505159	125.455983	103.359735
-158.686610	125.368535	103.478057
-158.875829	125.277343	103.601445
-159.072815	125.182408	103.729898
-159.277569	125.083730	103.863416
-159.490090	124.981308	104.001999
-159.710379	124.875142	104.145647
-159.938434	124.765234	104.294360
-160.174258	124.651582	104.448138
-160.417848	124.534186	104.606982
-160.669206	124.413047	104.770890
-160.928332	124.288165	104.939863
-161.195224	124.159540	105.113901
-161.469885	124.027171	105.293005
-161.752312	123.891058	105.477173
-162.042507	123.751202	105.666406
-162.340469	123.607603	105.860705
-162.646199	123.460261	106.060068
-162.959696	123.309175	106.264497
-163.280961	123.154345	106.473991
-163.609993	122.995773	106.688549
-163.946792	122.833456	106.908173
-164.291359	122.667397	107.132862
-164.643693	122.497594	107.362615
-165.003794	122.324048	107.597434
-165.371663	122.146758	107.837318
-165.747299	121.965725	108.082267
-166.130703	121.780948	108.332281
-166.304387	121.697243	108.445539
-166.485838	121.609795	108.563861
-166.675057	121.518603	108.687249
-166.872044	121.423668	108.815702
-167.076797	121.324990	108.949220
-167.289318	121.222568	109.087803
-167.509607	121.116403	109.231451
-167.737663	121.006494	109.380164
-167.973486	120.892842	109.533942
-168.217077	120.775447	109.692786
-168.468435	120.654308	109.856694
-168.727560	120.529426	110.025667
-168.994453	120.400800	110.199705
-169.269113	120.268431	110.378809
-169.551540	120.132319	110.562977
-169.841735	119.992463	110.752210
-170.139698	119.848864	110.946509
-170.445428	119.701522	111.145872
-170.758925	119.550436	111.350301
-171.080189	119.395606	111.559795
-171.409221	119.237034	111.774353
-171.746020	119.074717	111.993977
-172.090587	118.908658	112.218666
-172.442921	118.738855	112.448419
-172.803023	118.565309	112.683238
-173.170892	118.388019	112.923122
-173.546528	118.206986	113.168071
-173.929931	118.022210	113.418085
-174.103616	117.938505	113.531343
-174.285067	117.851056	113.649666
-174.474286	117.759865	113.773053
-174.671272	117.664930	113.901506
-174.876026	117.566251	114.035024
-175.088547	117.463830	114.173607
-175.308835	117.357664	114.317255
-175.536891	117.247756	114.465968
-175.772715	117.134104	114.619747
-176.016305	117.016708	114.778590
-176.267663	116.895570	114.942498
-176.526789	116.770688	115.111471
-176.793681	116.642062	115.285510
-177.068342	116.509693	115.464613
-177.350769	116.373581	115.648781
-177.640964	116.233725	115.838015
-177.938927	116.090126	116.032313
-178.244656	115.942783	116.231677
-178.558153	115.791697	116.436105
-178.879418	115.636868	116.645599
-179.208450	115.478295	116.860158
-179.545249	115.315979	117.079781
-179.889816	115.149920	117.304470
-180.242150	114.980117	117.534224
-180.602251	114.806571	117.769043
-180.970120	114.629281	118.008926
-181.345757	114.448248	118.253875
-181.729160	114.263471	118.503889
-181.902844	114.179767	118.617147
-182.084296	114.092318	118.735470
-182.273515	114.001127	118.858858
-182.470501	113.906192	118.987311
-182.675255	113.807513	119.120829
-182.887776	113.705092	119.259412
-183.108064	113.598926	119.403060
-183.336120	113.489018	119.551773
-183.571943	113.375366	119.705551
-183.815534	113.257970	119.864394
-184.066892	113.136832	120.028302
-184.326017	113.011950	120.197276
-184.592910	112.883324	120.371314
-184.867570	112.750955	120.550417
-185.149998	112.614843	120.734586
-185.440193	112.474987	120.923819
-185.738155	112.331388	121.118118
-186.043885	112.184045	121.317481
-186.357382	112.032959	121.521910
-186.678647	111.878130	121.731403
-187.007679	111.719557	121.945962
-187.344478	111.557241	122.165586
-187.689045	111.391182	122.390274
-188.041379	111.221379	122.620028
-188.401480	111.047833	122.854847
-188.769349	110.870543	123.094731
-189.144985	110.689510	123.339680
-189.528389	110.504734	123.589694
-189.702073	110.421029	123.702951
-189.883525	110.333580	123.821274
-190.072744	110.242389	123.944662
-190.269730	110.147454	124.073115
-190.474484	110.048775	124.206633
-190.687005	109.946354	124.345216
-190.907293	109.840189	124.488864
-191.135349	109.730280	124.637577
-191.371172	109.616628	124.791355
-191.614763	109.499233	124.950198
-191.866121	109.378094	125.114107
-192.125246	109.253212	125.283080
-192.392139	109.124586	125.457118
-192.666799	108.992217	125.636222
-192.949227	108.856105	125.820390
-193.239422	108.716249	126.009623
-193.537384	108.572650	126.203922
-193.843114	108.425308	126.403285
-194.156611	108.274222	126.607714
-194.477876	108.119392	126.817208
-194.806908	107.960820	127.031766
-195.143707	107.798504	127.251390
-195.488274	107.632444	127.476079
-195.840608	107.462641	127.705832
-196.200709	107.289095	127.940651
-196.568578	107.111805	128.180535
-196.944214	106.930772	128.425484
-197.327618	106.745996	128.675498
-197.501302	106.662291	128.788756
-197.682754	106.574843	128.907079
-197.871973	106.483651	129.030466
-198.068959	106.388716	129.158919
-198.273712	106.290038	129.292437
-198.486234	106.187616	129.431020
-198.706522	106.081451	129.574668
-198.934578	105.971542	129.723381
-199.170401	105.857890	129.877160
-199.413992	105.740495	130.036003
-199.665350	105.619356	130.199911
-199.924475	105.494474	130.368884
-200.191368	105.365848	130.542923
-200.466028	105.233479	130.722026
-200.748456	105.097367	130.906194
-201.038651	104.957511	131.095428
-201.336613	104.813912	131.289726
-201.642343	104.666570	131.489090
-201.955840	104.515484	131.693518
-202.277105	104.360655	131.903012
-202.606136	104.202082	132.117571
-202.942936	104.039766	132.337194
-203.287503	103.873706	132.561883
-203.639837	103.703903	132.791637
-203.999938	103.530357	133.026456
-204.367807	103.353068	133.266339
-204.743443	103.172035	133.511288
-205.126847	102.987258	133.761302
-205.300531	102.903553	133.874560
-205.481983	102.816105	133.992883
-205.671201	102.724913	134.116271
-205.868188	102.629978	134.244724
-206.072941	102.531300	134.378242
-206.285462	102.428878	134.516825
-206.505751	102.322713	134.660473
-206.733807	102.212804	134.809186
-206.969630	102.099153	134.962964
-207.213221	101.981757	135.121807
-207.464579	101.860618	135.285715
-207.723704	101.735736	135.454689
-207.990597	101.607111	135.628727
-208.265257	101.474742	135.807830
-208.547685	101.338629	135.991999
-208.837880	101.198774	136.181232
-209.135842	101.055175	136.375531
-209.441572	100.907832	136.574894
-209.755069	100.756746	136.779323
-210.076333	100.601917	136.988816
-210.405365	100.443344	137.203375
-210.742165	100.281028	137.422999
-211.086731	100.114969	137.647687
-211.439066	99.945166	137.877441
-211.799167	99.771620	138.112260
-212.167036	99.594330	138.352144
-212.542672	99.413297	138.597093
-212.926076	99.228520	138.847107
-213.099760	99.144816	138.960364
-213.281211	99.057367	139.078687
-213.470430	98.966176	139.202075
-213.667417	98.871241	139.330528
-213.872170	98.772562	139.464046
-214.084691	98.670141	139.602629
-214.304980	98.563975	139.746277
-214.533036	98.454067	139.894990
-214.768859	98.340415	140.048768
-215.012450	98.223019	140.207612
-215.263808	98.101881	140.371520
-215.522933	97.976999	140.540493
-215.789826	97.848373	140.714531
-216.064486	97.716004	140.893635
-216.346914	97.579892	141.077803
-216.637109	97.440036	141.267037
-216.935071	97.296437	141.461335
-217.240801	97.149094	141.660699
-217.554298	96.998009	141.865127
-217.875562	96.843179	142.074621
-218.204594	96.684607	142.289179
-218.541394	96.522290	142.508803
-218.885960	96.356231	142.733492
-219.238294	96.186428	142.963246
-219.598396	96.012882	143.198064
-219.966265	95.835592	143.437948
-220.341901	95.654559	143.682897
-220.725305	95.469783	143.932911
-220.898989	95.386078	144.046169
-221.080440	95.298630	144.164492
-221.269659	95.207438	144.287880
-221.466646	95.112503	144.416333
-221.671399	95.013825	144.549850
-221.883920	94.911403	144.688434
-222.104209	94.805238	144.832082
-222.332265	94.695329	144.980795
-222.568088	94.581677	145.134573
-222.811679	94.464282	145.293416
-223.063037	94.343143	145.457324
-223.322162	94.218261	145.626297
-223.589055	94.089635	145.800336
-223.863715	93.957266	145.979439
-224.146143	93.821154	146.163608
-224.436338	93.681298	146.352841
-224.734300	93.537699	146.547139
-225.040030	93.390357	146.746503
-225.353527	93.239271	146.950931
-225.674791	93.084442	147.160425
-226.003823	92.925869	147.374984
-226.340623	92.763553	147.594607
-226.685189	92.597493	147.819296
-227.037523	92.427690	148.049050
-227.397625	92.254144	148.283869
-227.765494	92.076855	148.523753
-228.141130	91.895822	148.768702
-228.524534	91.711045	149.018715
-228.698218	91.627340	149.131973
-228.879669	91.539892	149.250296
-229.068888	91.448700	149.373684
-229.265874	91.353765	149.502137
-229.470628	91.255087	149.635655
-229.683149	91.152665	149.774238
-229.903438	91.046500	149.917886
-230.131494	90.936592	150.066599
-230.367317	90.822940	150.220377
-230.610907	90.705544	150.379220
-230.862265	90.584405	150.543129
-231.121391	90.459523	150.712102
-231.388284	90.330898	150.886140
-231.662944	90.198529	151.065243
-231.945371	90.062416	151.249412
-232.235566	89.922561	151.438645
-232.533529	89.778962	151.632944
-232.839259	89.631619	151.832307
-233.152756	89.480533	152.036736
-233.474020	89.325704	152.246229
-233.803052	89.167131	152.460788
-234.139852	89.004815	152.680412
-234.484418	88.838756	152.905101
-234.836752	88.668953	153.134854
-235.196854	88.495407	153.369673
-235.564723	88.318117	153.609557
-235.940359	88.137084	153.854506
-236.323763	87.952307	154.104520
-236.497447	87.868603	154.217778
-236.678898	87.781154	154.336101
-236.868117	87.689963	154.459488
-237.065103	87.595028	154.587941
-237.269857	87.496349	154.721459
-237.482378	87.393928	154.860042
-237.702667	87.287762	155.003690
-237.930723	87.177854	155.152403
-238.166546	87.064202	155.306182
-238.410136	86.946807	155.465025
-238.661494	86.825668	155.628933
-238.920620	86.700786	155.797906
-239.187513	86.572160	155.971945
-239.462173	86.439791	156.151048
-239.744600	86.303679	156.335216
-240.034795	86.163823	156.524450
-240.332758	86.020224	156.718748
-240.638488	85.872881	156.918112
-240.951985	85.721796	157.122540
-241.273249	85.566966	157.332034
-241.602281	85.408394	157.546593
-241.939080	85.246078	157.766216
-242.283647	85.080018	157.990905
-242.635981	84.910215	158.220659
-242.996083	84.736669	158.455478
-243.363952	84.559379	158.695361
-243.739588	84.378346	158.940310
-244.122992	84.193570	159.190324
-244.296676	84.109865	159.303582
-244.478127	84.022417	159.421905
-244.667346	83.931225	159.545293
-244.864332	83.836290	159.673746
-245.069086	83.737612	159.807264
-245.281607	83.635190	159.945847
-245.501896	83.529025	160.089495
-245.729951	83.419116	160.238208
-245.965775	83.305464	160.391986
-246.209365	83.188069	160.550829
-246.460723	83.066930	160.714737
-246.719849	82.942048	160.883711
-246.986742	82.813422	161.057749
-247.261402	82.681053	161.236852
-247.543829	82.544941	161.421021
-247.834024	82.405085	161.610254
-248.131987	82.261486	161.804553
-248.437716	82.114144	162.003916
-248.751214	81.963058	162.208345
-249.072478	81.808229	162.417838
-249.401510	81.649656	162.632397
-249.738309	81.487340	162.852021
-250.082876	81.321280	163.076709
-250.435210	81.151478	163.306463
-250.795312	80.977931	163.541282
-251.163181	80.800642	163.781166
-251.538817	80.619609	164.026115
-251.922220	80.434832	164.276129
-252.095905	80.351127	164.389386
-252.277356	80.263679	164.507709
-252.466575	80.172487	164.631097
-252.663561	80.077552	164.759550
-252.868315	79.978874	164.893068
-253.080836	79.876452	165.031651
-253.301125	79.770287	165.175299
-253.529180	79.660379	165.324012
-253.765004	79.546727	165.477790
-254.008594	79.429331	165.636634
-254.259952	79.308192	165.800542
-254.519078	79.183310	165.969515
-254.785970	79.054685	166.143553
-255.060631	78.922316	166.322657
-255.343058	78.786204	166.506825
-255.633253	78.646348	166.696058
-255.931216	78.502749	166.890357
-256.236945	78.355406	167.089720
-256.550443	78.204320	167.294149
-256.871707	78.049491	167.503643
-257.200739	77.890918	167.718201
-257.537538	77.728602	167.937825
-257.882105	77.562543	168.162514
-258.234439	77.392740	168.392268
-258.594541	77.219194	168.627086
-258.962409	77.041904	168.866970
-259.338046	76.860871	169.111919
-259.721449	76.676094	169.361933
-259.895134	76.592390	169.475191
-260.076585	76.504941	169.593514
-260.265804	76.413750	169.716902
-260.462790	76.318815	169.845354
-260.667544	76.220136	169.978872
-260.880065	76.117715	170.117455
-261.100353	76.011549	170.261104
-261.328409	75.901641	170.409817
-261.564233	75.787989	170.563595
-261.807823	75.670594	170.722438
-262.059181	75.549455	170.886346
-262.318307	75.424573	171.055319
-262.585199	75.295947	171.229358
-262.859860	75.163578	171.408461
