14.046112	213.428181	28.787523
14.088484	213.352491	28.827926
14.134851	213.272653	28.876504
14.185219	213.188666	28.933255
14.239593	213.100533	28.998175
14.297977	213.008253	29.071264
14.360378	212.911828	29.152520
14.426801	212.811258	29.241939
14.497250	212.706544	29.339519
14.571731	212.597688	29.445260
14.650249	212.484689	29.559158
14.732809	212.367548	29.681211
14.819416	212.246267	29.811418
14.910075	212.120847	29.949776
15.004791	211.991287	30.096283
15.103569	211.857590	30.250937
15.206413	211.719755	30.413737
15.313329	211.577783	30.584680
15.424322	211.431676	30.763764
15.539395	211.281434	30.950988
15.658554	211.127058	31.146349
15.781803	210.968549	31.349846
15.909146	210.805908	31.561476
16.040589	210.639135	31.781239
16.176135	210.468232	32.009131
16.315789	210.293198	32.245152
16.459555	210.114036	32.489300
16.607437	209.930745	32.741572
16.759439	209.743327	33.001968
16.915566	209.551783	33.270485
17.075821	209.356112	33.547123
17.240208	209.156317	33.831879
17.408732	208.952398	34.124751
17.581396	208.744356	34.425740
17.758204	208.532191	34.734842
17.939159	208.315905	35.052056
18.124265	208.095498	35.377381
18.313526	207.870972	35.710817
18.506945	207.642326	36.052360
18.704526	207.409562	36.402010
18.906271	207.172681	36.759766
19.112185	206.931684	37.125626
19.322271	206.686571	37.499590
19.417334	206.575993	37.669105
19.516573	206.461301	37.846722
19.619990	206.342494	38.032440
19.727585	206.219575	38.226258
19.839361	206.092541	38.428176
19.955318	205.961396	38.638194
20.075458	205.826137	38.856310
20.199782	205.686767	39.082525
20.328292	205.543285	39.316837
20.460988	205.395691	39.559247
20.597872	205.243987	39.809754
20.738945	205.088172	40.068358
20.884209	204.928247	40.335058
21.033664	204.764212	40.609853
21.187313	204.596068	40.892744
21.345155	204.423815	41.183729
21.507192	204.247453	41.482809
21.673427	204.066983	41.789982
21.843858	203.882405	42.105250
22.018488	203.693720	42.428610
22.197318	203.500927	42.760064
22.380349	203.304028	43.099609
22.567582	203.103023	43.447247
22.759018	202.897911	43.802977
22.954658	202.688695	44.166798
23.154504	202.475373	44.538710
23.358555	202.257946	44.918713
23.566813	202.036415	45.306806
23.661264	201.936111	45.482926
23.759922	201.831703	45.667135
23.862790	201.723191	45.859435
23.969868	201.610576	46.059824
24.081155	201.493858	46.268303
24.196652	201.373035	46.484872
24.316358	201.248106	46.709529
24.440275	201.119069	46.942275
24.568401	200.985925	47.183111
24.700739	200.848674	47.432036
24.837289	200.707317	47.689050
24.978052	200.561855	47.954155
25.123028	200.412290	48.227348
25.272217	200.258622	48.508631
25.425621	200.100851	48.798003
25.583238	199.938978	49.095463
25.745071	199.773004	49.401012
25.911118	199.602929	49.714649
26.081381	199.428753	50.036374
26.255860	199.250477	50.366186
26.434555	199.068100	50.704087
26.617466	198.881623	51.050075
26.804595	198.691045	51.404150
26.995940	198.496368	51.766313
27.191503	198.297592	52.136564
27.391284	198.094715	52.514901
27.595283	197.887740	52.901326
27.803500	197.676665	53.295838
27.897844	197.581106	53.474633
27.996406	197.481448	53.661516
28.099188	197.377691	53.856485
28.206189	197.269835	54.059541
28.317412	197.157878	54.270689
28.432882	197.041787	54.489988
28.553129	196.920952	54.718950
28.677836	196.795796	54.956577
28.806865	196.666457	55.202521
28.940160	196.532983	55.456649
29.077695	196.395397	55.718906
29.219459	196.253705	55.989269
29.365448	196.107913	56.267727
29.515660	195.958021	56.554276
29.670092	195.804031	56.848913
29.828746	195.645943	57.151638
29.991621	195.483757	57.462450
30.158716	195.317473	57.781349
30.330033	195.147092	58.108335
30.505570	194.972614	58.443408
30.685329	194.794038	58.786568
30.869308	194.611365	59.137814
31.057509	194.424594	59.497147
31.249931	194.233727	59.864566
31.446574	194.038762	60.240073
31.647439	193.839701	60.623665
31.852525	193.636542	61.015345
32.061833	193.429287	61.415112
32.156088	193.335993	61.595145
32.254566	193.238602	61.783265
32.357265	193.137114	61.979472
32.464186	193.031530	62.183766
32.575329	192.921849	62.396147
32.690698	192.808073	62.616623
32.810323	192.690229	62.845241
32.934189	192.568302	63.081979
33.062288	192.442284	63.326823
33.194614	192.312171	63.579763
33.331166	192.177963	63.840795
33.471942	192.039659	64.109917
33.616940	191.897258	64.387128
33.766161	191.750762	64.672426
33.919604	191.600169	64.965811
34.077270	191.445480	65.267282
34.239158	191.286694	65.576841
34.405268	191.123813	65.894487
34.575601	190.956836	66.220219
34.750156	190.785762	66.554038
34.928933	190.610593	66.895943
35.111933	190.431327	67.245935
35.299155	190.247966	67.604014
35.490599	190.060509	67.970180
35.686266	189.868956	68.344433
35.886155	189.673307	68.726772
36.090267	189.473562	69.117197
36.298602	189.269722	69.515710
36.392957	189.177418	69.696201
36.491534	189.081018	69.884779
36.594335	188.980523	70.081444
36.701358	188.875932	70.286195
36.812604	188.767245	70.499034
36.928074	188.654464	70.719962
37.047776	188.537599	70.948991
37.171707	188.416643	71.186117
37.299864	188.291596	71.431335
37.432247	188.162454	71.684645
37.568854	188.029217	71.946043
37.709684	187.891886	72.215529
37.854737	187.750458	72.493103
38.004014	187.604936	72.778763
38.157513	187.455318	73.072511
38.315235	187.301604	73.374346
38.477181	187.143795	73.684267
38.643348	186.981891	74.002276
38.813739	186.815891	74.328371
38.988353	186.645795	74.662552
39.167189	186.471605	75.004821
39.350248	186.293318	75.355176
39.537530	186.110937	75.713618
39.729036	185.924460	76.080146
39.924763	185.733888	76.454762
40.124714	185.539220	76.837464
40.328888	185.340457	77.228253
40.537285	185.137599	77.627128
40.631683	185.045716	77.807811
40.730305	184.949737	77.996581
40.833150	184.849663	78.193438
40.940217	184.745494	78.398381
41.051508	184.637230	78.611411
41.167023	184.524871	78.832530
41.286766	184.408424	79.061744
41.410736	184.287886	79.299049
41.538931	184.163255	79.544446
41.671351	184.034530	79.797932
41.807995	183.901710	80.059506
41.948862	183.764795	80.329167
42.093953	183.623785	80.606916
42.243267	183.478680	80.892752
42.396804	183.329480	81.186675
42.554564	183.176184	81.488685
42.716548	183.018794	81.798782
42.882754	182.857308	82.116965
43.053183	182.691727	82.443235
43.227835	182.522051	82.777592
43.406711	182.348280	83.120036
43.589809	182.170413	83.470567
43.777131	181.988452	83.829184
43.968675	181.802395	84.195888
44.164443	181.612243	84.570679
44.364433	181.417996	84.953556
44.568647	181.219654	85.344521
44.777084	181.017217	85.743572
44.871503	180.925518	85.924338
44.970145	180.829725	86.113190
45.073011	180.729836	86.310130
45.180099	180.625852	86.515156
45.291411	180.517773	86.728269
45.406947	180.405599	86.949471
45.526710	180.289336	87.178766
45.650700	180.168982	87.416152
45.778914	180.044534	87.661628
45.911354	179.915993	87.915192
46.048017	179.783356	88.176845
46.188904	179.646625	88.446586
46.334014	179.505800	88.724414
46.483347	179.360879	89.010328
46.636904	179.211863	89.304330
46.794684	179.058752	89.606419
46.956687	178.901546	89.916594
47.122913	178.740245	90.234856
47.293362	178.574849	90.561205
47.468034	178.405357	90.895641
47.646930	178.231771	91.238164
47.830048	178.054090	91.588773
48.017390	177.872313	91.947469
48.208955	177.686442	92.314252
48.404743	177.496475	92.689121
48.604754	177.302414	93.072078
48.808988	177.104257	93.463121
49.017445	176.902006	93.862251
49.111874	176.810389	94.043053
49.210527	176.714677	94.231942
49.313402	176.614870	94.428918
49.420501	176.510968	94.633981
49.531822	176.402971	94.847130
49.647368	176.290879	95.068368
49.767142	176.174698	95.297699
49.891141	176.054426	95.535121
50.019366	175.930060	95.780632
50.151815	175.801600	96.034232
50.288488	175.669046	96.295921
50.429385	175.532397	96.565697
50.574505	175.391653	96.843560
50.723849	175.246814	97.129510
50.877416	175.097880	97.423547
51.035206	174.944852	97.725671
51.197219	174.787728	98.035882
51.363455	174.626509	98.354179
51.533915	174.461195	98.680564
51.708598	174.291786	99.015035
51.887504	174.118282	99.357593
52.070633	173.940683	99.708238
52.257985	173.758989	100.066969
52.449560	173.573200	100.433787
52.645359	173.383316	100.808692
52.845380	173.189337	101.191684
53.049625	172.991263	101.582763
53.258093	172.789094	101.981928
53.352527	172.697513	102.162746
53.451184	172.601838	102.351651
53.554064	172.502068	102.548643
53.661168	172.398202	102.753722
53.772495	172.290242	102.966887
53.888046	172.178187	103.188141
54.007824	172.062043	103.417488
54.131829	171.941807	103.654926
54.260059	171.817478	103.900454
54.392514	171.689055	104.154070
54.529193	171.556538	104.415775
54.670095	171.419926	104.685567
54.815221	171.279219	104.963446
54.964571	171.134417	105.249413
55.118143	170.985520	105.543466
55.275939	170.832528	105.845606
55.437958	170.675441	106.155834
55.604200	170.514259	106.474147
55.774666	170.348982	106.800548
55.949354	170.179610	107.135035
56.128266	170.006144	107.477610
56.311401	169.828582	107.828271
56.498759	169.646925	108.187018
56.690340	169.461173	108.553853
56.886145	169.271326	108.928774
57.086172	169.077384	109.311782
57.290423	168.879347	109.702877
57.498897	168.677214	110.102058
57.593333	168.585651	110.282884
57.691993	168.489992	110.471796
57.794876	168.390238	110.668795
57.901982	168.286389	110.873880
58.013312	168.178445	111.087053
58.128865	168.066407	111.308314
58.248647	167.950279	111.537668
58.372655	167.830060	111.775113
58.500889	167.705748	112.020649
58.633347	167.577342	112.274273
58.770030	167.444842	112.535985
58.910936	167.308247	112.805785
59.056066	167.167557	113.083673
59.205419	167.022772	113.369647
59.358995	166.873892	113.663708
59.516795	166.720917	113.965856
59.678818	166.563847	114.276091
59.845064	166.402682	114.594413
60.015533	166.237422	114.920822
60.190225	166.068067	115.255317
60.369141	165.894617	115.597899
60.552279	165.717072	115.948568
60.739641	165.535432	116.307323
60.931226	165.349697	116.674165
61.127035	165.159867	117.049094
61.327066	164.965942	117.432110
61.531321	164.767921	117.823213
61.739799	164.565806	118.222402
61.834237	164.474250	118.403230
61.932898	164.378599	118.592145
62.035782	164.278852	118.789147
62.142890	164.175011	118.994236
62.254221	164.067075	119.207412
62.369776	163.955044	119.428676
62.489560	163.838925	119.658033
62.613571	163.718714	119.895482
62.741807	163.594410	120.141022
62.874268	163.466012	120.394650
63.010954	163.333520	120.656367
63.151863	163.196933	120.926171
63.296996	163.056251	121.204062
63.446352	162.911474	121.490041
63.599931	162.762603	121.784106
63.757734	162.609636	122.086259
63.919759	162.452574	122.396498
64.086008	162.291417	122.714824
64.256481	162.126165	123.041236
64.431176	161.956818	123.375736
64.610094	161.783376	123.718322
64.793236	161.605839	124.068994
64.980601	161.424206	124.427754
65.172189	161.238479	124.794600
65.368001	161.048657	125.169533
65.568035	160.854740	125.552553
65.772293	160.656727	125.943660
65.980774	160.454620	126.342853
66.075213	160.363067	126.523683
66.173875	160.267420	126.712599
66.276761	160.167677	126.909602
66.383870	160.063840	127.114692
66.495202	159.955907	127.327869
66.610758	159.843880	127.549135
66.730544	159.727764	127.778494
66.854557	159.607558	128.015945
66.982796	159.483258	128.261487
67.115259	159.354865	128.515118
67.251947	159.222377	128.776837
67.392859	159.085794	129.046644
67.537994	158.945116	129.324538
67.687353	158.800343	129.610519
67.840935	158.651476	129.904587
67.998740	158.498513	130.206741
68.160769	158.341455	130.516983
68.327021	158.180302	130.835311
68.497496	158.015054	131.161726
68.672194	157.845711	131.496228
68.851115	157.672273	131.838817
69.034260	157.494740	132.189492
69.221627	157.313112	132.548254
69.413218	157.127389	132.915103
69.609032	156.937570	133.290038
69.809069	156.743657	133.673061
70.013330	156.545648	134.064169
70.221813	156.343545	134.463365
70.316254	156.251994	134.644195
70.414917	156.156349	134.833112
70.517804	156.056608	135.030116
70.624913	155.952772	135.235206
70.736246	155.844841	135.448383
70.851804	155.732816	135.669649
70.971591	155.616703	135.899010
71.095606	155.496498	136.136462
71.223847	155.372201	136.382006
71.356314	155.243810	136.635638
71.493004	155.111325	136.897359
71.633919	154.974744	137.167168
71.779057	154.834069	137.445064
71.928418	154.689299	137.731046
72.082003	154.540433	138.025116
72.239811	154.387473	138.327273
72.401842	154.230417	138.637516
72.568096	154.069267	138.955846
72.738574	153.904021	139.282263
72.913275	153.734680	139.616767
73.092199	153.561244	139.959357
73.275346	153.383713	140.310034
73.462717	153.202087	140.668797
73.654310	153.016366	141.035648
73.850127	152.826550	141.410585
74.050167	152.632638	141.793609
74.254430	152.434632	142.184719
74.462917	152.232530	142.583916
74.557358	152.140981	142.764747
74.656022	152.045336	142.953664
74.758909	151.945597	143.150667
74.866020	151.841762	143.355758
74.977354	151.733832	143.568935
75.092913	151.621808	143.790201
75.212702	151.505696	144.019562
75.336719	151.385493	144.257016
75.464963	151.261198	144.502560
75.597432	151.132808	144.756194
75.734125	151.000324	145.017917
75.875042	150.863746	145.287727
76.020183	150.723072	145.565624
76.169547	150.578303	145.851608
76.323134	150.429439	146.145679
76.480945	150.276480	146.447837
76.642979	150.119426	146.758082
76.809236	149.958277	147.076414
76.979717	149.793032	147.402832
77.154420	149.623693	147.737337
77.333347	149.450258	148.079928
77.516497	149.272728	148.430606
77.703871	149.091103	148.789371
77.895467	148.905383	149.156223
78.091287	148.715568	149.531161
78.291330	148.521658	149.914186
78.495596	148.323653	150.305298
78.704085	148.121552	150.704497
78.798527	148.030004	150.885327
78.897192	147.934360	151.074244
79.000080	147.834621	151.271247
79.107192	147.730787	151.476337
79.218527	147.622858	151.689515
79.334087	147.510834	151.910781
79.453878	147.394723	152.140142
79.577897	147.274522	152.377597
79.706143	147.150227	152.623142
79.838615	147.021839	152.876777
79.975311	146.889356	153.138501
80.116231	146.752779	153.408312
80.261375	146.612106	153.686210
80.410742	146.467338	153.972196
80.564332	146.318475	154.266268
80.722146	146.165517	154.568427
80.884183	146.008464	154.878673
81.050443	145.847315	155.197006
81.220926	145.682072	155.523425
81.395633	145.512733	155.857931
81.574563	145.339299	156.200524
81.757716	145.161771	156.551203
81.945092	144.980146	156.909969
82.136691	144.794427	157.276822
82.332514	144.604613	157.651761
82.532560	144.410703	158.034787
82.736829	144.212698	158.425900
82.945321	144.010598	158.825099
83.039764	143.919050	159.005929
83.138430	143.823407	159.194846
83.241320	143.723669	159.391849
83.348432	143.619835	159.596939
83.459768	143.511906	159.810116
83.575329	143.399883	160.031382
83.695122	143.283773	160.260744
83.819144	143.163572	160.498199
83.947393	143.039279	160.743745
84.079867	142.910892	160.997381
84.216566	142.778410	161.259106
84.357489	142.641833	161.528918
84.502636	142.501161	161.806818
84.652006	142.356394	162.092804
84.805599	142.207531	162.386878
84.963416	142.054574	162.689038
85.125456	141.897521	162.999285
85.291719	141.736374	163.317618
85.462206	141.571131	163.644039
85.636916	141.401793	163.978546
85.815848	141.228359	164.321139
85.999005	141.050831	164.671820
86.186384	140.869207	165.030586
86.377986	140.683488	165.397440
86.573812	140.493674	165.772380
86.773861	140.299765	166.155407
86.978133	140.101760	166.546521
87.186629	139.899661	166.945721
87.281073	139.808113	167.126550
87.379740	139.712470	167.315466
87.482630	139.612732	167.512469
87.589744	139.508899	167.717559
87.701081	139.400970	167.930735
87.816643	139.288947	168.152001
87.936438	139.172838	168.381363
88.060463	139.052638	168.618819
88.188714	138.928345	168.864366
88.321192	138.799958	169.118003
88.457894	138.667477	169.379728
88.598820	138.530901	169.649541
88.743970	138.390229	169.927442
88.893343	138.245463	170.213429
89.046940	138.096601	170.507504
89.204760	137.943644	170.809665
89.366803	137.786592	171.119913
89.533069	137.625444	171.438247
89.703559	137.460202	171.764668
89.878272	137.290864	172.099176
90.057208	137.117431	172.441770
90.240368	136.939902	172.792451
90.427750	136.758279	173.151219
90.619356	136.572560	173.518073
90.815185	136.382746	173.893014
91.015237	136.188837	174.276041
91.219513	135.990832	174.667155
91.428011	135.788732	175.066356
91.522457	135.697185	175.247185
91.621125	135.601542	175.436101
91.724017	135.501805	175.633104
91.831131	135.397972	175.838193
91.942470	135.290043	176.051369
92.058033	135.178020	176.272634
92.177830	135.061911	176.501996
92.301857	134.941712	176.739452
92.430112	134.817419	176.985000
92.562592	134.689033	177.238637
92.699298	134.556552	177.500364
92.840227	134.419976	177.770178
92.985380	134.279305	178.048079
93.134757	134.134539	178.334067
93.288357	133.985677	178.628142
93.446180	133.832720	178.930304
93.608227	133.675668	179.240552
93.774497	133.514521	179.558887
93.944990	133.349278	179.885309
94.119706	133.179941	180.219817
94.298646	133.006507	180.562412
94.481808	132.828979	180.913094
94.669194	132.647355	181.271862
94.860804	132.461636	181.638717
95.056636	132.271822	182.013658
95.256692	132.077913	182.396686
95.460971	131.879908	182.787801
95.669473	131.677808	183.187002
95.763919	131.586260	183.367830
95.862589	131.490618	183.556746
95.965481	131.390880	183.753748
96.072597	131.287047	183.958836
96.183937	131.179119	184.172011
96.299502	131.067096	184.393276
96.419301	130.950987	184.622638
96.543331	130.830788	184.860094
96.671588	130.706496	185.105643
96.804072	130.578110	185.359281
96.940781	130.445629	185.621008
97.081714	130.309053	185.890822
97.226870	130.168382	186.168724
97.376250	130.023616	186.454713
97.529854	129.874754	186.748789
97.687681	129.721797	187.050951
97.849731	129.564745	187.361200
98.016004	129.403597	187.679535
98.186501	129.238355	188.005958
98.361221	129.069016	188.340466
98.540164	128.895583	188.683062
98.723330	128.718054	189.033744
98.910719	128.536430	189.392512
99.102332	128.350711	189.759367
99.298168	128.160896	190.134309
99.498227	127.966986	190.517337
99.702510	127.768981	190.908452
99.911016	127.566880	191.307653
100.005463	127.475333	191.488481
100.104134	127.379690	191.677396
100.207028	127.279952	191.874397
100.314145	127.176119	192.079485
100.425486	127.068191	192.292659
100.541052	126.956168	192.513923
100.660854	126.840059	192.743285
100.784887	126.719860	192.980741
100.913148	126.595568	193.226290
101.045635	126.467182	193.479929
101.182347	126.334701	193.741656
101.323283	126.198125	194.011471
101.468443	126.057453	194.289373
101.617827	125.912687	194.575362
101.771434	125.763825	194.869438
101.929265	125.610868	195.171601
102.091318	125.453815	195.481850
102.257595	125.292667	195.800186
102.428095	125.127424	196.126608
102.602819	124.958085	196.461117
102.781766	124.784651	196.803713
102.964935	124.607121	197.154395
103.152329	124.425496	197.513163
103.343945	124.239776	197.880019
103.539785	124.049961	198.254960
103.739848	123.856050	198.637989
103.944134	123.658044	199.029103
104.152643	123.455942	199.428305
104.247092	123.364395	199.609132
104.345764	123.268752	199.798046
104.448660	123.169014	199.995046
104.555778	123.065181	200.200133
104.667120	122.957252	200.413307
104.782688	122.845229	200.634570
104.902492	122.729120	200.863931
105.026528	122.608920	201.101388
105.154792	122.484628	201.346937
105.287282	122.356241	201.600576
105.423998	122.223760	201.862303
105.564938	122.087183	202.132118
105.710102	121.946512	202.410020
105.859489	121.801745	202.696010
106.013100	121.652882	202.990086
106.170934	121.499924	203.292249
106.332991	121.342871	203.602498
106.499272	121.181722	203.920834
106.669776	121.016478	204.247256
106.844503	120.847138	204.581765
107.023454	120.673703	204.924361
107.206627	120.496173	205.275042
107.394024	120.314547	205.633811
107.585644	120.128825	206.000666
107.781488	119.939009	206.375607
107.981555	119.745097	206.758635
108.185845	119.547089	207.149750
108.394358	119.344986	207.548951
108.488808	119.253439	207.729778
108.587481	119.157796	207.918691
108.690378	119.058057	208.115690
108.797498	118.954224	208.320776
108.908842	118.846295	208.533949
109.024411	118.734271	208.755211
109.144217	118.618161	208.984572
109.268256	118.497961	209.222028
109.396523	118.373668	209.467577
109.529018	118.245281	209.721216
109.665737	118.112799	209.982943
109.806681	117.976222	210.252758
109.951848	117.835549	210.530660
110.101239	117.690781	210.816650
110.254854	117.541918	211.110726
110.412692	117.388959	211.412888
110.574753	117.231904	211.723137
110.741037	117.070754	212.041473
110.911545	116.905509	212.367895
111.086276	116.736168	212.702404
111.265230	116.562732	213.044999
111.448408	116.385200	213.395680
111.635808	116.203573	213.754448
111.827432	116.017850	214.121303
112.023280	115.828032	214.496244
112.223350	115.634118	214.879272
112.427644	115.436109	215.270386
112.636161	115.234004	215.669586
112.730613	115.142456	215.850412
112.829287	115.046813	216.039324
112.932185	114.947074	216.236322
113.039307	114.843240	216.441407
113.150652	114.735310	216.654579
113.266222	114.623285	216.875840
113.386031	114.507175	217.105200
113.510073	114.386974	217.342656
113.638344	114.262681	217.588205
113.770842	114.134293	217.841843
113.907565	114.001809	218.103570
114.048512	113.865231	218.373385
114.193684	113.724557	218.651287
114.343079	113.579788	218.937276
114.496697	113.430923	219.231351
114.654538	113.277963	219.533513
114.816603	113.120907	219.843762
114.982892	112.959755	220.162097
115.153403	112.794509	220.488519
115.328138	112.625166	220.823027
115.507096	112.451728	221.165621
115.690277	112.274195	221.516302
115.877682	112.092566	221.875069
116.069310	111.906841	222.241923
116.265161	111.717021	222.616864
116.465236	111.523105	222.999890
116.669533	111.325094	223.391004
116.878054	111.122987	223.790203
116.972507	111.031439	223.971028
117.071184	110.935795	224.159939
117.174083	110.836055	224.356936
117.281206	110.732220	224.562020
117.392552	110.624289	224.775191
117.508124	110.512264	224.996450
117.627936	110.396152	225.225810
117.751981	110.275951	225.463265
117.880256	110.151656	225.708813
118.012757	110.023266	225.962451
118.149484	109.890782	226.224177
118.290435	109.754202	226.493991
118.435610	109.613527	226.771893
118.585008	109.468756	227.057881
118.738630	109.319889	227.351956
118.896476	109.166927	227.654117
119.058545	109.009869	227.964365
119.224837	108.848716	228.282699
119.395352	108.683467	228.609120
119.570091	108.514123	228.943627
119.749053	108.340683	229.286221
119.932238	108.163147	229.636901
120.119646	107.981516	229.995667
120.311278	107.795789	230.362520
120.507133	107.605967	230.737459
120.707212	107.412049	231.120485
120.911513	107.214035	231.511597
121.120038	107.011926	231.910795
121.214493	106.920377	232.091618
121.313170	106.824732	232.280528
121.416071	106.724991	232.477524
121.523196	106.621155	232.682607
121.634544	106.513223	232.895776
121.750117	106.401196	233.117035
121.869931	106.285084	233.346393
121.993980	106.164881	233.583848
122.122258	106.040584	233.829394
122.254763	105.912193	234.083031
122.391493	105.779707	234.344757
122.532448	105.643125	234.614570
122.677627	105.502448	234.892471
122.827029	105.357675	235.178458
122.980655	105.208806	235.472532
123.138504	105.055842	235.774692
123.300577	104.898782	236.084939
123.466872	104.737626	236.403272
123.637392	104.572375	236.729692
123.812134	104.403028	237.064198
123.991100	104.229586	237.406790
124.174289	104.052048	237.757469
124.361701	103.870414	238.116234
124.553337	103.684684	238.483085
124.749196	103.494859	238.858023
124.949278	103.300938	239.241047
125.153584	103.102922	239.632158
125.362113	102.900810	240.031355
125.456569	102.809259	240.212177
125.555248	102.713613	240.401085
125.658150	102.613872	240.598080
125.765276	102.510034	240.803161
125.876625	102.402101	241.016329
125.992201	102.290073	241.237586
126.112017	102.173959	241.466943
126.236069	102.053754	241.704396
126.364350	101.929455	241.949942
126.496859	101.801062	242.203578
126.633593	101.668574	242.465302
126.774551	101.531990	242.735115
126.919734	101.391310	243.013014
127.069140	101.246535	243.299000
127.222769	101.097664	243.593072
127.380622	100.944697	243.895231
127.542699	100.787634	244.205476
127.708998	100.626476	244.523808
127.879521	100.461222	244.850226
128.054268	100.291872	245.184731
128.233237	100.118427	245.527321
128.416430	99.940886	245.877998
128.603846	99.759249	246.236762
128.795486	99.573516	246.603612
128.991349	99.383688	246.978548
129.191435	99.189764	247.361570
129.395744	98.991744	247.752679
129.604277	98.789629	248.151874
129.698734	98.698077	248.332695
129.797415	98.602430	248.521602
129.900319	98.502687	248.718595
130.007446	98.398848	248.923675
130.118797	98.290913	249.136841
130.234374	98.178883	249.358096
130.354193	98.062767	249.587452
130.478247	97.942560	249.824904
130.606532	97.818259	250.070448
130.739044	97.689864	250.324083
130.875782	97.557373	250.585806
131.016744	97.420786	250.855616
131.161930	97.280103	251.133514
131.311340	97.135325	251.419498
131.464973	96.986451	251.713569
131.622829	96.833481	252.015726
131.784909	96.676416	252.325970
131.951213	96.515255	252.644300
132.121739	96.349997	252.970716
132.296489	96.180644	253.305218
132.475463	96.007196	253.647807
132.658659	95.829651	253.998482
132.846079	95.648011	254.357244
133.037723	95.462275	254.724091
133.233589	95.272443	255.099025
133.433679	95.078515	255.482046
133.637992	94.880491	255.873152
133.846529	94.678372	256.272345
133.940988	94.586819	256.453164
134.039670	94.491170	256.642070
134.142575	94.391425	256.839062
134.249704	94.287585	257.044140
134.361056	94.179648	257.257304
134.476635	94.067616	257.478558
134.596456	93.951498	257.707912
134.720514	93.831288	257.945362
134.848802	93.706985	258.190905
134.981317	93.578586	258.444537
135.118058	93.446092	258.706258
135.259024	93.309503	258.976067
135.404213	93.168817	259.253963
135.553626	93.024036	259.539945
135.707263	92.875158	259.834014
135.865123	92.722185	260.136169
136.027207	92.565116	260.446411
136.193514	92.403951	260.764738
136.364044	92.238690	261.091152
136.538798	92.069333	261.425653
136.717774	91.895881	261.768239
136.900975	91.718333	262.118912
137.088398	91.536688	262.477671
137.280045	91.350948	262.844516
137.475915	91.161112	263.219448
137.676009	90.967180	263.602466
137.880326	90.769152	263.993570
138.088866	90.567029	264.392760
138.183326	90.475474	264.573578
138.282010	90.379823	264.762481
138.384917	90.280076	264.959472
138.492047	90.176234	265.164548
138.603400	90.068296	265.377711
138.718980	89.956262	265.598962
138.838805	89.840141	265.828315
138.962865	89.719928	266.065763
139.091156	89.595622	266.311303
139.223675	89.467220	266.564934
139.360419	89.334722	266.826653
139.501388	89.198129	267.096459
139.646580	89.057440	267.374353
139.795997	88.912655	267.660333
139.949637	88.763773	267.954399
140.107501	88.610796	268.256552
140.269588	88.453723	268.566791
140.435898	88.292554	268.885116
140.606431	88.127290	269.211528
140.781188	87.957929	269.546026
140.960169	87.784472	269.888610
141.143372	87.606919	270.239280
141.330800	87.425271	270.598036
141.522450	87.239526	270.964879
141.718324	87.049685	271.339807
141.918421	86.855749	271.722822
142.122741	86.657716	272.113923
142.331285	86.455588	272.513111
142.425746	86.364031	272.693927
142.524431	86.268378	272.882829
142.627339	86.168630	273.079817
142.734471	86.064785	273.284891
142.845826	85.956844	273.498052
142.961408	85.844808	273.719302
143.081234	85.728684	273.948652
143.205297	85.608468	274.186098
143.333591	85.484158	274.431636
143.466113	85.355752	274.685265
143.602860	85.223251	274.946981
143.743832	85.086654	275.216785
143.889028	84.945961	275.494676
144.038447	84.801171	275.780653
144.192091	84.652286	276.074717
144.349957	84.499305	276.376867
144.512047	84.342228	276.687103
144.678361	84.181054	277.005426
144.848898	84.015785	277.331835
145.023658	83.846419	277.666329
145.202642	83.672958	278.008910
145.385848	83.495400	278.359578
145.573279	83.313747	278.718331
145.764932	83.127997	279.085170
145.960809	82.938152	279.460096
146.160910	82.744210	279.843107
146.365233	82.546173	280.234205
146.573780	82.344039	280.633389
146.668243	82.252480	280.814203
146.766929	82.156825	281.003104
146.869839	82.057074	281.200090
146.976972	81.953227	281.405162
147.088329	81.845283	281.618321
147.203911	81.733244	281.839569
147.323740	81.617117	282.068917
147.447806	81.496898	282.306360
147.576102	81.372584	282.551896
147.708627	81.244174	282.805521
147.845377	81.111669	283.067235
147.986351	80.975067	283.337036
148.131550	80.834369	283.614924
148.280973	80.689576	283.900899
148.434619	80.540686	284.194959
148.592489	80.387700	284.497106
148.754582	80.230618	284.807340
