-23.989452	236.012612	-44.020781
-24.003323	235.924172	-44.073943
-24.021430	235.831086	-44.134882
-24.043770	235.733357	-44.203600
-24.070343	235.630985	-44.280098
-24.101145	235.523970	-44.364378
-24.136176	235.412315	-44.456442
-24.175434	235.296019	-44.556290
-24.218916	235.175085	-44.663925
-24.266621	235.049511	-44.779348
-24.318548	234.919301	-44.902561
-24.374694	234.784454	-45.033564
-24.435058	234.644972	-45.172360
-24.499637	234.500855	-45.318950
-24.568432	234.352105	-45.473336
-24.641438	234.198722	-45.635518
-24.718656	234.040707	-45.805499
-24.800082	233.878062	-45.983280
-24.885717	233.710787	-46.168862
-24.975557	233.538883	-46.362247
-25.069601	233.362351	-46.563436
-25.167848	233.181192	-46.772431
-25.270296	232.995407	-46.989234
-25.376943	232.804997	-47.213845
-25.487788	232.609963	-47.446265
-25.602829	232.410305	-47.686498
-25.722065	232.206026	-47.934543
-25.845494	231.997125	-48.190402
-25.973115	231.783604	-48.454077
-26.104926	231.565463	-48.725568
-26.240925	231.342704	-49.004878
-26.381112	231.115328	-49.292008
-26.525485	230.883335	-49.586958
-26.674041	230.646726	-49.889731
-26.826781	230.405503	-50.200327
-26.983703	230.159666	-50.518748
-27.144805	229.909216	-50.844996
-27.310086	229.654155	-51.179071
-27.479544	229.394482	-51.520975
-27.653179	229.130200	-51.870709
-27.830989	228.861309	-52.228274
-28.012972	228.587810	-52.593671
-28.096008	228.463759	-52.760154
-28.183217	228.335102	-52.934471
-28.274601	228.201828	-53.116629
-28.370235	228.063746	-53.306719
-28.470129	227.913940	-53.502231
-28.573914	227.759818	-53.705077
-28.681854	227.601112	-53.915736
-28.793932	227.437847	-54.134186
-28.910112	227.270082	-54.360383
-29.030311	227.097953	-54.594258
-29.154371	226.921763	-54.835752
-29.282067	226.742015	-55.085009
-29.413355	226.559010	-55.342580
-29.548508	226.372330	-55.608819
-29.687748	226.181450	-55.883527
-29.831148	225.986115	-56.166424
-29.978721	225.786229	-56.457333
-30.130467	225.581762	-56.756167
-30.286381	225.372703	-57.062883
-30.446461	225.159049	-57.377461
-30.610704	224.940799	-57.699893
-30.779111	224.717953	-58.030175
-30.951680	224.490512	-58.368304
-31.128410	224.258476	-58.714282
-31.309301	224.021846	-59.068107
-31.494351	223.780621	-59.429780
-31.683561	223.534803	-59.799303
-31.876929	223.284393	-60.176674
-31.964838	223.170904	-60.348116
-32.056905	223.052823	-60.527408
-32.153130	222.930151	-60.714552
-32.253512	222.802888	-60.909547
-32.358050	222.671035	-61.112395
-32.466746	222.534592	-61.323094
-32.579598	222.393558	-61.541645
-32.696606	222.247933	-61.768048
-32.817770	222.097719	-62.002302
-32.943090	221.942915	-62.244409
-33.072566	221.783521	-62.494368
-33.206198	221.619538	-62.752180
-33.343985	221.450965	-63.017846
-33.485926	221.277803	-63.291365
-33.632023	221.100053	-63.572737
-33.782275	220.917713	-63.861963
-33.936681	220.730785	-64.159043
-34.095241	220.539269	-64.463978
-34.257956	220.343164	-64.776767
-34.424824	220.142472	-65.097410
-34.595847	219.937191	-65.425909
-34.771023	219.727323	-65.762262
-34.950352	219.512868	-66.106471
-35.133834	219.293825	-66.458535
-35.321470	219.070196	-66.818455
-35.513258	218.841980	-67.186231
-35.709199	218.609177	-67.561863
-35.909293	218.371788	-67.945352
-36.000016	218.264306	-68.119182
-36.094891	218.152239	-68.300869
-36.193919	218.035585	-68.490413
-36.297098	217.914346	-68.687814
-36.404430	217.788521	-68.893073
-36.515913	217.658111	-69.106188
-36.631548	217.523116	-69.327160
-36.751335	217.383535	-69.555990
-36.875274	217.239370	-69.792678
-37.003364	217.090619	-70.037223
-37.135605	216.937283	-70.289626
-37.271998	216.779363	-70.549886
-37.412543	216.616858	-70.818005
-37.557239	216.449768	-71.093981
-37.706086	216.278094	-71.377816
-37.859084	216.101835	-71.669509
-38.016233	215.920993	-71.969060
-38.177534	215.735566	-72.276470
-38.342985	215.545555	-72.591738
-38.512587	215.350959	-72.914864
-38.686340	215.151781	-73.245849
-38.864244	214.948018	-73.584693
-39.046298	214.739672	-73.931396
-39.232504	214.526742	-74.285958
-39.422859	214.309229	-74.648379
-39.617366	214.087132	-75.018659
-39.816022	213.860452	-75.396799
-40.018830	213.629189	-75.782797
-40.110728	213.524463	-75.957689
-40.206777	213.415153	-76.140439
-40.306977	213.301261	-76.331050
-40.411327	213.182786	-76.529520
-40.519826	213.059728	-76.735849
-40.632477	212.932087	-76.950038
-40.749277	212.799864	-77.172087
-40.870228	212.663058	-77.401996
-40.995328	212.521669	-77.639764
-41.124579	212.375698	-77.885392
-41.257980	212.225144	-78.138880
-41.395531	212.070008	-78.400228
-41.537232	211.910289	-78.669436
-41.683083	211.745988	-78.946504
-41.833084	211.577105	-79.231431
-41.987236	211.403640	-79.524219
-42.145537	211.225592	-79.824867
-42.307988	211.042962	-80.133375
-42.474589	210.855750	-80.449743
-42.645340	210.663956	-80.773972
-42.820240	210.467580	-81.106061
-42.999291	210.266622	-81.446010
-43.182492	210.061082	-81.793819
-43.369842	209.850960	-82.149489
-43.561342	209.636256	-82.513019
-43.756992	209.416971	-82.884409
-43.956792	209.193104	-83.263661
-44.160741	208.964655	-83.650772
-44.253141	208.861185	-83.826147
-44.349691	208.753134	-84.009382
-44.450390	208.640501	-84.200478
-44.555239	208.523287	-84.399435
-44.664237	208.401491	-84.606252
-44.777386	208.275114	-84.820930
-44.894684	208.144155	-85.043468
-45.016132	208.008615	-85.273867
-45.141729	207.868493	-85.512127
-45.271476	207.723790	-85.758248
-45.405373	207.574505	-86.012229
-45.543419	207.420639	-86.274072
-45.685615	207.262192	-86.543775
-45.831961	207.099163	-86.821338
-45.982456	206.931553	-87.106763
-46.137101	206.759362	-87.400048
-46.295895	206.582590	-87.701194
-46.458839	206.401236	-88.010201
-46.625933	206.215302	-88.327069
-46.797176	206.024786	-88.651798
-46.972569	205.829688	-88.984388
-47.152112	205.630010	-89.324839
-47.335804	205.425751	-89.673150
-47.523645	205.216910	-90.029323
-47.715637	205.003489	-90.393356
-47.911777	204.785486	-90.765251
-48.112068	204.562902	-91.145006
-48.316507	204.335738	-91.532623
-48.409124	204.232840	-91.708220
-48.505889	204.125361	-91.891678
-48.606805	204.013301	-92.082997
-48.711869	203.896661	-92.282177
-48.821084	203.775439	-92.489218
-48.934448	203.649636	-92.704120
-49.051961	203.519253	-92.926884
-49.173624	203.384289	-93.157508
-49.299436	203.244743	-93.395993
-49.429398	203.100617	-93.642340
-49.563510	202.951910	-93.896548
-49.701771	202.798622	-94.158617
-49.844181	202.640754	-94.428547
-49.990741	202.478304	-94.706338
-50.141451	202.311274	-94.991990
-50.296310	202.139663	-95.285504
-50.455318	201.963471	-95.586878
-50.618476	201.782698	-95.896114
-50.785784	201.597344	-96.213211
-50.957241	201.407410	-96.538169
-51.132847	201.212895	-96.870988
-51.312603	201.013799	-97.211669
-51.496509	200.810122	-97.560211
-51.684564	200.601865	-97.916613
-51.876768	200.389027	-98.280878
-52.073122	200.171608	-98.653003
-52.273626	199.949609	-99.032990
-52.478279	199.723029	-99.420837
-52.570989	199.620391	-99.596537
-52.667849	199.513172	-99.780097
-52.768859	199.401373	-99.971519
-52.874018	199.284993	-100.170802
-52.983326	199.164032	-100.377946
-53.096784	199.038491	-100.592951
-53.214392	198.908369	-100.815818
-53.336148	198.773667	-101.046546
-53.462055	198.634384	-101.285135
-53.592111	198.490520	-101.531586
-53.726316	198.342075	-101.785898
-53.864671	198.189050	-102.048071
-54.007175	198.031445	-102.318105
-54.153829	197.869258	-102.596001
-54.304632	197.702492	-102.881758
-54.459585	197.531144	-103.175376
-54.618687	197.355216	-103.476856
-54.781938	197.174707	-103.786197
-54.949339	196.989618	-104.103399
-55.120890	196.799948	-104.428463
-55.296590	196.605698	-104.761387
-55.476439	196.406867	-105.102174
-55.660438	196.203455	-105.450821
-55.848587	195.995463	-105.807330
-56.040885	195.782890	-106.171700
-56.237332	195.565737	-106.543931
-56.437929	195.344003	-106.924024
-56.642675	195.117689	-107.311978
-56.735427	195.015169	-107.487725
-56.832328	194.908069	-107.671332
-56.933379	194.796388	-107.862801
-57.038580	194.680126	-108.062131
-57.147929	194.559285	-108.269323
-57.261429	194.433862	-108.484376
-57.379077	194.303859	-108.707290
-57.500876	194.169276	-108.938066
-57.626823	194.030112	-109.176703
-57.756920	193.886367	-109.423202
-57.891167	193.738042	-109.677561
-58.029563	193.585136	-109.939782
-58.172108	193.427650	-110.209865
-58.318803	193.265584	-110.487809
-58.469648	193.098937	-110.773614
-58.624642	192.927709	-111.067280
-58.783785	192.751901	-111.368808
-58.947078	192.571512	-111.678198
-59.114520	192.386543	-111.995448
-59.286112	192.196994	-112.320560
-59.461853	192.002863	-112.653533
-59.641744	191.804153	-112.994368
-59.825784	191.600862	-113.343064
-60.013973	191.392990	-113.699622
-60.206312	191.180538	-114.064040
-60.402801	190.963506	-114.436321
-60.603439	190.741893	-114.816462
-60.808226	190.515699	-115.204465
-60.900996	190.413233	-115.380233
-60.997916	190.306186	-115.563862
-61.098985	190.194559	-115.755353
-61.204204	190.078352	-115.954705
-61.313572	189.957564	-116.161919
-61.427089	189.832195	-116.376994
-61.544756	189.702246	-116.599930
-61.666573	189.567717	-116.830727
-61.792538	189.428607	-117.069386
-61.922654	189.284917	-117.315907
-62.056919	189.136646	-117.570289
-62.195333	188.983795	-117.832532
-62.337897	188.826363	-118.102636
-62.484610	188.664351	-118.380602
-62.635472	188.497758	-118.666430
-62.790484	188.326585	-118.960118
-62.949646	188.150831	-119.261668
-63.112957	187.970497	-119.571080
-63.280417	187.785583	-119.888353
-63.452027	187.596088	-120.213487
-63.627787	187.402012	-120.546482
-63.807696	187.203357	-120.887339
-63.991754	187.000120	-121.236058
-64.179962	186.792303	-121.592637
-64.372319	186.579906	-121.957079
-64.568825	186.362929	-122.329381
-64.769482	186.141370	-122.709545
-64.974287	185.915232	-123.097570
-65.067065	185.812790	-123.273348
-65.163993	185.705768	-123.456988
-65.265070	185.594165	-123.648488
-65.370297	185.477982	-123.847851
-65.479673	185.357219	-124.055074
-65.593199	185.231875	-124.270159
-65.710874	185.101950	-124.493105
-65.832698	184.967445	-124.723913
-65.958672	184.828360	-124.962582
-66.088796	184.684695	-125.209112
-66.223068	184.536448	-125.463504
-66.361491	184.383622	-125.725758
-66.504063	184.226215	-125.995872
-66.650784	184.064227	-126.273848
-66.801655	183.897659	-126.559686
-66.956675	183.726511	-126.853385
-67.115844	183.550782	-127.154945
-67.279163	183.370473	-127.464367
-67.446632	183.185583	-127.781650
-67.618250	182.996113	-128.106794
-67.794017	182.802063	-128.439800
-67.973934	182.603432	-128.780667
-68.158001	182.400220	-129.129396
-68.346216	182.192428	-129.485986
-68.538582	181.980056	-129.850437
-68.735096	181.763103	-130.222750
-68.935761	181.541570	-130.602924
-69.140574	181.315456	-130.990960
-69.233356	181.213026	-131.166742
-69.330287	181.106015	-131.350386
-69.431368	180.994423	-131.541891
-69.536598	180.878251	-131.741258
-69.645978	180.757499	-131.948486
-69.759507	180.632166	-132.163576
-69.877186	180.502253	-132.386526
-69.999014	180.367759	-132.617339
-70.124992	180.228685	-132.856012
-70.255119	180.085030	-133.102548
-70.389395	179.936795	-133.356944
-70.527821	179.783980	-133.619202
-70.670396	179.626584	-133.889321
-70.817121	179.464608	-134.167302
-70.967995	179.298051	-134.453144
-71.123019	179.126914	-134.746848
-71.282192	178.951197	-135.048412
-71.445515	178.770899	-135.357839
-71.612987	178.586020	-135.675126
-71.784609	178.396561	-136.000275
-71.960380	178.202522	-136.333286
-72.140300	178.003902	-136.674158
-72.324370	177.800702	-137.022891
-72.512589	177.592922	-137.379486
-72.704958	177.380561	-137.743942
-72.901477	177.163619	-138.116259
-73.102144	176.942097	-138.496438
-73.306962	176.715995	-138.884478
-73.399745	176.613569	-139.060263
-73.496678	176.506563	-139.243909
-73.597760	176.394976	-139.435416
-73.702992	176.278809	-139.634785
-73.812373	176.158062	-139.842015
-73.925904	176.032734	-140.057107
-74.043584	175.902826	-140.280060
-74.165414	175.768337	-140.510874
-74.291393	175.629268	-140.749550
-74.421522	175.485619	-140.996087
-74.555800	175.337389	-141.250486
-74.694227	175.184579	-141.512746
-74.836804	175.027188	-141.782867
-74.983531	174.865217	-142.060850
-75.134407	174.698665	-142.346694
-75.289432	174.527533	-142.640400
-75.448607	174.351821	-142.941967
-75.611931	174.171528	-143.251395
-75.779405	173.986654	-143.568685
-75.951028	173.797201	-143.893836
-76.126800	173.603166	-144.226849
-76.306722	173.404552	-144.567723
-76.490794	173.201356	-144.916458
-76.679015	172.993581	-145.273055
-76.871385	172.781225	-145.637513
-77.067905	172.564288	-146.009832
-77.268574	172.342771	-146.390013
-77.473393	172.116674	-146.778056
-77.566177	172.014251	-146.953841
-77.663111	171.907247	-147.137488
-77.764194	171.795663	-147.328996
-77.869426	171.679498	-147.528366
-77.978808	171.558753	-147.735597
-78.092340	171.433427	-147.950690
-78.210021	171.303521	-148.173644
-78.331851	171.169035	-148.404459
-78.457831	171.029968	-148.643136
-78.587960	170.886321	-148.889674
-78.722239	170.738093	-149.144073
-78.860667	170.585285	-149.406334
-79.003245	170.427896	-149.676457
-79.149972	170.265927	-149.954440
-79.300848	170.099378	-150.240285
-79.455874	169.928248	-150.533992
-79.615050	169.752538	-150.835560
-79.778375	169.572247	-151.144989
-79.945849	169.387376	-151.462280
-80.117473	169.197925	-151.787432
-80.293246	169.003893	-152.120445
-80.473169	168.805280	-152.461320
-80.657241	168.602087	-152.810056
-80.845463	168.394314	-153.166654
-81.037834	168.181960	-153.531113
-81.234354	167.965026	-153.903434
-81.435024	167.743511	-154.283615
-81.639844	167.517416	-154.671659
-81.732628	167.414993	-154.847445
-81.829562	167.307990	-155.031092
-81.930646	167.196407	-155.222601
-82.035878	167.080243	-155.421971
-82.145261	166.959499	-155.629202
-82.258792	166.834174	-155.844295
-82.376473	166.704269	-156.067249
-82.498304	166.569784	-156.298065
-82.624284	166.430718	-156.536742
-82.754414	166.287072	-156.783281
-82.888693	166.138845	-157.037681
-83.027121	165.986038	-157.299942
-83.169699	165.828650	-157.570065
-83.316427	165.666682	-157.848049
-83.467303	165.500134	-158.133894
-83.622330	165.329005	-158.427601
-83.781505	165.153296	-158.729169
-83.944831	164.973006	-159.038599
-84.112305	164.788136	-159.355890
-84.283929	164.598685	-159.681042
-84.459703	164.404654	-160.014056
-84.639626	164.206042	-160.354931
-84.823698	164.002850	-160.703668
-85.011920	163.795078	-161.060266
-85.204291	163.582725	-161.424725
-85.400812	163.365791	-161.797046
-85.601482	163.144277	-162.177228
-85.806302	162.918183	-162.565272
-85.899087	162.815761	-162.741058
-85.996021	162.708758	-162.924705
-86.097104	162.597175	-163.116214
-86.202337	162.481012	-163.315584
-86.311719	162.360268	-163.522816
-86.425251	162.234943	-163.737909
-86.542932	162.105039	-163.960863
-86.664763	161.970553	-164.191679
-86.790743	161.831488	-164.430356
-86.920873	161.687842	-164.676895
-87.055152	161.539616	-164.931295
-87.193581	161.386809	-165.193556
-87.336159	161.229421	-165.463679
-87.482886	161.067454	-165.741664
-87.633763	160.900906	-166.027509
-87.788790	160.729777	-166.321216
-87.947965	160.554068	-166.622784
-88.111291	160.373779	-166.932214
-88.278765	160.188909	-167.249505
-88.450389	159.999458	-167.574658
-88.626163	159.805427	-167.907672
-88.806086	159.606816	-168.248547
-88.990159	159.403624	-168.597283
-89.178380	159.195852	-168.953881
-89.370752	158.983499	-169.318341
-89.567273	158.766566	-169.690662
-89.767943	158.545052	-170.070844
-89.972763	158.318957	-170.458887
-90.065547	158.216535	-170.634673
-90.162481	158.109533	-170.818321
-90.263565	157.997950	-171.009830
-90.368798	157.881786	-171.209200
-90.478180	157.761042	-171.416431
-90.591712	157.635718	-171.631524
-90.709393	157.505813	-171.854479
-90.831224	157.371328	-172.085295
-90.957204	157.232263	-172.323972
-91.087334	157.088617	-172.570510
-91.221613	156.940390	-172.824910
-91.360041	156.787584	-173.087172
-91.502619	156.630196	-173.357295
-91.649347	156.468229	-173.635279
-91.800224	156.301680	-173.921124
-91.955250	156.130552	-174.214831
-92.114426	155.954843	-174.516400
-92.277751	155.774553	-174.825829
-92.445226	155.589683	-175.143120
-92.616850	155.400233	-175.468273
-92.792623	155.206202	-175.801286
-92.972546	155.007590	-176.142161
-93.156619	154.804398	-176.490898
-93.344841	154.596626	-176.847496
-93.537212	154.384273	-177.211955
-93.733733	154.167339	-177.584275
-93.934403	153.945825	-177.964457
-94.139222	153.719730	-178.352501
-94.232007	153.617308	-178.528287
-94.328941	153.510305	-178.711934
-94.430024	153.398722	-178.903443
-94.535257	153.282559	-179.102813
-94.644639	153.161815	-179.310045
-94.758171	153.036490	-179.525137
-94.875853	152.906585	-179.748092
-94.997683	152.772100	-179.978908
-95.123663	152.633034	-180.217585
-95.253793	152.489388	-180.464123
-95.388072	152.341161	-180.718523
-95.526501	152.188354	-180.980784
-95.669078	152.030967	-181.250907
-95.815806	151.868999	-181.528891
-95.966683	151.702451	-181.814736
-96.121709	151.531322	-182.108443
-96.280885	151.355613	-182.410011
-96.444210	151.175323	-182.719441
-96.611684	150.990452	-183.036732
-96.783308	150.801002	-183.361884
-96.959082	150.606970	-183.694897
-97.139005	150.408358	-184.035772
-97.323077	150.205166	-184.384508
-97.511298	149.997393	-184.741106
-97.703670	149.785039	-185.105565
-97.900190	149.568105	-185.477885
-98.100860	149.346591	-185.858067
-98.305680	149.120496	-186.246110
-98.398464	149.018073	-186.421896
-98.495398	148.911070	-186.605543
-98.596481	148.799487	-186.797051
-98.701714	148.683323	-186.996421
-98.811096	148.562578	-187.203653
-98.924628	148.437253	-187.418745
-99.042309	148.307348	-187.641700
-99.164140	148.172863	-187.872515
-99.290120	148.033796	-188.111192
-99.420249	147.890150	-188.357730
-99.554528	147.741923	-188.612130
-99.692957	147.589116	-188.874391
-99.835535	147.431728	-189.144514
-99.982262	147.269760	-189.422497
-100.133138	147.103211	-189.708343
-100.288165	146.932082	-190.002049
-100.447340	146.756372	-190.303617
-100.610665	146.576082	-190.613046
-100.778139	146.391211	-190.930337
-100.949763	146.201760	-191.255488
-101.125537	146.007728	-191.588502
-101.305459	145.809115	-191.929376
-101.489531	145.605922	-192.278112
-101.677753	145.398149	-192.634709
-101.870124	145.185794	-192.999167
-102.066644	144.968860	-193.371487
-102.267314	144.747344	-193.751668
-102.472133	144.521248	-194.139711
-102.564917	144.418825	-194.315497
-102.661851	144.311822	-194.499144
-102.762934	144.200238	-194.690652
-102.868167	144.084073	-194.890022
-102.977549	143.963328	-195.097253
-103.091080	143.838003	-195.312345
-103.208761	143.708097	-195.535299
-103.330592	143.573611	-195.766115
-103.456572	143.434545	-196.004791
-103.586701	143.290898	-196.251329
-103.720980	143.142670	-196.505729
-103.859408	142.989863	-196.767990
-104.001986	142.832474	-197.038112
-104.148713	142.670505	-197.316095
-104.299589	142.503956	-197.601940
-104.454615	142.332826	-197.895646
-104.613791	142.157116	-198.197214
-104.777116	141.976825	-198.506643
-104.944590	141.791954	-198.823933
-105.116213	141.602502	-199.149084
-105.291986	141.408469	-199.482097
-105.471908	141.209856	-199.822971
-105.655980	141.006662	-200.171706
-105.844201	140.798887	-200.528302
-106.036572	140.586532	-200.892760
-106.233092	140.369596	-201.265079
-106.433761	140.148080	-201.645260
-106.638580	139.921983	-202.033302
-106.731364	139.819559	-202.209087
-106.828298	139.712555	-202.392734
-106.929381	139.600970	-202.584242
-107.034613	139.484805	-202.783612
-107.143995	139.364060	-202.990842
-107.257527	139.238734	-203.205935
-107.375208	139.108827	-203.428888
-107.497038	138.974341	-203.659703
-107.623018	138.835273	-203.898379
-107.753147	138.691626	-204.144917
-107.887425	138.543398	-204.399316
-108.025853	138.390589	-204.661577
-108.168431	138.233200	-204.931698
-108.315158	138.071231	-205.209682
-108.466034	137.904681	-205.495526
-108.621060	137.733550	-205.789232
-108.780235	137.557839	-206.090799
-108.943559	137.377547	-206.400227
-109.111033	137.192675	-206.717516
-109.282656	137.003222	-207.042667
-109.458429	136.809188	-207.375679
-109.638351	136.610574	-207.716552
-109.822422	136.407379	-208.065287
-110.010643	136.199603	-208.421883
-110.203013	135.987246	-208.786340
-110.399532	135.770309	-209.158658
-110.600201	135.548791	-209.538838
-110.805019	135.322692	-209.926879
-110.897803	135.220268	-210.102664
-110.994737	135.113263	-210.286310
-111.095820	135.001678	-210.477818
-111.201052	134.885512	-210.677187
-111.310433	134.764765	-210.884417
-111.423965	134.639438	-211.099509
-111.541645	134.509531	-211.322462
-111.663475	134.375043	-211.553277
-111.789455	134.235975	-211.791952
-111.919584	134.092327	-212.038490
-112.053862	133.944098	-212.292888
-112.192290	133.791288	-212.555148
-112.334867	133.633898	-212.825269
-112.481593	133.471928	-213.103252
-112.632469	133.305377	-213.389096
-112.787495	133.134245	-213.682801
-112.946669	132.958533	-213.984367
-113.109993	132.778240	-214.293795
-113.277467	132.593367	-214.611083
-113.449089	132.403913	-214.936233
-113.624861	132.209878	-215.269244
-113.804783	132.011262	-215.610117
-113.988854	131.808065	-215.958850
-114.177074	131.600288	-216.315445
-114.369443	131.387929	-216.679901
-114.565962	131.170990	-217.052218
-114.766630	130.949470	-217.432397
-114.971448	130.723369	-217.820437
-115.064232	130.620944	-217.996221
-115.161165	130.513938	-218.179867
-115.262247	130.402351	-218.371374
-115.367479	130.286184	-218.570743
-115.476860	130.165436	-218.777972
-115.590391	130.040108	-218.993063
-115.708072	129.910200	-219.216016
-115.829901	129.775711	-219.446830
-115.955880	129.636642	-219.685505
-116.086009	129.492992	-219.932042
-116.220287	129.344762	-220.186440
-116.358714	129.191951	-220.448699
-116.501291	129.034560	-220.718820
-116.648017	128.872588	-220.996801
-116.798893	128.706036	-221.282644
-116.953917	128.534903	-221.576349
-117.113092	128.359190	-221.877914
-117.276415	128.178895	-222.187341
-117.443888	127.994020	-222.504628
-117.615510	127.804564	-222.829777
-117.791281	127.610527	-223.162787
-117.971202	127.411910	-223.503658
-118.155272	127.208711	-223.852390
-118.343491	127.000931	-224.208984
-118.535860	126.788570	-224.573438
-118.732378	126.571629	-224.945754
-118.933045	126.350106	-225.325931
-119.137862	126.124002	-225.713969
-119.230646	126.021575	-225.889753
-119.327578	125.914568	-226.073398
-119.428660	125.802979	-226.264905
-119.533892	125.686811	-226.464272
-119.643273	125.566061	-226.671501
-119.756803	125.440732	-226.886592
-119.874483	125.310822	-227.109543
-119.996312	125.176331	-227.340357
-120.122291	125.037260	-227.579031
-120.252419	124.893609	-227.825567
-120.386696	124.745377	-228.079964
-120.525123	124.592565	-228.342222
-120.667699	124.435172	-228.612342
-120.814425	124.273199	-228.890323
-120.965300	124.106645	-229.176165
-121.120324	123.935510	-229.469868
-121.279497	123.759795	-229.771432
-121.442820	123.579499	-230.080858
-121.610292	123.394622	-230.398144
-121.781913	123.205164	-230.723291
-121.957684	123.011124	-231.056299
-122.137604	122.812504	-231.397169
-122.321673	122.609302	-231.745899
-122.509891	122.401520	-232.102491
-122.702258	122.189156	-232.466943
-122.898775	121.972211	-232.839257
-123.099441	121.750684	-233.219432
-123.304257	121.524577	-233.607468
-123.397040	121.422148	-233.783252
-123.493972	121.315139	-233.966896
-123.595054	121.203548	-234.158401
-123.700284	121.087377	-234.357768
-123.809665	120.966626	-234.564996
-123.923194	120.841294	-234.780085
-124.040874	120.711382	-235.003036
-124.162702	120.576889	-235.233848
-124.288680	120.437817	-235.472521
-124.418808	120.294163	-235.719056
-124.553084	120.145929	-235.973452
-124.691511	119.993115	-236.235709
-124.834086	119.835720	-236.505828
-124.980811	119.673744	-236.783807
-125.131685	119.507188	-237.069648
-125.286709	119.336051	-237.363350
-125.445881	119.160334	-237.664912
-125.609203	118.980035	-237.974336
-125.776674	118.795155	-238.291620
-125.948294	118.605694	-238.616766
-126.124063	118.411652	-238.949772
-126.303982	118.213028	-239.290639
-126.488049	118.009823	-239.639367
-126.676266	117.802036	-239.995956
-126.868632	117.589668	-240.360406
-127.065148	117.372718	-240.732717
-127.265812	117.151187	-241.112890
-127.470626	116.925074	-241.500923
-127.563409	116.822644	-241.676705
-127.660340	116.715631	-241.860348
-127.761421	116.604038	-242.051852
-127.866651	116.487864	-242.251218
-127.976030	116.367110	-242.458444
-128.089559	116.241775	-242.673532
-128.207238	116.111860	-242.896481
-128.329065	115.977365	-243.127292
-128.455043	115.838289	-243.365964
-128.585169	115.694633	-243.612497
-128.719445	115.546397	-243.866892
-128.857870	115.393580	-244.129148
-129.000445	115.236182	-244.399265
-129.147169	115.074203	-244.677243
-129.298042	114.907644	-244.963081
-129.453064	114.736504	-245.256781
-129.612236	114.560783	-245.558342
-129.775556	114.380481	-245.867763
-129.943026	114.195598	-246.185045
-130.114644	114.006133	-246.510188
-130.290412	113.812086	-246.843192
-130.470329	113.613458	-247.184056
-130.654395	113.410248	-247.532781
-130.842610	113.202456	-247.889366
-131.034974	112.990082	-248.253813
-131.231487	112.773127	-248.626121
-131.432150	112.551589	-249.006289
-131.636962	112.325470	-249.394319
-131.729743	112.223036	-249.570100
-131.826674	112.116020	-249.753742
-131.927753	112.004423	-249.945244
-132.032982	111.888246	-250.144607
-132.142361	111.767488	-250.351832
-132.255888	111.642150	-250.566918
-132.373566	111.512231	-250.789866
-132.495392	111.377732	-251.020675
-132.621368	111.238653	-251.259345
-132.751494	111.094993	-251.505876
-132.885769	110.946753	-251.760269
-133.024193	110.793932	-252.022523
-133.166766	110.636530	-252.292637
-133.313489	110.474548	-252.570613
-133.464361	110.307985	-252.856450
-133.619381	110.136841	-253.150147
-133.778551	109.961116	-253.451705
-133.941870	109.780810	-253.761123
-134.109338	109.595922	-254.078402
-134.280955	109.406452	-254.403542
-134.456720	109.212400	-254.736542
-134.636635	109.013766	-255.077402
-134.820698	108.810550	-255.426123
-135.008911	108.602751	-255.782704
-135.201272	108.390370	-256.147146
-135.397783	108.173406	-256.519449
-135.598442	107.951861	-256.899613
-135.803252	107.725733	-257.287639
-135.896032	107.623295	-257.463418
-135.992961	107.516274	-257.647057
-136.094039	107.404672	-257.838557
-136.199267	107.288490	-258.037918
-136.308644	107.167727	-258.245140
-136.422170	107.042384	-258.460224
-136.539846	106.912460	-258.683169
-136.661672	106.777957	-258.913976
-136.787646	106.638872	-259.152643
-136.917770	106.495208	-259.399172
-137.052044	106.346963	-259.653563
-137.190466	106.194137	-259.915814
-137.333038	106.036731	-260.185926
-137.479759	105.874744	-260.463899
-137.630629	105.708176	-260.749732
-137.785648	105.537027	-261.043426
-137.944816	105.361296	-261.344981
-138.108132	105.180984	-261.654396
-138.275598	104.996090	-261.971671
-138.447212	104.806614	-262.296806
-138.622975	104.612555	-262.629801
-138.802886	104.413914	-262.970656
-138.986946	104.210689	-263.319371
-139.175155	104.002881	-263.675947
-139.367513	103.790491	-264.040383
-139.564021	103.573517	-264.412680
-139.764677	103.351960	-264.792838
-139.969482	103.125821	-265.180857
-140.062261	103.023377	-265.356634
-140.159189	102.916351	-265.540271
-140.260265	102.804742	-265.731767
-140.365491	102.688553	-265.931125
-140.474866	102.567784	-266.138345
-140.588391	102.442435	-266.353425
-140.706065	102.312505	-266.576367
-140.827888	102.177995	-266.807171
-140.953861	102.038905	-267.045835
-141.083983	101.895234	-267.292361
-141.218254	101.746983	-267.546748
-141.356675	101.594151	-267.808996
-141.499245	101.436738	-268.079105
-141.645963	101.274745	-268.357074
-141.796831	101.108171	-268.642904
-141.951848	100.937015	-268.936594
-142.111013	100.761278	-269.238144
-142.274327	100.580958	-269.547554
-142.441789	100.396057	-269.864823
-142.613400	100.206572	-270.189953
-142.789159	100.012504	-270.522942
-142.969066	99.813853	-270.863790
-143.153122	99.610618	-271.212498
-143.341327	99.402798	-271.569067
-143.533681	99.190395	-271.933496
-143.730183	98.973408	-272.305785
-143.930834	98.751838	-272.685935
-144.135635	98.525684	-273.073946
-144.228412	98.423233	-273.249719
-144.325338	98.316198	-273.433352
-144.426412	98.204581	-273.624845
-144.531635	98.088384	-273.824199
-144.641007	97.967607	-274.031414
-144.754530	97.842249	-274.246491
-144.872201	97.712312	-274.469429
-144.994022	97.577793	-274.700229
-145.119993	97.438695	-274.938889
-145.250112	97.295016	-275.185411
-145.384381	97.146757	-275.439794
-145.522799	96.993917	-275.702037
-145.665366	96.836497	-275.972142
-145.812082	96.674495	-276.250106
-145.962947	96.507913	-276.535931
-146.117960	96.336749	-276.829616
-146.277122	96.161003	-277.131160
-146.440432	95.980674	-277.440564
-146.607890	95.795763	-277.757827
-146.779497	95.606267	-278.082949
-146.955251	95.412188	-278.415930
-147.135154	95.213524	-278.756770
-147.319205	95.010276	-279.105470
-147.507404	94.802442	-279.462029
-147.699751	94.590023	-279.826448
-147.896248	94.373019	-280.198727
-148.096893	94.151430	-280.578867
-148.301687	93.925257	-280.966867
-148.394462	93.822797	-281.142637
-148.491385	93.715752	-281.326265
-148.592455	93.604125	-281.517753
-148.697676	93.487917	-281.717102
-148.807045	93.367129	-281.924312
-148.920564	93.241761	-282.139384
-149.038233	93.111813	-282.362317
-149.160050	92.977285	-282.593111
-149.286018	92.838176	-282.831767
-149.416134	92.694487	-283.078283
-149.550400	92.546218	-283.332661
-149.688814	92.393368	-283.594899
-149.831378	92.235937	-283.864998
-149.978091	92.073926	-284.142957
-150.128952	91.907333	-284.428776
-150.283961	91.736158	-284.722454
-150.443118	91.560401	-285.023991
-150.606424	91.380061	-285.333387
-150.773877	91.195137	-285.650642
-150.945478	91.005629	-285.975755
-151.121226	90.811536	-286.308726
-151.301123	90.612856	-286.649555
-151.485166	90.409590	-286.998243
-151.673358	90.201738	-287.354790
-151.865698	89.989299	-287.719197
-152.062187	89.772273	-288.091463
-152.262825	89.550662	-288.471590
-152.467611	89.324465	-288.859578
-152.560382	89.221994	-289.035343
-152.657301	89.114936	-289.218966
-152.758368	89.003295	-289.410447
-152.863584	88.887074	-289.609789
-152.972950	88.766273	-289.816993
-153.086465	88.640892	-290.032059
-153.204130	88.510931	-290.254985
-153.325943	88.376389	-290.485773
-153.451907	88.237268	-290.724423
-153.582019	88.093566	-290.970933
-153.716281	87.945284	-291.225304
-153.854691	87.792422	-291.487535
-153.997251	87.634979	-291.757627
-154.143959	87.472954	-292.035579
-154.294815	87.306349	-292.321390
-154.449819	87.135161	-292.615061
-154.608972	86.959390	-292.916589
-154.772271	86.779036	-293.225976
