-44.560221	226.998495	-41.832929
-44.590960	226.841537	-41.870648
-44.628175	226.679988	-41.914448
-44.671866	226.513848	-41.964330
-44.722034	226.343121	-42.020296
-44.778678	226.167808	-42.082347
-44.841798	225.987912	-42.150484
-44.911395	225.803434	-42.224710
-44.987469	225.614376	-42.305025
-45.070020	225.420742	-42.391430
-45.159048	225.222533	-42.483928
-45.254554	225.019750	-42.582519
-45.356536	224.812397	-42.687206
-45.464997	224.600475	-42.797989
-45.579936	224.383987	-42.914870
-45.701352	224.162934	-43.037850
-45.829247	223.937319	-43.166930
-45.963620	223.707144	-43.302113
-46.104472	223.472410	-43.443399
-46.251802	223.233121	-43.590791
-46.405612	222.989278	-43.744288
-46.565900	222.740884	-43.903893
-46.732668	222.487940	-44.069607
-46.905916	222.230449	-44.241431
-47.085644	221.968412	-44.419367
-47.271851	221.701833	-44.603417
-47.464539	221.430713	-44.793580
-47.663708	221.155054	-44.989860
-47.869357	220.874859	-45.192257
-48.081487	220.590130	-45.400772
-48.300099	220.300868	-45.615407
-48.525192	220.007077	-45.836164
-48.756767	219.708758	-46.063043
-48.994824	219.405913	-46.296046
-49.239363	219.098545	-46.535174
-49.490385	218.786656	-46.780429
-49.747889	218.470247	-47.031812
-50.011877	218.149322	-47.289324
-50.282348	217.823883	-47.552966
-50.404188	217.678728	-47.671647
-50.532512	217.529062	-47.796461
-50.667320	217.374886	-47.927407
-50.808612	217.216200	-48.064487
-50.956389	217.053006	-48.207701
-51.110650	216.885305	-48.357050
-51.271396	216.713097	-48.512534
-51.438626	216.536383	-48.674153
-51.612341	216.355166	-48.841910
-51.792542	216.169444	-49.015803
-51.979227	215.979220	-49.195833
-52.172398	215.784495	-49.382002
-52.372055	215.585269	-49.574310
-52.578197	215.381544	-49.772756
-52.790826	215.173320	-49.977343
-53.009940	214.960598	-50.188070
-53.235540	214.743380	-50.404937
-53.467627	214.521666	-50.627946
-53.706200	214.295458	-50.857097
-53.951260	214.064757	-51.092391
-54.202807	213.829562	-51.333828
-54.460841	213.589876	-51.581408
-54.725362	213.345700	-51.835133
-54.996370	213.097034	-52.095002
-55.273866	212.843880	-52.361017
-55.557850	212.586238	-52.633178
-55.848321	212.324109	-52.911484
-56.145281	212.057495	-53.195938
-56.280981	211.936262	-53.325893
-56.423168	211.810545	-53.461995
-56.571845	211.680344	-53.604245
-56.727010	211.545661	-53.752644
-56.888664	211.406494	-53.907191
-57.056806	211.262846	-54.067886
-57.231437	211.114715	-54.234730
-57.412558	210.962104	-54.407724
-57.600167	210.805012	-54.586867
-57.794265	210.643439	-54.772159
-57.994853	210.477386	-54.963601
-58.201930	210.306854	-55.161194
-58.415496	210.131843	-55.364936
-58.635552	209.952354	-55.574830
-58.862098	209.768386	-55.790874
-59.095133	209.579941	-56.013069
-59.334658	209.387019	-56.241415
-59.580673	209.189620	-56.475913
-59.833178	208.987745	-56.716562
-60.092173	208.781394	-56.963364
-60.357658	208.570568	-57.216318
-60.629633	208.355268	-57.475424
-60.908099	208.135493	-57.740683
-61.193055	207.911244	-58.012095
-61.484502	207.682521	-58.289660
-61.782439	207.449326	-58.573379
-62.086867	207.211658	-58.863251
-62.397786	206.969519	-59.159277
-62.538926	206.859861	-59.293645
-62.686557	206.745731	-59.434166
-62.840679	206.627131	-59.580842
-63.001292	206.504059	-59.733673
-63.168396	206.376517	-59.892658
-63.341992	206.244505	-60.057797
-63.522078	206.108022	-60.229092
-63.708656	205.967070	-60.406541
-63.901726	205.821647	-60.590145
-64.101287	205.671755	-60.779904
-64.307339	205.517394	-60.975818
-64.519883	205.358564	-61.177887
-64.738919	205.195264	-61.386112
-64.964446	205.027496	-61.600492
-65.196465	204.855260	-61.821028
-65.434976	204.678555	-62.047719
-65.679978	204.497382	-62.280566
-65.931473	204.311742	-62.519569
-66.189459	204.121633	-62.764727
-66.453937	203.927058	-63.016042
-66.724907	203.728015	-63.273513
-67.002370	203.524505	-63.537140
-67.286324	203.316528	-63.806924
-67.576771	203.104085	-64.082864
-67.873709	202.887176	-64.364960
-68.177141	202.665800	-64.653213
-68.487064	202.439959	-64.947623
-68.803480	202.209651	-65.248190
-68.946897	202.105379	-65.384420
-69.096808	201.996640	-65.526806
-69.253211	201.883437	-65.675350
-69.416106	201.765768	-65.830051
-69.585494	201.643635	-65.990908
-69.761374	201.517036	-66.157923
-69.943747	201.385973	-66.331096
-70.132613	201.250445	-66.510425
-70.327971	201.110452	-66.695912
-70.529822	200.965994	-66.887556
-70.738166	200.817073	-67.085358
-70.953002	200.663686	-67.289317
-71.174331	200.505836	-67.499433
-71.402153	200.343522	-67.715707
-71.636468	200.176743	-67.938139
-71.877275	200.005500	-68.166728
-72.124576	199.829794	-68.401475
-72.378369	199.649624	-68.642379
-72.638655	199.464990	-68.889442
-72.905435	199.275893	-69.142662
-73.178707	199.082332	-69.402040
-73.458472	198.884308	-69.667576
-73.744730	198.681821	-69.939270
-74.037481	198.474870	-70.217121
-74.336725	198.263456	-70.501131
-74.642463	198.047580	-70.791299
-74.954693	197.827241	-71.087625
-75.273417	197.602439	-71.390109
-75.417825	197.500636	-71.527158
-75.568727	197.394372	-71.670366
-75.726122	197.283644	-71.819731
-75.890011	197.168454	-71.975255
-76.060392	197.048802	-72.136937
-76.237267	196.924687	-72.304777
-76.420635	196.796110	-72.478776
-76.610496	196.663071	-72.658933
-76.806851	196.525569	-72.845248
-77.009699	196.383605	-73.037722
-77.219040	196.237179	-73.236354
-77.434875	196.086291	-73.441145
-77.657203	195.930941	-73.652094
-77.886024	195.771128	-73.869201
-78.121339	195.606854	-74.092467
-78.363147	195.438118	-74.321891
-78.611448	195.264920	-74.557474
-78.866243	195.087260	-74.799216
-79.127531	194.905138	-75.047116
-79.395313	194.718554	-75.301174
-79.669588	194.527509	-75.561392
-79.950356	194.332002	-75.827768
-80.237618	194.132034	-76.100302
-80.531374	193.927604	-76.378995
-80.831623	193.718712	-76.663847
-81.138365	193.505359	-76.954858
-81.451601	193.287545	-77.252027
-81.771331	193.065269	-77.555355
-81.916179	192.964594	-77.692772
-82.067521	192.859458	-77.836348
-82.225357	192.749860	-77.986083
-82.389686	192.635801	-78.141976
-82.560509	192.517281	-78.304028
-82.737825	192.394300	-78.472240
-82.921635	192.266857	-78.646609
-83.111938	192.134954	-78.827138
-83.308735	191.998589	-79.013826
-83.512026	191.857763	-79.206672
-83.721810	191.712476	-79.405677
-83.938088	191.562727	-79.610842
-84.160860	191.408518	-79.822164
-84.390125	191.249848	-80.039646
-84.625884	191.086716	-80.263287
-84.868136	190.919124	-80.493087
-85.116883	190.747071	-80.729045
-85.372122	190.570556	-80.971163
-85.633856	190.389581	-81.219439
-85.902083	190.204145	-81.473874
-86.176804	190.014248	-81.734468
-86.458018	189.819890	-82.001222
-86.745727	189.621071	-82.274134
-87.039929	189.417792	-82.553205
-87.340624	189.210051	-82.838435
-87.647813	188.997850	-83.129824
-87.961497	188.781188	-83.427372
-88.281673	188.560065	-83.731079
-88.426719	188.459904	-83.868663
-88.578258	188.355281	-84.012406
-88.736291	188.246198	-84.162308
-88.900818	188.132654	-84.318370
-89.071839	188.014650	-84.480590
-89.249353	187.892184	-84.648969
-89.433361	187.765259	-84.823507
-89.623863	187.633872	-85.004205
-89.820858	187.498025	-85.191061
-90.024348	187.357717	-85.384077
-90.234331	187.212949	-85.583251
-90.450808	187.063720	-85.788585
-90.673778	186.910030	-86.000077
-90.903243	186.751880	-86.217729
-91.139201	186.589269	-86.441539
-91.381653	186.422198	-86.671509
-91.630599	186.250666	-86.907638
-91.886038	186.074674	-87.149926
-92.147972	185.894221	-87.398373
-92.416399	185.709307	-87.652979
-92.691320	185.519933	-87.913744
-92.972735	185.326098	-88.180668
-93.260643	185.127803	-88.453752
-93.555045	184.925048	-88.732994
-93.855942	184.717832	-89.018396
-94.163332	184.506155	-89.309956
-94.477215	184.290018	-89.607676
-94.797593	184.069421	-89.911555
-94.942727	183.969493	-90.049215
-95.094356	183.865104	-90.193035
-95.252478	183.756255	-90.343013
-95.417094	183.642946	-90.499151
-95.588204	183.525176	-90.661448
-95.765807	183.402946	-90.829903
-95.949905	183.276255	-91.004518
-96.140496	183.145104	-91.185293
-96.337581	183.009492	-91.372226
-96.541160	182.869420	-91.565318
-96.751233	182.724888	-91.764570
-96.967800	182.575896	-91.969981
-97.190860	182.422442	-92.181550
-97.420414	182.264529	-92.399279
-97.656462	182.102155	-92.623168
-97.899004	181.935321	-92.853215
-98.148040	181.764027	-93.089421
-98.403570	181.588272	-93.331787
-98.665594	181.408056	-93.580311
-98.934111	181.223381	-93.834995
-99.209122	181.034245	-94.095838
-99.490627	180.840649	-94.362841
-99.778626	180.642592	-94.636002
-100.073119	180.440075	-94.915322
-100.374106	180.233098	-95.200802
-100.681586	180.021660	-95.492441
-100.995561	179.805762	-95.790239
-101.316029	179.585404	-96.094196
-101.461204	179.485582	-96.231891
-101.612872	179.381300	-96.375745
-101.771035	179.272558	-96.525759
-101.935691	179.159355	-96.681931
-102.106841	179.041692	-96.844263
-102.284485	178.919568	-97.012754
-102.468623	178.792985	-97.187404
-102.659255	178.661941	-97.368213
-102.856380	178.526437	-97.555181
-103.060000	178.386472	-97.748309
-103.270113	178.242047	-97.947595
-103.486721	178.093162	-98.153041
-103.709822	177.939817	-98.364646
-103.939417	177.782011	-98.582411
-104.175506	177.619745	-98.806334
-104.418088	177.453019	-99.036417
-104.667165	177.281833	-99.272659
-104.922735	177.106186	-99.515060
-105.184800	176.926079	-99.763620
-105.453358	176.741512	-100.018339
-105.728410	176.552484	-100.279218
-106.009956	176.358996	-100.546256
-106.297996	176.161048	-100.819453
-106.592530	175.958640	-101.098809
-106.893557	175.751771	-101.384324
-107.201079	175.540443	-101.675998
-107.515094	175.324653	-101.973832
-107.835604	175.104404	-102.277825
-107.980797	175.004631	-102.415536
-108.132483	174.900397	-102.559406
-108.290664	174.791703	-102.709435
-108.455339	174.678549	-102.865624
-108.626507	174.560934	-103.027971
-108.804169	174.438860	-103.196478
-108.988326	174.312325	-103.371144
-109.178976	174.181330	-103.551969
-109.376120	174.045874	-103.738954
-109.579758	173.905959	-103.932097
-109.789889	173.761583	-104.131400
-110.006515	173.612747	-104.336862
-110.229635	173.459450	-104.548483
-110.459248	173.301694	-104.766264
-110.695355	173.139477	-104.990203
-110.937957	172.972800	-105.220302
-111.187052	172.801663	-105.456560
-111.442641	172.626065	-105.698977
-111.704724	172.446008	-105.947554
-111.973300	172.261490	-106.202289
-112.248371	172.072512	-106.463184
-112.529936	171.879073	-106.730238
-112.817994	171.681175	-107.003451
-113.112547	171.478816	-107.282824
-113.413593	171.271997	-107.568355
-113.721133	171.060718	-107.860046
-114.035167	170.844978	-108.157896
-114.355695	170.624778	-108.461905
-114.500896	170.525027	-108.599624
-114.652591	170.420815	-108.743501
-114.810780	170.312143	-108.893537
-114.975463	170.199011	-109.049733
-115.146640	170.081419	-109.212088
-115.324310	169.959367	-109.380602
-115.508475	169.832854	-109.555275
-115.699133	169.701881	-109.736108
-115.896286	169.566448	-109.923100
-116.099932	169.426555	-110.116251
-116.310072	169.282201	-110.315561
-116.526706	169.133387	-110.521030
-116.749834	168.980113	-110.732659
-116.979456	168.822379	-110.950447
-117.215572	168.660185	-111.174394
-117.458181	168.493530	-111.404500
-117.707285	168.322415	-111.640765
-117.962882	168.146840	-111.883190
-118.224973	167.966805	-112.131774
-118.493559	167.782310	-112.386517
-118.768638	167.593354	-112.647419
-119.050211	167.399938	-112.914480
-119.338278	167.202062	-113.187701
-119.632838	166.999726	-113.467081
-119.933893	166.792929	-113.752620
-120.241442	166.581673	-114.044318
-120.555484	166.365956	-114.342176
-120.876020	166.145779	-114.646192
-121.021225	166.046037	-114.783914
-121.172924	165.941836	-114.927794
-121.331117	165.833174	-115.077834
-121.495804	165.720052	-115.234033
-121.666984	165.602470	-115.396391
-121.844659	165.480427	-115.564909
-122.028827	165.353925	-115.739586
-122.219489	165.222962	-115.920421
-122.416645	165.087539	-116.107416
-122.620295	164.947656	-116.300571
-122.830439	164.803313	-116.499884
-123.047077	164.654509	-116.705357
-123.270209	164.501245	-116.916989
-123.499834	164.343521	-117.134780
-123.735954	164.181337	-117.358730
-123.978567	164.014693	-117.588840
-124.227675	163.843588	-117.825109
-124.483276	163.668023	-118.067537
-124.745371	163.487998	-118.316124
-125.013960	163.303513	-118.570870
-125.289043	163.114568	-118.831776
-125.570620	162.921162	-119.098841
-125.858691	162.723296	-119.372065
-126.153255	162.520970	-119.651448
-126.454314	162.314184	-119.936991
-126.761866	162.102938	-120.228692
-127.075912	161.887231	-120.526553
-127.396453	161.667064	-120.830573
-127.541659	161.567328	-120.968296
-127.693360	161.463131	-121.112178
-127.851554	161.354474	-121.262220
-128.016243	161.241356	-121.418420
-128.187425	161.123779	-121.580780
-128.365101	161.001741	-121.749299
-128.549271	160.875243	-121.923977
-128.739935	160.744285	-122.104815
-128.937093	160.608866	-122.291811
-129.140745	160.468988	-122.484967
-129.350890	160.324649	-122.684282
-129.567530	160.175850	-122.889756
-129.790663	160.022591	-123.101390
-130.020291	159.864872	-123.319183
-130.256412	159.702692	-123.543135
-130.499027	159.536052	-123.773246
-130.748136	159.364952	-124.009516
-131.003739	159.189392	-124.251946
-131.265836	159.009372	-124.500534
-131.534427	158.824892	-124.755282
-131.809512	158.635951	-125.016189
-132.091090	158.442550	-125.283256
-132.379163	158.244689	-125.556481
-132.673729	158.042368	-125.835866
-132.974789	157.835586	-126.121410
-133.282343	157.624344	-126.413113
-133.596391	157.408643	-126.710976
-133.916933	157.188480	-127.014998
-134.062141	157.088746	-127.152721
-134.213842	156.984551	-127.296604
-134.372037	156.875896	-127.446646
-134.536727	156.762781	-127.602847
-134.707910	156.645205	-127.765208
-134.885587	156.523169	-127.933728
-135.069757	156.396674	-128.108406
-135.260422	156.265718	-128.289245
-135.457581	156.130301	-128.476242
-135.661233	155.990425	-128.669398
-135.871380	155.846088	-128.868714
-136.088020	155.697291	-129.074189
-136.311154	155.544034	-129.285823
-136.540782	155.386317	-129.503617
-136.776905	155.224140	-129.727569
-137.019520	155.057502	-129.957681
-137.268630	154.886404	-130.193952
-137.524234	154.710846	-130.436382
-137.786332	154.530828	-130.684972
-138.054923	154.346350	-130.939721
-138.330009	154.157411	-131.200628
-138.611588	153.964013	-131.467696
-138.899661	153.766154	-131.740922
-139.194229	153.563835	-132.020307
-139.495290	153.357055	-132.305852
-139.802845	153.145816	-132.597556
-140.116894	152.930116	-132.895419
-140.437436	152.709956	-133.199442
-140.582644	152.610222	-133.337166
-140.734346	152.506028	-133.481049
-140.892541	152.397374	-133.631091
-141.057231	152.284260	-133.787293
-141.228414	152.166685	-133.949653
-141.406092	152.044651	-134.118173
-141.590263	151.918156	-134.292853
-141.780928	151.787201	-134.473691
-141.978087	151.651786	-134.660689
-142.181740	151.511910	-134.853846
-142.391886	151.367574	-135.053162
-142.608527	151.218779	-135.258637
-142.831662	151.065522	-135.470272
-143.061290	150.907806	-135.688065
-143.297413	150.745630	-135.912018
-143.540029	150.578993	-136.142130
-143.789139	150.407896	-136.378402
-144.044743	150.232339	-136.620832
-144.306841	150.052322	-136.869422
-144.575433	149.867845	-137.124171
-144.850519	149.678907	-137.385079
-145.132099	149.485509	-137.652147
-145.420173	149.287651	-137.925373
-145.714740	149.085333	-138.204759
-146.015801	148.878555	-138.490304
-146.323357	148.667316	-138.782009
-146.637406	148.451618	-139.079872
-146.957949	148.231459	-139.383895
-147.103157	148.131725	-139.521619
-147.254859	148.027532	-139.665502
-147.413055	147.918878	-139.815545
-147.577744	147.805764	-139.971746
-147.748928	147.688190	-140.134107
-147.926605	147.566156	-140.302627
-148.110777	147.439662	-140.477307
-148.301442	147.308707	-140.658145
-148.498601	147.173292	-140.845143
-148.702254	147.033417	-141.038300
-148.912401	146.889082	-141.237616
-149.129042	146.740287	-141.443092
-149.352177	146.587031	-141.654727
-149.581806	146.429315	-141.872520
-149.817928	146.267139	-142.096473
-150.060545	146.100503	-142.326586
-150.309655	145.929407	-142.562857
-150.565259	145.753850	-142.805288
-150.827357	145.573833	-143.053878
-151.095950	145.389356	-143.308627
-151.371036	145.200419	-143.569535
-151.652615	145.007022	-143.836603
-151.940689	144.809164	-144.109830
-152.235257	144.606847	-144.389216
-152.536319	144.400069	-144.674761
-152.843874	144.188831	-144.966465
-153.157923	143.973132	-145.264329
-153.478467	143.752974	-145.568352
-153.623675	143.653241	-145.706076
-153.775377	143.549047	-145.849960
-153.933573	143.440394	-146.000002
-154.098262	143.327280	-146.156204
-154.269446	143.209706	-146.318565
-154.447123	143.087672	-146.487085
-154.631295	142.961178	-146.661765
-154.821960	142.830224	-146.842603
-155.019119	142.694809	-147.029601
-155.222773	142.554934	-147.222758
-155.432920	142.410599	-147.422074
-155.649561	142.261804	-147.627550
-155.872695	142.108549	-147.839185
-156.102324	141.950833	-148.056979
-156.338447	141.788657	-148.280932
-156.581063	141.622021	-148.511044
-156.830174	141.450925	-148.747316
-157.085778	141.275369	-148.989746
-157.347876	141.095352	-149.238336
-157.616469	140.910876	-149.493086
-157.891555	140.721939	-149.753994
-158.173135	140.528541	-150.021062
-158.461208	140.330684	-150.294289
-158.755776	140.128367	-150.573675
-159.056838	139.921589	-150.859220
-159.364394	139.710351	-151.150924
-159.678443	139.494653	-151.448788
-159.998986	139.274495	-151.752811
-160.144194	139.174762	-151.890535
-160.295896	139.070568	-152.034419
-160.454092	138.961915	-152.184461
-160.618782	138.848802	-152.340663
-160.789966	138.731228	-152.503024
-160.967643	138.609194	-152.671544
-161.151815	138.482700	-152.846224
-161.342480	138.351745	-153.027063
-161.539639	138.216331	-153.214060
-161.743292	138.076456	-153.407218
-161.953440	137.932121	-153.606534
-162.170081	137.783326	-153.812009
-162.393215	137.630071	-154.023644
-162.622844	137.472355	-154.241438
-162.858967	137.310180	-154.465391
-163.101583	137.143544	-154.695504
-163.350694	136.972448	-154.931775
-163.606298	136.796891	-155.174206
-163.868397	136.616875	-155.422796
-164.136989	136.432398	-155.677545
-164.412075	136.243461	-155.938454
-164.693655	136.050064	-156.205522
-164.981729	135.852207	-156.478748
-165.276297	135.649890	-156.758135
-165.577358	135.443112	-157.043680
-165.884914	135.231874	-157.335384
-166.198964	135.016176	-157.633248
-166.519507	134.796018	-157.937271
-166.664715	134.696285	-158.074995
-166.816417	134.592092	-158.218879
-166.974613	134.483439	-158.368921
-167.139303	134.370325	-158.525123
-167.310486	134.252751	-158.687484
-167.488164	134.130717	-158.856005
-167.672335	134.004223	-159.030684
-167.863001	133.873269	-159.211523
-168.060160	133.737855	-159.398521
-168.263813	133.597980	-159.591678
-168.473960	133.453645	-159.790994
-168.690601	133.304850	-159.996470
-168.913736	133.151595	-160.208104
-169.143365	132.993879	-160.425898
-169.379488	132.831704	-160.649852
-169.622104	132.665068	-160.879964
-169.871215	132.493972	-161.116236
-170.126819	132.318415	-161.358666
-170.388918	132.138399	-161.607257
-170.657510	131.953922	-161.862006
-170.932596	131.764986	-162.122914
-171.214176	131.571589	-162.389982
-171.502250	131.373732	-162.663209
-171.796818	131.171414	-162.942595
-172.097879	130.964637	-163.228140
-172.405435	130.753399	-163.519845
-172.719485	130.537701	-163.817709
-173.040028	130.317543	-164.121732
-173.185236	130.217810	-164.259456
-173.336938	130.113617	-164.403339
-173.495134	130.004963	-164.553382
-173.659824	129.891850	-164.709584
-173.831007	129.774276	-164.871945
-174.008685	129.652242	-165.040465
-174.192856	129.525748	-165.215145
-174.383522	129.394794	-165.395983
-174.580681	129.259379	-165.582981
-174.784334	129.119505	-165.776138
-174.994481	128.975170	-165.975455
-175.211122	128.826375	-166.180930
-175.434257	128.673120	-166.392565
-175.663886	128.515404	-166.610359
-175.900009	128.353229	-166.834312
-176.142625	128.186593	-167.064425
-176.391736	128.015497	-167.300696
-176.647340	127.839940	-167.543127
-176.909439	127.659924	-167.791717
-177.178031	127.475447	-168.046466
-177.453117	127.286511	-168.307375
-177.734697	127.093114	-168.574443
-178.022771	126.895257	-168.847669
-178.317339	126.692939	-169.127056
-178.618401	126.486162	-169.412601
-178.925956	126.274924	-169.704305
-179.240006	126.059226	-170.002169
-179.560549	125.839068	-170.306192
-179.705757	125.739335	-170.443916
-179.857459	125.635142	-170.587800
-180.015655	125.526489	-170.737842
-180.180345	125.413375	-170.894044
-180.351529	125.295801	-171.056405
-180.529206	125.173767	-171.224926
-180.713378	125.047273	-171.399605
-180.904043	124.916319	-171.580444
-181.101202	124.780905	-171.767442
-181.304856	124.641030	-171.960599
-181.515003	124.496695	-172.159915
-181.731644	124.347900	-172.365391
-181.954779	124.194645	-172.577026
-182.184407	124.036929	-172.794820
-182.420530	123.874754	-173.018773
-182.663147	123.708118	-173.248885
-182.912257	123.537022	-173.485157
-183.167862	123.361466	-173.727588
-183.429960	123.181449	-173.976178
-183.698552	122.996973	-174.230927
-183.973638	122.808036	-174.491835
-184.255218	122.614639	-174.758903
-184.543292	122.416782	-175.032130
-184.837860	122.214465	-175.311516
-185.138922	122.007687	-175.597062
-185.446478	121.796449	-175.888766
-185.760527	121.580751	-176.186630
-186.081071	121.360593	-176.490653
-186.226279	121.260860	-176.628377
-186.377981	121.156667	-176.772261
-186.536177	121.048014	-176.922303
-186.700866	120.934900	-177.078505
-186.872050	120.817327	-177.240866
-187.049728	120.695293	-177.409386
-187.233899	120.568799	-177.584066
-187.424564	120.437845	-177.764905
-187.621724	120.302430	-177.951902
-187.825377	120.162555	-178.145060
-188.035524	120.018221	-178.344376
-188.252165	119.869426	-178.549852
-188.475300	119.716170	-178.761486
-188.704929	119.558455	-178.979280
-188.941052	119.396279	-179.203233
-189.183668	119.229644	-179.433346
-189.432779	119.058548	-179.669618
-189.688383	118.882991	-179.912048
-189.950481	118.702975	-180.160638
-190.219074	118.518498	-180.415388
-190.494160	118.329562	-180.676296
-190.775740	118.136165	-180.943364
-191.063814	117.938308	-181.216591
-191.358382	117.735990	-181.495977
-191.659443	117.529213	-181.781522
-191.966999	117.317975	-182.073227
-192.281048	117.102277	-182.371091
-192.601592	116.882119	-182.675114
-192.746800	116.782386	-182.812838
-192.898502	116.678193	-182.956721
-193.056698	116.569540	-183.106764
-193.221388	116.456426	-183.262966
-193.392571	116.338852	-183.425327
-193.570249	116.216818	-183.593847
-193.754420	116.090324	-183.768527
-193.945086	115.959370	-183.949365
-194.142245	115.823956	-184.136363
-194.345898	115.684081	-184.329520
-194.556045	115.539746	-184.528837
-194.772686	115.390951	-184.734312
-194.995821	115.237696	-184.945947
-195.225450	115.079980	-185.163741
-195.461573	114.917805	-185.387694
-195.704190	114.751169	-185.617807
-195.953300	114.580073	-185.854078
-196.208904	114.404517	-186.096509
-196.471003	114.224501	-186.345099
-196.739595	114.040024	-186.599848
-197.014681	113.851087	-186.860757
-197.296261	113.657690	-187.127825
-197.584335	113.459833	-187.401052
-197.878903	113.257516	-187.680438
-198.179965	113.050738	-187.965983
-198.487520	112.839501	-188.257688
-198.801570	112.623803	-188.555551
-199.122113	112.403644	-188.859574
-199.267321	112.303912	-188.997299
-199.419023	112.199718	-189.141182
-199.577219	112.091065	-189.291225
-199.741909	111.977952	-189.447426
-199.913093	111.860378	-189.609788
-200.090770	111.738344	-189.778308
-200.274942	111.611850	-189.952987
-200.465607	111.480896	-190.133826
-200.662767	111.345481	-190.320824
-200.866420	111.205607	-190.513981
-201.076567	111.061272	-190.713297
-201.293208	110.912477	-190.918773
-201.516343	110.759222	-191.130408
-201.745972	110.601506	-191.348202
-201.982094	110.439331	-191.572155
-202.224711	110.272695	-191.802267
-202.473821	110.101599	-192.038539
-202.729426	109.926043	-192.280970
-202.991524	109.746026	-192.529560
-203.260116	109.561550	-192.784309
-203.535203	109.372613	-193.045218
-203.816783	109.179216	-193.312285
-204.104857	108.981359	-193.585512
-204.399424	108.779041	-193.864898
-204.700486	108.572264	-194.150444
-205.008042	108.361026	-194.442148
-205.322091	108.145328	-194.740012
-205.642635	107.925170	-195.044035
-205.787843	107.825437	-195.181759
-205.939545	107.721244	-195.325643
-206.097741	107.612591	-195.475685
-206.262430	107.499477	-195.631887
-206.433614	107.381904	-195.794248
-206.611292	107.259870	-195.962769
-206.795463	107.133376	-196.137448
-206.986129	107.002421	-196.318287
-207.183288	106.867007	-196.505285
-207.386941	106.727132	-196.698442
-207.597088	106.582797	-196.897758
-207.813729	106.434002	-197.103234
-208.036864	106.280747	-197.314869
-208.266493	106.123032	-197.532663
-208.502616	105.960856	-197.756616
-208.745232	105.794220	-197.986728
-208.994343	105.623124	-198.223000
-209.249947	105.447568	-198.465431
-209.512046	105.267552	-198.714021
-209.780638	105.083075	-198.968770
-210.055724	104.894138	-199.229678
-210.337304	104.700742	-199.496746
-210.625378	104.502884	-199.769973
-210.919946	104.300567	-200.049359
-211.221007	104.093789	-200.334905
-211.528563	103.882552	-200.626609
-211.842613	103.666854	-200.924473
-212.163156	103.446696	-201.228496
-212.308364	103.346963	-201.366220
-212.460066	103.242770	-201.510104
-212.618262	103.134116	-201.660146
-212.782952	103.021003	-201.816348
-212.954136	102.903429	-201.978709
-213.131813	102.781395	-202.147229
-213.315985	102.654901	-202.321909
-213.506650	102.523947	-202.502748
-213.703809	102.388533	-202.689745
-213.907463	102.248658	-202.882903
-214.117610	102.104323	-203.082219
-214.334251	101.955528	-203.287695
-214.557386	101.802273	-203.499329
-214.787014	101.644557	-203.717123
-215.023137	101.482382	-203.941077
-215.265754	101.315746	-204.171189
-215.514864	101.144650	-204.407461
-215.770469	100.969094	-204.649891
-216.032567	100.789077	-204.898481
-216.301159	100.604601	-205.153231
-216.576245	100.415664	-205.414139
-216.857825	100.222267	-205.681207
-217.145899	100.024410	-205.954434
-217.440467	99.822093	-206.233820
-217.741529	99.615315	-206.519365
-218.049085	99.404077	-206.811070
-218.363134	99.188380	-207.108934
-218.683678	98.968221	-207.412957
-218.828886	98.868488	-207.550681
-218.980588	98.764295	-207.694564
-219.138783	98.655642	-207.844607
-219.303473	98.542529	-208.000809
-219.474657	98.424955	-208.163170
-219.652335	98.302921	-208.331690
-219.836506	98.176427	-208.506370
-220.027171	98.045473	-208.687208
-220.224331	97.910058	-208.874206
-220.427984	97.770184	-209.067363
-220.638131	97.625849	-209.266680
-220.854772	97.477054	-209.472155
-221.077907	97.323798	-209.683790
-221.307536	97.166083	-209.901584
-221.543659	97.003907	-210.125537
-221.786275	96.837272	-210.355650
-222.035386	96.666176	-210.591921
-222.290990	96.490619	-210.834352
-222.553088	96.310603	-211.082942
-222.821681	96.126127	-211.337692
-223.096767	95.937190	-211.598600
-223.378347	95.743793	-211.865668
-223.666421	95.545936	-212.138895
-223.960989	95.343618	-212.418281
-224.262050	95.136841	-212.703826
-224.569606	94.925603	-212.995531
-224.883656	94.709905	-213.293394
-225.204199	94.489747	-213.597417
-225.349407	94.390014	-213.735142
-225.501109	94.285821	-213.879025
-225.659305	94.177168	-214.029068
-225.823995	94.064054	-214.185270
-225.995178	93.946481	-214.347631
-226.172856	93.824447	-214.516151
-226.357027	93.697953	-214.690830
-226.547693	93.566998	-214.871669
-226.744852	93.431584	-215.058667
-226.948505	93.291709	-215.251824
-227.158652	93.147374	-215.451141
-227.375293	92.998579	-215.656616
-227.598428	92.845324	-215.868251
-227.828057	92.687609	-216.086045
-228.064180	92.525433	-216.309998
-228.306797	92.358797	-216.540110
-228.555907	92.187701	-216.776382
-228.811511	92.012145	-217.018813
-229.073610	91.832129	-217.267403
-229.342202	91.647652	-217.522152
-229.617288	91.458715	-217.783061
-229.898868	91.265318	-218.050128
-230.186942	91.067461	-218.323355
-230.481510	90.865144	-218.602742
-230.782572	90.658366	-218.888287
-231.090127	90.447129	-219.179991
-231.404177	90.231431	-219.477855
-231.724720	90.011273	-219.781878
-231.869928	89.911540	-219.919602
-232.021630	89.807347	-220.063486
-232.179826	89.698693	-220.213528
-232.344516	89.585580	-220.369730
-232.515700	89.468006	-220.532091
-232.693377	89.345972	-220.700612
-232.877549	89.219478	-220.875291
-233.068214	89.088524	-221.056130
-233.265374	88.953109	-221.243128
-233.469027	88.813235	-221.436285
-233.679174	88.668900	-221.635601
-233.895815	88.520105	-221.841077
-234.118950	88.366850	-222.052712
-234.348579	88.209134	-222.270506
-234.584701	88.046959	-222.494459
-234.827318	87.880323	-222.724571
-235.076428	87.709227	-222.960843
-235.332033	87.533671	-223.203274
-235.594131	87.353654	-223.451864
-235.862723	87.169178	-223.706613
-236.137810	86.980241	-223.967522
-236.419390	86.786844	-224.234589
-236.707464	86.588987	-224.507816
-237.002031	86.386670	-224.787202
-237.303093	86.179892	-225.072748
-237.610649	85.968654	-225.364452
-237.924698	85.752956	-225.662316
-238.245242	85.532798	-225.966339
-238.390450	85.433065	-226.104063
-238.542152	85.328872	-226.247947
-238.700348	85.220219	-226.397989
-238.865038	85.107106	-226.554191
-239.036221	84.989532	-226.716552
-239.213899	84.867498	-226.885072
-239.398070	84.741004	-227.059752
-239.588736	84.610050	-227.240591
-239.785895	84.474635	-227.427589
-239.989548	84.334760	-227.620746
-240.199695	84.190426	-227.820062
-240.416336	84.041631	-228.025538
-240.639471	83.888375	-228.237172
-240.869100	83.730660	-228.454966
-241.105223	83.568484	-228.678920
-241.347839	83.401849	-228.909032
-241.596950	83.230753	-229.145304
-241.852554	83.055196	-229.387734
-242.114653	82.875180	-229.636325
-242.383245	82.690703	-229.891074
-242.658331	82.501767	-230.151982
-242.939911	82.308370	-230.419050
-243.227985	82.110513	-230.692277
-243.522553	81.908195	-230.971663
-243.823615	81.701418	-231.257208
-244.131170	81.490180	-231.548913
-244.445220	81.274482	-231.846777
-244.765763	81.054324	-232.150800
-244.910971	80.954591	-232.288524
-245.062673	80.850398	-232.432407
-245.220869	80.741745	-232.582450
-245.385559	80.628631	-232.738652
-245.556743	80.511057	-232.901013
-245.734420	80.389024	-233.069533
-245.918592	80.262530	-233.244213
-246.109257	80.131575	-233.425051
-246.306416	79.996161	-233.612049
-246.510070	79.856286	-233.805206
-246.720217	79.711951	-234.004523
-246.936858	79.563156	-234.209998
-247.159993	79.409901	-234.421633
-247.389621	79.252186	-234.639427
-247.625744	79.090010	-234.863380
-247.868361	78.923374	-235.093493
-248.117471	78.752278	-235.329764
-248.373076	78.576722	-235.572195
-248.635174	78.396706	-235.820785
-248.903766	78.212229	-236.075535
-249.178852	78.023292	-236.336443
