-48.426516	242.852591	-30.020732
-48.484667	242.775639	-30.048898
-48.550272	242.693881	-30.081684
-48.623331	242.607317	-30.119089
-48.703847	242.515948	-30.161112
-48.791818	242.419775	-30.207753
-48.887247	242.318798	-30.259010
-48.990133	242.213018	-30.314884
-49.100479	242.102436	-30.375373
-49.218284	241.987051	-30.440477
-49.343549	241.866866	-30.510195
-49.476276	241.741880	-30.584526
-49.616465	241.612094	-30.663471
-49.764117	241.477509	-30.747027
-49.919232	241.338126	-30.835195
-50.081813	241.193945	-30.927974
-50.251858	241.044966	-31.025363
-50.429370	240.891190	-31.127362
-50.614349	240.732619	-31.233970
-50.806795	240.569252	-31.345186
-51.006710	240.401090	-31.461010
-51.214094	240.228135	-31.581441
-51.428949	240.050386	-31.706478
-51.651274	239.867844	-31.836121
-51.881072	239.680510	-31.970370
-52.118341	239.488384	-32.109223
-52.363084	239.291468	-32.252681
-52.615301	239.089761	-32.400742
-52.874993	238.883265	-32.553406
-53.142160	238.671980	-32.710672
-53.416803	238.455907	-32.872541
-53.698924	238.235046	-33.039010
-53.988522	238.009398	-33.210081
-54.285599	237.778964	-33.385752
-54.590156	237.543744	-33.566023
-54.902192	237.303739	-33.750892
-55.221709	237.058950	-33.940361
-55.548708	236.809377	-34.134428
-55.883188	236.555022	-34.333093
-56.225152	236.295884	-34.536355
-56.574599	236.031964	-34.744214
-56.931531	235.763263	-34.956669
-57.092992	235.642093	-35.052837
-57.261937	235.516143	-35.153601
-57.438369	235.385413	-35.258960
-57.622287	235.249904	-35.368914
-57.813691	235.109615	-35.483464
-58.012581	234.964548	-35.602609
-58.218959	234.814702	-35.726348
-58.432823	234.660078	-35.854682
-58.654175	234.500676	-35.987610
-58.883015	234.336496	-36.125133
-59.119343	234.167539	-36.267249
-59.363160	233.993805	-36.413959
-59.614465	233.815294	-36.565263
-59.873259	233.632006	-36.721161
-60.139543	233.443943	-36.881652
-60.413316	233.251103	-37.046735
-60.694579	233.053488	-37.216412
-60.983332	232.851098	-37.390682
-61.279576	232.643933	-37.569544
-61.583310	232.431993	-37.752999
-61.894536	232.215279	-37.941046
-62.213253	231.993790	-38.133685
-62.539461	231.767528	-38.330917
-62.873162	231.536493	-38.532740
-63.214355	231.300684	-38.739155
-63.563040	231.060103	-38.950161
-63.919218	230.814749	-39.165759
-64.282889	230.564623	-39.385948
-64.447806	230.451366	-39.485824
-64.620217	230.333337	-39.590290
-64.800121	230.210536	-39.699347
-64.987519	230.082964	-39.812996
-65.182411	229.950620	-39.931235
-65.384797	229.813505	-40.054065
-65.594677	229.671619	-40.181486
-65.812051	229.524963	-40.313498
-66.036920	229.373535	-40.450100
-66.269283	229.217337	-40.591293
-66.509140	229.056368	-40.737077
-66.756492	228.890629	-40.887451
-67.011339	228.720119	-41.042416
-67.273681	228.544840	-41.201971
-67.543518	228.364790	-41.366116
-67.820850	228.179971	-41.534852
-68.105678	227.990382	-41.708178
-68.398001	227.796023	-41.886094
-68.697819	227.596895	-42.068600
-69.005133	227.392998	-42.255697
-69.319943	227.184332	-42.447384
-69.642249	226.970896	-42.643660
-69.972051	226.752692	-42.844527
-70.309349	226.529719	-43.049983
-70.654143	226.301977	-43.260030
-71.006433	226.069467	-43.474666
-71.366220	225.832189	-43.693892
-71.733504	225.590143	-43.917708
-71.899934	225.480539	-44.019137
-72.073861	225.366167	-44.125156
-72.255285	225.247027	-44.235765
-72.444206	225.123119	-44.350963
-72.640624	224.994444	-44.470751
-72.844538	224.861001	-44.595129
-73.055950	224.722790	-44.724096
-73.274859	224.579812	-44.857653
-73.501265	224.432066	-44.995799
-73.735167	224.279553	-45.138535
-73.976568	224.122272	-45.285861
-74.225465	223.960225	-45.437776
-74.481860	223.793409	-45.594281
-74.745752	223.621827	-45.755375
-75.017142	223.445478	-45.921059
-75.296028	223.264362	-46.091332
-75.582413	223.078478	-46.266195
-75.876295	222.887828	-46.445647
-76.177675	222.692411	-46.629689
-76.486552	222.492227	-46.818320
-76.802927	222.287276	-47.011540
-77.126800	222.077559	-47.209350
-77.458170	221.863075	-47.411749
-77.797039	221.643825	-47.618738
-78.143405	221.419808	-47.830316
-78.497269	221.191025	-48.046484
-78.858631	220.957476	-48.267241
-79.227492	220.719160	-48.492587
-79.394604	220.611226	-48.594684
-79.569214	220.498525	-48.701370
-79.751322	220.381059	-48.812646
-79.940929	220.258826	-48.928510
-80.138033	220.131828	-49.048965
-80.342636	220.000063	-49.174008
-80.554737	219.863532	-49.303641
-80.774337	219.722236	-49.437863
-81.001434	219.576173	-49.576675
-81.236030	219.425344	-49.720075
-81.478124	219.269750	-49.868065
-81.727717	219.109390	-50.020645
-81.984808	218.944263	-50.177813
-82.249397	218.774372	-50.339571
-82.521484	218.599714	-50.505918
-82.801070	218.420290	-50.676855
-83.088155	218.236101	-50.852380
-83.382738	218.047146	-51.032496
-83.684819	217.853426	-51.217200
-83.994399	217.654940	-51.406493
-84.311477	217.451688	-51.600376
-84.636054	217.243671	-51.798848
-84.968130	217.030888	-52.001910
-85.307704	216.813339	-52.209560
-85.654777	216.591026	-52.421800
-86.009348	216.363946	-52.638629
-86.371418	216.132102	-52.860047
-86.740987	215.895492	-53.086055
-86.908409	215.788318	-53.188443
-87.083331	215.676378	-53.295420
-87.265751	215.559674	-53.406987
-87.455670	215.438204	-53.523143
-87.653088	215.311969	-53.643888
-87.858005	215.180968	-53.769222
-88.070420	215.045203	-53.899146
-88.290334	214.904672	-54.033658
-88.517747	214.759375	-54.172760
-88.752658	214.609314	-54.316452
-88.995068	214.454487	-54.464732
-89.244977	214.294895	-54.617602
-89.502385	214.130538	-54.775061
-89.767292	213.961416	-54.937109
-90.039697	213.787529	-55.103746
-90.319602	213.608876	-55.274973
-90.607005	213.425459	-55.450789
-90.901907	213.237276	-55.631194
-91.204308	213.044328	-55.816188
-91.514207	212.846615	-56.005772
-91.831606	212.644137	-56.199945
-92.156503	212.436894	-56.398707
-92.488900	212.224886	-56.602058
-92.828795	212.008113	-56.809999
-93.176189	211.786574	-57.022528
-93.531082	211.560271	-57.239647
-93.893474	211.329203	-57.461356
-94.263365	211.093370	-57.687653
-94.430930	210.986542	-57.790169
-94.605994	210.874948	-57.897275
-94.788557	210.758590	-58.008969
-94.978620	210.637467	-58.125253
-95.176181	210.511579	-58.246127
-95.381241	210.380926	-58.371589
-95.593800	210.245508	-58.501641
-95.813858	210.105325	-58.636282
-96.041415	209.960378	-58.775512
-96.276471	209.810665	-58.919331
-96.519026	209.656187	-59.067740
-96.769080	209.496945	-59.220737
-97.026633	209.332938	-59.378324
-97.291685	209.164166	-59.540501
-97.564235	208.990629	-59.707266
-97.844285	208.812327	-59.878621
-98.131834	208.629260	-60.054565
-98.426882	208.441428	-60.235098
-98.729429	208.248832	-60.420220
-99.039475	208.051470	-60.609932
-99.357020	207.849344	-60.804233
-99.682064	207.642453	-61.003123
-100.014607	207.430797	-61.206602
-100.354649	207.214377	-61.414671
-100.702190	206.993191	-61.627329
-101.057230	206.767241	-61.844576
-101.419770	206.536526	-62.066412
-101.789808	206.301046	-62.292838
-101.957438	206.194375	-62.395411
-102.132568	206.082939	-62.502573
-102.315197	205.966739	-62.614325
-102.505325	205.845773	-62.730665
-102.702952	205.720043	-62.851595
-102.908077	205.589548	-62.977115
-103.120702	205.454288	-63.107223
-103.340826	205.314263	-63.241921
-103.568450	205.169474	-63.381208
-103.803572	205.019920	-63.525084
-104.046193	204.865601	-63.673549
-104.296313	204.706518	-63.826604
-104.553933	204.542669	-63.984248
-104.819051	204.374056	-64.146481
-105.091669	204.200678	-64.313303
-105.371785	204.022536	-64.484715
-105.659401	203.839629	-64.660716
-105.954516	203.651957	-64.841306
-106.257130	203.459520	-65.026485
-106.567243	203.262318	-65.216253
-106.884855	203.060352	-65.410611
-107.209966	202.853621	-65.609558
-107.542576	202.642126	-65.813094
-107.882686	202.425865	-66.021220
-108.230294	202.204840	-66.233935
-108.585402	201.979051	-66.451239
-108.948008	201.748496	-66.673132
-109.318114	201.513177	-66.899614
-109.485775	201.406577	-67.002213
-109.660934	201.295213	-67.109400
-109.843593	201.179084	-67.221177
-110.033751	201.058190	-67.337543
-110.231408	200.932531	-67.458498
-110.436564	200.802108	-67.584043
-110.649219	200.666920	-67.714176
-110.869374	200.526967	-67.848899
-111.097027	200.382250	-67.988212
-111.332180	200.232768	-68.132113
-111.574831	200.078521	-68.280604
-111.824982	199.919510	-68.433684
-112.082632	199.755734	-68.591353
-112.347781	199.587193	-68.753611
-112.620429	199.413888	-68.920459
-112.900576	199.235818	-69.091896
-113.188223	199.052983	-69.267922
-113.483368	198.865384	-69.448538
-113.786013	198.673020	-69.633742
-114.096156	198.475891	-69.823536
-114.413799	198.273998	-70.017919
-114.738941	198.067339	-70.216892
-115.071582	197.855917	-70.420453
-115.411722	197.639729	-70.628604
-115.759362	197.418777	-70.841344
-116.114500	197.193060	-71.058674
-116.477138	196.962579	-71.280592
-116.847274	196.727333	-71.507100
-117.014949	196.620766	-71.609710
-117.190122	196.509434	-71.716908
-117.372795	196.393337	-71.828697
-117.562966	196.272476	-71.945074
-117.760637	196.146850	-72.066040
-117.965807	196.016459	-72.191596
-118.178476	195.881304	-72.321741
-118.398645	195.741384	-72.456476
-118.626312	195.596700	-72.595799
-118.861478	195.447250	-72.739712
-119.104144	195.293036	-72.888214
-119.354309	195.134058	-73.041305
-119.611973	194.970315	-73.198986
-119.877136	194.801807	-73.361255
-120.149798	194.628535	-73.528114
-120.429959	194.450497	-73.699563
-120.717619	194.267696	-73.875600
-121.012779	194.080129	-74.056227
-121.315437	193.887798	-74.241443
-121.625595	193.690703	-74.431248
-121.943252	193.488842	-74.625643
-122.268408	193.282217	-74.824626
-122.601063	193.070828	-75.028199
-122.941218	192.854673	-75.236362
-123.288871	192.633755	-75.449113
-123.644024	192.408071	-75.666454
-124.006675	192.177623	-75.888384
-124.376826	191.942410	-76.114903
-124.544507	191.835857	-76.217518
-124.719687	191.724540	-76.324721
-124.902366	191.608458	-76.436515
-125.092544	191.487612	-76.552897
-125.290221	191.362001	-76.673868
-125.495397	191.231625	-76.799429
-125.708072	191.096485	-76.929579
-125.928247	190.956580	-77.064319
-126.155921	190.811910	-77.203647
-126.391094	190.662476	-77.347565
-126.633766	190.508277	-77.496072
-126.883937	190.349313	-77.649169
-127.141607	190.185585	-77.806854
-127.406776	190.017092	-77.969129
-127.679445	189.843835	-78.135993
-127.959613	189.665813	-78.307447
-128.247279	189.483026	-78.483489
-128.542445	189.295475	-78.664121
-128.845110	189.103159	-78.849342
-129.155275	188.906078	-79.039152
-129.472938	188.704233	-79.233552
-129.798101	188.497623	-79.432541
-130.130762	188.286248	-79.636119
-130.470923	188.070109	-79.844286
-130.818583	187.849205	-80.057043
-131.173742	187.623537	-80.274388
-131.536400	187.393104	-80.496324
-131.906558	187.157906	-80.722848
-132.074241	187.051360	-80.825465
-132.249424	186.940050	-80.932671
-132.432106	186.823975	-81.044466
-132.622286	186.703135	-81.160851
-132.819967	186.577531	-81.281825
-133.025146	186.447162	-81.407388
-133.237824	186.312028	-81.537540
-133.458002	186.172130	-81.672282
-133.685678	186.027467	-81.811613
-133.920854	185.878040	-81.955533
-134.163529	185.723847	-82.104042
-134.413703	185.564891	-82.257141
-134.671376	185.401169	-82.414829
-134.936549	185.232683	-82.577106
-135.209220	185.059433	-82.743972
-135.489391	184.881417	-82.915428
-135.777060	184.698637	-83.091473
-136.072229	184.511093	-83.272107
-136.374897	184.318784	-83.457330
-136.685065	184.121710	-83.647143
-137.002731	183.919872	-83.841545
-137.327896	183.713269	-84.040536
-137.660561	183.501901	-84.244116
-138.000725	183.285769	-84.452286
-138.348388	183.064872	-84.665045
-138.703550	182.839210	-84.882393
-139.066211	182.608784	-85.104330
-139.436371	182.373593	-85.330857
-139.604056	182.267050	-85.433474
-139.779240	182.155743	-85.540682
-139.961923	182.039671	-85.652478
-140.152105	181.918834	-85.768864
-140.349787	181.793233	-85.889839
-140.554967	181.662867	-86.015403
-140.767647	181.527737	-86.145556
-140.987826	181.387842	-86.280299
-141.215504	181.243182	-86.419631
-141.450681	181.093757	-86.563552
-141.693357	180.939568	-86.712062
-141.943533	180.780615	-86.865162
-142.201207	180.616896	-87.022851
-142.466381	180.448413	-87.185129
-142.739054	180.275166	-87.351996
-143.019226	180.097154	-87.523453
-143.306897	179.914377	-87.699499
-143.602067	179.726836	-87.880134
-143.904736	179.534530	-88.065358
-144.214905	179.337459	-88.255172
-144.532573	179.135624	-88.449575
-144.857739	178.929024	-88.648567
-145.190405	178.717659	-88.852148
-145.530570	178.501530	-89.060319
-145.878235	178.280636	-89.273079
-146.233398	178.054978	-89.490428
-146.596061	177.824555	-89.712366
-146.966222	177.589367	-89.938894
-147.133908	177.482826	-90.041512
-147.309092	177.371520	-90.148720
-147.491776	177.255449	-90.260517
-147.681959	177.134614	-90.376903
-147.879641	177.009014	-90.497878
-148.084822	176.878650	-90.623443
-148.297502	176.743520	-90.753597
-148.517682	176.603627	-90.888340
-148.745360	176.458968	-91.027672
-148.980538	176.309545	-91.171594
-149.223215	176.155358	-91.320105
-149.473391	175.996406	-91.473205
-149.731066	175.832689	-91.630894
-149.996241	175.664207	-91.793173
-150.268914	175.490961	-91.960041
-150.549087	175.312950	-92.131498
-150.836758	175.130175	-92.307544
-151.131929	174.942635	-92.488180
-151.434599	174.750330	-92.673405
-151.744768	174.553261	-92.863219
-152.062437	174.351427	-93.057622
-152.387604	174.144829	-93.256615
-152.720271	173.933466	-93.460196
-153.060436	173.717338	-93.668368
-153.408101	173.496446	-93.881128
-153.763265	173.270789	-94.098478
-154.125928	173.040367	-94.320416
-154.496091	172.805181	-94.546944
-154.663777	172.698640	-94.649563
-154.838961	172.587335	-94.756771
-155.021645	172.471265	-94.868568
-155.211829	172.350430	-94.984954
-155.409511	172.224831	-95.105930
-155.614692	172.094467	-95.231495
-155.827373	171.959339	-95.361649
-156.047553	171.819446	-95.496392
-156.275231	171.674788	-95.635725
-156.510409	171.525365	-95.779646
-156.753087	171.371178	-95.928157
-157.003263	171.212227	-96.081258
-157.260938	171.048511	-96.238947
-157.526113	170.880030	-96.401226
-157.798787	170.706784	-96.568094
-158.078960	170.528774	-96.739552
-158.366632	170.346000	-96.915598
-158.661803	170.158460	-97.096234
-158.964473	169.966156	-97.281459
-159.274642	169.769088	-97.471273
-159.592311	169.567254	-97.665677
-159.917479	169.360657	-97.864670
-160.250146	169.149294	-98.068252
-160.590312	168.933167	-98.276423
-160.937977	168.712275	-98.489184
-161.293141	168.486619	-98.706533
-161.655805	168.256198	-98.928472
-162.025967	168.021013	-99.155001
-162.193653	167.914472	-99.257619
-162.368838	167.803167	-99.364827
-162.551522	167.687097	-99.476624
-162.741705	167.566263	-99.593011
-162.939388	167.440664	-99.713987
-163.144569	167.310301	-99.839551
-163.357250	167.175172	-99.969706
-163.577430	167.035280	-100.104449
-163.805109	166.890622	-100.243782
-164.040287	166.741200	-100.387704
-164.282964	166.587013	-100.536215
-164.533141	166.428062	-100.689315
-164.790816	166.264346	-100.847005
-165.055991	166.095866	-101.009284
-165.328665	165.922620	-101.176152
-165.608838	165.744611	-101.347609
-165.896510	165.561836	-101.523656
-166.191681	165.374297	-101.704292
-166.494352	165.181994	-101.889517
-166.804521	164.984925	-102.079331
-167.122190	164.783092	-102.273735
-167.447358	164.576495	-102.472728
-167.780025	164.365133	-102.676310
-168.120191	164.149006	-102.884482
-168.467856	163.928115	-103.097242
-168.823021	163.702459	-103.314592
-169.185684	163.472038	-103.536531
-169.555847	163.236853	-103.763060
-169.723533	163.130312	-103.865678
-169.898718	163.019007	-103.972886
-170.081402	162.902938	-104.084684
-170.271586	162.782104	-104.201070
-170.469268	162.656505	-104.322046
-170.674450	162.526141	-104.447611
-170.887131	162.391013	-104.577765
-171.107310	162.251121	-104.712508
-171.334990	162.106463	-104.851841
-171.570168	161.957041	-104.995763
-171.812845	161.802855	-105.144274
-172.063022	161.643904	-105.297375
-172.320697	161.480188	-105.455064
-172.585872	161.311708	-105.617343
-172.858546	161.138463	-105.784211
-173.138719	160.960453	-105.955669
-173.426391	160.777679	-106.131716
-173.721562	160.590140	-106.312352
-174.024233	160.397836	-106.497577
-174.334403	160.200768	-106.687391
-174.652071	159.998935	-106.881795
-174.977239	159.792338	-107.080788
-175.309906	159.580976	-107.284370
-175.650073	159.364849	-107.492541
-175.997738	159.143958	-107.705302
-176.352902	158.918302	-107.922652
-176.715566	158.687882	-108.144591
-177.085729	158.452696	-108.371120
-177.253415	158.346156	-108.473738
-177.428600	158.234851	-108.580946
-177.611284	158.118782	-108.692744
-177.801467	157.997948	-108.809130
-177.999150	157.872349	-108.930106
-178.204332	157.741986	-109.055671
-178.417012	157.606858	-109.185825
-178.637192	157.466965	-109.320569
-178.864871	157.322308	-109.459901
-179.100050	157.172886	-109.603823
-179.342727	157.018699	-109.752334
-179.592904	156.859748	-109.905435
-179.850579	156.696033	-110.063125
-180.115754	156.527552	-110.225404
-180.388428	156.354307	-110.392272
-180.668601	156.176298	-110.563729
-180.956273	155.993523	-110.739776
-181.251445	155.805985	-110.920412
-181.554115	155.613681	-111.105637
-181.864285	155.416613	-111.295452
-182.181954	155.214780	-111.489855
-182.507122	155.008183	-111.688848
-182.839789	154.796821	-111.892431
-183.179955	154.580694	-112.100602
-183.527620	154.359803	-112.313363
-183.882785	154.134147	-112.530713
-184.245449	153.903727	-112.752652
-184.615611	153.668542	-112.979180
-184.783297	153.562002	-113.081799
-184.958482	153.450697	-113.189007
-185.141167	153.334627	-113.300804
-185.331350	153.213793	-113.417191
-185.529032	153.088195	-113.538167
-185.734214	152.957831	-113.663732
-185.946895	152.822703	-113.793886
-186.167075	152.682811	-113.928629
-186.394754	152.538153	-114.067962
-186.629932	152.388732	-114.211884
-186.872610	152.234545	-114.360395
-187.122786	152.075594	-114.513496
-187.380462	151.911878	-114.671185
-187.645637	151.743398	-114.833464
-187.918311	151.570153	-115.000333
-188.198484	151.392144	-115.171790
-188.486156	151.209369	-115.347837
-188.781327	151.021831	-115.528473
-189.083998	150.829527	-115.713698
-189.394168	150.632459	-115.903513
-189.711836	150.430626	-116.097916
-190.037004	150.224029	-116.296909
-190.369671	150.012667	-116.500491
-190.709838	149.796541	-116.708663
-191.057503	149.575649	-116.921424
-191.412668	149.349994	-117.138774
-191.775331	149.119573	-117.360713
-192.145494	148.884388	-117.587241
-192.313180	148.777848	-117.689860
-192.488365	148.666543	-117.797068
-192.671049	148.550474	-117.908865
-192.861233	148.429640	-118.025252
-193.058915	148.304041	-118.146228
-193.264097	148.173678	-118.271793
-193.476778	148.038550	-118.401947
-193.696958	147.898657	-118.536690
-193.924637	147.754000	-118.676023
-194.159815	147.604578	-118.819945
-194.402492	147.450392	-118.968456
-194.652669	147.291441	-119.121557
-194.910345	147.127725	-119.279246
-195.175520	146.959245	-119.441525
-195.448193	146.786000	-119.608394
-195.728367	146.607990	-119.779851
-196.016039	146.425216	-119.955898
-196.311210	146.237677	-120.136534
-196.613881	146.045374	-120.321759
-196.924050	145.848306	-120.511574
-197.241719	145.646473	-120.705977
-197.566887	145.439876	-120.904970
-197.899554	145.228514	-121.108552
-198.239721	145.012387	-121.316724
-198.587386	144.791496	-121.529485
-198.942551	144.565840	-121.746835
-199.305214	144.335420	-121.968774
-199.675377	144.100235	-122.195302
-199.843063	143.993695	-122.297921
-200.018248	143.882390	-122.405129
-200.200932	143.766320	-122.516926
-200.391116	143.645486	-122.633313
-200.588798	143.519888	-122.754289
-200.793980	143.389524	-122.879854
-201.006661	143.254396	-123.010008
-201.226841	143.114504	-123.144751
-201.454520	142.969847	-123.284084
-201.689698	142.820425	-123.428006
-201.932375	142.666238	-123.576517
-202.182552	142.507287	-123.729618
-202.440228	142.343572	-123.887307
-202.705403	142.175091	-124.049586
-202.978076	142.001846	-124.216455
-203.258250	141.823837	-124.387912
-203.545922	141.641063	-124.563959
-203.841093	141.453524	-124.744595
-204.143764	141.261220	-124.929820
-204.453933	141.064152	-125.119635
-204.771602	140.862320	-125.314038
-205.096770	140.655722	-125.513031
-205.429437	140.444361	-125.716614
-205.769604	140.228234	-125.924785
-206.117269	140.007343	-126.137546
-206.472434	139.781687	-126.354896
-206.835097	139.551267	-126.576835
-207.205260	139.316082	-126.803363
-207.372946	139.209541	-126.905982
-207.548131	139.098237	-127.013190
-207.730815	138.982167	-127.124987
-207.920999	138.861333	-127.241374
-208.118681	138.735734	-127.362350
-208.323863	138.605371	-127.487915
-208.536544	138.470243	-127.618069
-208.756724	138.330351	-127.752812
-208.984403	138.185693	-127.892145
-209.219581	138.036272	-128.036067
-209.462259	137.882085	-128.184578
-209.712435	137.723134	-128.337679
-209.970111	137.559418	-128.495369
-210.235286	137.390938	-128.657648
-210.507960	137.217693	-128.824516
-210.788133	137.039684	-128.995973
-211.075805	136.856910	-129.172020
-211.370976	136.669371	-129.352656
-211.673647	136.477067	-129.537881
-211.983817	136.279999	-129.727696
-212.301485	136.078167	-129.922099
-212.626653	135.871569	-130.121092
-212.959320	135.660207	-130.324675
-213.299487	135.444081	-130.532846
-213.647152	135.223190	-130.745607
-214.002317	134.997534	-130.962957
-214.364980	134.767114	-131.184896
-214.735143	134.531929	-131.411425
-214.902829	134.425388	-131.514043
-215.078014	134.314084	-131.621251
-215.260698	134.198014	-131.733049
-215.450882	134.077180	-131.849435
-215.648564	133.951581	-131.970411
-215.853746	133.821218	-132.095976
-216.066427	133.686090	-132.226130
-216.286607	133.546198	-132.360873
-216.514286	133.401540	-132.500206
-216.749464	133.252119	-132.644128
-216.992142	133.097932	-132.792639
-217.242318	132.938981	-132.945740
-217.499994	132.775265	-133.103430
-217.765169	132.606785	-133.265709
-218.037843	132.433540	-133.432577
-218.318016	132.255531	-133.604034
-218.605688	132.072756	-133.780081
-218.900859	131.885218	-133.960717
-219.203530	131.692914	-134.145942
-219.513700	131.495846	-134.335757
-219.831368	131.294014	-134.530161
-220.156536	131.087416	-134.729154
-220.489204	130.876054	-134.932736
-220.829370	130.659928	-135.140907
-221.177035	130.439037	-135.353668
-221.532200	130.213381	-135.571018
-221.894863	129.982961	-135.792957
-222.265026	129.747776	-136.019486
-222.432712	129.641235	-136.122104
-222.607897	129.529931	-136.229312
-222.790582	129.413861	-136.341110
-222.980765	129.293027	-136.457496
-223.178447	129.167428	-136.578472
-223.383629	129.037065	-136.704037
-223.596310	128.901937	-136.834191
-223.816490	128.762044	-136.968935
-224.044169	128.617387	-137.108267
-224.279347	128.467965	-137.252189
-224.522025	128.313779	-137.400701
-224.772201	128.154828	-137.553801
-225.029877	127.991112	-137.711491
-225.295052	127.822632	-137.873770
-225.567726	127.649387	-138.040638
-225.847899	127.471378	-138.212095
-226.135571	127.288603	-138.388142
-226.430742	127.101065	-138.568778
-226.733413	126.908761	-138.754003
-227.043583	126.711693	-138.943818
-227.361252	126.509861	-139.138222
-227.686419	126.303263	-139.337215
-228.019087	126.091901	-139.540797
-228.359253	125.875775	-139.748968
-228.706918	125.654884	-139.961729
-229.062083	125.429228	-140.179079
-229.424747	125.198808	-140.401018
-229.794909	124.963623	-140.627547
-229.962595	124.857082	-140.730166
-230.137780	124.745777	-140.837374
-230.320465	124.629708	-140.949171
-230.510648	124.508874	-141.065557
-230.708331	124.383275	-141.186533
-230.913512	124.252912	-141.312098
-231.126193	124.117784	-141.442252
-231.346373	123.977891	-141.576996
-231.574052	123.833234	-141.716328
-231.809230	123.683812	-141.860250
-232.051908	123.529626	-142.008762
-232.302084	123.370675	-142.161862
-232.559760	123.206959	-142.319552
-232.824935	123.038479	-142.481831
-233.097609	122.865234	-142.648699
-233.377782	122.687225	-142.820157
-233.665454	122.504450	-142.996203
-233.960626	122.316912	-143.176839
-234.263296	122.124608	-143.362065
-234.573466	121.927540	-143.551879
-234.891135	121.725707	-143.746283
-235.216303	121.519110	-143.945276
-235.548970	121.307748	-144.148858
-235.889136	121.091622	-144.357029
-236.236801	120.870731	-144.569790
-236.591966	120.645075	-144.787140
-236.954630	120.414654	-145.009079
-237.324792	120.179469	-145.235608
-237.492478	120.072929	-145.338227
-237.667664	119.961624	-145.445435
-237.850348	119.845555	-145.557232
-238.040531	119.724721	-145.673618
-238.238214	119.599122	-145.794594
-238.443395	119.468759	-145.920159
-238.656076	119.333631	-146.050313
-238.876256	119.193738	-146.185057
-239.103935	119.049081	-146.324390
-239.339113	118.899659	-146.468312
-239.581791	118.745473	-146.616823
-239.831967	118.586522	-146.769923
-240.089643	118.422806	-146.927613
-240.354818	118.254326	-147.089892
-240.627492	118.081081	-147.256760
-240.907665	117.903072	-147.428218
-241.195337	117.720297	-147.604264
-241.490509	117.532759	-147.784900
-241.793179	117.340455	-147.970126
-242.103349	117.143387	-148.159940
-242.421018	116.941554	-148.354344
-242.746186	116.734957	-148.553337
-243.078853	116.523595	-148.756919
-243.419019	116.307469	-148.965091
-243.766684	116.086578	-149.177851
-244.121849	115.860922	-149.395201
-244.484513	115.630501	-149.617141
-244.854676	115.395316	-149.843669
-245.022362	115.288776	-149.946288
-245.197547	115.177471	-150.053496
-245.380231	115.061402	-150.165293
-245.570414	114.940568	-150.281679
-245.768097	114.814969	-150.402655
-245.973278	114.684606	-150.528220
-246.185959	114.549478	-150.658374
-246.406139	114.409585	-150.793118
-246.633818	114.264928	-150.932451
-246.868997	114.115506	-151.076373
-247.111674	113.961320	-151.224884
-247.361850	113.802369	-151.377984
-247.619526	113.638653	-151.535674
-247.884701	113.470173	-151.697953
-248.157375	113.296928	-151.864821
-248.437548	113.118918	-152.036279
-248.725220	112.936144	-152.212326
-249.020392	112.748606	-152.392962
-249.323062	112.556302	-152.578187
-249.633232	112.359234	-152.768001
-249.950901	112.157401	-152.962405
-250.276069	111.950804	-153.161398
-250.608736	111.739442	-153.364980
-250.948902	111.523316	-153.573152
-251.296568	111.302425	-153.785912
-251.651732	111.076769	-154.003262
-252.014396	110.846348	-154.225202
-252.384559	110.611163	-154.451730
-252.552245	110.504623	-154.554349
-252.727430	110.393318	-154.661557
-252.910114	110.277249	-154.773354
-253.100297	110.156415	-154.889741
-253.297980	110.030816	-155.010716
-253.503162	109.900453	-155.136281
-253.715842	109.765325	-155.266436
-253.936022	109.625432	-155.401179
-254.163701	109.480775	-155.540512
-254.398880	109.331353	-155.684434
-254.641557	109.177167	-155.832945
-254.891734	109.018216	-155.986046
-255.149409	108.854500	-156.143735
-255.414584	108.686020	-156.306014
-255.687258	108.512775	-156.472882
-255.967431	108.334765	-156.644340
-256.255103	108.151991	-156.820387
-256.550275	107.964452	-157.001023
-256.852945	107.772149	-157.186248
-257.163115	107.575081	-157.376062
-257.480784	107.373248	-157.570466
-257.805952	107.166651	-157.769459
-258.138619	106.955289	-157.973041
-258.478785	106.739163	-158.181213
-258.826451	106.518272	-158.393974
-259.181615	106.292616	-158.611324
-259.544279	106.062195	-158.833263
-259.914442	105.827010	-159.059791
-260.082128	105.720470	-159.162410
-260.257313	105.609165	-159.269618
-260.439997	105.493096	-159.381415
-260.630180	105.372262	-159.497802
-260.827863	105.246663	-159.618777
-261.033045	105.116300	-159.744342
-261.245725	104.981172	-159.874497
-261.465905	104.841279	-160.009240
-261.693585	104.696622	-160.148573
-261.928763	104.547200	-160.292495
-262.171440	104.393014	-160.441006
-262.421617	104.234063	-160.594107
-262.679292	104.070347	-160.751796
-262.944467	103.901867	-160.914075
-263.217141	103.728622	-161.080944
-263.497314	103.550612	-161.252401
-263.784987	103.367838	-161.428448
-264.080158	103.180299	-161.609084
-264.382828	102.987996	-161.794309
-264.692998	102.790928	-161.984124
-265.010667	102.589095	-162.178527
-265.335835	102.382498	-162.377520
-265.668502	102.171136	-162.581102
-266.008668	101.955010	-162.789274
-266.356334	101.734119	-163.002035
-266.711498	101.508463	-163.219385
-267.074162	101.278042	-163.441324
-267.444325	101.042857	-163.667852
-267.612011	100.936317	-163.770471
-267.787196	100.825012	-163.877679
-267.969880	100.708943	-163.989476
-268.160064	100.588109	-164.105863
-268.357746	100.462510	-164.226839
-268.562928	100.332147	-164.352404
-268.775609	100.197019	-164.482558
-268.995788	100.057126	-164.617301
-269.223468	99.912469	-164.756634
-269.458646	99.763047	-164.900556
-269.701323	99.608861	-165.049067
-269.951500	99.449910	-165.202168
-270.209175	99.286194	-165.359857
-270.474350	99.117714	-165.522136
-270.747024	98.944469	-165.689005
-271.027197	98.766459	-165.860462
-271.314870	98.583685	-166.036509
-271.610041	98.396146	-166.217145
-271.912712	98.203843	-166.402370
-272.222881	98.006775	-166.592185
-272.540550	97.804942	-166.786588
-272.865718	97.598345	-166.985581
-273.198385	97.386983	-167.189164
-273.538551	97.170857	-167.397335
-273.886217	96.949965	-167.610096
-274.241381	96.724310	-167.827446
-274.604045	96.493889	-168.049385
-274.974208	96.258704	-168.275913
-275.141894	96.152164	-168.378532
-275.317079	96.040859	-168.485740
-275.499763	95.924790	-168.597537
-275.689947	95.803956	-168.713924
-275.887629	95.678357	-168.834900
-276.092811	95.547994	-168.960465
-276.305492	95.412866	-169.090619
-276.525672	95.272973	-169.225362
-276.753351	95.128316	-169.364695
-276.988529	94.978894	-169.508617
-277.231206	94.824708	-169.657128
-277.481383	94.665757	-169.810229
-277.739059	94.502041	-169.967919
-278.004233	94.333561	-170.130198
-278.276907	94.160316	-170.297066
-278.557080	93.982306	-170.468523
-278.844753	93.799532	-170.644570
-279.139924	93.611993	-170.825206
-279.442595	93.419690	-171.010431
-279.752764	93.222622	-171.200246
-280.070433	93.020789	-171.394649
-280.395601	92.814192	-171.593642
-280.728268	92.602830	-171.797225
-281.068435	92.386704	-172.005396
-281.416100	92.165812	-172.218157
-281.771264	91.940157	-172.435507
-282.133928	91.709736	-172.657446
-282.504091	91.474551	-172.883975
-282.671777	91.368011	-172.986593
-282.846962	91.256706	-173.093801
-283.029646	91.140637	-173.205599
-283.219830	91.019803	-173.321985
-283.417512	90.894204	-173.442961
-283.622694	90.763841	-173.568526
-283.835375	90.628713	-173.698680
-284.055555	90.488820	-173.833424
-284.283234	90.344163	-173.972756
-284.518412	90.194741	-174.116678
-284.761089	90.040555	-174.265189
-285.011266	89.881604	-174.418290
-285.268942	89.717888	-174.575980
-285.534116	89.549408	-174.738259
-285.806790	89.376163	-174.905127
-286.086964	89.198153	-175.076584
-286.374636	89.015379	-175.252631
-286.669807	88.827840	-175.433267
