8.393376	214.877650	1.913067
8.430259	214.797277	1.929922
8.476074	214.712899	1.948821
8.530819	214.624516	1.969773
8.594493	214.532129	1.992787
8.667093	214.435740	2.017871
8.748620	214.335349	2.045033
8.839071	214.230958	2.074282
8.938445	214.122567	2.105624
9.046740	214.010177	2.139067
9.163955	213.893790	2.174620
9.290090	213.773406	2.212290
9.425142	213.649027	2.252083
9.569110	213.520653	2.294006
9.721994	213.388285	2.338067
9.883792	213.251924	2.384271
10.054504	213.111572	2.432626
10.234127	212.967229	2.483137
10.422661	212.818897	2.535810
10.620106	212.666575	2.590651
10.826460	212.510266	2.647665
11.041722	212.349971	2.706858
11.265892	212.185689	2.768234
11.498968	212.017423	2.831799
11.740951	211.845173	2.897558
11.991839	211.668941	2.965514
12.251632	211.488726	3.035672
12.520330	211.304532	3.108036
12.797931	211.116357	3.182611
13.084436	210.924204	3.259400
13.379843	210.728073	3.338407
13.684153	210.527965	3.419634
13.997364	210.323882	3.503087
14.319478	210.115824	3.588767
14.650492	209.903792	3.676678
14.990408	209.687788	3.766823
15.339224	209.467812	3.859204
15.696941	209.243866	3.953825
16.063559	209.015950	4.050688
16.439076	208.784066	4.149795
16.823494	208.548214	4.251148
17.216811	208.308395	4.354751
17.619029	208.064611	4.460605
18.030146	207.816863	4.568711
18.217254	207.704731	4.617875
18.413262	207.588637	4.669295
18.618169	207.468580	4.722971
18.831977	207.344560	4.778906
19.054684	207.216580	4.837098
19.286290	207.084638	4.897550
19.526797	206.948735	4.960262
19.776203	206.808873	5.025235
20.034509	206.665051	5.092469
20.301715	206.517269	5.161965
20.577821	206.365529	5.233724
20.862827	206.209830	5.307747
21.156732	206.050174	5.384034
21.459538	205.886560	5.462586
21.771243	205.718989	5.543404
22.091849	205.547462	5.626487
22.421355	205.371979	5.711838
22.759761	205.192541	5.799455
23.107067	205.009147	5.889341
23.463274	204.821799	5.981495
23.828381	204.630497	6.075918
24.202388	204.435241	6.172610
24.585296	204.236032	6.271573
24.977104	204.032870	6.372806
25.377814	203.825756	6.476310
25.787424	203.614691	6.582085
26.205935	203.399674	6.690132
26.633347	203.180706	6.800452
26.827412	203.081556	6.850531
27.030378	202.978456	6.902884
27.242246	202.871405	6.957509
27.463015	202.760405	7.014408
27.692685	202.645456	7.073580
27.931256	202.526558	7.135026
28.178729	202.403710	7.198746
28.435103	202.276914	7.264740
28.700379	202.146169	7.333008
28.974556	202.011476	7.403550
29.257635	201.872834	7.476367
29.549616	201.730245	7.551459
29.850498	201.583708	7.628825
30.160282	201.433223	7.708467
30.478968	201.278791	7.790383
30.806556	201.120412	7.874575
31.143045	200.958087	7.961043
31.488437	200.791814	8.049786
31.842731	200.621595	8.140804
32.205927	200.447430	8.234099
32.578025	200.269319	8.329670
32.959025	200.087263	8.427517
33.348928	199.901260	8.527640
33.747733	199.711313	8.630039
34.155441	199.517420	8.734715
34.572051	199.319582	8.841668
34.997563	199.117800	8.950898
35.431978	198.912073	9.062404
35.628886	198.818944	9.112943
35.834697	198.721871	9.165760
36.049411	198.620853	9.220853
36.273027	198.515892	9.278223
36.505546	198.406987	9.337871
36.746968	198.294138	9.399796
36.997293	198.177345	9.463999
37.256520	198.056609	9.530478
37.524651	197.931929	9.599235
37.801685	197.803307	9.670270
38.087622	197.670741	9.743582
38.382461	197.534231	9.819172
38.686204	197.393779	9.897040
38.998850	197.249384	9.977185
39.320399	197.101046	10.059608
39.650852	196.948765	10.144308
39.990207	196.792542	10.231287
40.338466	196.632376	10.320543
40.695628	196.468267	10.412077
41.061693	196.300217	10.505889
41.436662	196.128224	10.601979
41.820534	195.952289	10.700347
42.213310	195.772412	10.800993
42.614988	195.588593	10.903917
43.025571	195.400832	11.009120
43.445057	195.209129	11.116600
43.873446	195.013485	11.226359
44.310739	194.813899	11.338396
44.508870	194.723524	11.389157
44.715904	194.629208	11.442196
44.931842	194.530951	11.497514
45.156684	194.428752	11.555110
45.390429	194.322612	11.614984
45.633078	194.212531	11.677137
45.884631	194.098508	11.741568
46.145087	193.980545	11.808277
46.414447	193.858640	11.877265
46.692711	193.732795	11.948531
46.979879	193.603008	12.022076
47.275950	193.469281	12.097899
47.580926	193.331612	12.176001
47.894805	193.190003	12.256381
48.217588	193.044453	12.339040
48.549275	192.894963	12.423977
48.889866	192.741531	12.511193
49.239360	192.584159	12.600687
49.597759	192.422847	12.692460
49.965061	192.257594	12.786511
50.341268	192.088400	12.882842
50.726378	191.915266	12.981450
51.120393	191.738191	13.082338
51.523311	191.557177	13.185504
51.935134	191.372221	13.290948
52.355860	191.183326	13.398672
52.785491	190.990490	13.508674
53.224026	190.793714	13.620954
53.422696	190.704593	13.671821
53.630271	190.611532	13.724966
53.846750	190.514530	13.780390
54.072133	190.413589	13.838092
54.306420	190.308707	13.898074
54.549611	190.199885	13.960334
54.801706	190.087124	14.024872
55.062706	189.970422	14.091690
55.332609	189.849780	14.160786
55.611417	189.725199	14.232161
55.899129	189.596677	14.305815
56.195745	189.464216	14.381748
56.501265	189.327815	14.459959
56.815690	189.187474	14.540449
57.139019	189.043193	14.623218
57.471252	188.894972	14.708266
57.812389	188.742812	14.795592
58.162430	188.586711	14.885198
58.521376	188.426671	14.977082
58.889226	188.262692	15.071245
59.265980	188.094772	15.167687
59.651638	187.922913	15.266407
60.046201	187.747115	15.367407
60.449668	187.567376	15.470685
60.862039	187.383698	15.576242
61.283314	187.196081	15.684078
61.713494	187.004523	15.794193
62.152578	186.809027	15.906587
62.351490	186.720475	15.957503
62.559307	186.627983	16.010698
62.776028	186.531552	16.066172
63.001653	186.431181	16.123924
63.236183	186.326871	16.183956
63.479617	186.218622	16.246266
63.731955	186.106433	16.310855
63.993198	185.990304	16.377723
64.263345	185.870236	16.446870
64.542396	185.746229	16.518296
64.830352	185.618282	16.592001
65.127212	185.486396	16.667985
65.432976	185.350570	16.746247
65.747645	185.210805	16.826789
66.071218	185.067101	16.909609
66.403695	184.919457	16.994708
66.745077	184.767874	17.082087
67.095364	184.612351	17.171744
67.454554	184.452890	17.263680
67.822649	184.289488	17.357894
68.199649	184.122148	17.454388
68.585553	183.950868	17.553161
68.980361	183.775649	17.654212
69.384074	183.596490	17.757543
69.796691	183.413393	17.863152
70.218212	183.226356	17.971041
70.648638	183.035379	18.081208
71.087968	182.840464	18.193654
71.286990	182.752170	18.244593
71.494915	182.659937	18.297812
71.711745	182.563765	18.353309
71.937480	182.463654	18.411085
72.172118	182.359603	18.471139
72.415662	182.251613	18.533473
72.668110	182.139684	18.598086
72.929462	182.023816	18.664978
73.199718	181.904008	18.734148
73.478879	181.780261	18.805598
73.766945	181.652576	18.879326
74.063915	181.520950	18.955334
74.369789	181.385386	19.033620
74.684568	181.245883	19.114186
75.008252	181.102440	19.197030
75.340839	180.955058	19.282153
75.682332	180.803737	19.369555
76.032728	180.648477	19.459236
76.392029	180.489277	19.551196
76.760235	180.326139	19.645435
77.137345	180.159061	19.741953
77.523360	179.988044	19.840750
77.918279	179.813088	19.941825
78.322102	179.634193	20.045180
78.734830	179.451359	20.150814
79.156463	179.264586	20.258726
79.587000	179.073873	20.368918
80.026441	178.879221	20.481388
80.225511	178.791045	20.532338
80.433486	178.698929	20.585567
80.650366	178.602875	20.641075
80.876149	178.502881	20.698862
81.110838	178.398948	20.758928
81.354430	178.291076	20.821273
81.606928	178.179265	20.885896
81.868329	178.063515	20.952799
82.138636	177.943825	21.021980
82.417846	177.820197	21.093441
82.705962	177.692629	21.167180
83.002981	177.561123	21.243199
83.308906	177.425677	21.321496
83.623734	177.286292	21.402073
83.947467	177.142969	21.484928
84.280105	176.995706	21.570062
84.621647	176.844504	21.657475
84.972094	176.689362	21.747167
85.331445	176.530282	21.839139
85.699701	176.367263	21.933389
86.076861	176.200305	22.029918
86.462925	176.029407	22.128726
86.857895	175.854571	22.229812
87.261768	175.675795	22.333178
87.674546	175.493080	22.438823
88.096229	175.306427	22.546747
88.526816	175.115834	22.656950
88.966308	174.921302	22.769431
89.165400	174.833179	22.820386
89.373397	174.741117	22.873620
89.590299	174.645115	22.929133
89.816105	174.545175	22.986925
90.050816	174.441296	23.046996
90.294431	174.333477	23.109346
90.546951	174.221720	23.173974
90.808375	174.106023	23.240882
91.078704	173.986387	23.310069
91.357937	173.862813	23.381534
91.646075	173.735299	23.455279
91.943117	173.603846	23.531302
92.249064	173.468454	23.609605
92.563915	173.329123	23.690186
92.887671	173.185853	23.773047
93.220331	173.038645	23.858186
93.561896	172.887497	23.945604
93.912365	172.732409	24.035301
94.271739	172.573383	24.127278
94.640017	172.410418	24.221533
95.017200	172.243514	24.318067
95.403287	172.072671	24.416880
95.798279	171.897889	24.517972
96.202175	171.719167	24.621343
96.614976	171.536507	24.726993
97.036682	171.349908	24.834922
97.467292	171.159369	24.945130
97.906806	170.964892	25.057617
98.105909	170.876793	25.108574
98.313916	170.784755	25.161810
98.530828	170.688778	25.217326
98.756644	170.588862	25.275120
98.991365	170.485007	25.335193
99.234990	170.377212	25.397545
99.487520	170.265479	25.462176
99.748955	170.149807	25.529086
100.019294	170.030196	25.598275
100.298537	169.906645	25.669743
100.586685	169.779156	25.743490
100.883737	169.647728	25.819516
101.189694	169.512360	25.897820
101.504556	169.373054	25.978404
101.828322	169.229809	26.061267
102.160992	169.082624	26.146409
102.502567	168.931501	26.233829
102.853047	168.776438	26.323529
103.212431	168.617437	26.415508
103.580720	168.454496	26.509765
103.957913	168.287617	26.606302
104.344010	168.116798	26.705117
104.739013	167.942041	26.806212
105.142919	167.763344	26.909585
105.555730	167.580708	27.015237
105.977446	167.394134	27.123169
106.408066	167.203620	27.233379
106.847591	167.009167	27.345868
107.046698	166.921079	27.396827
107.254710	166.829052	27.450064
107.471627	166.733086	27.505580
107.697448	166.633181	27.563375
107.932173	166.529337	27.623449
108.175803	166.421554	27.685803
108.428338	166.309832	27.750435
108.689777	166.194171	27.817346
108.960120	166.074570	27.886536
109.239368	165.951031	27.958005
109.527521	165.823553	28.031753
109.824578	165.692136	28.107780
110.130539	165.556780	28.186086
110.445406	165.417484	28.266670
110.769176	165.274250	28.349534
111.101851	165.127077	28.434677
111.443431	164.975964	28.522099
111.793915	164.820913	28.611799
112.153304	164.661923	28.703779
112.521597	164.498994	28.798038
112.898795	164.332125	28.894575
113.284897	164.161318	28.993392
113.679904	163.986571	29.094487
114.083816	163.807886	29.197862
114.496631	163.625262	29.303515
114.918352	163.438698	29.411448
115.348977	163.248196	29.521659
115.788506	163.053754	29.634150
115.987616	162.965671	29.685108
116.195630	162.873649	29.738346
116.412548	162.777688	29.793863
116.638371	162.677788	29.851659
116.873099	162.573949	29.911733
117.116731	162.466171	29.974087
117.369267	162.354454	30.038719
117.630708	162.238798	30.105631
117.901054	162.119203	30.174822
118.180304	161.995668	30.246291
118.468459	161.868195	30.320039
118.765518	161.736783	30.396067
119.071482	161.601432	30.474373
119.386350	161.462142	30.554959
119.710123	161.318913	30.637823
120.042800	161.171744	30.722966
120.384382	161.020637	30.810388
120.734868	160.865591	30.900090
121.094259	160.706606	30.992070
121.462555	160.543681	31.086329
121.839754	160.376818	31.182867
122.225859	160.206016	31.281684
122.620868	160.031275	31.382780
123.024781	159.852594	31.486155
123.437599	159.669975	31.591809
123.859322	159.483417	31.699742
124.289949	159.292919	31.809954
124.729480	159.098483	31.922445
124.928591	159.010402	31.973404
125.136606	158.918383	32.026642
125.353525	158.822424	32.082159
125.579349	158.722526	32.139955
125.814078	158.618689	32.200030
126.057711	158.510913	32.262383
126.310248	158.399199	32.327016
126.571690	158.283545	32.393928
126.842037	158.163952	32.463119
127.121288	158.040420	32.534589
127.409444	157.912949	32.608337
127.706504	157.781539	32.684365
128.012469	157.646190	32.762671
128.327338	157.506903	32.843257
128.651111	157.363676	32.926122
128.983790	157.216510	33.011265
129.325373	157.065405	33.098688
129.675860	156.910361	33.188389
130.035252	156.751378	33.280369
130.403548	156.588456	33.374629
130.780749	156.421595	33.471167
131.166854	156.250795	33.569984
131.561864	156.076056	33.671081
131.965779	155.897378	33.774456
132.378598	155.714761	33.880110
132.800321	155.528205	33.988043
133.230949	155.337710	34.098255
133.670482	155.143276	34.210746
133.869592	155.055197	34.261706
134.077608	154.963178	34.314944
134.294528	154.867220	34.370461
134.520352	154.767323	34.428257
134.755081	154.663488	34.488332
134.998714	154.555713	34.550686
135.251252	154.443999	34.615319
135.512695	154.328346	34.682230
135.783042	154.208754	34.751421
136.062294	154.085224	34.822891
136.350450	153.957754	34.896640
136.647510	153.826345	34.972668
136.953475	153.690997	35.050974
137.268345	153.551710	35.131560
137.592119	153.408484	35.214425
137.924798	153.261320	35.299568
138.266381	153.110216	35.386991
138.616869	152.955173	35.476692
138.976261	152.796191	35.568673
139.344558	152.633270	35.662932
139.721759	152.466410	35.759471
140.107865	152.295611	35.858288
140.502875	152.120873	35.959385
140.906790	151.942197	36.062760
141.319610	151.759581	36.168414
141.741334	151.573026	36.276348
142.171962	151.382532	36.386560
142.611495	151.188099	36.499051
142.810606	151.100020	36.550010
143.018622	151.008001	36.603248
143.235542	150.912044	36.658765
143.461366	150.812148	36.716561
143.696095	150.708312	36.776636
143.939729	150.600538	36.838990
144.192267	150.488825	36.903623
144.453710	150.373173	36.970535
144.724057	150.253581	37.039726
145.003309	150.130051	37.111196
145.291465	150.002582	37.184945
145.588526	149.871173	37.260973
145.894491	149.735826	37.339280
146.209361	149.596540	37.419865
146.533136	149.453314	37.502730
146.865814	149.306150	37.587874
147.207398	149.155046	37.675296
147.557886	149.000004	37.764998
147.917278	148.841023	37.856978
148.285575	148.678102	37.951238
148.662777	148.511243	38.047776
149.048883	148.340444	38.146594
149.443893	148.165707	38.247690
149.847808	147.987031	38.351066
150.260628	147.804415	38.456720
150.682352	147.617861	38.564653
151.112981	147.427367	38.674866
151.552514	147.232935	38.787357
151.751625	147.144856	38.838316
151.959641	147.052838	38.891554
152.176561	146.956881	38.947071
152.402386	146.856985	39.004867
152.637115	146.753149	39.064942
152.880749	146.645375	39.127296
153.133287	146.533662	39.191929
153.394730	146.418010	39.258841
153.665077	146.298419	39.328032
153.944329	146.174889	39.399502
154.232485	146.047420	39.473251
154.529546	145.916012	39.549279
154.835511	145.780665	39.627586
155.150381	145.641378	39.708171
155.474156	145.498153	39.791036
155.806835	145.350989	39.876180
156.148418	145.199886	39.963602
156.498906	145.044844	40.053304
156.858299	144.885863	40.145285
157.226596	144.722942	40.239544
157.603798	144.556083	40.336083
157.989904	144.385285	40.434900
158.384914	144.210548	40.535997
158.788830	144.031872	40.639372
159.201649	143.849256	40.745026
159.623373	143.662702	40.852960
160.054002	143.472209	40.963172
160.493536	143.277777	41.075663
160.692647	143.189698	41.126622
160.900662	143.097680	41.179861
161.117583	143.001723	41.235378
161.343407	142.901827	41.293174
161.578137	142.797992	41.353249
161.821770	142.690218	41.415603
162.074309	142.578505	41.480236
162.335752	142.462853	41.547148
162.606099	142.343262	41.616339
162.885351	142.219732	41.687809
163.173507	142.092263	41.761558
163.470568	141.960855	41.837585
163.776534	141.825508	41.915892
164.091404	141.686222	41.996478
164.415178	141.542997	42.079343
164.747857	141.395833	42.164486
165.089441	141.244730	42.251909
165.439929	141.089688	42.341611
165.799321	140.930707	42.433591
166.167618	140.767787	42.527851
166.544820	140.600927	42.624389
166.930926	140.430129	42.723207
167.325937	140.255392	42.824303
167.729852	140.076716	42.927679
168.142672	139.894101	43.033333
168.564396	139.707547	43.141266
168.995025	139.517054	43.251479
169.434558	139.322622	43.363970
169.633669	139.234543	43.414929
169.841685	139.142525	43.468167
170.058605	139.046568	43.523684
170.284430	138.946672	43.581481
170.519159	138.842837	43.641556
170.762793	138.735063	43.703910
171.015331	138.623350	43.768543
171.276774	138.507698	43.835455
171.547122	138.388107	43.904646
171.826374	138.264577	43.976116
172.114530	138.137108	44.049864
172.411591	138.005700	44.125892
172.717556	137.870353	44.204199
173.032426	137.731067	44.284785
173.356201	137.587842	44.367650
173.688880	137.440678	44.452793
174.030464	137.289575	44.540216
174.380952	137.134533	44.629917
174.740344	136.975552	44.721898
175.108641	136.812632	44.816158
175.485843	136.645773	44.912696
175.871949	136.474975	45.011514
176.266960	136.300238	45.112610
176.670875	136.121562	45.215986
177.083695	135.938947	45.321640
177.505419	135.752393	45.429573
177.936048	135.561900	45.539786
178.375581	135.367468	45.652277
178.574693	135.279389	45.703236
178.782708	135.187371	45.756474
178.999629	135.091414	45.811991
179.225453	134.991518	45.869787
179.460183	134.887683	45.929863
179.703816	134.779909	45.992217
179.956355	134.668196	46.056850
180.217798	134.552544	46.123762
180.488145	134.432953	46.192953
180.767397	134.309424	46.264422
181.055553	134.181955	46.338171
181.352614	134.050547	46.414199
181.658580	133.915200	46.492506
181.973450	133.775914	46.573092
182.297224	133.632689	46.655956
182.629903	133.485525	46.741100
182.971487	133.334422	46.828523
183.321975	133.179380	46.918224
183.681368	133.020399	47.010205
184.049665	132.857479	47.104465
184.426867	132.690620	47.201003
184.812973	132.519822	47.299821
185.207983	132.345085	47.400917
185.611899	132.166409	47.504292
186.024718	131.983794	47.609947
186.446443	131.797240	47.717880
186.877072	131.606746	47.828092
187.316605	131.412314	47.940584
187.515716	131.324235	47.991543
187.723732	131.232218	48.044781
187.940652	131.136261	48.100298
188.166477	131.036365	48.158094
188.401206	130.932530	48.218169
188.644840	130.824756	48.280524
188.897378	130.713043	48.345157
189.158821	130.597391	48.412069
189.429169	130.477800	48.481259
189.708420	130.354270	48.552729
189.996577	130.226801	48.626478
190.293638	130.095393	48.702506
190.599603	129.960046	48.780813
190.914473	129.820760	48.861399
191.238248	129.677536	48.944263
191.570927	129.530372	49.029407
191.912510	129.379269	49.116830
192.262999	129.224227	49.206531
192.622391	129.065246	49.298512
192.990688	128.902326	49.392771
193.367890	128.735467	49.489310
193.753996	128.564669	49.588128
194.149007	128.389932	49.689224
194.552922	128.211255	49.792599
194.965742	128.028640	49.898254
195.387466	127.842086	50.006187
195.818095	127.651593	50.116399
196.257628	127.457161	50.228891
196.456740	127.369082	50.279850
196.664755	127.277065	50.333088
196.881676	127.181108	50.388605
197.107500	127.081212	50.446401
197.342230	126.977377	50.506476
197.585863	126.869603	50.568830
197.838402	126.757890	50.633463
198.099845	126.642238	50.700375
198.370192	126.522647	50.769566
198.649444	126.399117	50.841036
198.937600	126.271648	50.914785
199.234661	126.140240	50.990813
199.540627	126.004893	51.069120
199.855497	125.865607	51.149706
200.179271	125.722383	51.232570
200.511951	125.575219	51.317714
200.853534	125.424116	51.405137
201.204022	125.269074	51.494838
201.563415	125.110093	51.586819
201.931712	124.947173	51.681078
202.308914	124.780314	51.777617
202.695020	124.609516	51.876434
203.090031	124.434779	51.977531
203.493946	124.256103	52.080906
203.906766	124.073487	52.186561
204.328490	123.886933	52.294494
204.759119	123.696440	52.404706
205.198652	123.502008	52.517198
205.397763	123.413929	52.568157
205.605779	123.321912	52.621395
205.822699	123.225955	52.676912
206.048524	123.126059	52.734708
206.283253	123.022224	52.794783
206.526887	122.914450	52.857137
206.779425	122.802737	52.921770
207.040868	122.687085	52.988682
207.311216	122.567494	53.057873
207.590468	122.443964	53.129343
207.878624	122.316495	53.203092
208.175685	122.185087	53.279120
208.481651	122.049741	53.357427
208.796521	121.910455	53.438013
209.120295	121.767230	53.520877
209.452974	121.620066	53.606021
209.794558	121.468963	53.693444
210.145046	121.313921	53.783145
210.504438	121.154940	53.875126
210.872736	120.992020	53.969385
211.249937	120.825161	54.065924
211.636043	120.654363	54.164741
212.031054	120.479626	54.265838
212.434969	120.300950	54.369213
212.847789	120.118335	54.474868
213.269514	119.931781	54.582801
213.700142	119.741288	54.693013
214.139676	119.546855	54.805505
214.338787	119.458777	54.856464
214.546803	119.366759	54.909702
214.763723	119.270802	54.965219
214.989548	119.170906	55.023015
215.224277	119.067071	55.083090
215.467911	118.959297	55.145444
215.720449	118.847584	55.210077
215.981892	118.731932	55.276989
216.252239	118.612341	55.346180
216.531491	118.488811	55.417650
216.819648	118.361343	55.491399
217.116709	118.229935	55.567427
217.422674	118.094588	55.645734
217.737544	117.955302	55.726320
218.061319	117.812077	55.809184
218.393998	117.664913	55.894328
218.735581	117.513810	55.981751
219.086069	117.358768	56.071452
219.445462	117.199787	56.163433
219.813759	117.036867	56.257692
220.190961	116.870008	56.354231
220.577067	116.699210	56.453048
220.972078	116.524473	56.554145
221.375993	116.345797	56.657520
221.788813	116.163182	56.763175
222.210537	115.976628	56.871108
222.641166	115.786135	56.981320
223.080699	115.591703	57.093812
223.279811	115.503624	57.144771
223.487826	115.411606	57.198009
223.704747	115.315649	57.253526
223.930571	115.215753	57.311322
224.165301	115.111918	57.371397
224.408934	115.004144	57.433751
224.661473	114.892431	57.498384
224.922916	114.776779	57.565296
225.193263	114.657189	57.634487
225.472515	114.533659	57.705957
225.760671	114.406190	57.779706
226.057732	114.274782	57.855734
226.363698	114.139435	57.934041
226.678568	114.000149	58.014627
227.002342	113.856924	58.097491
227.335021	113.709760	58.182635
227.676605	113.558657	58.270058
228.027093	113.403615	58.359759
228.386486	113.244634	58.451740
228.754783	113.081714	58.545999
229.131985	112.914855	58.642538
229.518091	112.744057	58.741355
229.913102	112.569320	58.842452
230.317017	112.390644	58.945827
230.729837	112.208029	59.051482
231.151561	112.021475	59.159415
231.582190	111.830982	59.269627
232.021723	111.636550	59.382119
232.220834	111.548471	59.433078
232.428850	111.456453	59.486316
232.645770	111.360496	59.541833
232.871595	111.260600	59.599629
233.106324	111.156765	59.659704
233.349958	111.048991	59.722058
233.602496	110.937279	59.786691
233.863939	110.821627	59.853603
234.134287	110.702036	59.922794
234.413539	110.578506	59.994264
234.701695	110.451037	60.068013
234.998756	110.319629	60.144041
235.304721	110.184282	60.222348
235.619591	110.044996	60.302933
235.943366	109.901771	60.385798
236.276045	109.754607	60.470942
236.617629	109.603504	60.558365
236.968117	109.448462	60.648066
237.327509	109.289481	60.740047
237.695807	109.126561	60.834306
238.073008	108.959702	60.930845
238.459114	108.788904	61.029662
238.854125	108.614167	61.130759
239.258040	108.435491	61.234134
239.670860	108.252876	61.339789
240.092584	108.066322	61.447722
240.523213	107.875829	61.557934
240.962747	107.681397	61.670426
241.161858	107.593318	61.721385
241.369874	107.501300	61.774623
241.586794	107.405343	61.830140
241.812619	107.305447	61.887936
242.047348	107.201612	61.948011
242.290982	107.093839	62.010365
242.543520	106.982126	62.074998
242.804963	106.866474	62.141910
243.075310	106.746883	62.211101
243.354562	106.623353	62.282571
243.642719	106.495884	62.356320
243.939780	106.364476	62.432348
244.245745	106.229129	62.510655
244.560615	106.089843	62.591240
244.884390	105.946618	62.674105
245.217069	105.799454	62.759249
245.558652	105.648351	62.846672
245.909140	105.493309	62.936373
246.268533	105.334328	63.028354
246.636830	105.171408	63.122613
247.014032	105.004549	63.219152
247.400138	104.833751	63.317969
247.795149	104.659014	63.419066
248.199064	104.480338	63.522441
248.611884	104.297723	63.628096
249.033608	104.111169	63.736029
249.464237	103.920676	63.846241
249.903770	103.726244	63.958733
250.102882	103.638165	64.009692
250.310897	103.546147	64.062930
250.527817	103.450190	64.118447
250.753642	103.350295	64.176243
250.988372	103.246460	64.236318
251.232005	103.138686	64.298672
251.484544	103.026973	64.363305
251.745987	102.911321	64.430217
252.016334	102.791730	64.499408
252.295586	102.668200	64.570878
252.583742	102.540731	64.644627
252.880803	102.409323	64.720655
253.186769	102.273976	64.798962
253.501639	102.134690	64.879547
253.825413	101.991465	64.962412
254.158092	101.844301	65.047556
254.499676	101.693198	65.134979
254.850164	101.538156	65.224680
255.209557	101.379175	65.316661
255.577854	101.216255	65.410920
255.955056	101.049396	65.507459
256.341162	100.878598	65.606276
256.736172	100.703861	65.707373
257.140088	100.525185	65.810748
257.552908	100.342570	65.916403
257.974632	100.156016	66.024336
258.405261	99.965523	66.134548
258.844794	99.771091	66.247040
259.043905	99.683012	66.297999
259.251921	99.590994	66.351237
259.468841	99.495038	66.406754
259.694666	99.395142	66.464550
259.929395	99.291307	66.524625
260.173029	99.183533	66.586979
260.425567	99.071820	66.651612
260.687010	98.956168	66.718524
260.957358	98.836577	66.787715
261.236610	98.713047	66.859185
261.524766	98.585578	66.932934
261.821827	98.454170	67.008962
262.127792	98.318823	67.087269
262.442662	98.179537	67.167854
262.766437	98.036312	67.250719
263.099116	97.889148	67.335863
263.440700	97.738046	67.423285
263.791188	97.583004	67.512987
264.150580	97.424023	67.604968
264.518878	97.261103	67.699227
264.896079	97.094244	67.795766
265.282185	96.923446	67.894583
265.677196	96.748709	67.995680
266.081111	96.570032	68.099055
266.493931	96.387417	68.204710
266.915655	96.200863	68.312643
267.346284	96.010370	68.422855
267.785818	95.815938	68.535347
267.984929	95.727859	68.586306
268.192945	95.635842	68.639544
268.409865	95.539885	68.695061
268.635690	95.439989	68.752857
268.870419	95.336154	68.812932
269.114053	95.228380	68.875286
269.366591	95.116667	68.939919
269.628034	95.001015	69.006831
269.898381	94.881424	69.076022
270.177633	94.757894	69.147492
270.465790	94.630425	69.221241
270.762851	94.499017	69.297269
271.068816	94.363671	69.375576
271.383686	94.224385	69.456161
271.707461	94.081160	69.539026
272.040140	93.933996	69.624170
272.381723	93.782893	69.711592
272.732211	93.627851	69.801294
273.091604	93.468870	69.893275
273.459901	93.305950	69.987534
273.837103	93.139091	70.084073
274.223209	92.968293	70.182890
274.618220	92.793556	70.283987
275.022135	92.614880	70.387362
275.434955	92.432265	70.493017
275.856679	92.245711	70.600950
276.287308	92.055218	70.711162
276.726841	91.860785	70.823653
276.925952	91.772707	70.874613
277.133968	91.680689	70.927851
277.350888	91.584732	70.983368
277.576713	91.484836	71.041164
277.811443	91.381001	71.101239
278.055076	91.273227	71.163593
278.307615	91.161514	71.228226
278.569058	91.045862	71.295138
278.839405	90.926271	71.364329
279.118657	90.802742	71.435799
279.406813	90.675273	71.509548
279.703874	90.543865	71.585576
280.009840	90.408518	71.663883
280.324710	90.269232	71.744468
280.648484	90.126007	71.827333
280.981163	89.978843	71.912477
281.322747	89.827740	71.999899
281.673235	89.672698	72.089601
282.032628	89.513717	72.181582
282.400925	89.350797	72.275841
282.778127	89.183938	72.372380
283.164233	89.013140	72.471197
283.559243	88.838403	72.572294
283.963159	88.659727	72.675669
284.375978	88.477112	72.781324
284.797703	88.290558	72.889257
285.228332	88.100065	72.999469
285.667865	87.905633	73.111960
285.866976	87.817554	73.162920
286.074992	87.725536	73.216158
286.291912	87.629579	73.271675
286.517737	87.529683	73.329471
286.752466	87.425848	73.389546
286.996100	87.318074	73.451900
287.248638	87.206361	73.516533
287.510081	87.090710	73.583445
287.780429	86.971119	73.652636
288.059681	86.847589	73.724106
288.347837	86.720120	73.797855
288.644898	86.588712	73.873883
288.950863	86.453365	73.952190
289.265733	86.314079	74.032775
289.589508	86.170854	74.115640
289.922187	86.023690	74.200784
