27.316799	230.862243	19.334594
27.357657	230.736312	19.346101
27.405835	230.605947	19.362783
27.461333	230.471150	19.384637
27.524156	230.331923	19.411662
27.594306	230.188268	19.443854
27.671785	230.040185	19.481211
27.756597	229.887678	19.523730
27.848745	229.730746	19.571408
27.948231	229.569393	19.624244
28.055058	229.403619	19.682235
28.169229	229.233426	19.745378
28.290746	229.058816	19.813670
28.419612	228.879791	19.887109
28.555831	228.696352	19.965693
28.699404	228.508501	20.049419
28.850334	228.316240	20.138285
29.008624	228.119570	20.232289
29.174277	227.918492	20.331427
29.347295	227.713009	20.435699
29.527681	227.503123	20.545100
29.715437	227.288834	20.659630
29.910566	227.070144	20.779286
30.113071	226.847056	20.904066
30.322953	226.619570	21.033968
30.540216	226.387690	21.168989
30.764862	226.151415	21.309127
30.996893	225.910748	21.454381
31.236312	225.665690	21.604748
31.483120	225.416244	21.760227
31.737321	225.162411	21.920814
31.998917	224.904192	22.086510
32.267910	224.641590	22.257311
32.544302	224.374605	22.433216
32.828095	224.103240	22.614222
33.119292	223.827497	22.800329
33.417896	223.547376	22.991535
33.723907	223.262881	23.187837
34.037329	222.974011	23.389234
34.358162	222.680770	23.595725
34.686411	222.383159	23.807308
34.836282	222.248328	23.904050
34.993571	222.109129	24.005882
35.158278	221.965563	24.112804
35.330405	221.817632	24.224814
35.509951	221.665335	24.341911
35.696919	221.508673	24.464096
35.891308	221.347647	24.591367
36.093121	221.182259	24.723724
36.302357	221.012508	24.861166
36.519017	220.838396	25.003693
36.743103	220.659923	25.151303
36.974616	220.477090	25.303997
37.213555	220.289898	25.461775
37.459923	220.098348	25.624634
37.713719	219.902440	25.792575
37.974945	219.702175	25.965597
38.243602	219.497554	26.143700
38.519689	219.288578	26.326883
38.803209	219.075247	26.515145
39.094162	218.857563	26.708487
39.392549	218.635526	26.906907
39.698370	218.409137	27.110406
40.011626	218.178396	27.318982
40.332318	217.943305	27.532635
40.660448	217.703864	27.751365
40.996015	217.460074	27.975171
41.339020	217.211936	28.204053
41.689464	216.959451	28.438010
41.849138	216.844863	28.544657
42.016253	216.725928	28.656379
42.190808	216.602647	28.773176
42.372803	216.475021	28.895047
42.562240	216.343050	29.021993
42.759119	216.206734	29.154012
42.963439	216.066074	29.291106
43.175202	215.921069	29.433273
43.394407	215.771721	29.580514
43.621054	215.618030	29.732829
43.855145	215.459995	29.890217
44.096679	215.297618	30.052678
44.345657	215.130899	30.220212
44.602079	214.959837	30.392819
44.865946	214.784435	30.570499
45.137257	214.604691	30.753251
45.416012	214.420606	30.941076
45.702214	214.232181	31.133973
45.995861	214.039415	31.331942
46.296953	213.842311	31.534984
46.605492	213.640866	31.743097
46.921477	213.435083	31.956282
47.244910	213.224961	32.174539
47.575789	213.010501	32.397867
47.914115	212.791703	32.626267
48.259889	212.568567	32.859738
48.613111	212.341094	33.098281
48.973782	212.109285	33.341894
49.137392	212.004330	33.452422
49.308450	211.895039	33.568020
49.486957	211.781412	33.688689
49.672914	211.663449	33.814430
49.866319	211.541151	33.945241
50.067173	211.414516	34.081123
50.275477	211.283547	34.222076
50.491230	211.148242	34.368099
50.714432	211.008602	34.519193
50.945084	210.864627	34.675358
51.183186	210.716317	34.836593
51.428738	210.563673	35.002899
51.681739	210.406694	35.174276
51.942191	210.245381	35.350723
52.210093	210.079734	35.532241
52.485446	209.909754	35.718829
52.768249	209.735439	35.910487
53.058502	209.556791	36.107216
53.356206	209.373809	36.309015
53.661361	209.186494	36.515884
53.973967	208.994847	36.727824
54.294024	208.798866	36.944834
54.621533	208.598552	37.166914
54.956492	208.393906	37.394064
55.298903	208.184928	37.626285
55.648766	207.971617	37.863575
56.006080	207.753974	38.105936
56.370846	207.532000	38.353367
56.536148	207.431497	38.465503
56.708902	207.326663	38.582709
56.889108	207.217497	38.704985
57.076766	207.103999	38.832331
57.271876	206.986171	38.964747
57.474439	206.864011	39.102233
57.684453	206.737519	39.244789
57.901920	206.606697	39.392415
58.126839	206.471543	39.545111
58.359210	206.332059	39.702877
58.599034	206.188243	39.865713
58.846310	206.040097	40.033619
59.101039	205.887620	40.206596
59.363220	205.730812	40.384642
59.632854	205.569673	40.567758
59.909940	205.404204	40.755944
60.194479	205.234405	40.949200
60.486471	205.060275	41.147526
60.785915	204.881815	41.350922
61.092813	204.699024	41.559388
61.407163	204.511904	41.772923
61.728966	204.320453	41.991529
62.058223	204.124672	42.215205
62.394932	203.924562	42.443950
62.739094	203.720122	42.677766
63.090710	203.511351	42.916651
63.449778	203.298251	43.160607
63.816300	203.080822	43.409632
63.982356	202.982355	43.522458
64.155865	202.879558	43.640353
64.336827	202.772431	43.763319
64.525243	202.660975	43.891354
64.721112	202.545190	44.024460
64.924435	202.425076	44.162635
65.135210	202.300632	44.305880
65.353440	202.171859	44.454195
65.579122	202.038756	44.607580
65.812258	201.901325	44.766035
66.052848	201.759564	44.929560
66.300891	201.613474	45.098155
66.556388	201.463055	45.271819
66.819338	201.308307	45.450554
67.089742	201.149230	45.634358
67.367599	200.985824	45.823233
67.652910	200.818089	46.017177
67.945674	200.646025	46.216191
68.245892	200.469633	46.420275
68.553564	200.288911	46.629429
68.868690	200.103861	46.843653
69.191269	199.914481	47.062947
69.521302	199.720774	47.287311
69.858789	199.522737	47.516745
70.203729	199.320372	47.751249
70.556123	199.113678	47.990822
70.915971	198.902655	48.235466
71.283273	198.687304	48.485179
71.449670	198.589763	48.598307
71.623521	198.487894	48.716504
71.804825	198.381696	48.839771
71.993584	198.271170	48.968109
72.189796	198.156315	49.101516
72.393463	198.037132	49.239993
72.604583	197.913620	49.383540
72.823157	197.785780	49.532157
73.049185	197.653611	49.685844
73.282667	197.517115	49.844601
73.523603	197.376290	50.008428
73.771993	197.231136	50.177324
74.027836	197.081654	50.351291
74.291134	196.927844	50.530328
74.561886	196.769706	50.714434
74.840092	196.607239	50.903611
75.125751	196.440444	51.097857
75.418865	196.269321	51.297174
75.719433	196.093870	51.501560
76.027454	195.914090	51.711016
76.342930	195.729983	51.925543
76.665860	195.541547	52.145139
76.996244	195.348783	52.369805
77.334081	195.151691	52.599541
77.679373	194.950270	52.834347
78.032119	194.744522	53.074223
78.392319	194.534445	53.319169
78.759974	194.320041	53.569185
78.926526	194.222921	53.682446
79.100532	194.121473	53.800777
79.281993	194.015698	53.924178
79.470908	193.905594	54.052649
79.667276	193.791162	54.186190
79.871099	193.672402	54.324800
80.082376	193.549314	54.468481
80.301107	193.421898	54.617232
80.527293	193.290154	54.771053
80.760932	193.154082	54.929943
81.002026	193.013683	55.093904
81.250573	192.868955	55.262935
81.506575	192.719899	55.437035
81.770031	192.566516	55.616206
82.040941	192.408804	55.800446
82.319305	192.246764	55.989757
82.605124	192.080397	56.184137
82.898396	191.909702	56.383588
83.199123	191.734678	56.588108
83.507304	191.555327	56.797699
83.822939	191.371648	57.012359
84.146028	191.183641	57.232089
84.476572	190.991306	57.456890
84.814569	190.794644	57.686760
85.160021	190.593653	57.921700
85.512927	190.388335	58.161711
85.873288	190.178688	58.406791
86.241102	189.964714	58.656941
86.407725	189.867786	58.770262
86.581803	189.766530	58.888652
86.763335	189.660946	59.012113
86.952321	189.551034	59.140643
87.148761	189.436794	59.274244
87.352655	189.318226	59.412914
87.564004	189.195331	59.556655
87.782807	189.068108	59.705465
88.009064	188.936557	59.859345
88.242775	188.800678	60.018296
88.483940	188.660472	60.182316
88.732560	188.515938	60.351407
88.988634	188.367075	60.525567
89.252162	188.213886	60.704797
89.523145	188.056368	60.889098
89.801581	187.894523	61.078468
90.087472	187.728349	61.272908
90.380817	187.557848	61.472419
90.681616	187.383020	61.676999
90.989870	187.203863	61.886649
91.305578	187.020379	62.101370
91.628740	186.832567	62.321160
91.959356	186.640427	62.546020
92.297427	186.443960	62.775950
92.642952	186.243164	63.010951
92.995931	186.038042	63.251021
93.356364	185.828591	63.496161
93.724251	185.614812	63.746371
93.890907	185.517971	63.859719
94.065017	185.416802	63.978136
94.246581	185.311305	64.101623
94.435600	185.201480	64.230180
94.632073	185.087328	64.363807
94.836000	184.968848	64.502504
95.047381	184.846040	64.646272
95.266217	184.718904	64.795109
95.492507	184.587441	64.949016
95.726251	184.451650	65.107993
95.967449	184.311532	65.272040
96.216102	184.167085	65.441157
96.472209	184.018311	65.615345
96.735770	183.865209	65.794602
97.006785	183.707780	65.978929
97.285255	183.546023	66.168326
97.571179	183.379938	66.362793
97.864557	183.209525	66.562330
98.165390	183.034785	66.766937
98.473676	182.855717	66.976615
98.789417	182.672321	67.191362
99.112613	182.484598	67.411179
99.443262	182.292547	67.636066
99.781366	182.096168	67.866023
100.126924	181.895462	68.101050
100.479937	181.690428	68.341148
100.840403	181.481066	68.586315
101.208324	181.267376	68.836552
101.374995	181.170574	68.949911
101.549120	181.069445	69.068340
101.730699	180.963987	69.191839
101.919732	180.854202	69.320409
102.116220	180.740090	69.454048
102.320162	180.621649	69.592757
102.531558	180.498881	69.736536
102.750409	180.371786	69.885385
102.976714	180.240362	70.039304
103.210473	180.104611	70.198293
103.451686	179.964533	70.362353
103.700354	179.820126	70.531482
103.956476	179.671392	70.705681
104.220052	179.518330	70.884950
104.491083	179.360941	71.069289
104.769567	179.199224	71.258699
105.055506	179.033179	71.453178
105.348900	178.862807	71.652727
105.649747	178.688107	71.857346
105.958049	178.509079	72.067035
106.273806	178.325724	72.281795
106.597016	178.138041	72.501624
106.927681	177.946030	72.726523
107.265800	177.749691	72.956493
107.611373	177.549025	73.191532
107.964401	177.344032	73.431641
108.324883	177.134710	73.676820
108.692819	176.921061	73.927070
108.859496	176.824277	74.040434
109.033628	176.723166	74.158869
109.215214	176.617726	74.282373
109.404254	176.507959	74.410948
109.600749	176.393865	74.544592
109.804698	176.275443	74.683307
110.016101	176.152693	74.827091
110.234958	176.025615	74.975946
110.461270	175.894210	75.129871
110.695036	175.758477	75.288865
110.936256	175.618416	75.452930
111.184931	175.474028	75.622064
111.441059	175.325312	75.796269
111.704642	175.172269	75.975544
111.975680	175.014898	76.159888
112.254172	174.853199	76.349303
112.540118	174.687172	76.543787
112.833518	174.516818	76.743342
113.134372	174.342136	76.947967
113.442681	174.163127	77.157661
113.758444	173.979790	77.372426
114.081662	173.792125	77.592261
114.412334	173.600133	77.817166
114.750460	173.403813	78.047140
115.096040	173.203165	78.282185
115.449075	172.998190	78.522300
115.809563	172.788887	78.767484
116.177507	172.575256	79.017739
116.344187	172.478480	79.131106
116.518322	172.377377	79.249543
116.699911	172.271946	79.373050
116.888954	172.162187	79.501627
117.085452	172.048101	79.635274
117.289404	171.929687	79.773991
117.500810	171.806945	79.917778
117.719671	171.679876	80.066635
117.945985	171.548479	80.220562
118.179755	171.412754	80.379559
118.420978	171.272702	80.543626
118.669656	171.128322	80.712763
118.925788	170.979614	80.886970
119.189374	170.826579	81.066247
119.460414	170.669216	81.250594
119.738909	170.507526	81.440011
120.024858	170.341508	81.634499
120.318262	170.171162	81.834056
120.619120	169.996488	82.038683
120.927432	169.817487	82.248380
121.243198	169.634159	82.463147
121.566419	169.446502	82.682984
121.897093	169.254518	82.907891
122.235223	169.058207	83.137869
122.580806	168.857567	83.372916
122.933844	168.652600	83.613033
123.294336	168.443306	83.858220
123.662282	168.229683	84.108477
123.828964	168.132911	84.221845
124.003100	168.031812	84.340283
124.184691	167.926384	84.463792
124.373736	167.816629	84.592370
124.570235	167.702547	84.726018
124.774188	167.584136	84.864736
124.985596	167.461398	85.008524
125.204458	167.334333	85.157382
125.430774	167.202940	85.311310
125.664545	167.067219	85.470308
125.905769	166.927170	85.634376
126.154449	166.782794	85.803514
126.410582	166.634090	85.977723
126.674170	166.481059	86.157001
126.945212	166.323700	86.341349
127.223708	166.162013	86.530767
127.509659	165.995999	86.725255
127.803063	165.825657	86.924814
128.103923	165.650987	87.129442
128.412236	165.471990	87.339140
128.728004	165.288665	87.553908
129.051226	165.101012	87.773747
129.381902	164.909032	87.998655
129.720033	164.712724	88.228633
130.065618	164.512089	88.463682
130.418657	164.307126	88.703800
130.779151	164.097835	88.948988
131.147098	163.884216	89.199247
131.313781	163.787446	89.312615
131.487918	163.686348	89.431054
131.669509	163.580922	89.554562
131.858554	163.471169	89.683141
132.055054	163.357088	89.816789
132.259008	163.238679	89.955508
132.470417	163.115943	90.099296
132.689279	162.988879	90.248155
132.915596	162.857488	90.402084
133.149367	162.721769	90.561082
133.390593	162.581722	90.725151
133.639272	162.437347	90.894290
133.895407	162.288645	91.068498
134.158995	162.135616	91.247777
134.430038	161.978258	91.432126
134.708535	161.816573	91.621544
134.994486	161.650561	91.816033
135.287891	161.480220	92.015592
135.588751	161.305553	92.220221
135.897065	161.126557	92.429919
136.212834	160.943234	92.644688
136.536057	160.755583	92.864527
136.866734	160.563604	93.089436
137.204865	160.367298	93.319414
137.550450	160.166665	93.554463
137.903490	159.961703	93.794582
138.263985	159.752414	94.039771
138.631933	159.538797	94.290030
138.798616	159.442028	94.403398
138.972753	159.340931	94.521837
139.154344	159.235506	94.645346
139.343390	159.125753	94.773925
139.539890	159.011673	94.907574
139.743845	158.893265	95.046292
139.955253	158.770530	95.190081
140.174116	158.643467	95.338940
140.400433	158.512076	95.492869
140.634205	158.376358	95.651868
140.875431	158.236312	95.815937
141.124111	158.091938	95.985075
141.380245	157.943237	96.159284
141.643834	157.790208	96.338563
141.914877	157.632851	96.522912
142.193374	157.471167	96.712331
142.479325	157.305155	96.906820
142.772731	157.134816	97.106379
143.073591	156.960148	97.311008
143.381906	156.781154	97.520707
143.697675	156.597831	97.735476
144.020898	156.410181	97.955315
144.351575	156.218204	98.180224
144.689707	156.021898	98.410203
145.035292	155.821265	98.645252
145.388333	155.616305	98.885371
145.748827	155.407016	99.130560
146.116776	155.193401	99.380819
146.283459	155.096631	99.494188
146.457596	154.995534	99.612627
146.639188	154.890110	99.736136
146.828234	154.780358	99.864715
147.024734	154.666278	99.998364
147.228688	154.547870	100.137083
147.440097	154.425135	100.280871
147.658960	154.298073	100.429730
147.885277	154.166682	100.583659
148.119049	154.030964	100.742658
148.360275	153.890919	100.906727
148.608955	153.746545	101.075866
148.865090	153.597844	101.250075
149.128679	153.444816	101.429354
149.399722	153.287460	101.613703
149.678219	153.125776	101.803122
149.964171	152.959764	101.997611
150.257577	152.789425	102.197170
150.558437	152.614758	102.401800
150.866752	152.435764	102.611499
151.182520	152.252442	102.826268
151.505744	152.064792	103.046107
151.836421	151.872815	103.271016
152.174553	151.676510	103.500995
152.520139	151.475877	103.736044
152.873179	151.270917	103.976163
153.233674	151.061629	104.221353
153.601623	150.848014	104.471612
153.768306	150.751245	104.584981
153.942443	150.650148	104.703420
154.124035	150.544723	104.826928
154.313081	150.434971	104.955507
154.509581	150.320892	105.089156
154.713535	150.202484	105.227875
154.924944	150.079750	105.371664
155.143807	149.952687	105.520523
155.370125	149.821297	105.674452
155.603897	149.685579	105.833451
155.845123	149.545533	105.997520
156.093803	149.401160	106.166659
156.349937	149.252460	106.340868
156.613526	149.099431	106.520147
156.884569	148.942075	106.704496
157.163067	148.780391	106.893916
157.449019	148.614380	107.088405
157.742425	148.444041	107.287964
158.043285	148.269374	107.492593
158.351600	148.090380	107.702292
158.667369	147.907058	107.917061
158.990592	147.719409	108.136900
159.321269	147.527432	108.361809
159.659401	147.331127	108.591789
160.004987	147.130494	108.826838
160.358028	146.925534	109.066957
160.718522	146.716247	109.312146
161.086471	146.502631	109.562405
161.253154	146.405862	109.675774
161.427292	146.304766	109.794213
161.608884	146.199341	109.917722
161.797929	146.089589	110.046301
161.994430	145.975510	110.179950
162.198384	145.857103	110.318669
162.409793	145.734368	110.462458
162.628656	145.607305	110.611317
162.854974	145.475915	110.765246
163.088745	145.340197	110.924245
163.329971	145.200152	111.088314
163.578652	145.055779	111.257453
163.834786	144.907078	111.431662
164.098375	144.754050	111.610941
164.369418	144.596694	111.795291
164.647916	144.435010	111.984710
164.933868	144.268999	112.179199
165.227274	144.098660	112.378758
165.528134	143.923994	112.583387
165.836449	143.744999	112.793086
166.152218	143.561678	113.007855
166.475441	143.374028	113.227694
166.806119	143.182051	113.452604
167.144250	142.985746	113.682583
167.489837	142.785114	113.917632
167.842877	142.580154	114.157751
168.203372	142.370866	114.402941
168.571321	142.157251	114.653200
168.738004	142.060482	114.766569
168.912141	141.959385	114.885008
169.093733	141.853961	115.008517
169.282779	141.744209	115.137096
169.479279	141.630130	115.270745
169.683234	141.511723	115.409464
169.894643	141.388988	115.553253
170.113506	141.261925	115.702112
170.339823	141.130535	115.856041
170.573595	140.994817	116.015040
170.814821	140.854772	116.179109
171.063501	140.710399	116.348248
171.319636	140.561698	116.522457
171.583225	140.408670	116.701736
171.854268	140.251314	116.886085
172.132766	140.089631	117.075504
172.418717	139.923619	117.269993
172.712123	139.753280	117.469552
173.012984	139.578614	117.674182
173.321298	139.399620	117.883881
173.637067	139.216298	118.098650
173.960291	139.028649	118.318489
174.290968	138.836672	118.543398
174.629100	138.640367	118.773377
174.974686	138.439735	119.008427
175.327727	138.234775	119.248546
175.688222	138.025487	119.493735
176.056171	137.811872	119.743994
176.222854	137.715103	119.857363
176.396991	137.614006	119.975802
176.578583	137.508582	120.099311
176.767629	137.398830	120.227890
176.964129	137.284751	120.361539
177.168084	137.166343	120.500258
177.379492	137.043609	120.644047
177.598356	136.916546	120.792906
177.824673	136.785156	120.946835
178.058445	136.649438	121.105834
178.299671	136.509393	121.269903
178.548351	136.365020	121.439042
178.804486	136.216319	121.613251
179.068075	136.063291	121.792531
179.339118	135.905935	121.976880
179.617615	135.744252	122.166299
179.903567	135.578240	122.360788
180.196973	135.407902	122.560347
180.497834	135.233235	122.764976
180.806148	135.054241	122.974675
181.121917	134.870919	123.189445
181.445141	134.683270	123.409284
181.775818	134.491293	123.634193
182.113950	134.294988	123.864172
182.459536	134.094356	124.099221
182.812577	133.889396	124.339341
183.173071	133.680108	124.584530
183.541021	133.466493	124.834789
183.707704	133.369724	124.948158
183.881841	133.268627	125.066597
184.063433	133.163203	125.190106
184.252479	133.053451	125.318685
184.448979	132.939372	125.452334
184.652933	132.820965	125.591053
184.864342	132.698230	125.734842
185.083206	132.571167	125.883701
185.309523	132.439777	126.037630
185.543295	132.304060	126.196629
185.784521	132.164014	126.360698
186.033201	132.019641	126.529837
186.289336	131.870941	126.704046
186.552925	131.717912	126.883325
186.823968	131.560556	127.067674
187.102465	131.398873	127.257094
187.388417	131.232862	127.451583
187.681823	131.062523	127.651142
187.982684	130.887856	127.855771
188.290998	130.708862	128.065470
188.606767	130.525540	128.280239
188.929991	130.337891	128.500079
189.260668	130.145914	128.724988
189.598800	129.949609	128.954967
189.944386	129.748977	129.190016
190.297427	129.544017	129.430135
190.657921	129.334730	129.675325
191.025871	129.121114	129.925584
191.192554	129.024345	130.038953
191.366691	128.923249	130.157392
191.548283	128.817825	130.280901
191.737329	128.708073	130.409480
191.933829	128.593993	130.543129
192.137784	128.475586	130.681848
192.349192	128.352851	130.825637
192.568056	128.225789	130.974496
192.794373	128.094399	131.128425
193.028145	127.958681	131.287424
193.269371	127.818636	131.451493
193.518051	127.674263	131.620632
193.774186	127.525562	131.794841
194.037775	127.372534	131.974120
194.308818	127.215178	132.158469
194.587315	127.053494	132.347888
194.873267	126.887483	132.542378
195.166673	126.717144	132.741937
195.467534	126.542478	132.946566
195.775848	126.363484	133.156265
196.091617	126.180162	133.371034
196.414841	125.992513	133.590873
196.745518	125.800535	133.815783
197.083650	125.604231	134.045762
197.429236	125.403599	134.280811
197.782277	125.198639	134.520930
198.142772	124.989351	134.766120
198.510721	124.775736	135.016379
198.677404	124.678967	135.129748
198.851541	124.577870	135.248187
199.033133	124.472446	135.371696
199.222179	124.362694	135.500275
199.418679	124.248615	135.633924
199.622634	124.130207	135.772643
199.834042	124.007473	135.916432
200.052906	123.880410	136.065291
200.279223	123.749020	136.219220
200.512995	123.613302	136.378219
200.754221	123.473257	136.542288
201.002901	123.328884	136.711427
201.259036	123.180183	136.885636
201.522625	123.027155	137.064915
201.793668	122.869799	137.249264
202.072165	122.708116	137.438683
202.358117	122.542105	137.633172
202.651523	122.371766	137.832732
202.952384	122.197099	138.037361
203.260698	122.018105	138.247060
203.576467	121.834783	138.461829
203.899691	121.647134	138.681668
204.230368	121.455157	138.906577
204.568500	121.258852	139.136557
204.914086	121.058220	139.371606
205.267127	120.853260	139.611725
205.627622	120.643973	139.856914
205.995571	120.430357	140.107174
206.162254	120.333588	140.220543
206.336391	120.232492	140.338982
206.517983	120.127067	140.462491
206.707029	120.017316	140.591069
206.903529	119.903236	140.724718
207.107484	119.784829	140.863437
207.318893	119.662094	141.007226
207.537756	119.535032	141.156085
207.764073	119.403642	141.310015
207.997845	119.267924	141.469014
208.239071	119.127879	141.633083
208.487751	118.983506	141.802222
208.743886	118.834805	141.976431
209.007475	118.681777	142.155710
209.278518	118.524421	142.340059
209.557016	118.362737	142.529478
209.842967	118.196726	142.723967
210.136373	118.026387	142.923526
210.437234	117.851721	143.128156
210.745549	117.672727	143.337855
211.061318	117.489405	143.552624
211.384541	117.301756	143.772463
211.715218	117.109779	143.997372
212.053350	116.913474	144.227352
212.398936	116.712842	144.462401
212.751977	116.507882	144.702520
213.112472	116.298594	144.947709
213.480421	116.084979	145.197969
213.647104	115.988210	145.311337
213.821241	115.887113	145.429776
214.002833	115.781689	145.553285
214.191879	115.671937	145.681864
214.388379	115.557858	145.815513
214.592334	115.439450	145.954232
214.803743	115.316716	146.098021
215.022606	115.189653	146.246880
215.248923	115.058263	146.400809
215.482695	114.922545	146.559808
215.723921	114.782500	146.723877
215.972601	114.638127	146.893017
216.228736	114.489426	147.067226
216.492325	114.336398	147.246505
216.763368	114.179042	147.430854
217.041866	114.017359	147.620273
217.327817	113.851348	147.814762
217.621224	113.681009	148.014321
217.922084	113.506342	148.218950
218.230399	113.327348	148.428650
218.546168	113.144026	148.643419
218.869391	112.956377	148.863258
219.200068	112.764400	149.088167
219.538200	112.568095	149.318146
219.883787	112.367463	149.553196
220.236827	112.162503	149.793315
220.597322	111.953216	150.038504
220.965271	111.739600	150.288763
221.131954	111.642831	150.402132
221.306091	111.541735	150.520571
221.487683	111.436311	150.644080
221.676729	111.326559	150.772659
221.873229	111.212479	150.906308
222.077184	111.094072	151.045027
222.288593	110.971337	151.188816
222.507456	110.844275	151.337675
222.733773	110.712885	151.491604
222.967545	110.577167	151.650603
223.208771	110.437122	151.814672
223.457451	110.292749	151.983811
223.713586	110.144048	152.158020
223.977175	109.991020	152.337300
224.248218	109.833664	152.521649
224.526716	109.671980	152.711068
224.812668	109.505969	152.905557
225.106074	109.335630	153.105116
225.406934	109.160964	153.309745
225.715249	108.981970	153.519444
226.031018	108.798648	153.734214
226.354241	108.610999	153.954053
226.684919	108.419022	154.178962
227.023050	108.222717	154.408941
227.368637	108.022085	154.643990
227.721677	107.817125	154.884110
228.082172	107.607837	155.129299
228.450121	107.394222	155.379558
228.616804	107.297453	155.492927
228.790941	107.196356	155.611366
228.972533	107.090932	155.734875
229.161579	106.981180	155.863454
229.358079	106.867101	155.997103
229.562034	106.748694	156.135822
229.773443	106.625959	156.279611
229.992306	106.498896	156.428470
230.218623	106.367506	156.582399
230.452395	106.231789	156.741398
230.693621	106.091743	156.905467
230.942301	105.947370	157.074606
231.198436	105.798670	157.248815
231.462025	105.645641	157.428094
231.733068	105.488285	157.612444
232.011566	105.326602	157.801863
232.297518	105.160591	157.996352
232.590924	104.990252	158.195911
232.891784	104.815585	158.400540
233.200099	104.636591	158.610239
233.515868	104.453270	158.825008
233.839091	104.265620	159.044848
234.169769	104.073643	159.269757
234.507901	103.877338	159.499736
234.853487	103.676706	159.734785
235.206527	103.471746	159.974905
235.567022	103.262459	160.220094
235.934971	103.048843	160.470353
236.101654	102.952074	160.583722
236.275791	102.850978	160.702161
236.457383	102.745554	160.825670
236.646429	102.635802	160.954249
236.842929	102.521722	161.087898
237.046884	102.403315	161.226617
237.258293	102.280580	161.370406
237.477156	102.153518	161.519265
237.703473	102.022128	161.673194
237.937245	101.886410	161.832193
238.178471	101.746365	161.996262
238.427152	101.601992	162.165401
238.683286	101.453291	162.339610
238.946875	101.300263	162.518889
239.217918	101.142907	162.703238
239.496416	100.981223	162.892657
239.782368	100.815212	163.087147
240.075774	100.644873	163.286706
240.376634	100.470207	163.491335
240.684949	100.291213	163.701034
241.000718	100.107891	163.915803
241.323941	99.920242	164.135642
241.654619	99.728265	164.360552
241.992751	99.531960	164.590531
242.338337	99.331328	164.825580
242.691377	99.126368	165.065699
243.051872	98.917080	165.310889
243.419821	98.703465	165.561148
243.586504	98.606696	165.674517
243.760642	98.505599	165.792956
243.942233	98.400175	165.916465
244.131279	98.290423	166.045044
244.327779	98.176344	166.178693
244.531734	98.057937	166.317412
244.743143	97.935202	166.461201
244.962006	97.808139	166.610060
245.188324	97.676749	166.763989
245.422095	97.541032	166.922988
245.663321	97.400986	167.087057
245.912002	97.256613	167.256196
246.168136	97.107913	167.430405
246.431725	96.954884	167.609684
246.702768	96.797528	167.794033
246.981266	96.635845	167.983452
247.267218	96.469834	168.177941
247.560624	96.299495	168.377501
247.861484	96.124828	168.582130
248.169799	95.945834	168.791829
248.485568	95.762513	169.006598
248.808791	95.574863	169.226437
249.139469	95.382886	169.451347
249.477601	95.186582	169.681326
249.823187	94.985949	169.916375
250.176227	94.780989	170.156494
250.536722	94.571702	170.401684
250.904671	94.358086	170.651943
251.071354	94.261318	170.765312
251.245492	94.160221	170.883751
251.427083	94.054797	171.007260
251.616129	93.945045	171.135839
251.812630	93.830965	171.269488
252.016584	93.712558	171.408207
252.227993	93.589823	171.551996
252.446856	93.462761	171.700855
252.673174	93.331371	171.854784
252.906945	93.195653	172.013783
253.148171	93.055608	172.177852
253.396852	92.911235	172.346991
253.652986	92.762534	172.521200
253.916575	92.609506	172.700479
254.187619	92.452150	172.884828
254.466116	92.290466	173.074247
254.752068	92.124455	173.268736
255.045474	91.954116	173.468295
255.346334	91.779450	173.672925
255.654649	91.600456	173.882624
255.970418	91.417134	174.097393
256.293641	91.229485	174.317232
256.624319	91.037508	174.542141
256.962451	90.841203	174.772121
257.308037	90.640571	175.007170
257.661077	90.435611	175.247289
258.021572	90.226323	175.492478
258.389521	90.012708	175.742738
258.556204	89.915939	175.856107
258.730342	89.814842	175.974546
258.911933	89.709418	176.098054
259.100979	89.599666	176.226633
259.297480	89.485587	176.360282
259.501434	89.367180	176.499001
259.712843	89.244445	176.642790
259.931706	89.117382	176.791649
260.158024	88.985992	176.945578
260.391795	88.850275	177.104578
260.633021	88.710229	177.268647
260.881702	88.565856	177.437786
261.137836	88.417156	177.611995
261.401425	88.264127	177.791274
261.672469	88.106772	177.975623
261.950966	87.945088	178.165042
262.236918	87.779077	178.359531
262.530324	87.608738	178.559090
262.831184	87.434072	178.763719
