-44.524627	202.785216	43.850072
-44.562638	202.668156	43.850319
-44.607118	202.546893	43.856930
-44.658069	202.421428	43.869903
-44.715495	202.291763	43.889236
-44.779398	202.157900	43.914926
-44.849783	202.019840	43.946973
-44.926652	201.877585	43.985373
-45.010009	201.731137	44.030124
-45.099856	201.580498	44.081224
-45.196197	201.425670	44.138671
-45.299035	201.266654	44.202463
-45.408373	201.103452	44.272598
-45.524214	200.936066	44.349073
-45.646562	200.764498	44.431886
-45.775420	200.588750	44.521036
-45.910790	200.408824	44.616520
-46.052675	200.224720	44.718335
-46.201080	200.036441	44.826479
-46.356007	199.843988	44.940949
-46.517459	199.647363	45.061743
-46.685440	199.446569	45.188857
-46.859953	199.241605	45.322290
-47.041003	199.032476	45.462040
-47.228592	198.819183	45.608106
-47.422722	198.601727	45.760485
-47.623398	198.380111	45.919178
-47.830621	198.154337	46.084182
-48.044394	197.924406	46.255497
-48.264720	197.690321	46.433120
-48.491602	197.452082	46.617050
-48.725043	197.209692	46.807285
-48.965045	196.963153	47.003823
-49.211611	196.712467	47.206662
-49.464745	196.457635	47.415801
-49.724449	196.198659	47.631238
-49.990725	195.935541	47.852971
-50.263577	195.668283	48.080999
-50.543008	195.396887	48.315319
-50.829020	195.121354	48.555931
-51.121616	194.841687	48.802832
-51.420798	194.557887	49.056020
-51.726570	194.269956	49.315495
-51.865296	194.140248	49.433524
-52.010615	194.006411	49.557837
-52.162529	193.868447	49.688432
-52.321038	193.726356	49.825311
-52.486144	193.580141	49.968472
-52.657847	193.429800	50.117914
-52.836150	193.275335	50.273636
-53.021052	193.116748	50.435639
-53.212556	192.954038	50.603921
-53.410663	192.787206	50.778482
-53.615373	192.616255	50.959320
-53.826687	192.441183	51.146437
-54.044608	192.261993	51.339830
-54.269135	192.078684	51.539499
-54.500270	191.891259	51.745444
-54.738014	191.699717	51.957664
-54.982369	191.504060	52.176159
-55.233335	191.304288	52.400927
-55.490913	191.100402	52.631969
-55.755104	190.892404	52.869283
-56.025911	190.680293	53.112869
-56.303332	190.464071	53.362727
-56.587370	190.243739	53.618856
-56.878026	190.019298	53.881256
-57.175301	189.790748	54.149925
-57.479195	189.558090	54.424864
-57.789710	189.321325	54.706072
-58.106847	189.080454	54.993548
-58.251313	188.971142	55.124622
-58.402403	188.857725	55.261963
-58.560117	188.740204	55.405571
-58.724455	188.618579	55.555447
-58.895417	188.492850	55.711590
-59.073004	188.363018	55.874000
-59.257217	188.229083	56.042676
-59.448055	188.091046	56.217619
-59.645520	187.948907	56.398828
-59.849611	187.802666	56.586303
-60.060330	187.652324	56.780044
-60.277676	187.497881	56.980050
-60.501651	187.339338	57.186322
-60.732253	187.176694	57.398860
-60.969485	187.009951	57.617662
-61.213346	186.839109	57.842729
-61.463837	186.664168	58.074061
-61.720958	186.485128	58.311657
-61.984709	186.301990	58.555517
-62.255091	186.114755	58.805642
-62.532105	185.923422	59.062031
-62.815751	185.727993	59.324683
-63.106028	185.528467	59.593599
-63.402939	185.324845	59.868778
-63.706482	185.117127	60.150221
-64.016659	184.905314	60.437927
-64.333470	184.689406	60.731896
-64.656914	184.469404	61.032127
-64.803621	184.369803	61.168351
-64.956962	184.266108	61.310837
-65.116938	184.158319	61.459586
-65.283549	184.046437	61.614597
-65.456795	183.930461	61.775871
-65.636677	183.810392	61.943407
-65.823194	183.686230	62.117205
-66.016348	183.557976	62.297265
-66.216137	183.425629	62.483588
-66.422562	183.289189	62.676172
-66.635624	183.148657	62.875019
-66.855322	183.004034	63.080127
-67.081657	182.855318	63.291498
-67.314629	182.702511	63.509130
-67.554238	182.545612	63.733024
-67.800483	182.384622	63.963180
-68.053367	182.219540	64.199598
-68.312887	182.050368	64.442277
-68.579046	181.877105	64.691217
-68.851842	181.699751	64.946420
-69.131276	181.518307	65.207883
-69.417348	181.332773	65.475608
-69.710059	181.143149	65.749595
-70.009408	180.949435	66.029842
-70.315396	180.751631	66.316351
-70.628022	180.549738	66.609122
-70.947287	180.343755	66.908153
-71.273192	180.133684	67.213445
-71.420875	180.038575	67.351807
-71.575198	179.939377	67.496430
-71.736160	179.836090	67.647313
-71.903761	179.728715	67.804458
-72.078002	179.617251	67.967864
-72.258883	179.501699	68.137530
-72.446403	179.382059	68.313458
-72.640563	179.258330	68.495646
-72.841363	179.130512	68.684096
-73.048803	178.998607	68.878806
-73.262883	178.862614	69.079778
-73.483602	178.722532	69.287010
-73.710962	178.578363	69.500503
-73.944962	178.430106	69.720257
-74.185602	178.277762	69.946272
-74.432883	178.121329	70.178548
-74.686804	177.960809	70.417084
-74.947365	177.796202	70.661881
-75.214567	177.627507	70.912939
-75.488409	177.454725	71.170258
-75.768892	177.277856	71.433838
-76.056015	177.096900	71.703678
-76.349779	176.911857	71.979779
-76.650185	176.722726	72.262141
-76.957231	176.529509	72.550763
-77.270917	176.332205	72.845646
-77.591245	176.130815	73.146790
-77.918214	175.925338	73.454195
-78.066347	175.832285	73.593471
-78.221121	175.735146	73.739009
-78.382536	175.633921	73.890806
-78.550592	175.528609	74.048865
-78.725290	175.419211	74.213184
-78.906629	175.305727	74.383764
-79.094609	175.188157	74.560604
-79.289230	175.066500	74.743705
-79.490493	174.940757	74.933067
-79.698397	174.810928	75.128689
-79.912943	174.677012	75.330572
-80.134130	174.539011	75.538715
-80.361958	174.396924	75.753119
-80.596428	174.250750	75.973784
-80.837540	174.100491	76.200709
-81.085293	173.946146	76.433895
-81.339688	173.787715	76.673342
-81.600724	173.625198	76.919049
-81.868402	173.458595	77.171017
-82.142722	173.287907	77.429245
-82.423683	173.113133	77.693734
-82.711286	172.934273	77.964483
-83.005531	172.751328	78.241493
-83.306417	172.564297	78.524764
-83.613946	172.373180	78.814295
-83.928116	172.177978	79.110087
-84.248928	171.978690	79.412139
-84.576382	171.775317	79.720452
-84.724725	171.683203	79.860127
-84.879711	171.587003	80.006063
-85.041338	171.486718	80.158259
-85.209607	171.382347	80.316716
-85.384518	171.273891	80.481433
-85.566071	171.161350	80.652411
-85.754266	171.044724	80.829650
-85.949103	170.924012	81.013149
-86.150583	170.799215	81.202908
-86.358704	170.670333	81.398929
-86.573467	170.537366	81.601209
-86.794872	170.400313	81.809751
-87.022919	170.259175	82.024553
-87.257609	170.113953	82.245615
-87.498940	169.964645	82.472938
-87.746913	169.811251	82.706522
-88.001529	169.653773	82.946366
-88.262786	169.492210	83.192471
-88.530686	169.326562	83.444836
-88.805228	169.156828	83.703462
-89.086412	168.983010	83.968348
-89.374238	168.805107	84.239495
-89.668707	168.623118	84.516902
-89.969817	168.437045	84.800570
-90.277570	168.246887	85.090499
-90.591965	168.052644	85.386688
-90.913002	167.854315	85.689138
-91.240681	167.651902	85.997848
-91.389124	167.560215	86.137699
-91.544209	167.464443	86.283810
-91.705936	167.364586	86.436182
-91.874305	167.260644	86.594814
-92.049317	167.152617	86.759707
-92.230971	167.040505	86.930861
-92.419267	166.924309	87.108275
-92.614205	166.804028	87.291949
-92.815786	166.679662	87.481884
-93.024009	166.551211	87.678080
-93.238874	166.418675	87.880536
-93.460382	166.282055	88.089253
-93.688531	166.141350	88.304231
-93.923324	165.996560	88.525469
-94.164758	165.847685	88.752967
-94.412835	165.694726	88.986726
-94.667554	165.537682	89.226746
-94.928915	165.376553	89.473026
-95.196919	165.211339	89.725567
-95.471565	165.042041	89.984368
-95.752853	164.868658	90.249430
-96.040784	164.691191	90.520753
-96.335357	164.509638	90.798336
-96.636572	164.324001	91.082179
-96.944430	164.134280	91.372284
-97.258930	163.940474	91.668648
-97.580072	163.742583	91.971274
-97.907857	163.540607	92.280160
-98.056346	163.449114	92.420088
-98.211478	163.353537	92.566277
-98.373252	163.253874	92.718727
-98.541668	163.150128	92.877437
-98.716727	163.042296	93.042408
-98.898428	162.930380	93.213639
-99.086772	162.814380	93.391131
-99.281758	162.694294	93.574883
-99.483386	162.570125	93.764896
-99.691657	162.441870	93.961170
-99.906570	162.309531	94.163704
-100.128126	162.173108	94.372499
-100.356324	162.032600	94.587554
-100.591164	161.888007	94.808870
-100.832647	161.739330	95.036447
-101.080772	161.586568	95.270284
-101.335539	161.429721	95.510381
-101.596949	161.268790	95.756739
-101.865001	161.103775	96.009358
-102.139696	160.934675	96.268238
-102.421033	160.761490	96.533378
-102.709013	160.584221	96.804778
-103.003635	160.402868	97.082439
-103.304899	160.217429	97.366361
-103.612806	160.027907	97.656543
-103.927355	159.834299	97.952986
-104.248547	159.636608	98.255689
-104.576381	159.434831	98.564653
-104.724892	159.343427	98.704616
-104.880046	159.247938	98.850840
-105.041842	159.148365	99.003324
-105.210281	159.044707	99.162069
-105.385362	158.936964	99.327075
-105.567085	158.825137	99.498341
-105.755451	158.709226	99.675867
-105.950459	158.589230	99.859654
-106.152110	158.465150	100.049702
-106.360403	158.336985	100.246010
-106.575338	158.204735	100.448579
-106.796916	158.068401	100.657409
-107.025137	157.927983	100.872499
-107.259999	157.783480	101.093850
-107.501505	157.634893	101.321461
-107.749653	157.482221	101.555333
-108.004443	157.325465	101.795465
-108.265875	157.164624	102.041858
-108.533950	156.999699	102.294512
-108.808668	156.830689	102.553426
-109.090028	156.657595	102.818601
-109.378030	156.480416	103.090036
-109.672675	156.299153	103.367732
-109.973963	156.113805	103.651689
-110.281893	155.924373	103.941906
-110.596465	155.730856	104.238383
-110.917680	155.533255	104.541122
-111.245537	155.331570	104.850120
-111.394058	155.240206	104.990099
-111.549222	155.144757	105.136338
-111.711028	155.045224	105.288838
-111.879477	154.941607	105.447598
-112.054568	154.833905	105.612619
-112.236302	154.722119	105.783901
-112.424678	154.606248	105.961443
-112.619697	154.486293	106.145245
-112.821358	154.362253	106.335309
-113.029661	154.234129	106.531633
-113.244607	154.101920	106.734217
-113.466196	153.965627	106.943062
-113.694427	153.825250	107.158168
-113.929300	153.680788	107.379534
-114.170816	153.532242	107.607161
-114.418974	153.379611	107.841048
-114.673775	153.222896	108.081196
-114.935219	153.062096	108.327605
-115.203304	152.897212	108.580274
-115.478032	152.728243	108.839204
-115.759403	152.555190	109.104394
-116.047416	152.378053	109.375845
-116.342072	152.196831	109.653557
-116.643370	152.011524	109.937529
-116.951310	151.822134	110.227761
-117.265893	151.628658	110.524255
-117.587119	151.431099	110.827009
-117.914987	151.229455	111.136023
-118.063513	151.138109	111.276009
-118.218682	151.042679	111.422255
-118.380493	150.943164	111.574761
-118.548946	150.839565	111.733529
-118.724042	150.731882	111.898557
-118.905781	150.620114	112.069845
-119.094162	150.504262	112.247394
-119.289185	150.384325	112.431204
-119.490851	150.260304	112.621274
-119.699160	150.132199	112.817605
-119.914111	150.000009	113.020196
-120.135704	149.863734	113.229048
-120.363940	149.723375	113.444161
-120.598818	149.578932	113.665534
-120.840339	149.430404	113.893168
-121.088502	149.277792	114.127062
-121.343308	149.121096	114.367217
-121.604756	148.960315	114.613633
-121.872847	148.795449	114.866309
-122.147580	148.626500	115.125246
-122.428955	148.453465	115.390443
-122.716973	148.276347	115.661901
-123.011634	148.095144	115.939620
-123.312937	147.909856	116.223599
-123.620883	147.720484	116.513839
-123.935471	147.527028	116.810339
-124.256701	147.329487	117.113100
-124.584574	147.127862	117.422121
-124.733102	147.036525	117.562110
-124.888273	146.941103	117.708359
-125.050087	146.841597	117.860869
-125.218542	146.738006	118.019639
-125.393641	146.630331	118.184670
-125.575381	146.518572	118.355962
-125.763765	146.402728	118.533514
-125.958790	146.282800	118.717327
-126.160459	146.158787	118.907400
-126.368769	146.030690	119.103734
-126.583722	145.898509	119.306329
-126.805318	145.762243	119.515184
-127.033556	145.621892	119.730300
-127.268437	145.477458	119.951676
-127.509960	145.328939	120.179313
-127.758125	145.176335	120.413211
-128.012933	145.019647	120.653369
-128.274384	144.858875	120.899787
-128.542477	144.694018	121.152467
-128.817212	144.525076	121.411407
-129.098590	144.352051	121.676607
-129.386611	144.174941	121.948068
-129.681273	143.993746	122.225790
-129.982579	143.808467	122.509772
-130.290527	143.619104	122.800015
-130.605117	143.425656	123.096519
-130.926350	143.228124	123.399283
-131.254225	143.026507	123.708307
-131.402754	142.935174	123.848297
-131.557926	142.839756	123.994548
-131.719741	142.740254	124.147059
-131.888198	142.636667	124.305831
-132.063297	142.528996	124.470863
-132.245039	142.417241	124.642156
-132.433423	142.301401	124.819710
-132.628450	142.181476	125.003524
-132.830119	142.057468	125.193599
-133.038431	141.929374	125.389934
-133.253385	141.797197	125.592530
-133.474982	141.660935	125.801387
-133.703221	141.520588	126.016504
-133.938102	141.376157	126.237882
-134.179627	141.227642	126.465520
-134.427793	141.075043	126.699419
-134.682602	140.918358	126.939579
-134.944054	140.757590	127.185999
-135.212148	140.592737	127.438680
-135.486884	140.423800	127.697621
-135.768263	140.250778	127.962823
-136.056285	140.073672	128.234285
-136.350949	139.892481	128.512008
-136.652255	139.707206	128.795992
-136.960204	139.517847	129.086236
-137.274795	139.324403	129.382741
-137.596029	139.126875	129.685507
-137.923906	138.925262	129.994533
-138.072435	138.833930	130.134524
-138.227608	138.738514	130.280775
-138.389423	138.639014	130.433287
-138.557880	138.535429	130.592059
-138.732980	138.427759	130.757092
-138.914722	138.316006	130.928386
-139.103107	138.200168	131.105940
-139.298134	138.080245	131.289755
-139.499804	137.956238	131.479830
-139.708116	137.828147	131.676166
-139.923071	137.695971	131.878763
-140.144668	137.559710	132.087620
-140.372908	137.419366	132.302738
-140.607790	137.274937	132.524116
-140.849315	137.126423	132.751755
-141.097482	136.973825	132.985655
-141.352291	136.817143	133.225815
-141.613743	136.656376	133.472236
-141.881838	136.491525	133.724917
-142.156575	136.322590	133.983859
-142.437954	136.149570	134.249062
-142.725976	135.972465	134.520525
-143.020641	135.791277	134.798249
-143.321948	135.606003	135.082233
-143.629897	135.416646	135.372478
-143.944489	135.223204	135.668984
-144.265723	135.025677	135.971750
-144.593600	134.824066	136.280777
-144.742130	134.732736	136.420768
-144.897303	134.637320	136.567019
-145.059118	134.537821	136.719531
-145.227575	134.434236	136.878304
-145.402675	134.326568	137.043337
-145.584418	134.214815	137.214631
-145.772803	134.098978	137.392186
-145.967830	133.979056	137.576001
-146.169500	133.855050	137.766077
-146.377813	133.726959	137.962413
-146.592768	133.594784	138.165010
-146.814365	133.458525	138.373867
-147.042605	133.318181	138.588985
-147.277487	133.173752	138.810364
-147.519012	133.025240	139.038003
-147.767180	132.872643	139.271903
-148.021989	132.715961	139.512064
-148.283442	132.555195	139.758485
-148.551536	132.390345	140.011166
-148.826274	132.221410	140.270109
-149.107653	132.048391	140.535312
-149.395676	131.871288	140.806775
-149.690340	131.690100	141.084499
-149.991647	131.504827	141.368484
-150.299597	131.315470	141.658729
-150.614189	131.122029	141.955235
-150.935424	130.924504	142.258001
-151.263301	130.722894	142.567028
-151.411831	130.631563	142.707019
-151.567004	130.536148	142.853271
-151.728819	130.436649	143.005783
-151.897277	130.333065	143.164556
-152.072377	130.225397	143.329590
-152.254119	130.113644	143.500884
-152.442504	129.997807	143.678438
-152.637532	129.877886	143.862254
-152.839202	129.753880	144.052329
-153.047515	129.625790	144.248666
-153.262470	129.493615	144.451263
-153.484067	129.357356	144.660120
-153.712307	129.217013	144.875239
-153.947190	129.072585	145.096618
-154.188715	128.924073	145.324257
-154.436882	128.771476	145.558157
-154.691692	128.614795	145.798318
-154.953144	128.454029	146.044739
-155.221239	128.289179	146.297421
-155.495977	128.120245	146.556363
-155.777356	127.947226	146.821566
-156.065379	127.770123	147.093030
-156.360043	127.588935	147.370754
-156.661351	127.403663	147.654738
-156.969300	127.214307	147.944984
-157.283893	127.020866	148.241490
-157.605127	126.823341	148.544256
-157.933004	126.621731	148.853284
-158.081535	126.530401	148.993275
-158.236708	126.434986	149.139526
-158.398523	126.335487	149.292039
-158.566980	126.231903	149.450812
-158.742081	126.124235	149.615845
-158.923823	126.012483	149.787139
-159.112209	125.896646	149.964694
-159.307236	125.776725	150.148509
-159.508906	125.652719	150.338585
-159.717219	125.524629	150.534922
-159.932174	125.392455	150.737519
-160.153772	125.256196	150.946377
-160.382012	125.115852	151.161495
-160.616894	124.971425	151.382874
-160.858419	124.822913	151.610513
-161.106587	124.670316	151.844413
-161.361397	124.513635	152.084574
-161.622849	124.352870	152.330995
-161.890944	124.188020	152.583677
-162.165681	124.019086	152.842619
-162.447061	123.846067	153.107823
-162.735083	123.668964	153.379286
-163.029748	123.487777	153.657010
-163.331056	123.302505	153.940995
-163.639005	123.113149	154.231241
-163.953598	122.919708	154.527747
-164.274832	122.722183	154.830513
-164.602710	122.520574	155.139541
-164.751240	122.429243	155.279532
-164.906413	122.333829	155.425783
-165.068228	122.234330	155.578296
-165.236686	122.130746	155.737069
-165.411786	122.023078	155.902102
-165.593529	121.911326	156.073396
-165.781914	121.795489	156.250951
-165.976941	121.675568	156.434767
-166.178612	121.551562	156.624842
-166.386924	121.423472	156.821179
-166.601879	121.291298	157.023776
-166.823477	121.155039	157.232634
-167.051717	121.014696	157.447752
-167.286600	120.870268	157.669131
-167.528125	120.721756	157.896771
-167.776292	120.569160	158.130671
-168.031102	120.412479	158.370831
-168.292554	120.251714	158.617253
-168.560649	120.086864	158.869935
-168.835387	119.917930	159.128877
-169.116767	119.744911	159.394080
-169.404789	119.567808	159.665544
-169.699454	119.386621	159.943268
-170.000761	119.201349	160.227253
-170.308711	119.011993	160.517498
-170.623303	118.818553	160.814004
-170.944538	118.621028	161.116771
-171.272415	118.419418	161.425798
-171.420946	118.328088	161.565790
-171.576118	118.232673	161.712041
-171.737934	118.133174	161.864554
-171.906391	118.029591	162.023327
-172.081492	117.921923	162.188360
-172.263234	117.810171	162.359654
-172.451620	117.694334	162.537209
-172.646647	117.574413	162.721024
-172.848317	117.450407	162.911100
-173.056630	117.322317	163.107437
-173.271585	117.190143	163.310034
-173.493183	117.053884	163.518892
-173.721423	116.913541	163.734010
-173.956305	116.769113	163.955389
-174.197830	116.620601	164.183029
-174.445998	116.468005	164.416929
-174.700808	116.311324	164.657089
-174.962260	116.150559	164.903511
-175.230355	115.985709	165.156193
-175.505093	115.816775	165.415135
-175.786473	115.643757	165.680338
-176.074495	115.466654	165.951802
-176.369160	115.285466	166.229526
-176.670467	115.100195	166.513511
-176.978417	114.910839	166.803756
-177.293009	114.717398	167.100263
-177.614244	114.519873	167.403029
-177.942121	114.318264	167.712056
-178.090652	114.226934	167.852048
-178.245824	114.131519	167.998299
-178.407640	114.032020	168.150812
-178.576097	113.928436	168.309585
-178.751198	113.820769	168.474618
-178.932940	113.709016	168.645912
-179.121326	113.593180	168.823467
-179.316353	113.473258	169.007283
-179.518023	113.349253	169.197359
-179.726336	113.221163	169.393695
-179.941291	113.088989	169.596292
-180.162889	112.952730	169.805150
-180.391129	112.812387	170.020268
-180.626011	112.667959	170.241647
-180.867536	112.519447	170.469287
-181.115704	112.366851	170.703187
-181.370514	112.210170	170.943348
-181.631966	112.049405	171.189769
-181.900061	111.884555	171.442451
-182.174799	111.715621	171.701393
-182.456179	111.542603	171.966596
-182.744201	111.365500	172.238060
-183.038866	111.184312	172.515784
-183.340173	110.999041	172.799769
-183.648123	110.809685	173.090015
-183.962715	110.616244	173.386521
-184.283950	110.418719	173.689287
-184.611827	110.217110	173.998315
-184.760358	110.125780	174.138306
-184.915531	110.030365	174.284558
-185.077346	109.930866	174.437070
-185.245804	109.827282	174.595843
-185.420904	109.719615	174.760877
-185.602647	109.607862	174.932171
-185.791032	109.492026	175.109725
-185.986060	109.372105	175.293541
-186.187730	109.248099	175.483617
-186.396042	109.120009	175.679953
-186.610997	108.987835	175.882550
-186.832595	108.851576	176.091408
-187.060835	108.711233	176.306527
-187.295718	108.566805	176.527905
-187.537243	108.418293	176.755545
-187.785410	108.265697	176.989445
-188.040220	108.109016	177.229606
-188.301673	107.948251	177.476027
-188.569768	107.783401	177.728709
-188.844505	107.614467	177.987652
-189.125885	107.441449	178.252855
-189.413907	107.264346	178.524318
-189.708572	107.083159	178.802043
-190.009880	106.897887	179.086028
-190.317829	106.708531	179.376273
-190.632422	106.515090	179.672779
-190.953656	106.317565	179.975546
-191.281534	106.115956	180.284573
-191.430064	106.024626	180.424564
-191.585237	105.929211	180.570816
-191.747052	105.829712	180.723328
-191.915510	105.726129	180.882101
-192.090610	105.618461	181.047135
-192.272353	105.506709	181.218429
-192.460738	105.390872	181.395984
-192.655766	105.270951	181.579799
-192.857436	105.146945	181.769875
-193.065749	105.018855	181.966212
-193.280704	104.886681	182.168809
-193.502301	104.750422	182.377667
-193.730541	104.610079	182.592785
-193.965424	104.465652	182.814164
-194.206949	104.317140	183.041803
-194.455116	104.164543	183.275703
-194.709926	104.007862	183.515864
-194.971379	103.847097	183.762286
-195.239474	103.682248	184.014967
-195.514211	103.513314	184.273910
-195.795591	103.340295	184.539113
-196.083614	103.163192	184.810577
-196.378278	102.982005	185.088301
-196.679586	102.796733	185.372286
-196.987536	102.607377	185.662531
-197.302128	102.413937	185.959037
-197.623363	102.216412	186.261804
-197.951240	102.014802	186.570831
-198.099770	101.923472	186.710823
-198.254943	101.828058	186.857074
-198.416758	101.728559	187.009587
-198.585216	101.624975	187.168360
-198.760316	101.517307	187.333393
-198.942059	101.405555	187.504687
-199.130444	101.289718	187.682242
-199.325472	101.169797	187.866058
-199.527142	101.045792	188.056134
-199.735455	100.917702	188.252470
-199.950410	100.785527	188.455067
-200.172008	100.649269	188.663925
-200.400248	100.508926	188.879043
-200.635130	100.364498	189.100422
-200.876655	100.215986	189.328062
-201.124823	100.063390	189.561962
-201.379633	99.906709	189.802123
-201.641085	99.745944	190.048544
-201.909180	99.581094	190.301226
-202.183918	99.412160	190.560168
-202.465297	99.239141	190.825371
-202.753320	99.062039	191.096835
-203.047985	98.880851	191.374559
-203.349292	98.695580	191.658544
-203.657242	98.506224	191.948790
-203.971834	98.312783	192.245296
-204.293069	98.115258	192.548063
-204.620946	97.913649	192.857090
-204.769477	97.822319	192.997081
-204.924649	97.726904	193.143333
-205.086465	97.627405	193.295845
-205.254922	97.523822	193.454618
-205.430023	97.416154	193.619652
-205.611765	97.304401	193.790946
-205.800151	97.188565	193.968501
-205.995178	97.068644	194.152316
-206.196848	96.944638	194.342392
-206.405161	96.816548	194.538728
-206.620116	96.684374	194.741326
-206.841714	96.548115	194.950183
-207.069954	96.407772	195.165302
-207.304836	96.263344	195.386681
-207.546361	96.114832	195.614320
-207.794529	95.962236	195.848220
-208.049339	95.805555	196.088381
-208.310791	95.644790	196.334802
-208.578886	95.479940	196.587484
-208.853624	95.311006	196.846427
-209.135004	95.137988	197.111630
-209.423026	94.960885	197.383093
-209.717691	94.779698	197.660818
-210.018998	94.594426	197.944803
-210.326948	94.405070	198.235048
-210.641540	94.211630	198.531554
-210.962775	94.014105	198.834321
-211.290652	93.812495	199.143348
-211.439183	93.721165	199.283339
-211.594356	93.625750	199.429591
-211.756171	93.526251	199.582104
-211.924629	93.422668	199.740877
-212.099729	93.315000	199.905910
-212.281472	93.203248	200.077204
-212.469857	93.087411	200.254759
-212.664885	92.967490	200.438574
-212.866555	92.843485	200.628650
-213.074867	92.715395	200.824987
-213.289822	92.583220	201.027584
-213.511420	92.446962	201.236442
-213.739660	92.306618	201.451560
-213.974543	92.162191	201.672939
-214.216068	92.013679	201.900579
-214.464235	91.861082	202.134479
-214.719045	91.704402	202.374639
-214.980498	91.543636	202.621061
-215.248593	91.378787	202.873743
-215.523330	91.209853	203.132685
-215.804710	91.036834	203.397888
-216.092732	90.859731	203.669352
-216.387397	90.678544	203.947076
-216.688705	90.493273	204.231061
-216.996654	90.303916	204.521307
-217.311247	90.110476	204.817813
-217.632481	89.912951	205.120579
-217.960359	89.711342	205.429607
-218.108889	89.620011	205.569598
-218.264062	89.524597	205.715850
-218.425877	89.425098	205.868362
-218.594335	89.321514	206.027135
-218.769435	89.213847	206.192168
-218.951178	89.102094	206.363463
-219.139563	88.986258	206.541017
-219.334591	88.866336	206.724833
-219.536261	88.742331	206.914909
-219.744574	88.614241	207.111245
-219.959529	88.482067	207.313842
-220.181126	88.345808	207.522700
-220.409366	88.205465	207.737818
-220.644249	88.061037	207.959197
-220.885774	87.912525	208.186837
-221.133941	87.759929	208.420737
-221.388751	87.603248	208.660898
-221.650204	87.442483	208.907319
-221.918299	87.277633	209.160001
-222.193036	87.108699	209.418943
-222.474416	86.935681	209.684147
-222.762439	86.758578	209.955610
-223.057103	86.577391	210.233335
-223.358411	86.392119	210.517319
-223.666361	86.202763	210.807565
-223.980953	86.009322	211.104071
-224.302188	85.811797	211.406838
-224.630065	85.610188	211.715865
-224.778595	85.518858	211.855856
-224.933768	85.423443	212.002108
-225.095583	85.323944	212.154620
-225.264041	85.220361	212.313393
-225.439141	85.112693	212.478427
-225.620884	85.000941	212.649721
-225.809269	84.885104	212.827276
-226.004297	84.765183	213.011091
-226.205967	84.641177	213.201167
-226.414280	84.513087	213.397504
-226.629235	84.380913	213.600101
-226.850833	84.244654	213.808959
-227.079073	84.104311	214.024077
-227.313955	83.959884	214.245456
-227.555480	83.811372	214.473095
-227.803648	83.658775	214.706995
-228.058458	83.502095	214.947156
-228.319910	83.341329	215.193577
-228.588005	83.176480	215.446259
-228.862743	83.007546	215.705202
-229.144123	82.834527	215.970405
-229.432145	82.657424	216.241869
-229.726810	82.476237	216.519593
-230.028117	82.290965	216.803578
-230.336067	82.101609	217.093823
-230.650659	81.908169	217.390329
-230.971894	81.710644	217.693096
-231.299771	81.509035	218.002123
-231.448302	81.417704	218.142115
-231.603474	81.322290	218.288366
-231.765290	81.222791	218.440879
-231.933747	81.119207	218.599652
-232.108848	81.011539	218.764685
-232.290590	80.899787	218.935979
-232.478976	80.783950	219.113534
-232.674003	80.664029	219.297350
-232.875673	80.540024	219.487425
-233.083986	80.411934	219.683762
-233.298941	80.279760	219.886359
-233.520539	80.143501	220.095217
-233.748779	80.003158	220.310335
-233.983661	79.858730	220.531714
-234.225187	79.710218	220.759354
-234.473354	79.557622	220.993254
-234.728164	79.400941	221.233415
-234.989616	79.240176	221.479836
-235.257711	79.075326	221.732518
-235.532449	78.906392	221.991460
-235.813829	78.733374	222.256663
-236.101851	78.556271	222.528127
-236.396516	78.375084	222.805851
-236.697823	78.189812	223.089836
-237.005773	78.000456	223.380082
-237.320365	77.807015	223.676588
-237.641600	77.609490	223.979355
-237.969478	77.407881	224.288382
-238.118008	77.316551	224.428373
-238.273181	77.221136	224.574625
-238.434996	77.121637	224.727137
-238.603454	77.018054	224.885910
-238.778554	76.910386	225.050944
-238.960297	76.798634	225.222238
-239.148682	76.682797	225.399793
-239.343710	76.562876	225.583608
-239.545380	76.438870	225.773684
-239.753692	76.310780	225.970020
-239.968648	76.178606	226.172618
-240.190245	76.042347	226.381475
-240.418485	75.902004	226.596594
-240.653368	75.757577	226.817973
-240.894893	75.609065	227.045612
-241.143060	75.456468	227.279512
-241.397870	75.299787	227.519673
-241.659323	75.139022	227.766094
-241.927418	74.974173	228.018776
-242.202155	74.805239	228.277719
-242.483535	74.632220	228.542922
-242.771557	74.455117	228.814385
-243.066222	74.273930	229.092110
-243.367530	74.088658	229.376095
-243.675479	73.899302	229.666340
-243.990072	73.705862	229.962846
-244.311307	73.508337	230.265613
-244.639184	73.306727	230.574640
-244.787714	73.215397	230.714631
-244.942887	73.119983	230.860883
-245.104702	73.020484	231.013396
-245.273160	72.916900	231.172169
-245.448260	72.809232	231.337202
-245.630003	72.697480	231.508496
-245.818388	72.581643	231.686051
-246.013416	72.461722	231.869866
-246.215086	72.337717	232.059942
-246.423399	72.209627	232.256279
-246.638354	72.077452	232.458876
-246.859951	71.941194	232.667734
-247.088191	71.800851	232.882852
-247.323074	71.656423	233.104231
-247.564599	71.507911	233.331871
-247.812767	71.355315	233.565771
-248.067577	71.198634	233.805931
-248.329029	71.037869	234.052353
-248.597124	70.873019	234.305035
-248.871861	70.704085	234.563977
-249.153241	70.531067	234.829180
-249.441264	70.353964	235.100644
-249.735929	70.172776	235.378368
-250.037236	69.987505	235.662353
-250.345186	69.798149	235.952599
-250.659778	69.604708	236.249105
-250.981013	69.407183	236.551871
-251.308890	69.205574	236.860899
-251.457420	69.114244	237.000890
-251.612593	69.018829	237.147142
-251.774409	68.919330	237.299654
-251.942866	68.815747	237.458427
-252.117967	68.708079	237.623460
-252.299709	68.596326	237.794755
-252.488094	68.480490	237.972309
-252.683122	68.360569	238.156125
-252.884792	68.236563	238.346201
-253.093105	68.108473	238.542537
-253.308060	67.976299	238.745134
-253.529658	67.840040	238.953992
-253.757898	67.699697	239.169110
-253.992780	67.555269	239.390489
-254.234305	67.406757	239.618129
-254.482473	67.254161	239.852029
-254.737283	67.097480	240.092190
