7.977669	241.214589	-29.017605
7.964226	241.073843	-29.040508
7.953137	240.928534	-29.071990
7.944396	240.778661	-29.112056
7.937997	240.624227	-29.160707
7.933937	240.465235	-29.217946
7.932209	240.301686	-29.283775
7.932808	240.133581	-29.358198
7.935730	239.960924	-29.441215
7.940970	239.783716	-29.532830
7.948522	239.601959	-29.633044
7.958381	239.415655	-29.741862
7.970543	239.224806	-29.859283
7.985002	239.029414	-29.985312
8.001754	238.829481	-30.119951
8.020794	238.625008	-30.263201
8.042117	238.415999	-30.415065
8.065718	238.202454	-30.575546
8.091593	237.984377	-30.744645
8.119737	237.761768	-30.922365
8.150145	237.534630	-31.108709
8.182812	237.302965	-31.303678
8.217735	237.066774	-31.507274
8.254909	236.826061	-31.719501
8.294330	236.580826	-31.940359
8.335992	236.331073	-32.169852
8.379893	236.076802	-32.407981
8.426027	235.818016	-32.654749
8.474390	235.554716	-32.910157
8.524980	235.286906	-33.174208
8.577790	235.014587	-33.446904
8.632819	234.737760	-33.728247
8.690061	234.456429	-34.018238
8.749512	234.170594	-34.316881
8.811171	233.880259	-34.624177
8.875031	233.585425	-34.940127
8.941091	233.286093	-35.264735
9.009346	232.982267	-35.598001
9.079792	232.673948	-35.939928
9.152428	232.361138	-36.290518
9.227248	232.043839	-36.649773
9.304251	231.722054	-37.017694
9.339345	231.577449	-37.184601
9.376616	231.428361	-37.360177
9.416063	231.274789	-37.544423
9.457684	231.116736	-37.737340
9.501479	230.954202	-37.938928
9.547446	230.787188	-38.149189
9.595584	230.615695	-38.368124
9.645891	230.439723	-38.595732
9.698366	230.259274	-38.832015
9.753007	230.074349	-39.076974
9.809814	229.884949	-39.330610
9.868786	229.691073	-39.592923
9.929920	229.492725	-39.863913
9.993217	229.289903	-40.143583
10.058674	229.082610	-40.431932
10.126290	228.870846	-40.728962
10.196065	228.654613	-41.034672
10.267997	228.433910	-41.349065
10.342085	228.208739	-41.672140
10.418328	227.979101	-42.003898
10.496726	227.744997	-42.344341
10.577276	227.506428	-42.693468
10.659978	227.263395	-43.051281
10.744830	227.015898	-43.417781
10.831833	226.763939	-43.792967
10.920984	226.507518	-44.176842
11.012284	226.246637	-44.569404
11.105730	225.981297	-44.970657
11.201322	225.711498	-45.380599
11.244181	225.591233	-45.564173
11.289185	225.466512	-45.756439
11.336333	225.337333	-45.957396
11.385624	225.203699	-46.167044
11.437060	225.065608	-46.385384
11.490638	224.923062	-46.612417
11.546360	224.776061	-46.848142
11.604224	224.624604	-47.092560
11.664230	224.468694	-47.345671
11.726378	224.308330	-47.607476
11.790667	224.143512	-47.877974
11.857097	223.974242	-48.157166
11.925668	223.800518	-48.445053
11.996380	223.622343	-48.741635
12.069231	223.439716	-49.046911
12.144222	223.252637	-49.360883
12.221352	223.061108	-49.683550
12.300622	222.865128	-50.014913
12.382030	222.664698	-50.354972
12.465576	222.459819	-50.703727
12.551261	222.250490	-51.061180
12.639083	222.036713	-51.427329
12.729043	221.818487	-51.802176
12.821140	221.595813	-52.185720
12.915375	221.368692	-52.577962
13.011745	221.137124	-52.978903
13.110252	220.901109	-53.388542
13.210896	220.660648	-53.806879
13.256595	220.551753	-53.996757
13.304431	220.438412	-54.195333
13.354401	220.320626	-54.402609
13.406508	220.198395	-54.618584
13.460750	220.071719	-54.843259
13.517127	219.940598	-55.076634
13.575639	219.805033	-55.318708
13.636286	219.665023	-55.569482
13.699068	219.520569	-55.828957
13.763985	219.371671	-56.097131
13.831037	219.218329	-56.374006
13.900223	219.060544	-56.659582
13.971544	218.898315	-56.953858
14.044999	218.731643	-57.256834
14.120588	218.560528	-57.568512
14.198312	218.384970	-57.888890
14.278170	218.204970	-58.217970
14.360162	218.020527	-58.555750
14.444287	217.831642	-58.902233
14.530547	217.638315	-59.257416
14.618940	217.440546	-59.621301
14.709467	217.238335	-59.993888
14.802127	217.031683	-60.375177
14.896921	216.820590	-60.765167
14.993848	216.605056	-61.163860
15.092909	216.385081	-61.571255
15.194102	216.160666	-61.987352
15.297429	215.931810	-62.412152
15.344268	215.828194	-62.604687
15.393240	215.720137	-62.805925
15.444344	215.607641	-63.015865
15.497582	215.490705	-63.234509
15.552953	215.369329	-63.461855
15.610456	215.243513	-63.697904
15.670092	215.113258	-63.942656
15.731861	214.978563	-64.196111
15.795763	214.839428	-64.458268
15.861798	214.695854	-64.729129
15.929965	214.547841	-65.008693
16.000265	214.395389	-65.296960
16.072697	214.238497	-65.593931
16.147262	214.077166	-65.899604
16.223960	213.911397	-66.213981
16.302790	213.741188	-66.537061
16.383753	213.566541	-66.868845
16.466848	213.387455	-67.209332
16.552076	213.203930	-67.558523
16.639436	213.015967	-67.916417
16.728928	212.823566	-68.283015
16.820553	212.626726	-68.658317
16.914310	212.425448	-69.042323
17.010199	212.219732	-69.435032
17.108221	212.009578	-69.836445
17.208374	211.794986	-70.246562
17.310661	211.575956	-70.665383
17.415079	211.352488	-71.092908
17.462391	211.251290	-71.286610
17.511836	211.145653	-71.489016
17.563412	211.035580	-71.700126
17.617121	210.921069	-71.919940
17.672962	210.802120	-72.148459
17.730935	210.678734	-72.385681
17.791040	210.550910	-72.631608
17.853277	210.418649	-72.886239
17.917647	210.281951	-73.149575
17.984148	210.140815	-73.421614
18.052782	209.995243	-73.702358
18.123547	209.845233	-73.991807
18.196445	209.690785	-74.289959
18.271474	209.531901	-74.596816
18.348636	209.368580	-74.912378
18.427930	209.200821	-75.236644
18.509355	209.028626	-75.569614
18.592913	208.851993	-75.911289
18.678602	208.670924	-76.261668
18.766424	208.485418	-76.620752
18.856378	208.295475	-76.988541
18.948463	208.101095	-77.365034
19.042681	207.902279	-77.750231
19.139030	207.699025	-78.144133
19.237512	207.491336	-78.546740
19.338125	207.279209	-78.958052
19.440870	207.062646	-79.378068
19.545747	206.841646	-79.806789
19.593261	206.741549	-80.001013
19.642907	206.637015	-80.203942
19.694684	206.528045	-80.415575
19.748594	206.414639	-80.635914
19.804635	206.296796	-80.864957
19.862808	206.174516	-81.102705
19.923114	206.047800	-81.349158
19.985551	205.916648	-81.604315
20.050119	205.781060	-81.868178
20.116820	205.641035	-82.140745
20.185653	205.496574	-82.422017
20.256617	205.347677	-82.711994
20.329714	205.194343	-83.010676
20.404942	205.036573	-83.318062
20.482302	204.874367	-83.634154
20.561794	204.707725	-83.958950
20.643418	204.536647	-84.292452
20.727174	204.361132	-84.634658
20.813061	204.181182	-84.985569
20.901081	203.996795	-85.345186
20.991232	203.807972	-85.713507
21.083515	203.614713	-86.090533
21.177930	203.417018	-86.476264
21.274477	203.214887	-86.870700
21.373156	203.008320	-87.273841
21.473966	202.797317	-87.685687
21.576908	202.581878	-88.106239
21.681982	202.362003	-88.535495
21.729583	202.262406	-88.729955
21.779316	202.158374	-88.933120
21.831180	202.049905	-89.144990
21.885176	201.937001	-89.365565
21.941304	201.819660	-89.594845
21.999564	201.697884	-89.832830
22.059956	201.571672	-90.079520
22.122479	201.441024	-90.334916
22.187135	201.305940	-90.599016
22.253922	201.166420	-90.871822
22.322841	201.022465	-91.153332
22.393891	200.874073	-91.443548
22.467074	200.721246	-91.742469
22.542388	200.563983	-92.050095
22.619835	200.402284	-92.366426
22.699413	200.236149	-92.691462
22.781123	200.065579	-93.025203
22.864964	199.890573	-93.367650
22.950938	199.711131	-93.718801
23.039043	199.527253	-94.078658
23.129280	199.338939	-94.447220
23.221649	199.146190	-94.824487
23.316150	198.949005	-95.210459
23.412782	198.747384	-95.605136
23.511547	198.541328	-96.008519
23.612443	198.330835	-96.420606
23.715471	198.115908	-96.841399
23.820631	197.896544	-97.270897
23.868269	197.797175	-97.465464
23.918040	197.693370	-97.668736
23.969942	197.585129	-97.880713
24.023976	197.472453	-98.101396
24.080142	197.355341	-98.330783
24.138440	197.233793	-98.568876
24.198869	197.107810	-98.815674
24.261430	196.977391	-99.071178
24.326124	196.842536	-99.335386
24.392948	196.703246	-99.608300
24.461905	196.559520	-99.889918
24.532994	196.411358	-100.180243
24.606214	196.258761	-100.479272
24.681566	196.101728	-100.787006
24.759050	195.940260	-101.103446
24.838666	195.774356	-101.428591
24.920413	195.604016	-101.762441
25.004293	195.429241	-102.104996
25.090304	195.250030	-102.456257
25.178447	195.066383	-102.816222
25.268721	194.878301	-103.184893
25.361128	194.685784	-103.562270
25.455666	194.488830	-103.948351
25.552336	194.287442	-104.343138
25.651138	194.081617	-104.746630
25.752072	193.871357	-105.158827
25.855138	193.656662	-105.579729
25.960335	193.437530	-106.009337
26.007990	193.338264	-106.203952
26.057777	193.234563	-106.407273
26.109696	193.126426	-106.619299
26.163747	193.013853	-106.840030
26.219929	192.896845	-107.069467
26.278244	192.775401	-107.307609
26.338690	192.649521	-107.554456
26.401268	192.519207	-107.810008
26.465978	192.384456	-108.074266
26.532819	192.245270	-108.347228
26.601792	192.101648	-108.628896
26.672897	191.953591	-108.919270
26.746134	191.801099	-109.218348
26.821503	191.644171	-109.526132
26.899004	191.482807	-109.842621
26.978636	191.317008	-110.167815
27.060400	191.146773	-110.501715
27.144296	190.972102	-110.844320
27.230324	190.792997	-111.195630
27.318483	190.609455	-111.555645
27.408775	190.421478	-111.924366
27.501198	190.229066	-112.301792
27.595753	190.032218	-112.687923
27.692439	189.830934	-113.082759
27.791258	189.625215	-113.486301
27.892208	189.415061	-113.898548
27.995290	189.200471	-114.319500
28.100504	188.981445	-114.749157
28.148167	188.882226	-114.943795
28.197961	188.778572	-115.147138
28.249888	188.670482	-115.359186
28.303946	188.557956	-115.579940
28.360136	188.440995	-115.809398
28.418457	188.319598	-116.047563
28.478911	188.193766	-116.294432
28.541496	188.063499	-116.550006
28.606213	187.928795	-116.814286
28.673062	187.789657	-117.087272
28.742043	187.646083	-117.368962
28.813155	187.498073	-117.659358
28.886399	187.345628	-117.958459
28.961775	187.188747	-118.266265
29.039283	187.027431	-118.582776
29.118923	186.861679	-118.907993
29.200695	186.691492	-119.241915
29.284598	186.516870	-119.584543
29.370633	186.337812	-119.935875
29.458800	186.154318	-120.295913
29.549098	185.966389	-120.664656
29.641529	185.774024	-121.042105
29.736091	185.577224	-121.428258
29.832785	185.375989	-121.823117
29.931611	185.170318	-122.226682
30.032569	184.960211	-122.638951
30.135658	184.745669	-123.059926
30.240880	184.526692	-123.489606
30.288546	184.427494	-123.684254
30.338343	184.323861	-123.887607
30.390273	184.215792	-124.099665
30.444334	184.103288	-124.320429
30.500527	183.986348	-124.549898
30.558852	183.864973	-124.788072
30.619309	183.739162	-125.034952
30.681897	183.608916	-125.290536
30.746618	183.474234	-125.554826
30.813470	183.335117	-125.827822
30.882454	183.191565	-126.109522
30.953570	183.043577	-126.399928
31.026817	182.891153	-126.699039
31.102197	182.734294	-127.006856
31.179708	182.573000	-127.323378
31.259351	182.407270	-127.648605
31.341125	182.237104	-127.982537
31.425032	182.062503	-128.325175
31.511070	181.883467	-128.676517
31.599240	181.699995	-129.036566
31.689542	181.512088	-129.405319
31.781976	181.319745	-129.782778
31.876542	181.122967	-130.168942
31.973239	180.921753	-130.563811
32.072068	180.716104	-130.967386
32.173029	180.506019	-131.379666
32.276122	180.291499	-131.800651
32.381347	180.072543	-132.230341
32.429014	179.973355	-132.424994
32.478813	179.869732	-132.628351
32.530744	179.761673	-132.840414
32.584807	179.649178	-133.061183
32.641001	179.532248	-133.290656
32.699328	179.410883	-133.528835
32.759786	179.285082	-133.775719
32.822376	179.154846	-134.031308
32.887098	179.020174	-134.295603
32.953951	178.881066	-134.568603
33.022937	178.737524	-134.850308
33.094054	178.589545	-135.140719
33.167303	178.437132	-135.439835
33.242684	178.280283	-135.747656
33.320196	178.118998	-136.064182
33.399841	177.953278	-136.389414
33.481617	177.783122	-136.723351
33.565525	177.608531	-137.065993
33.651565	177.429505	-137.417341
33.739736	177.246043	-137.777394
33.830040	177.058145	-138.146152
33.922475	176.865812	-138.523615
34.017042	176.669044	-138.909784
34.113741	176.467840	-139.304658
34.212571	176.262201	-139.708237
34.313534	176.052126	-140.120522
34.416628	175.837616	-140.541512
34.521854	175.618670	-140.971207
34.569522	175.519486	-141.165861
34.619322	175.415867	-141.369221
34.671254	175.307813	-141.581286
34.725317	175.195323	-141.802056
34.781512	175.078397	-142.031532
34.839839	174.957036	-142.269713
34.900298	174.831240	-142.516599
34.962889	174.701008	-142.772191
35.027611	174.566341	-143.036487
35.094465	174.427238	-143.309490
35.163452	174.283700	-143.591197
35.234569	174.135726	-143.881610
35.307819	173.983317	-144.180727
35.383200	173.826472	-144.488551
35.460714	173.665192	-144.805079
35.540359	173.499476	-145.130313
35.622136	173.329325	-145.464252
35.706044	173.154738	-145.806897
35.792085	172.975716	-146.158246
35.880257	172.792259	-146.518301
35.970561	172.604366	-146.887062
36.062997	172.412038	-147.264527
36.157565	172.215274	-147.650698
36.254264	172.014074	-148.045574
36.353095	171.808440	-148.449156
36.454058	171.598369	-148.861442
36.557153	171.383864	-149.282434
36.662380	171.164922	-149.712132
36.710048	171.065741	-149.906787
36.759848	170.962124	-150.110148
36.811780	170.854071	-150.322214
36.865844	170.741583	-150.542985
36.922040	170.624660	-150.772462
36.980367	170.503301	-151.010644
37.040826	170.377506	-151.257531
37.103417	170.247276	-151.513123
37.168140	170.112611	-151.777421
37.234994	169.973510	-152.050424
37.303981	169.829974	-152.332132
37.375099	169.682002	-152.622546
37.448349	169.529595	-152.921665
37.523730	169.372753	-153.229489
37.601244	169.211474	-153.546019
37.680889	169.045761	-153.871253
37.762666	168.875612	-154.205193
37.846575	168.701027	-154.547839
37.932616	168.522007	-154.899189
38.020789	168.338552	-155.259245
38.111093	168.150661	-155.628007
38.203529	167.958335	-156.005473
38.298097	167.761573	-156.391645
38.394797	167.560376	-156.786522
38.493629	167.354743	-157.190105
38.594592	167.144675	-157.602392
38.697687	166.930171	-158.023385
38.802914	166.711232	-158.453084
38.850583	166.612051	-158.647739
38.900383	166.508435	-158.851101
38.952315	166.400383	-159.063167
39.006379	166.287896	-159.283939
39.062574	166.170974	-159.513416
39.120902	166.049616	-159.751598
39.181361	165.923822	-159.998486
39.243952	165.793593	-160.254079
39.308675	165.658929	-160.518377
39.375530	165.519829	-160.791380
39.444516	165.376294	-161.073089
39.515634	165.228323	-161.363503
39.588884	165.075917	-161.662623
39.664266	164.919075	-161.970447
39.741780	164.757798	-162.286977
39.821425	164.592085	-162.612212
39.903203	164.421937	-162.946153
39.987112	164.247353	-163.288799
40.073153	164.068334	-163.640150
40.161325	163.884880	-164.000206
40.251630	163.696990	-164.368968
40.344066	163.504665	-164.746435
40.438634	163.307904	-165.132607
40.535334	163.106707	-165.527485
40.634166	162.901076	-165.931068
40.735129	162.691008	-166.343356
40.838225	162.476506	-166.764349
40.943452	162.257567	-167.194048
40.991120	162.158387	-167.388704
41.040921	162.054771	-167.592065
41.092853	161.946720	-167.804132
41.146917	161.834233	-168.024904
41.203112	161.717311	-168.254381
41.261440	161.595954	-168.492564
41.321899	161.470161	-168.739451
41.384490	161.339932	-168.995045
41.449213	161.205268	-169.259343
41.516068	161.066169	-169.532347
41.585055	160.922634	-169.814056
41.656173	160.774663	-170.104470
41.729423	160.622258	-170.403589
41.804805	160.465416	-170.711414
41.882319	160.304140	-171.027944
41.961964	160.138427	-171.353180
42.043742	159.968280	-171.687121
42.127651	159.793696	-172.029767
42.213692	159.614678	-172.381118
42.301864	159.431224	-172.741175
42.392169	159.243334	-173.109936
42.484605	159.051009	-173.487404
42.579173	158.854249	-173.873576
42.675873	158.653053	-174.268454
42.774705	158.447422	-174.672037
42.875669	158.237355	-175.084325
42.978764	158.022852	-175.505319
43.083991	157.803915	-175.935018
43.131660	157.704735	-176.129674
43.181460	157.601119	-176.333035
43.233392	157.493068	-176.545102
43.287456	157.380582	-176.765874
43.343652	157.263660	-176.995352
43.401979	157.142302	-177.233534
43.462439	157.016509	-177.480422
43.525030	156.886281	-177.736015
43.589753	156.751617	-178.000314
43.656608	156.612518	-178.273318
43.725594	156.468983	-178.555027
43.796713	156.321013	-178.845441
43.869963	156.168607	-179.144561
43.945345	156.011766	-179.452386
44.022858	155.850490	-179.768916
44.102504	155.684778	-180.094151
44.184281	155.514630	-180.428092
44.268191	155.340047	-180.770738
44.354232	155.161029	-181.122090
44.442404	154.977575	-181.482146
44.532709	154.789686	-181.850908
44.625145	154.597361	-182.228376
44.719713	154.400601	-182.614548
44.816413	154.199405	-183.009426
44.915245	153.993774	-183.413009
45.016209	153.783707	-183.825298
45.119304	153.569205	-184.246291
45.224531	153.350267	-184.675990
45.272200	153.251087	-184.870647
45.322000	153.147472	-185.074008
45.373932	153.039421	-185.286075
45.427996	152.926935	-185.506847
45.484192	152.810013	-185.736324
45.542520	152.688655	-185.974507
45.602979	152.562863	-186.221395
45.665570	152.432634	-186.476988
45.730293	152.297971	-186.741287
45.797148	152.158872	-187.014290
45.866134	152.015337	-187.296000
45.937253	151.867367	-187.586414
46.010503	151.714961	-187.885534
46.085885	151.558120	-188.193359
46.163399	151.396844	-188.509889
46.243044	151.231132	-188.835125
46.324822	151.060985	-189.169065
46.408731	150.886402	-189.511712
46.494772	150.707383	-189.863063
46.582945	150.523930	-190.223120
46.673249	150.336040	-190.591882
46.765686	150.143716	-190.969349
46.860254	149.946955	-191.355522
46.956954	149.745760	-191.750400
47.055786	149.540129	-192.153983
47.156749	149.330062	-192.566271
47.259845	149.115560	-192.987265
47.365072	148.896623	-193.416964
47.412740	148.797443	-193.611620
47.462541	148.693827	-193.814982
47.514473	148.585776	-194.027049
47.568537	148.473290	-194.247821
47.624733	148.356368	-194.477298
47.683060	148.235011	-194.715481
47.743520	148.109218	-194.962369
47.806111	147.978990	-195.217962
47.870834	147.844326	-195.482261
47.937688	147.705227	-195.755264
48.006675	147.561693	-196.036974
48.077793	147.413723	-196.327388
48.151044	147.261317	-196.626508
48.226426	147.104476	-196.934333
48.303939	146.943200	-197.250863
48.383585	146.777488	-197.576099
48.465362	146.607340	-197.910039
48.549271	146.432758	-198.252686
48.635312	146.253739	-198.604037
48.723485	146.070286	-198.964094
48.813790	145.882396	-199.332856
48.906226	145.690072	-199.710323
49.000794	145.493312	-200.096496
49.097494	145.292116	-200.491374
49.196326	145.086485	-200.894957
49.297290	144.876418	-201.307245
49.400385	144.661917	-201.728239
49.505613	144.442979	-202.157938
49.553281	144.343799	-202.352595
49.603081	144.240184	-202.555956
49.655014	144.132133	-202.768023
49.709078	144.019647	-202.988795
49.765273	143.902725	-203.218272
49.823601	143.781367	-203.456455
49.884060	143.655575	-203.703343
49.946651	143.525347	-203.958936
50.011374	143.390683	-204.223235
50.078229	143.251584	-204.496239
50.147216	143.108049	-204.777948
50.218334	142.960079	-205.068362
50.291584	142.807674	-205.367482
50.366966	142.650833	-205.675307
50.444480	142.489556	-205.991837
50.524126	142.323844	-206.317073
50.605903	142.153697	-206.651014
50.689812	141.979114	-206.993660
50.775853	141.800096	-207.345012
50.864026	141.616642	-207.705068
50.954331	141.428753	-208.073830
51.046767	141.236429	-208.451298
51.141335	141.039668	-208.837470
51.238035	140.838473	-209.232348
51.336867	140.632842	-209.635931
51.437831	140.422775	-210.048220
51.540926	140.208273	-210.469214
51.646153	139.989336	-210.898913
51.693822	139.890156	-211.093569
51.743622	139.786541	-211.296931
51.795554	139.678490	-211.508997
51.849618	139.566003	-211.729770
51.905814	139.449082	-211.959247
51.964142	139.327724	-212.197430
52.024601	139.201932	-212.444318
52.087192	139.071704	-212.699911
52.151915	138.937040	-212.964209
52.218770	138.797941	-213.237213
52.287756	138.654406	-213.518922
52.358875	138.506436	-213.809337
52.432125	138.354031	-214.108457
52.507507	138.197190	-214.416282
52.585021	138.035913	-214.732812
52.664666	137.870202	-215.058048
52.746444	137.700054	-215.391988
52.830353	137.525471	-215.734635
52.916394	137.346453	-216.085986
53.004567	137.162999	-216.446043
53.094871	136.975110	-216.814805
53.187308	136.782786	-217.192272
53.281876	136.586026	-217.578445
53.378576	136.384830	-217.973323
53.477408	136.179199	-218.376906
53.578371	135.969132	-218.789195
53.681467	135.754631	-219.210188
53.786694	135.535693	-219.639888
53.834362	135.436513	-219.834544
53.884163	135.332898	-220.037905
53.936095	135.224847	-220.249972
53.990159	135.112361	-220.470744
54.046355	134.995439	-220.700222
54.104682	134.874082	-220.938404
54.165142	134.748289	-221.185292
54.227733	134.618061	-221.440886
54.292456	134.483397	-221.705184
54.359311	134.344298	-221.978188
54.428297	134.200763	-222.259897
54.499416	134.052793	-222.550312
54.572666	133.900388	-222.849431
54.648048	133.743547	-223.157256
54.725561	133.582271	-223.473787
54.805207	133.416559	-223.799022
54.886984	133.246411	-224.132963
54.970894	133.071829	-224.475609
55.056935	132.892810	-224.826961
55.145107	132.709357	-225.187018
55.235412	132.521467	-225.555780
55.327848	132.329143	-225.933247
55.422417	132.132383	-226.319420
55.519117	131.931187	-226.714298
55.617948	131.725556	-227.117881
55.718912	131.515490	-227.530169
55.822007	131.300988	-227.951163
55.927235	131.082050	-228.380862
55.974903	130.982870	-228.575518
56.024704	130.879255	-228.778880
56.076636	130.771204	-228.990947
56.130700	130.658718	-229.211719
56.186895	130.541796	-229.441196
56.245223	130.420439	-229.679379
56.305682	130.294646	-229.926267
56.368274	130.164418	-230.181860
56.432997	130.029754	-230.446159
56.499851	129.890655	-230.719163
56.568838	129.747121	-231.000872
56.639956	129.599151	-231.291286
56.713206	129.446745	-231.590406
56.788588	129.289904	-231.898231
56.866102	129.128628	-232.214761
56.945748	128.962916	-232.539997
57.027525	128.792769	-232.873938
57.111434	128.618186	-233.216584
57.197475	128.439168	-233.567935
57.285648	128.255714	-233.927992
57.375953	128.067825	-234.296754
57.468389	127.875500	-234.674222
57.562957	127.678740	-235.060394
57.659657	127.477544	-235.455272
57.758489	127.271913	-235.858855
57.859453	127.061847	-236.271144
57.962548	126.847345	-236.692138
58.067775	126.628408	-237.121837
58.115444	126.529228	-237.316493
58.165244	126.425612	-237.519855
58.217177	126.317561	-237.731921
58.271240	126.205075	-237.952694
58.327436	126.088153	-238.182171
58.385764	125.966796	-238.420354
58.446223	125.841003	-238.667242
58.508814	125.710775	-238.922835
58.573537	125.576112	-239.187134
58.640392	125.437013	-239.460137
58.709379	125.293478	-239.741847
58.780497	125.145508	-240.032261
58.853747	124.993102	-240.331381
58.929129	124.836262	-240.639206
59.006643	124.674985	-240.955736
59.086289	124.509273	-241.280972
59.168066	124.339126	-241.614913
59.251975	124.164543	-241.957559
59.338016	123.985525	-242.308910
59.426189	123.802071	-242.668967
59.516494	123.614182	-243.037729
59.608930	123.421857	-243.415196
59.703498	123.225097	-243.801369
59.800198	123.023902	-244.196247
59.899030	122.818271	-244.599830
59.999994	122.608204	-245.012119
60.103089	122.393702	-245.433113
60.208316	122.174765	-245.862812
60.255985	122.075585	-246.057468
60.305785	121.971970	-246.260829
60.357717	121.863919	-246.472896
60.411781	121.751432	-246.693668
60.467977	121.634511	-246.923146
60.526305	121.513153	-247.161328
60.586764	121.387361	-247.408216
60.649355	121.257133	-247.663810
60.714078	121.122469	-247.928108
60.780933	120.983370	-248.201112
60.849919	120.839835	-248.482821
60.921038	120.691865	-248.773236
60.994288	120.539460	-249.072355
61.069670	120.382619	-249.380180
61.147184	120.221342	-249.696711
61.226829	120.055631	-250.021946
61.308607	119.885483	-250.355887
61.392516	119.710900	-250.698533
61.478557	119.531882	-251.049885
61.566730	119.348429	-251.409942
61.657034	119.160539	-251.778704
61.749471	118.968215	-252.156171
61.844039	118.771455	-252.542344
61.940739	118.570259	-252.937222
62.039571	118.364628	-253.340805
62.140534	118.154562	-253.753093
62.243630	117.940060	-254.174087
62.348857	117.721122	-254.603786
62.396526	117.621942	-254.798443
62.446326	117.518327	-255.001804
62.498258	117.410276	-255.213871
62.552322	117.297790	-255.434643
62.608518	117.180868	-255.664120
62.666845	117.059511	-255.902303
62.727305	116.933718	-256.149191
62.789896	116.803490	-256.404784
62.854619	116.668826	-256.669083
62.921474	116.529727	-256.942087
62.990460	116.386193	-257.223796
63.061579	116.238223	-257.514210
63.134829	116.085817	-257.813330
63.210211	115.928976	-258.121155
63.287725	115.767700	-258.437685
63.367370	115.601988	-258.762921
63.449147	115.431841	-259.096862
63.533057	115.257258	-259.439508
63.619098	115.078240	-259.790860
63.707270	114.894786	-260.150916
63.797575	114.706897	-260.519678
63.890011	114.514572	-260.897146
63.984580	114.317812	-261.283318
64.081280	114.116616	-261.678196
64.180111	113.910985	-262.081780
64.281075	113.700919	-262.494068
64.384171	113.486417	-262.915062
64.489398	113.267480	-263.344761
64.537066	113.168300	-263.539417
64.586867	113.064684	-263.742779
64.638799	112.956633	-263.954846
64.692863	112.844147	-264.175618
64.749059	112.727225	-264.405095
64.807386	112.605868	-264.643278
64.867845	112.480075	-264.890166
64.930437	112.349847	-265.145759
64.995160	112.215184	-265.410058
65.062014	112.076084	-265.683062
65.131001	111.932550	-265.964771
65.202119	111.784580	-266.255185
65.275370	111.632174	-266.554305
65.350751	111.475334	-266.862130
65.428265	111.314057	-267.178660
65.507911	111.148345	-267.503896
65.589688	110.978198	-267.837837
65.673597	110.803615	-268.180483
65.759638	110.624597	-268.531834
65.847811	110.441143	-268.891891
65.938116	110.253254	-269.260653
66.030552	110.060929	-269.638121
66.125120	109.864169	-270.024293
66.221820	109.662974	-270.419171
66.320652	109.457343	-270.822754
66.421616	109.247276	-271.235043
66.524711	109.032774	-271.656037
66.629939	108.813837	-272.085736
66.677607	108.714657	-272.280392
66.727407	108.611042	-272.483754
66.779340	108.502991	-272.695820
66.833404	108.390504	-272.916592
66.889599	108.273583	-273.146070
66.947927	108.152225	-273.384253
67.008386	108.026433	-273.631141
67.070977	107.896205	-273.886734
67.135700	107.761541	-274.151032
67.202555	107.622442	-274.424036
67.271542	107.478907	-274.705745
67.342660	107.330937	-274.996160
67.415910	107.178532	-275.295280
67.491292	107.021691	-275.603105
67.568806	106.860414	-275.919635
67.648452	106.694703	-276.244871
67.730229	106.524555	-276.578811
67.814138	106.349972	-276.921458
67.900179	106.170954	-277.272809
67.988352	105.987501	-277.632866
68.078657	105.799611	-278.001628
68.171093	105.607287	-278.379095
68.265661	105.410527	-278.765268
68.362361	105.209331	-279.160146
68.461193	105.003700	-279.563729
68.562157	104.793634	-279.976018
68.665252	104.579132	-280.397011
68.770479	104.360194	-280.826711
68.818148	104.261014	-281.021367
68.867948	104.157399	-281.224728
68.919880	104.049348	-281.436795
68.973944	103.936862	-281.657567
69.030140	103.819940	-281.887045
69.088468	103.698583	-282.125227
69.148927	103.572790	-282.372115
69.211518	103.442562	-282.627709
69.276241	103.307898	-282.892007
69.343096	103.168799	-283.165011
69.412082	103.025265	-283.446720
69.483201	102.877295	-283.737135
69.556451	102.724889	-284.036254
69.631833	102.568048	-284.344079
69.709347	102.406772	-284.660610
69.788992	102.241060	-284.985845
69.870770	102.070913	-285.319786
69.954679	101.896330	-285.662432
70.040720	101.717312	-286.013784
70.128893	101.533858	-286.373841
70.219197	101.345969	-286.742603
70.311634	101.153644	-287.120070
70.406202	100.956884	-287.506243
70.502902	100.755688	-287.901121
70.601734	100.550057	-288.304704
70.702697	100.339991	-288.716992
70.805793	100.125489	-289.137986
70.911020	99.906552	-289.567685
70.958689	99.807372	-289.762341
71.008489	99.703756	-289.965703
71.060421	99.595705	-290.177770
71.114485	99.483219	-290.398542
71.170681	99.366297	-290.628019
71.229008	99.244940	-290.866202
71.289468	99.119147	-291.113090
71.352059	98.988919	-291.368683
71.416782	98.854256	-291.632982
71.483637	98.715156	-291.905986
71.552623	98.571622	-292.187695
71.623742	98.423652	-292.478109
71.696992	98.271246	-292.777229
71.772374	98.114406	-293.085054
71.849888	97.953129	-293.401584
71.929533	97.787417	-293.726820
72.011311	97.617270	-294.060761
72.095220	97.442687	-294.403407
72.181261	97.263669	-294.754759
72.269434	97.080215	-295.114815
72.359738	96.892326	-295.483577
72.452175	96.700001	-295.861045
72.546743	96.503241	-296.247217
72.643443	96.302046	-296.642095
72.742275	96.096415	-297.045679
72.843238	95.886348	-297.457967
72.946334	95.671846	-297.878961
73.051561	95.452909	-298.308660
73.099229	95.353729	-298.503316
73.149030	95.250114	-298.706678
73.200962	95.142063	-298.918745
73.255026	95.029576	-299.139517
73.311222	94.912655	-299.368994
73.369549	94.791297	-299.607177
73.430009	94.665505	-299.854065
73.492600	94.535277	-300.109658
73.557323	94.400613	-300.373957
73.624177	94.261514	-300.646960
73.693164	94.117979	-300.928670
73.764282	93.970009	-301.219084
73.837533	93.817604	-301.518204
73.912915	93.660763	-301.826029
73.990428	93.499486	-302.142559
74.070074	93.333775	-302.467795
74.151851	93.163627	-302.801736
