21.673247	223.471662	36.318798
21.678512	223.375720	36.378481
21.688377	223.275393	36.445883
21.702838	223.170679	36.521009
21.721891	223.061582	36.603861
21.745530	222.948102	36.694443
21.773752	222.830240	36.792758
21.806553	222.707997	36.898809
21.843927	222.581374	37.012599
21.885871	222.450373	37.134132
21.932379	222.314994	37.263411
21.983449	222.175239	37.400439
22.039075	222.031109	37.545219
22.099254	221.882604	37.697754
22.163981	221.729727	37.858047
22.233251	221.572477	38.026102
22.307062	221.410857	38.201921
22.385408	221.244867	38.385508
22.468285	221.074509	38.576865
22.555690	220.899783	38.775996
22.647619	220.720691	38.982903
22.744067	220.537233	39.197589
22.845030	220.349412	39.420058
22.950506	220.157227	39.650312
23.060489	219.960681	39.888354
23.174976	219.759773	40.134187
23.293964	219.554507	40.387813
23.417448	219.344881	40.649236
23.545426	219.130899	40.918458
23.677892	218.912560	41.195482
23.814845	218.689866	41.480310
23.956280	218.462818	41.772946
24.102193	218.231417	42.073391
24.252582	217.995665	42.381649
24.407443	217.755562	42.697721
24.566773	217.511109	43.021611
24.730568	217.262309	43.353321
24.898826	217.009161	43.692854
25.071542	216.751667	44.040212
25.248715	216.489828	44.395396
25.430340	216.223646	44.758411
25.616416	215.953121	45.129257
25.700739	215.831468	45.296858
25.789508	215.705474	45.472294
25.882722	215.575139	45.655567
25.980379	215.440464	45.846676
26.082477	215.301451	46.045625
26.189016	215.158098	46.252412
26.299995	215.010407	46.467040
26.415411	214.858379	46.689509
26.535265	214.702013	46.919821
26.659554	214.541310	47.157976
26.788278	214.376271	47.403975
26.921435	214.206896	47.657819
27.059024	214.033186	47.919510
27.201045	213.855142	48.189047
27.347495	213.672763	48.466433
27.498374	213.486051	48.751667
27.653681	213.295005	49.044751
27.813414	213.099627	49.345686
27.977573	212.899917	49.654472
28.146156	212.695875	49.971111
28.319163	212.487502	50.295604
28.496592	212.274799	50.627950
28.678443	212.057765	50.968152
28.864713	211.836403	51.316210
29.055404	211.610711	51.672124
29.250512	211.380691	52.035897
29.450038	211.146343	52.407527
29.653981	210.907668	52.787017
29.746698	210.799534	52.959385
29.843831	210.687073	53.139613
29.945378	210.570287	53.327701
30.051340	210.449174	53.523651
30.161716	210.323735	53.727463
30.276505	210.193971	53.939136
30.395707	210.059881	54.158672
30.519323	209.921466	54.386070
30.647350	209.778727	54.621332
30.779790	209.631662	54.864456
30.916641	209.480273	55.115444
31.057903	209.324560	55.374297
31.203576	209.164523	55.641013
31.353660	209.000163	55.915594
31.508154	208.831479	56.198041
31.667058	208.658471	56.488352
31.830371	208.481141	56.786529
31.998094	208.299488	57.092573
32.170225	208.113512	57.406482
32.346764	207.923215	57.728258
32.527712	207.728595	58.057901
32.713067	207.529653	58.395412
32.902830	207.326390	58.740790
33.097000	207.118806	59.094035
33.295576	206.906900	59.455150
33.498559	206.690674	59.824132
33.705949	206.470127	60.200984
33.917744	206.245260	60.585704
34.013781	206.143454	60.760095
34.114225	206.037328	60.942356
34.219073	205.926882	61.132486
34.328327	205.812116	61.330486
34.441985	205.693030	61.536357
34.560049	205.569625	61.750097
34.682517	205.441901	61.971707
34.809390	205.309857	62.201188
34.940668	205.173495	62.438540
35.076350	205.032813	62.683762
35.216436	204.887812	62.936854
35.360926	204.738492	63.197818
35.509821	204.584854	63.466653
35.663119	204.426897	63.743359
35.820822	204.264622	64.027936
35.982928	204.098028	64.320384
36.149437	203.927116	64.620704
36.320350	203.751886	64.928896
36.495666	203.572337	65.244959
36.675386	203.388471	65.568895
36.859509	203.200287	65.900702
37.048035	203.007785	66.240382
37.240963	202.810966	66.587933
37.438295	202.609829	66.943357
37.640029	202.404375	67.306654
37.846166	202.194603	67.677823
38.056706	201.980515	68.056865
38.271647	201.762109	68.443780
38.369047	201.663209	68.619086
38.470849	201.559992	68.802265
38.577054	201.452458	68.993316
38.687660	201.340608	69.192241
38.802669	201.224441	69.399039
38.922080	201.103957	69.613711
39.045893	200.979156	69.836255
39.174108	200.850039	70.066673
39.306724	200.716606	70.304964
39.443743	200.578856	70.551129
39.585164	200.436790	70.805167
39.730987	200.290407	71.067079
39.881211	200.139708	71.336864
40.035838	199.984693	71.614523
40.194866	199.825361	71.900056
40.358295	199.661714	72.193463
40.526127	199.493750	72.494743
40.698360	199.321470	72.803897
40.874995	199.144874	73.120925
41.056031	198.963963	73.445827
41.241469	198.778735	73.778602
41.431308	198.589192	74.119252
41.625549	198.395333	74.467776
41.824191	198.197158	74.824174
42.027234	197.994667	75.188447
42.234679	197.787861	75.560593
42.446526	197.576739	75.940614
42.662773	197.361302	76.328509
42.760746	197.263728	76.504238
42.863119	197.161838	76.687841
42.969894	197.055633	76.879319
43.081070	196.945112	77.078671
43.196647	196.830276	77.285898
43.316625	196.711125	77.500999
43.441005	196.587658	77.723975
43.569785	196.459876	77.954825
43.702967	196.327779	78.193550
43.840550	196.191367	78.440149
43.982534	196.050639	78.694623
44.128920	195.905596	78.956971
44.279706	195.756238	79.227194
44.434894	195.602565	79.505292
44.594482	195.444576	79.791264
44.758472	195.282273	80.085111
44.926862	195.115654	80.386833
45.099654	194.944721	80.696429
45.276847	194.769472	81.013900
45.458441	194.589909	81.339246
45.644435	194.406030	81.672467
45.834831	194.217836	82.013562
46.029628	194.025328	82.362532
46.228826	193.828504	82.719377
46.432424	193.627366	83.084097
46.640424	193.421913	83.456692
46.852825	193.212145	83.837162
47.069626	192.998062	84.225506
47.167843	192.901091	84.401433
47.270460	192.799805	84.585234
47.377479	192.694204	84.776910
47.488898	192.584289	84.976461
47.604718	192.470058	85.183887
47.724940	192.351513	85.399188
47.849562	192.228653	85.622364
47.978585	192.101479	85.853416
48.112008	191.969990	86.092342
48.249833	191.834186	86.339143
48.392059	191.694067	86.593819
48.538685	191.549634	86.856370
48.689713	191.400886	87.126796
48.845141	191.247824	87.405097
49.004970	191.090447	87.691273
49.169200	190.928755	87.985325
49.337830	190.762749	88.287251
49.510862	190.592428	88.597052
49.688295	190.417792	88.914729
49.870128	190.238842	89.240280
50.056362	190.055577	89.573707
50.246997	189.867998	89.915009
50.442033	189.676104	90.264186
50.641469	189.479896	90.621238
50.845307	189.279373	90.986165
51.053545	189.074535	91.358967
51.266184	188.865383	91.739644
51.483224	188.651917	92.128197
51.581546	188.555220	92.304215
51.684269	188.454208	92.488108
51.791393	188.348882	92.679877
51.902917	188.239242	92.879521
52.018843	188.125287	93.087040
52.139169	188.007017	93.302434
52.263896	187.884433	93.525703
52.393024	187.757535	93.756848
52.526552	187.626322	93.995867
52.664482	187.490795	94.242762
52.806812	187.350954	94.497532
52.953543	187.206798	94.760178
53.104674	187.058327	95.030698
53.260207	186.905542	95.309094
53.420140	186.748443	95.595365
53.584474	186.587029	95.889511
53.753209	186.421301	96.191532
53.926345	186.251259	96.501429
54.103881	186.076902	96.819200
54.285818	185.898231	97.144847
54.472157	185.715245	97.478370
54.662895	185.527945	97.819767
54.858035	185.336331	98.169040
55.057575	185.140402	98.526188
55.261516	184.940159	98.891211
55.469858	184.735602	99.264109
55.682601	184.526730	99.644883
55.899745	184.313544	100.033532
55.998113	184.216972	100.209593
56.100881	184.116085	100.393529
56.208051	184.010884	100.585341
56.319621	183.901368	100.785028
56.435592	183.787538	100.992590
56.555964	183.669394	101.208027
56.680737	183.546936	101.431340
56.809910	183.420163	101.662528
56.943485	183.289076	101.901591
57.081460	183.153674	102.148529
57.223835	183.013959	102.403343
57.370612	182.869929	102.666032
57.521789	182.721584	102.936596
57.677367	182.568926	103.215036
57.837346	182.411953	103.501350
58.001726	182.250666	103.795541
58.170506	182.085064	104.097606
58.343687	181.915148	104.407547
58.521269	181.740918	104.725363
58.703252	181.562374	105.051054
58.889635	181.379515	105.384620
59.080419	181.192342	105.726062
59.275604	181.000855	106.075379
59.475190	180.805053	106.432572
59.679176	180.604938	106.797639
59.887564	180.400508	107.170582
60.100352	180.191763	107.551401
60.317541	179.978705	107.940094
60.415929	179.882189	108.116175
60.518718	179.781359	108.300131
60.625907	179.676214	108.491963
60.737498	179.566756	108.691670
60.853489	179.452983	108.899252
60.973881	179.334896	109.114709
61.098674	179.212494	109.338042
61.227867	179.085778	109.569250
61.361461	178.954749	109.808333
61.499456	178.819404	110.055292
61.641852	178.679746	110.310125
61.788649	178.535773	110.572835
61.939846	178.387486	110.843419
62.095444	178.234885	111.121879
62.255443	178.077970	111.408214
62.419842	177.916740	111.702425
62.588643	177.751196	112.004510
62.761844	177.581338	112.314471
62.939446	177.407165	112.632308
63.121448	177.228679	112.958020
63.307852	177.045878	113.291607
63.498656	176.858762	113.633069
63.693861	176.667333	113.982407
63.893466	176.471589	114.339620
64.097473	176.271531	114.704708
64.305880	176.067159	115.077672
64.518688	175.858473	115.458511
64.735897	175.645472	115.847225
64.834294	175.548982	116.023315
64.937091	175.448178	116.207280
65.044290	175.343059	116.399121
65.155889	175.233627	116.598837
65.271889	175.119880	116.806428
65.392290	175.001818	117.021895
65.517092	174.879443	117.245237
65.646294	174.752753	117.476454
65.779897	174.621749	117.715547
65.917901	174.486431	117.962515
66.060305	174.346799	118.217358
66.207111	174.202852	118.480076
66.358317	174.054591	118.750670
66.513924	173.902016	119.029139
66.673931	173.745127	119.315484
66.838340	173.583923	119.609704
67.007149	173.418405	119.911799
67.180359	173.248573	120.221770
67.357969	173.074427	120.539615
67.539981	172.895967	120.865337
67.726393	172.713192	121.198933
67.917206	172.526103	121.540405
68.112420	172.334700	121.889752
68.312034	172.138983	122.246975
68.516050	171.938951	122.612072
68.724466	171.734605	122.985046
68.937282	171.525945	123.365894
69.154500	171.312971	123.754618
69.252901	171.216493	123.930712
69.355702	171.115700	124.114682
69.462905	171.010593	124.306527
69.574508	170.901172	124.506247
69.690512	170.787437	124.713842
69.810917	170.669388	124.929313
69.935722	170.547024	125.152660
70.064928	170.420346	125.383881
70.198535	170.289354	125.622978
70.336543	170.154048	125.869950
70.478952	170.014427	126.124798
70.625761	169.870492	126.387521
70.776971	169.722243	126.658119
70.932582	169.569680	126.936593
71.092593	169.412803	127.222941
71.257005	169.251611	127.517166
71.425818	169.086105	127.819265
71.599032	168.916285	128.129240
71.776647	168.742151	128.447090
71.958662	168.563702	128.772816
72.145078	168.380940	129.106417
72.335895	168.193863	129.447893
72.531113	168.002472	129.797245
72.730731	167.806766	130.154471
72.934750	167.606747	130.519574
73.143170	167.402413	130.892551
73.355991	167.193765	131.273404
73.573212	166.980803	131.662132
73.671615	166.884330	131.838228
73.774418	166.783542	132.022200
73.881623	166.678441	132.214047
73.993227	166.569025	132.413769
74.109233	166.455295	132.621367
74.229640	166.337251	132.836840
74.354447	166.214893	133.060188
74.483655	166.088220	133.291411
74.617263	165.957234	133.530510
74.755273	165.821933	133.777484
74.897683	165.682318	134.032334
75.044494	165.538388	134.295059
75.195706	165.390145	134.565659
75.351318	165.237587	134.844135
75.511332	165.080715	135.130485
75.675746	164.919529	135.424712
75.844561	164.754028	135.726813
76.017776	164.584214	136.036790
76.195392	164.410085	136.354642
76.377410	164.231642	136.680370
76.563827	164.048885	137.013973
76.754646	163.861813	137.355451
76.949865	163.670427	137.704805
77.149485	163.474728	138.062034
77.353506	163.274713	138.427138
77.561928	163.070385	138.800117
77.774750	162.861743	139.180972
77.991974	162.648786	139.569702
78.090377	162.552315	139.745800
78.193181	162.451530	139.929772
78.300386	162.346431	140.121620
78.411992	162.237018	140.321343
78.527998	162.123291	140.528941
78.648405	162.005249	140.744415
78.773213	161.882893	140.967764
78.902422	161.756223	141.198989
79.036032	161.625239	141.438089
79.174042	161.489940	141.685064
79.316453	161.350328	141.939914
79.463265	161.206401	142.202640
79.614477	161.058160	142.473241
79.770090	160.905604	142.751718
79.930104	160.748735	143.038069
80.094519	160.587551	143.332297
80.263335	160.422053	143.634399
80.436551	160.252241	143.944377
80.614168	160.078115	144.262230
80.796186	159.899674	144.587958
80.982605	159.716919	144.921562
81.173424	159.529850	145.263041
81.368644	159.338467	145.612396
81.568265	159.142770	145.969626
81.772287	158.942758	146.334731
81.980709	158.738432	146.707711
82.193533	158.529792	147.088567
82.410756	158.316838	147.477298
82.509160	158.220369	147.653396
82.611965	158.119585	147.837369
82.719170	158.014487	148.029217
82.830776	157.905075	148.228941
82.946783	157.791349	148.436539
83.067190	157.673308	148.652014
83.191999	157.550953	148.875363
83.321208	157.424284	149.106588
83.454818	157.293301	149.345688
83.592828	157.158004	149.592664
83.735239	157.018392	149.847515
83.882052	156.874466	150.110241
84.033264	156.726227	150.380843
84.188878	156.573672	150.659319
84.348892	156.416804	150.945672
84.513308	156.255621	151.239899
84.682124	156.090125	151.542002
84.855340	155.920313	151.851980
85.032958	155.746188	152.169834
85.214976	155.567749	152.495563
85.401395	155.384995	152.829167
85.592215	155.197927	153.170647
85.787435	155.006545	153.520002
85.987056	154.810849	153.877232
86.191078	154.610839	154.242337
86.399501	154.406514	154.615318
86.612325	154.197875	154.996175
86.829549	153.984922	155.384906
86.927953	153.888453	155.561004
87.030758	153.787670	155.744977
87.137963	153.682572	155.936825
87.249569	153.573161	156.136549
87.365576	153.459435	156.344148
87.485984	153.341395	156.559623
87.610792	153.219041	156.782972
87.740001	153.092372	157.014197
87.873611	152.961390	157.253298
88.011622	152.826093	157.500274
88.154034	152.686482	157.755125
88.300846	152.542556	158.017851
88.452059	152.394317	158.288453
88.607673	152.241763	158.566930
88.767687	152.084895	158.853282
88.932103	151.923713	159.147510
89.100919	151.758217	159.449613
89.274136	151.588406	159.759592
89.451753	151.414282	160.077445
89.633772	151.235843	160.403175
89.820191	151.053090	160.736779
90.011011	150.866022	161.078259
90.206231	150.674641	161.427614
90.405853	150.478945	161.784844
90.609875	150.278935	162.149950
90.818298	150.074611	162.522931
91.031121	149.865973	162.903788
91.248346	149.653020	163.292520
91.346750	149.556551	163.468617
91.449555	149.455768	163.652591
91.556760	149.350671	163.844439
91.668366	149.241260	164.044163
91.784373	149.127534	164.251762
91.904781	149.009494	164.467236
92.029590	148.887140	164.690586
92.158799	148.760472	164.921811
92.292409	148.629490	165.160912
92.430420	148.494193	165.407888
92.572831	148.354582	165.662739
92.719644	148.210657	165.925465
92.870857	148.062418	166.196067
93.026471	147.909865	166.474544
93.186485	147.752997	166.760897
93.350901	147.591815	167.055125
93.519717	147.426319	167.357228
93.692934	147.256509	167.667207
93.870551	147.082384	167.985060
94.052570	146.903946	168.310790
94.238989	146.721193	168.644394
94.429809	146.534126	168.985874
94.625030	146.342744	169.335229
94.824651	146.147049	169.692460
95.028673	145.947039	170.057566
95.237096	145.742715	170.430547
95.449920	145.534077	170.811403
95.667145	145.321125	171.200135
95.765549	145.224656	171.376233
95.868353	145.123873	171.560206
95.975559	145.018776	171.752055
96.087165	144.909365	171.951779
96.203172	144.795640	172.159378
96.323580	144.677600	172.374852
96.448389	144.555246	172.598202
96.577598	144.428578	172.829428
96.711208	144.297596	173.068528
96.849219	144.162299	173.315504
96.991630	144.022688	173.570355
97.138443	143.878763	173.833082
97.289656	143.730524	174.103684
97.445270	143.577971	174.382161
97.605285	143.421103	174.668513
97.769700	143.259922	174.962741
97.938516	143.094426	175.264845
98.111733	142.924616	175.574823
98.289351	142.750491	175.892677
98.471369	142.572053	176.218406
98.657788	142.389300	176.552011
98.848608	142.202233	176.893491
99.043829	142.010852	177.242846
99.243451	141.815156	177.600077
99.447473	141.615147	177.965183
99.655896	141.410823	178.338164
99.868720	141.202185	178.719020
100.085944	140.989233	179.107752
100.184348	140.892764	179.283850
100.287153	140.791981	179.467823
100.394359	140.686884	179.659672
100.505965	140.577473	179.859396
100.621972	140.463748	180.066995
100.742380	140.345708	180.282470
100.867188	140.223354	180.505819
100.996398	140.096686	180.737045
101.130008	139.965704	180.976145
101.268019	139.830407	181.223121
101.410430	139.690797	181.477972
101.557243	139.546872	181.740699
101.708456	139.398633	182.011301
101.864070	139.246079	182.289778
102.024084	139.089212	182.576131
102.188500	138.928030	182.870359
102.357316	138.762534	183.172462
102.530533	138.592724	183.482440
102.708151	138.418600	183.800294
102.890169	138.240161	184.126024
103.076588	138.057409	184.459628
103.267408	137.870342	184.801108
103.462629	137.678961	185.150463
103.662251	137.483265	185.507694
103.866273	137.283256	185.872800
104.074696	137.078932	186.245781
104.287520	136.870294	186.626638
104.504744	136.657342	187.015370
104.603148	136.560873	187.191468
104.705953	136.460090	187.375441
104.813159	136.354993	187.567289
104.924765	136.245582	187.767013
105.040772	136.131857	187.974613
105.161180	136.013817	188.190087
105.285988	135.891463	188.413437
105.415198	135.764795	188.644662
105.548808	135.633813	188.883763
105.686819	135.498517	189.130739
105.829230	135.358906	189.385590
105.976043	135.214981	189.648317
106.127256	135.066742	189.918918
106.282870	134.914189	190.197396
106.442885	134.757321	190.483748
106.607300	134.596140	190.777976
106.776116	134.430644	191.080079
106.949333	134.260834	191.390058
107.126951	134.086709	191.707912
107.308969	133.908271	192.033641
107.495389	133.725518	192.367246
107.686209	133.538451	192.708726
107.881429	133.347070	193.058081
108.081051	133.151375	193.415312
108.285073	132.951365	193.780418
108.493496	132.747042	194.153399
108.706320	132.538404	194.534256
108.923545	132.325452	194.922988
109.021949	132.228983	195.099085
109.124753	132.128200	195.283059
109.231959	132.023103	195.474907
109.343565	131.913692	195.674631
109.459572	131.799967	195.882230
109.579980	131.681927	196.097705
109.704789	131.559573	196.321055
109.833998	131.432905	196.552280
109.967608	131.301923	196.791381
110.105619	131.166627	197.038356
110.248031	131.027016	197.293208
110.394843	130.883091	197.555934
110.546056	130.734852	197.826536
110.701670	130.582299	198.105013
110.861685	130.425431	198.391366
111.026100	130.264250	198.685594
111.194917	130.098754	198.987697
111.368133	129.928944	199.297676
111.545751	129.754819	199.615530
111.727770	129.576381	199.941259
111.914189	129.393628	200.274864
112.105009	129.206561	200.616344
112.300230	129.015180	200.965699
112.499851	128.819485	201.322930
112.703874	128.619475	201.688035
112.912297	128.415152	202.061017
113.125120	128.206514	202.441873
113.342345	127.993562	202.830605
113.440749	127.897093	203.006703
113.543554	127.796310	203.190676
113.650759	127.691213	203.382525
113.762366	127.581802	203.582249
113.878373	127.468077	203.789848
113.998781	127.350037	204.005323
114.123589	127.227683	204.228673
114.252798	127.101015	204.459898
114.386409	126.970033	204.698998
114.524419	126.834737	204.945974
114.666831	126.695126	205.200826
114.813643	126.551201	205.463552
114.964857	126.402962	205.734154
115.120471	126.250409	206.012631
115.280485	126.093541	206.298984
115.444901	125.932360	206.593212
115.613717	125.766864	206.895315
115.786934	125.597054	207.205294
115.964552	125.422930	207.523148
116.146570	125.244491	207.848877
116.332989	125.061738	208.182482
116.523809	124.874671	208.523962
116.719030	124.683290	208.873317
116.918652	124.487595	209.230547
117.122674	124.287586	209.595653
117.331097	124.083262	209.968635
117.543921	123.874624	210.349491
117.761145	123.661672	210.738223
117.859549	123.565203	210.914321
117.962354	123.464420	211.098294
118.069560	123.359323	211.290143
118.181166	123.249912	211.489867
118.297173	123.136187	211.697466
118.417581	123.018147	211.912941
118.542389	122.895793	212.136291
118.671599	122.769125	212.367516
118.805209	122.638143	212.606616
118.943220	122.502847	212.853592
119.085631	122.363236	213.108443
119.232444	122.219311	213.371170
119.383657	122.071072	213.641772
119.539271	121.918519	213.920249
119.699286	121.761652	214.206602
119.863701	121.600470	214.500830
120.032517	121.434974	214.802933
120.205734	121.265164	215.112912
120.383352	121.091040	215.430766
120.565370	120.912601	215.756495
120.751790	120.729849	216.090099
120.942610	120.542782	216.431579
121.137830	120.351401	216.780935
121.337452	120.155705	217.138165
121.541474	119.955696	217.503271
121.749897	119.751372	217.876253
121.962721	119.542734	218.257109
122.179946	119.329782	218.645841
122.278350	119.233313	218.821939
122.381155	119.132531	219.005912
122.488360	119.027434	219.197761
122.599966	118.918023	219.397485
122.715973	118.804297	219.605084
122.836381	118.686258	219.820559
122.961190	118.563904	220.043908
123.090399	118.437236	220.275134
123.224009	118.306253	220.514234
123.362020	118.170957	220.761210
123.504432	118.031346	221.016061
123.651244	117.887422	221.278788
123.802457	117.739183	221.549390
123.958071	117.586629	221.827867
124.118086	117.429762	222.114220
124.282501	117.268580	222.408448
124.451318	117.103084	222.710551
124.624535	116.933274	223.020530
124.802152	116.759150	223.338384
124.984171	116.580712	223.664113
125.170590	116.397959	223.997717
125.361410	116.210892	224.339197
125.556631	116.019511	224.688553
125.756252	115.823816	225.045783
125.960275	115.623806	225.410889
126.168698	115.419482	225.783871
126.381522	115.210844	226.164727
126.598746	114.997892	226.553459
126.697150	114.901424	226.729557
126.799955	114.800641	226.913530
126.907160	114.695544	227.105379
127.018767	114.586133	227.305103
127.134774	114.472407	227.512702
127.255182	114.354368	227.728176
127.379990	114.232014	227.951526
127.509200	114.105346	228.182752
127.642810	113.974364	228.421852
127.780821	113.839067	228.668828
127.923232	113.699457	228.923679
128.070045	113.555532	229.186406
128.221258	113.407293	229.457008
128.376872	113.254740	229.735485
128.536886	113.097872	230.021838
128.701302	112.936690	230.316066
128.870118	112.771195	230.618169
129.043335	112.601385	230.928148
129.220953	112.427260	231.246001
129.402971	112.248822	231.571731
129.589390	112.066069	231.905335
129.780210	111.879002	232.246815
129.975431	111.687621	232.596171
130.175053	111.491926	232.953401
130.379075	111.291916	233.318507
130.587498	111.087593	233.691488
130.800322	110.878955	234.072345
131.017547	110.666003	234.461077
131.115951	110.569534	234.637175
131.218755	110.468751	234.821148
131.325961	110.363654	235.012997
131.437567	110.254243	235.212721
131.553574	110.140518	235.420320
131.673982	110.022478	235.635794
131.798791	109.900124	235.859144
131.928000	109.773456	236.090370
132.061610	109.642474	236.329470
132.199621	109.507178	236.576446
132.342033	109.367567	236.831297
132.488845	109.223642	237.094024
132.640058	109.075403	237.364626
132.795672	108.922850	237.643103
132.955687	108.765982	237.929456
133.120102	108.604801	238.223684
133.288918	108.439305	238.525787
133.462135	108.269495	238.835765
133.639753	108.095371	239.153619
133.821772	107.916932	239.479349
134.008191	107.734179	239.812953
134.199011	107.547113	240.154433
134.394232	107.355731	240.503789
134.593853	107.160036	240.861019
134.797875	106.960027	241.226125
135.006299	106.755703	241.599106
135.219122	106.547065	241.979963
135.436347	106.334113	242.368695
135.534751	106.237644	242.544793
135.637556	106.136862	242.728766
135.744761	106.031765	242.920615
135.856368	105.922353	243.120339
135.972375	105.808628	243.327938
136.092782	105.690588	243.543412
136.217591	105.568235	243.766762
136.346800	105.441567	243.997987
136.480411	105.310584	244.237088
136.618421	105.175288	244.484064
136.760833	105.035677	244.738915
136.907645	104.891752	245.001642
137.058859	104.743513	245.272244
137.214473	104.590960	245.550721
137.374487	104.434093	245.837074
137.538903	104.272911	246.131302
137.707719	104.107415	246.433405
137.880936	103.937605	246.743383
138.058554	103.763481	247.061237
138.240572	103.585042	247.386967
138.426991	103.402290	247.720571
138.617811	103.215223	248.062051
138.813032	103.023842	248.411406
139.012654	102.828146	248.768637
139.216676	102.628137	249.133743
139.425099	102.423813	249.506724
139.637923	102.215175	249.887581
139.855147	102.002223	250.276313
139.953551	101.905755	250.452411
140.056356	101.804972	250.636384
140.163562	101.699875	250.828233
140.275168	101.590464	251.027957
140.391175	101.476738	251.235556
140.511583	101.358699	251.451030
140.636391	101.236345	251.674380
140.765601	101.109677	251.905605
140.899211	100.978695	252.144706
141.037222	100.843398	252.391682
141.179633	100.703788	252.646533
141.326446	100.559863	252.909260
141.477659	100.411624	253.179862
141.633273	100.259070	253.458339
141.793288	100.102203	253.744692
141.957703	99.941021	254.038919
142.126519	99.775526	254.341023
142.299736	99.605715	254.651001
142.477354	99.431591	254.968855
142.659372	99.253153	255.294585
142.845792	99.070400	255.628189
143.036612	98.883333	255.969669
143.231832	98.691952	256.319024
143.431454	98.496257	256.676255
143.635476	98.296247	257.041361
143.843899	98.091924	257.414342
144.056723	97.883286	257.795199
144.273948	97.670333	258.183931
144.372352	97.573865	258.360029
144.475157	97.473082	258.544002
144.582362	97.367985	258.735851
144.693968	97.258574	258.935574
144.809975	97.144849	259.143174
144.930383	97.026809	259.358648
145.055192	96.904455	259.581998
145.184401	96.777787	259.813223
145.318011	96.646805	260.052324
145.456022	96.511509	260.299300
145.598434	96.371898	260.554151
145.745246	96.227973	260.816878
145.896459	96.079734	261.087480
146.052073	95.927181	261.365957
146.212088	95.770313	261.652309
146.376503	95.609132	261.946537
146.545320	95.443636	262.248641
146.718537	95.273826	262.558619
146.896154	95.099701	262.876473
147.078173	94.921263	263.202203
147.264592	94.738510	263.535807
147.455412	94.551443	263.877287
147.650633	94.360062	264.226642
147.850254	94.164367	264.583873
148.054277	93.964358	264.948979
148.262700	93.760034	265.321960
148.475524	93.551396	265.702817
148.692748	93.338444	266.091549
148.791152	93.241975	266.267647
148.893957	93.141192	266.451620
149.001163	93.036095	266.643469
149.112769	92.926684	266.843192
149.228776	92.812959	267.050792
149.349184	92.694919	267.266266
149.473992	92.572565	267.489616
149.603202	92.445897	267.720841
149.736812	92.314915	267.959942
149.874823	92.179619	268.206918
150.017234	92.040008	268.461769
150.164047	91.896083	268.724496
150.315260	91.747844	268.995098
150.470874	91.595291	269.273575
150.630888	91.438424	269.559927
150.795304	91.277242	269.854155
150.964120	91.111746	270.156259
151.137337	90.941936	270.466237
151.314955	90.767812	270.784091
151.496973	90.589373	271.109820
151.683392	90.406621	271.443425
151.874213	90.219554	271.784905
152.069433	90.028173	272.134260
152.269055	89.832477	272.491491
152.473077	89.632468	272.856597
152.681500	89.428144	273.229578
152.894324	89.219506	273.610435
153.111549	89.006554	273.999167
153.209953	88.910085	274.175265
153.312757	88.809303	274.359238
153.419963	88.704206	274.551086
153.531569	88.594795	274.750810
153.647576	88.481069	274.958410
153.767984	88.363030	275.173884
153.892793	88.240676	275.397234
154.022002	88.114008	275.628459
154.155612	87.983026	275.867560
154.293623	87.847729	276.114536
154.436035	87.708118	276.369387
154.582847	87.564194	276.632114
154.734060	87.415955	276.902716
154.889674	87.263401	277.181193
155.049689	87.106534	277.467545
155.214104	86.945352	277.761773
155.382920	86.779856	278.063877
155.556137	86.610046	278.373855
155.733755	86.435922	278.691709
155.915774	86.257484	279.017438
156.102193	86.074731	279.351043
156.293013	85.887664	279.692523
156.488234	85.696283	280.041878
156.687855	85.500588	280.399109
156.891878	85.300578	280.764215
157.100301	85.096254	281.137196
157.313124	84.887616	281.518053
157.530349	84.674664	281.906785
157.628753	84.578196	282.082883
157.731558	84.477413	282.266856
157.838763	84.372316	282.458704
157.950370	84.262905	282.658428
158.066377	84.149179	282.866028
158.186785	84.031140	283.081502
158.311593	83.908786	283.304852
158.440802	83.782118	283.536077
158.574413	83.651136	283.775178
158.712423	83.515839	284.022154
158.854835	83.376229	284.277005
159.001647	83.232304	284.539732
159.152861	83.084065	284.810333
159.308475	82.931512	285.088811
159.468489	82.774644	285.375163
159.632905	82.613463	285.669391
159.801721	82.447967	285.971495
159.974938	82.278157	286.281473
