-40.206775	227.933047	29.330485
-40.271125	227.795231	29.344320
-40.342686	227.652901	29.363410
-40.421462	227.506057	29.387751
-40.507456	227.354702	29.417340
-40.600672	227.198837	29.452174
-40.701113	227.038463	29.492249
-40.808783	226.873583	29.537562
-40.923685	226.704198	29.588109
-41.045822	226.530310	29.643888
-41.175199	226.351920	29.704895
-41.311818	226.169031	29.771126
-41.455683	225.981643	29.842579
-41.606797	225.789759	29.919251
-41.765164	225.593381	30.001137
-41.930787	225.392510	30.088236
-42.103669	225.187147	30.180543
-42.283814	224.977295	30.278056
-42.471224	224.762955	30.380773
-42.665903	224.544129	30.488688
-42.867855	224.320819	30.601801
-43.077081	224.093026	30.720107
-43.293587	223.860752	30.843604
-43.517374	223.624000	30.972288
-43.748447	223.382769	31.106158
-43.986807	223.137063	31.245209
-44.232458	222.886883	31.389440
-44.485404	222.632231	31.538846
-44.745647	222.373108	31.693427
-45.013190	222.109517	31.853178
-45.288036	221.841458	32.018097
-45.570188	221.568934	32.188181
-45.859650	221.291947	32.363429
-46.156423	221.010498	32.543836
-46.460512	220.724589	32.729401
-46.771918	220.434222	32.920121
-47.090645	220.139398	33.115994
-47.416695	219.840119	33.317016
-47.750072	219.536388	33.523187
-47.900729	219.400112	33.616629
-48.058716	219.259386	33.715215
-48.224034	219.114211	33.818944
-48.396685	218.964586	33.927816
-48.576670	218.810514	34.041829
-48.763989	218.651994	34.160982
-48.958645	218.489028	34.285274
-49.160638	218.321616	34.414705
-49.369969	218.149759	34.549272
-49.586640	217.973459	34.688976
-49.810651	217.792715	34.833816
-50.042005	217.607528	34.983789
-50.280701	217.417900	35.138896
-50.526742	217.223831	35.299136
-50.780128	217.025322	35.464507
-51.040860	216.822374	35.635008
-51.308939	216.614987	35.810640
-51.584368	216.403162	35.991400
-51.867145	216.186901	36.177288
-52.157274	215.966203	36.368304
-52.454755	215.741070	36.564446
-52.759588	215.511503	36.765713
-53.071775	215.277502	36.972105
-53.391318	215.039069	37.183620
-53.718216	214.796203	37.400259
-54.052472	214.548906	37.622020
-54.394085	214.297178	37.848902
-54.743058	214.041021	38.080906
-54.902064	213.924740	38.186717
-55.068430	213.804031	38.297647
-55.242158	213.678894	38.413697
-55.423247	213.549329	38.534866
-55.611697	213.415337	38.661153
-55.807511	213.276918	38.792559
-56.010687	213.134072	38.929083
-56.221226	212.986800	39.070725
-56.439130	212.835103	39.217483
-56.664397	212.678980	39.369359
-56.897029	212.518431	39.526352
-57.137026	212.353458	39.688461
-57.384388	212.184061	39.855687
-57.639116	212.010239	40.028028
-57.901211	211.831994	40.205485
-58.170672	211.649326	40.388057
-58.447500	211.462235	40.575744
-58.731696	211.270721	40.768546
-59.023260	211.074785	40.966463
-59.322192	210.874428	41.169493
-59.628493	210.669649	41.377638
-59.942163	210.460449	41.590896
-60.263203	210.246828	41.809268
-60.591613	210.028787	42.032752
-60.927393	209.806327	42.261350
-61.270544	209.579446	42.495060
-61.621067	209.348147	42.733883
-61.978961	209.112429	42.977818
-62.141306	209.005698	43.088509
-62.311024	208.894549	43.204312
-62.488114	208.778982	43.325226
-62.672576	208.658998	43.451252
-62.864411	208.534595	43.582390
-63.063620	208.405775	43.718639
-63.270201	208.272538	43.860000
-63.484155	208.134883	44.006471
-63.705483	207.992812	44.158054
-63.934184	207.846324	44.314748
-64.170259	207.695419	44.476553
-64.413707	207.540097	44.643468
-64.664530	207.380359	44.815494
-64.922727	207.216206	44.992631
-65.188298	207.047636	45.174879
-65.461244	206.874650	45.362237
-65.741565	206.697249	45.554705
-66.029260	206.515432	45.752284
-66.324331	206.329200	45.954973
-66.626776	206.138553	46.162772
-66.936597	205.943491	46.375681
-67.253794	205.744014	46.593701
-67.578366	205.540122	46.816830
-67.910314	205.331817	47.045068
-68.249638	205.119097	47.278417
-68.596338	204.901962	47.516875
-68.950414	204.680414	47.760443
-69.311867	204.454453	48.009120
-69.475665	204.352143	48.121827
-69.646840	204.245419	48.239644
-69.825391	204.134282	48.362570
-70.011319	204.018732	48.490605
-70.204624	203.898769	48.623750
-70.405306	203.774392	48.762004
-70.613365	203.645602	48.905367
-70.828801	203.512400	49.053839
-71.051614	203.374784	49.207421
-71.281805	203.232756	49.366112
-71.519373	203.086315	49.529911
-71.764318	202.935461	49.698820
-72.016640	202.780195	49.872838
-72.276340	202.620516	50.051966
-72.543418	202.456425	50.236202
-72.817873	202.287921	50.425547
-73.099706	202.115006	50.620001
-73.388917	201.937678	50.819564
-73.685505	201.755938	51.024236
-73.989472	201.569785	51.234017
-74.300816	201.379221	51.448906
-74.619538	201.184245	51.668905
-74.945639	200.984858	51.894012
-75.279117	200.781058	52.124228
-75.619974	200.572847	52.359553
-75.968209	200.360225	52.599987
-76.323823	200.143191	52.845529
-76.686815	199.921745	53.096180
-76.851270	199.821458	53.209745
-77.023104	199.716760	53.328419
-77.202316	199.607651	53.452201
-77.388907	199.494130	53.581092
-77.582876	199.376198	53.715091
-77.784225	199.253856	53.854200
-77.992951	199.127102	53.998416
-78.209057	198.995937	54.147742
-78.432541	198.860361	54.302176
-78.663404	198.720374	54.461718
-78.901645	198.575976	54.626370
-79.147266	198.427167	54.796129
-79.400265	198.273947	54.970998
-79.660643	198.116317	55.150975
-79.928400	197.954276	55.336060
-80.203535	197.787824	55.526254
-80.486050	197.616961	55.721557
-80.775944	197.441688	55.921968
-81.073216	197.262004	56.127488
-81.377868	197.077910	56.338116
-81.689898	196.889405	56.553853
-82.009308	196.696489	56.774698
-82.336097	196.499163	57.000652
-82.670265	196.297427	57.231714
-83.011812	196.091280	57.467885
-83.360738	195.880722	57.709164
-83.717043	195.665755	57.955552
-84.080728	195.446377	58.207048
-84.245486	195.347012	58.320984
-84.417623	195.243236	58.440029
-84.597139	195.135051	58.564182
-84.784034	195.022455	58.693443
-84.978309	194.905449	58.827814
-85.179963	194.784033	58.967292
-85.388997	194.658207	59.111879
-85.605409	194.527970	59.261574
-85.829202	194.393324	59.416378
-86.060373	194.254267	59.576291
-86.298924	194.110800	59.741311
-86.544854	193.962923	59.911441
-86.798163	193.810637	60.086678
-87.058852	193.653940	60.267024
-87.326921	193.492833	60.452479
-87.602369	193.327316	60.643042
-87.885196	193.157389	60.838713
-88.175402	192.983052	61.039493
-88.472989	192.804306	61.245382
-88.777954	192.621149	61.456378
-89.090299	192.433582	61.672483
-89.410024	192.241606	61.893697
-89.737128	192.045220	62.120019
-90.071611	191.844423	62.351449
-90.413474	191.639217	62.587988
-90.762717	191.429602	62.829636
-91.119339	191.215576	63.076391
-91.483341	190.997141	63.328255
-91.648238	190.898195	63.442354
-91.820515	190.794839	63.561561
-92.000172	190.687074	63.685877
-92.187208	190.574899	63.815301
-92.381624	190.458314	63.949833
-92.583420	190.337319	64.089474
-92.792595	190.211915	64.234223
-93.009149	190.082101	64.384081
-93.233084	189.947878	64.539047
-93.464398	189.809244	64.699122
-93.703091	189.666201	64.864305
-93.949164	189.518748	65.034596
-94.202617	189.366886	65.209996
-94.463449	189.210614	65.390504
-94.731661	189.049932	65.576120
-95.007253	188.884841	65.766845
-95.290224	188.715340	65.962679
-95.580575	188.541429	66.163621
-95.878306	188.363109	66.369671
-96.183416	188.180379	66.580829
-96.495906	187.993240	66.797096
-96.815776	187.801691	67.018472
-97.143025	187.605732	67.244956
-97.477654	187.405364	67.476548
-97.819663	187.200586	67.713249
-98.169051	186.991399	67.955058
-98.525819	186.777802	68.201975
-98.889967	186.559795	68.454001
-99.054929	186.461040	68.568172
-99.227271	186.357875	68.687450
-99.406993	186.250301	68.811838
-99.594094	186.138317	68.941333
-99.788575	186.021924	69.075937
-99.990436	185.901121	69.215650
-100.199677	185.775909	69.360471
-100.416297	185.646287	69.510400
-100.640297	185.512256	69.665438
-100.871677	185.373815	69.825584
-101.110436	185.230965	69.990838
-101.356575	185.083705	70.161201
-101.610094	184.932036	70.336673
-101.870993	184.775957	70.517253
-102.139271	184.615469	70.702941
-102.414929	184.450571	70.893737
-102.697967	184.281263	71.089642
-102.988385	184.107547	71.290656
-103.286182	183.929420	71.496778
-103.591359	183.746885	71.708008
-103.903916	183.559940	71.924346
-104.223853	183.368585	72.145793
-104.551169	183.172821	72.372349
-104.885865	182.972647	72.604013
-105.227941	182.768064	72.840785
-105.577397	182.559072	73.082666
-105.934232	182.345670	73.329655
-106.298447	182.127859	73.581752
-106.463439	182.029190	73.695955
-106.635811	181.926112	73.815265
-106.815563	181.818625	73.939684
-107.002694	181.706728	74.069212
-107.197206	181.590422	74.203848
-107.399097	181.469707	74.343592
-107.608367	181.344582	74.488444
-107.825018	181.215047	74.638406
-108.049048	181.081103	74.793475
-108.280458	180.942750	74.953653
-108.519248	180.799988	75.118939
-108.765418	180.652815	75.289334
-109.018967	180.501234	75.464837
-109.279897	180.345243	75.645449
-109.548206	180.184843	75.831169
-109.823894	180.020033	76.021997
-110.106963	179.850814	76.217934
-110.397411	179.677185	76.418979
-110.695239	179.499147	76.625133
-111.000447	179.316700	76.836395
-111.313035	179.129843	77.052765
-111.633003	178.938577	77.274244
-111.960350	178.742901	77.500831
-112.295077	178.542816	77.732527
-112.637184	178.338322	77.969331
-112.986671	178.129418	78.211244
-113.343537	177.916105	78.458265
-113.707783	177.698383	78.710394
-113.872789	177.599754	78.824610
-114.045175	177.496715	78.943935
-114.224940	177.389268	79.068368
-114.412086	177.277410	79.197910
-114.606611	177.161144	79.332560
-114.808516	177.040468	79.472318
-115.017801	176.915383	79.617185
-115.234465	176.785888	79.767160
-115.458509	176.651984	79.922244
-115.689934	176.513671	80.082436
-115.928738	176.370948	80.247737
-116.174921	176.223816	80.418146
-116.428485	176.072274	80.593663
-116.689428	175.916323	80.774289
-116.957751	175.755963	80.960023
-117.233454	175.591193	81.150865
-117.516537	175.422014	81.346816
-117.806999	175.248426	81.547876
-118.104842	175.070428	81.754044
-118.410064	174.888021	81.965320
-118.722666	174.701205	82.181704
-119.042648	174.509979	82.403198
-119.370009	174.314343	82.629799
-119.704751	174.114299	82.861509
-120.046872	173.909845	83.098327
-120.396373	173.700981	83.340254
-120.753253	173.487709	83.587289
-121.117514	173.270026	83.839433
-121.282526	173.171415	83.953655
-121.454918	173.068395	84.072987
-121.634690	172.960965	84.197426
-121.821842	172.849126	84.326974
-122.016374	172.732878	84.461630
-122.218285	172.612220	84.601395
-122.427576	172.487153	84.746268
-122.644247	172.357676	84.896250
-122.868298	172.223790	85.051340
-123.099729	172.085495	85.211538
-123.338539	171.942791	85.376845
-123.584729	171.795677	85.547260
-123.838299	171.644153	85.722784
-124.099249	171.488221	85.903416
-124.367579	171.327879	86.089156
-124.643288	171.163127	86.280005
-124.926377	170.993966	86.475963
-125.216846	170.820396	86.677028
-125.514695	170.642417	86.883202
-125.819924	170.460028	87.094485
-126.132533	170.273230	87.310876
-126.452521	170.082022	87.532376
-126.779889	169.886405	87.758983
-127.114637	169.686379	87.990700
-127.456765	169.481943	88.227524
-127.806272	169.273098	88.469457
-128.163160	169.059844	88.716499
-128.527427	168.842180	88.968649
-128.692442	168.743577	89.082874
-128.864837	168.640565	89.202208
-129.044612	168.533144	89.326651
-129.231767	168.421313	89.456201
-129.426301	168.305073	89.590860
-129.628215	168.184423	89.730628
-129.837510	168.059364	89.875504
-130.054184	167.929896	90.025488
-130.278237	167.796018	90.180581
-130.509671	167.657731	90.340782
-130.748484	167.515035	90.506092
-130.994677	167.367929	90.676510
-131.248250	167.216414	90.852037
-131.509203	167.060490	91.032672
-131.777536	166.900156	91.218415
-132.053248	166.735413	91.409267
-132.336341	166.566260	91.605227
-132.626813	166.392699	91.806295
-132.924665	166.214727	92.012472
-133.229896	166.032347	92.223758
-133.542508	165.845557	92.440152
-133.862499	165.654358	92.661654
-134.189870	165.458749	92.888265
-134.524621	165.258731	93.119984
-134.866752	165.054304	93.356811
-135.216263	164.845468	93.598747
-135.573153	164.632222	93.845792
-135.937423	164.414566	94.097945
-136.102440	164.315967	94.212171
-136.274836	164.212959	94.331506
-136.454613	164.105541	94.455950
-136.641769	163.993714	94.585502
-136.836304	163.877477	94.720162
-137.038220	163.756832	94.859931
-137.247516	163.631776	95.004808
-137.464191	163.502312	95.154794
-137.688246	163.368438	95.309888
-137.919681	163.230155	95.470091
-138.158496	163.087462	95.635402
-138.404690	162.940360	95.805821
-138.658265	162.788849	95.981349
-138.919219	162.632928	96.161985
-139.187553	162.472598	96.347730
-139.463267	162.307859	96.538583
-139.746360	162.138711	96.734544
-140.036834	161.965153	96.935614
-140.334687	161.787185	97.141792
-140.639920	161.604808	97.353079
-140.952533	161.418022	97.569474
-141.272526	161.226827	97.790978
-141.599898	161.031222	98.017590
-141.934651	160.831208	98.249310
-142.276783	160.626785	98.486139
-142.626295	160.417952	98.728076
-142.983187	160.204710	98.975122
-143.347458	159.987058	99.227276
-143.512476	159.888461	99.341503
-143.684873	159.785454	99.460839
-143.864649	159.678038	99.585283
-144.051806	159.566213	99.714836
-144.246343	159.449978	99.849497
-144.448259	159.329334	99.989266
-144.657555	159.204280	100.134144
-144.874231	159.074818	100.284130
-145.098287	158.940945	100.439225
-145.329722	158.802664	100.599428
-145.568538	158.659973	100.764739
-145.814733	158.512873	100.935159
-146.068308	158.361363	101.110688
-146.329263	158.205444	101.291324
-146.597597	158.045116	101.477070
-146.873312	157.880379	101.667923
-147.156406	157.711232	101.863885
-147.446880	157.537675	102.064956
-147.744734	157.359710	102.271135
-148.049968	157.177335	102.482422
-148.362581	156.990551	102.698818
-148.682575	156.799357	102.920322
-149.009948	156.603754	103.146934
-149.344701	156.403742	103.378655
-149.686834	156.199320	103.615485
-150.036346	155.990489	103.857422
-150.393239	155.777248	104.104469
-150.757511	155.559599	104.356623
-150.922529	155.461002	104.470851
-151.094926	155.357996	104.590187
-151.274703	155.250581	104.714631
-151.461860	155.138756	104.844184
-151.656397	155.022522	104.978845
-151.858313	154.901879	105.118615
-152.067610	154.776826	105.263493
-152.284286	154.647364	105.413480
-152.508342	154.513493	105.568575
-152.739778	154.375212	105.728778
-152.978594	154.232522	105.894090
-153.224789	154.085423	106.064510
-153.478364	153.933914	106.240038
-153.739320	153.777996	106.420675
-154.007655	153.617668	106.606421
-154.283369	153.452932	106.797275
-154.566464	153.283785	106.993237
-154.856938	153.110230	107.194308
-155.154792	152.932265	107.400487
-155.460027	152.749891	107.611774
-155.772640	152.563107	107.828170
-156.092634	152.371915	108.049675
-156.420008	152.176312	108.276288
-156.754761	151.976301	108.508009
-157.096894	151.771880	108.744839
-157.446407	151.563050	108.986777
-157.803300	151.349810	109.233823
-158.167572	151.132161	109.485978
-158.332590	151.033565	109.600206
-158.504987	150.930559	109.719542
-158.684765	150.823144	109.843986
-158.871922	150.711320	109.973539
-159.066459	150.595086	110.108201
-159.268375	150.474443	110.247970
-159.477672	150.349391	110.392849
-159.694348	150.219929	110.542835
-159.918404	150.086058	110.697930
-160.149840	149.947778	110.858134
-160.388656	149.805088	111.023446
-160.634852	149.657989	111.193866
-160.888427	149.506481	111.369395
-161.149382	149.350563	111.550032
-161.417718	149.190236	111.735777
-161.693432	149.025500	111.926631
-161.976527	148.856354	112.122594
-162.267002	148.682799	112.323665
-162.564856	148.504834	112.529844
-162.870090	148.322461	112.741132
-163.182704	148.135677	112.957528
-163.502698	147.944485	113.179032
-163.830072	147.748883	113.405645
-164.164825	147.548872	113.637366
-164.506958	147.344451	113.874196
-164.856471	147.135621	114.116134
-165.213364	146.922382	114.363181
-165.577637	146.704734	114.615336
-165.742655	146.606138	114.729564
-165.915052	146.503132	114.848900
-166.094829	146.395717	114.973345
-166.281987	146.283893	115.102897
-166.476524	146.167660	115.237559
-166.678440	146.047017	115.377329
-166.887737	145.921965	115.522207
-167.104413	145.792503	115.672194
-167.328470	145.658632	115.827289
-167.559906	145.520352	115.987492
-167.798722	145.377663	116.152804
-168.044917	145.230564	116.323225
-168.298493	145.079056	116.498753
-168.559448	144.923138	116.679391
-168.827783	144.762811	116.865136
-169.103498	144.598075	117.055990
-169.386593	144.428929	117.251953
-169.677067	144.255374	117.453024
-169.974922	144.077410	117.659203
-170.280156	143.895036	117.870491
-170.592770	143.708253	118.086887
-170.912764	143.517061	118.308391
-171.240138	143.321459	118.535004
-171.574891	143.121448	118.766726
-171.917025	142.917028	119.003556
-172.266538	142.708198	119.245494
-172.623431	142.494959	119.492540
-172.987703	142.277311	119.744696
-173.152721	142.178715	119.858923
-173.325119	142.075709	119.978259
-173.504896	141.968295	120.102704
-173.692053	141.856471	120.232257
-173.886590	141.740237	120.366918
-174.088507	141.619595	120.506688
-174.297804	141.494542	120.651567
-174.514480	141.365081	120.801553
-174.738536	141.231210	120.956648
-174.969972	141.092930	121.116852
-175.208788	140.950241	121.282164
-175.454984	140.803142	121.452584
-175.708560	140.651634	121.628113
-175.969515	140.495716	121.808750
-176.237850	140.335389	121.994496
-176.513565	140.170653	122.185350
-176.796660	140.001508	122.381313
-177.087134	139.827953	122.582383
-177.384989	139.649989	122.788563
-177.690223	139.467615	122.999851
-178.002837	139.280832	123.216247
-178.322831	139.089640	123.437751
-178.650205	138.894038	123.664364
-178.984958	138.694027	123.896086
-179.327092	138.489607	124.132916
-179.676605	138.280777	124.374854
-180.033498	138.067538	124.621901
-180.397771	137.849890	124.874056
-180.562788	137.751294	124.988283
-180.735186	137.648289	125.107620
-180.914963	137.540874	125.232064
-181.102121	137.429050	125.361617
-181.296658	137.312817	125.496279
-181.498574	137.192174	125.636049
-181.707871	137.067122	125.780927
-181.924547	136.937661	125.930914
-182.148604	136.803790	126.086009
-182.380040	136.665510	126.246212
-182.618856	136.522820	126.411524
-182.865051	136.375721	126.581945
-183.118627	136.224213	126.757473
-183.379582	136.068296	126.938111
-183.647918	135.907969	127.123856
-183.923633	135.743233	127.314710
-184.206727	135.574087	127.510673
-184.497202	135.400533	127.711744
-184.795056	135.222568	127.917923
-185.100291	135.040195	128.129211
-185.412905	134.853412	128.345607
-185.732899	134.662220	128.567112
-186.060272	134.466618	128.793725
-186.395026	134.266607	129.025446
-186.737159	134.062187	129.262276
-187.086672	133.853357	129.504214
-187.443565	133.640118	129.751261
-187.807838	133.422470	130.003416
-187.972856	133.323874	130.117644
-188.145254	133.220869	130.236980
-188.325031	133.113454	130.361425
-188.512188	133.001630	130.490978
-188.706725	132.885397	130.625639
-188.908642	132.764754	130.765409
-189.117939	132.639702	130.910287
-189.334615	132.510241	131.060274
-189.558671	132.376370	131.215369
-189.790107	132.238090	131.375573
-190.028923	132.095401	131.540885
-190.275119	131.948302	131.711305
-190.528695	131.796794	131.886834
-190.789650	131.640876	132.067471
-191.057985	131.480550	132.253217
-191.333700	131.315813	132.444071
-191.616795	131.146668	132.640033
-191.907270	130.973113	132.841104
-192.205124	130.795149	133.047284
-192.510358	130.612775	133.258571
-192.822973	130.425993	133.474968
-193.142966	130.234800	133.696472
-193.470340	130.039199	133.923085
-193.805094	129.839188	134.154807
-194.147227	129.634768	134.391637
-194.496740	129.425938	134.633575
-194.853633	129.212699	134.880622
-195.217906	128.995051	135.132777
-195.382924	128.896455	135.247004
-195.555321	128.793450	135.366341
-195.735099	128.686035	135.490785
-195.922256	128.574211	135.620338
-196.116793	128.457978	135.755000
-196.318710	128.337335	135.894770
-196.528006	128.212283	136.039648
-196.744683	128.082822	136.189635
-196.968739	127.948951	136.344730
-197.200175	127.810671	136.504933
-197.438991	127.667981	136.670245
-197.685187	127.520883	136.840666
-197.938763	127.369375	137.016195
-198.199718	127.213457	137.196832
-198.468053	127.053130	137.382577
-198.743768	126.888394	137.573432
-199.026863	126.719249	137.769394
-199.317338	126.545694	137.970465
-199.615192	126.367730	138.176644
-199.920426	126.185356	138.387932
-200.233040	125.998573	138.604328
-200.553034	125.807381	138.825833
-200.880408	125.611780	139.052446
-201.215162	125.411769	139.284167
-201.557295	125.207348	139.520997
-201.906808	124.998519	139.762936
-202.263701	124.785280	140.009982
-202.627974	124.567632	140.262137
-202.792992	124.469036	140.376365
-202.965389	124.366030	140.495701
-203.145167	124.258616	140.620146
-203.332324	124.146792	140.749699
-203.526861	124.030558	140.884360
-203.728778	123.909916	141.024130
-203.938074	123.784864	141.169009
-204.154751	123.655402	141.318995
-204.378807	123.521532	141.474090
-204.610243	123.383252	141.634294
-204.849059	123.240562	141.799606
-205.095255	123.093464	141.970026
-205.348830	122.941955	142.145555
-205.609786	122.786038	142.326192
-205.878121	122.625711	142.511938
-206.153836	122.460975	142.702792
-206.436931	122.291830	142.898755
-206.727405	122.118275	143.099826
-207.025260	121.940311	143.306005
-207.330494	121.757937	143.517293
-207.643108	121.571154	143.733689
-207.963102	121.379962	143.955194
-208.290476	121.184361	144.181807
-208.625230	120.984350	144.413528
-208.967363	120.779929	144.650358
-209.316876	120.571100	144.892296
-209.673769	120.357861	145.139343
-210.038042	120.140213	145.391498
-210.203060	120.041617	145.505726
-210.375457	119.938611	145.625062
-210.555235	119.831197	145.749507
-210.742392	119.719373	145.879060
-210.936929	119.603139	146.013721
-211.138846	119.482497	146.153491
-211.348142	119.357445	146.298369
-211.564819	119.227983	146.448356
-211.788875	119.094113	146.603451
-212.020311	118.955833	146.763655
-212.259127	118.813143	146.928967
-212.505323	118.666044	147.099387
-212.758898	118.514536	147.274916
-213.019854	118.358619	147.455553
-213.288189	118.198292	147.641299
-213.563904	118.033556	147.832153
-213.846999	117.864411	148.028115
-214.137473	117.690856	148.229186
-214.435328	117.512892	148.435366
-214.740562	117.330518	148.646653
-215.053176	117.143735	148.863050
-215.373170	116.952543	149.084554
-215.700544	116.756942	149.311167
-216.035297	116.556931	149.542889
-216.377431	116.352510	149.779719
-216.726944	116.143681	150.021657
-217.083837	115.930442	150.268704
-217.448110	115.712794	150.520859
-217.613128	115.614198	150.635087
-217.785525	115.511192	150.754423
-217.965302	115.403778	150.878867
-218.152460	115.291954	151.008420
-218.346997	115.175720	151.143082
-218.548914	115.055078	151.282852
-218.758210	114.930026	151.427730
-218.974887	114.800564	151.577717
-219.198943	114.666694	151.732812
-219.430379	114.528414	151.893015
-219.669195	114.385724	152.058327
-219.915391	114.238625	152.228748
-220.168966	114.087117	152.404277
-220.429922	113.931200	152.584914
-220.698257	113.770873	152.770660
-220.973972	113.606137	152.961514
-221.257067	113.436992	153.157476
-221.547541	113.263437	153.358547
-221.845396	113.085473	153.564726
-222.150630	112.903099	153.776014
-222.463244	112.716316	153.992410
-222.783238	112.525124	154.213915
-223.110612	112.329523	154.440528
-223.445365	112.129512	154.672249
-223.787499	111.925091	154.909079
-224.137012	111.716262	155.151018
-224.493905	111.503023	155.398064
-224.858178	111.285375	155.650219
-225.023195	111.186779	155.764447
-225.195593	111.083773	155.883783
-225.375370	110.976359	156.008228
-225.562528	110.864535	156.137781
-225.757065	110.748301	156.272443
-225.958981	110.627659	156.412212
-226.168278	110.502607	156.557091
-226.384955	110.373145	156.707077
-226.609011	110.239275	156.862173
-226.840447	110.100995	157.022376
-227.079263	109.958305	157.187688
-227.325459	109.811206	157.358108
-227.579034	109.659698	157.533637
-227.839990	109.503781	157.714275
-228.108325	109.343454	157.900020
-228.384040	109.178718	158.090874
-228.667135	109.009573	158.286837
-228.957609	108.836018	158.487908
-229.255464	108.658054	158.694087
-229.560698	108.475680	158.905375
-229.873312	108.288897	159.121771
-230.193306	108.097705	159.343276
-230.520680	107.902104	159.569889
-230.855433	107.702093	159.801610
-231.197567	107.497672	160.038440
-231.547080	107.288843	160.280378
-231.903973	107.075604	160.527425
-232.268246	106.857956	160.779580
-232.433263	106.759360	160.893808
-232.605661	106.656354	161.013144
-232.785438	106.548940	161.137589
-232.972596	106.437116	161.267142
-233.167133	106.320882	161.401803
-233.369049	106.200240	161.541573
-233.578346	106.075188	161.686451
-233.795023	105.945726	161.836438
-234.019079	105.811856	161.991533
-234.250515	105.673576	162.151737
-234.489331	105.530886	162.317049
-234.735527	105.383788	162.487469
-234.989102	105.232279	162.662998
-235.250058	105.076362	162.843635
-235.518393	104.916035	163.029381
-235.794108	104.751299	163.220235
-236.077203	104.582154	163.416198
-236.367677	104.408599	163.617268
-236.665532	104.230635	163.823448
-236.970766	104.048261	164.034736
-237.283380	103.861478	164.251132
-237.603374	103.670286	164.472636
-237.930748	103.474685	164.699249
-238.265501	103.274674	164.930971
-238.607635	103.070253	165.167801
-238.957148	102.861424	165.409739
-239.314041	102.648185	165.656786
-239.678314	102.430537	165.908941
-239.843331	102.331941	166.023169
-240.015729	102.228935	166.142505
-240.195506	102.121521	166.266949
-240.382664	102.009697	166.396502
-240.577201	101.893463	166.531164
-240.779117	101.772821	166.670934
-240.988414	101.647769	166.815812
-241.205090	101.518307	166.965799
-241.429147	101.384437	167.120894
-241.660583	101.246157	167.281098
-241.899399	101.103467	167.446409
-242.145595	100.956369	167.616830
-242.399170	100.804860	167.792359
-242.660125	100.648943	167.972996
-242.928461	100.488616	168.158742
-243.204176	100.323880	168.349596
-243.487270	100.154735	168.545558
-243.777745	99.981180	168.746629
-244.075600	99.803216	168.952808
-244.380834	99.620842	169.164096
-244.693448	99.434059	169.380492
-245.013442	99.242867	169.601997
-245.340816	99.047266	169.828610
-245.675569	98.847255	170.060332
-246.017703	98.642834	170.297161
-246.367216	98.434005	170.539100
-246.724109	98.220766	170.786146
-247.088382	98.003118	171.038302
-247.253399	97.904522	171.152529
-247.425797	97.801516	171.271866
-247.605574	97.694102	171.396310
-247.792731	97.582278	171.525863
-247.987268	97.466045	171.660525
-248.189185	97.345402	171.800295
-248.398482	97.220350	171.945173
-248.615158	97.090888	172.095160
-248.839215	96.957018	172.250255
-249.070651	96.818738	172.410458
-249.309467	96.676048	172.575770
-249.555662	96.528950	172.746191
-249.809238	96.377441	172.921719
-250.070193	96.221524	173.102357
-250.338529	96.061197	173.288102
-250.614244	95.896461	173.478956
-250.897338	95.727316	173.674919
-251.187813	95.553761	173.875990
-251.485668	95.375797	174.082169
-251.790902	95.193423	174.293457
-252.103516	95.006640	174.509853
-252.423510	94.815448	174.731358
-252.750884	94.619847	174.957971
-253.085637	94.419836	175.189692
-253.427771	94.215416	175.426522
-253.777284	94.006586	175.668460
-254.134177	93.793347	175.915507
-254.498450	93.575699	176.167662
-254.663467	93.477103	176.281890
-254.835865	93.374098	176.401226
-255.015642	93.266683	176.525671
-255.202799	93.154859	176.655224
-255.397336	93.038626	176.789885
-255.599253	92.917983	176.929655
-255.808550	92.792931	177.074534
-256.025226	92.663469	177.224520
-256.249283	92.529599	177.379615
-256.480719	92.391319	177.539819
-256.719535	92.248629	177.705131
-256.965730	92.101531	177.875551
-257.219306	91.950022	178.051080
-257.480261	91.794105	178.231717
-257.748597	91.633778	178.417463
-258.024312	91.469042	178.608317
-258.307406	91.299897	178.804280
-258.597881	91.126342	179.005351
-258.895735	90.948378	179.211530
-259.200970	90.766004	179.422818
-259.513584	90.579221	179.639214
-259.833578	90.388029	179.860718
-260.160952	90.192428	180.087332
-260.495705	89.992417	180.319053
-260.837838	89.787997	180.555883
-261.187352	89.579167	180.797821
-261.544245	89.365928	181.044868
-261.908517	89.148280	181.297023
-262.073535	89.049684	181.411251
-262.245933	88.946679	181.530587
-262.425710	88.839264	181.655032
-262.612867	88.727440	181.784585
-262.807404	88.611207	181.919246
-263.009321	88.490564	182.059016
-263.218618	88.365512	182.203894
-263.435294	88.236051	182.353881
-263.659351	88.102180	182.508976
-263.890787	87.963900	182.669180
-264.129603	87.821210	182.834492
-264.375798	87.674112	183.004912
-264.629374	87.522604	183.180441
-264.890329	87.366686	183.361078
-265.158664	87.206359	183.546824
-265.434379	87.041623	183.737678
-265.717474	86.872478	183.933640
-266.007949	86.698923	184.134711
-266.305803	86.520959	184.340891
-266.611038	86.338585	184.552178
-266.923652	86.151802	184.768575
-267.243646	85.960610	184.990079
-267.571019	85.765009	185.216692
-267.905773	85.564998	185.448414
-268.247906	85.360578	185.685244
-268.597420	85.151748	185.927182
-268.954313	84.938509	186.174229
-269.318585	84.720861	186.426384
-269.483603	84.622265	186.540611
-269.656001	84.519260	186.659948
-269.835778	84.411845	186.784392
-270.022935	84.300021	186.913945
-270.217472	84.183788	187.048607
-270.419389	84.063145	187.188377
-270.628686	83.938093	187.333255
-270.845362	83.808632	187.483242
-271.069419	83.674761	187.638337
-271.300855	83.536481	187.798540
-271.539671	83.393791	187.963852
-271.785866	83.246693	188.134273
-272.039442	83.095185	188.309802
-272.300397	82.939267	188.490439
-272.568732	82.778940	188.676184
-272.844447	82.614204	188.867039
-273.127542	82.445059	189.063001
-273.418017	82.271504	189.264072
-273.715871	82.093540	189.470251
-274.021106	81.911166	189.681539
-274.333720	81.724383	189.897935
